0.0007694672843430114
0.0030771603662191724
0.006898901215722366
0.012220237550265068
0.01899636413105117
0.027191935822039374
0.03674704240771178
0.04760740653555693
0.059701193725359314
0.07295816183946557
0.08729806974062723
0.10263822357108464
0.11889363180478486
0.13597279018244013
0.15378947243541516
0.17224680753616467
0.19126046191160698
0.21073120295134812
0.23057915197628184
0.25070513289559226
0.2710356270651584
0.29147328902173764
0.3119522003570625
0.33237800118325267
0.35269301220307336
0.3728064837224413
0.3926691284748765
0.4121940314178688
0.43134010800076267
0.45002424941015295
0.468213190978382
0.48582749101091766
0.5028412624221941
0.5191786011080485
0.5348206021528987
0.5496948682213176
0.5637892017018622
0.5770348365981511
0.589426171407821
0.6008983802927708
0.6114525291932229
0.6210282331517643
0.6296334800089025
0.6372130090164576
0.6437821516609223
0.6492916100210795
0.6537646121152298
0.657158765212818
0.6595058138854907
0.660771233413304
0.660995874300395
0.66015394547013
0.6582958326999122
0.6554051031617828
0.6515418008455386
0.646699085906908
0.640946340485244
0.6342860396386641
0.6267960464217304
0.6184872949653942
0.6094447116490136
0.5996862719027886
0.5893020496962321
0.5783151835289336
0.5668186231820771
0.5548385033049074
0.5424682191568726
0.529734656477608
0.5167292836448824
0.5034776252439088
0.49006710608465115
0.4765200866770921
0.46291823630864104
0.44927937651056066
0.43567819825504683
0.42212708955251044
0.4086930480108314
0.39538260499609756
0.38225482067157207
0.36931036216759017
0.3566005040849755
0.34412037273897556
0.33191391039484
0.3199712615161147
0.30832969264061283
0.29697506856007927
0.28593875060735546
0.27520308940547245
0.26479435150334646
0.2546921393624549
0.2449184191955884
0.23545076701148235
0.22630758901055206
0.21746508384267396
0.20893876115016055
0.20070400401446994
0.19277400159045113
0.1851237915211148
0.17776472958548986
0.1706718892821674
0.16385519556744418
0.15729005757458775
0.15098529538691055
0.14491688175346254
0.1390927909116697
0.13348972599884368
0.12811501763310035
0.12294621534341453
0.11799016128720763
0.11322532628589904
0.10865818098730573
0.10426815986935799
0.10006144857041137
0.09601846239546441
0.0921451646125789
0.08842294946194257
0.08485760208565182
0.08143147971246231
0.07815021965225456
0.07499711613378693
0.07197767852950526
0.06907610519806984
0.06629778986512273
0.06362779771616214
0.061071413684511494
0.05861452991277073
0.05626232561894949
0.0540014788644853
0.051837063702968325
0.04975650293528315
0.04776476440558268
0.0458499750714239
0.044016994606705724
0.04225461465378394
0.040567584327355535
0.03894532193762887
0.03739246356426562
0.035899017839247975
0.03446950547560969
0.03309449087278281
0.03177837733913409
0.03051225233041002
0.029300400095166153
0.02813440027914182
0.027018416844911762
0.02594449257343782
0.02491667035957617
0.0239274288193759
0.022980689436998228
0.02206934104586479
0.02119718379547501
0.020357492719977575
0.019553947100590573
0.018780185670597662
0.018039767665855577
0.01732667444475649
0.016644346340971474
0.01598708760482651
0.015358221094368157
0.014752355475114443
0.01417269780325368
0.013614143858066743
0.013079786780211525
0.012564793259401439
0.012072144587069697
0.011597263185163319
0.011143020711949428
0.01070508109995189
0.01028620871234482
0.009882295662905927
0.009496001454574568
0.009123433885465186
0.008767150107146958
0.008423461881755643
0.008094826571928008
0.007777748908227408
0.007474589062141762
0.007182034413620512
0.006902350559959075
0.0066323978433118075
0.006374349908625803
0.0061252309634981135
0.005887125314711086
0.00565721249054622
0.0054374900551624784
0.005225284829165585
0.005022510201433686
0.004826632739935626
0.004639484189136787
0.004458663772211516
0.004285924076482114
0.0041189903126138015
0.0039595383483550925
0.0038054131122885805
0.0036582161352740816
0.0035159061679792894
0.003380012727805761
0.0032486028427777917
0.0031231362773633045
0.003001783122301731
0.0028859355837296133
0.0027738619110424328
0.0026668888782672233
0.0025633782818559017
0.0024645935196035214
0.0023689855990471132
0.0022777565257420212
0.0021894424423286956
0.0021051858730629634
0.0020236042651622754
0.0019457824986254028
0.0018704157266653712
0.0017985329476004818
0.0017289036414460887
0.0016625026126150702
0.0015981704964471472
0.0015368295162925898
0.0014773884882000135
0.00142071859239829
0.0013657940378099859
0.0013134364247520077
0.001262682744596747
0.0012143064065080933
0.0011674047425888805
0.0011227042855295989
0.0010793604270672849
0.0010380540644542731
0.0009979965210917198
0.0009598242266639461
0.0009228024544418646
0.0008875242617631482
0.0008533070297043056
0.0008207014663568392
0.0007890753523130367
0.0007589379979263647
0.0007297060032796428
0.000701848161424277
0.000674828435092144
0.0006490759098935798
0.0006241005728722838
0.0006002925419454871
0.000577206604339784
0.0005551945803391471
0.0005338549434906743
0.0005135018171891608
0.0004937763541128671
0.0004749555125115311
0.0004567222204055335
0.00043931673389483784
0.00042246295299352656
0.0004063648260785592
0.0003907865195843994
0.0003758960001263339
0.000361497090378646
0.00034772203271415676
0.00033441378914865163
0.00032166906682194735
0.0003093695416275326
0.0002975765058148389
0.0002862100135282637
0.0002752959935457865
0.0002647926311221828
0.00025469047370294527
0.00024498567787978955
0.00023563332216304042
0.00022666746119171386
0.00021800754662034118
0.00020972554366629172
0.00020170504820515145
0.00019405603394132118
0.00018662594023739198
0.00017956293234674622
0.0001726779196439198
0.00016615752712796696
0.00015977568691727466
0.00015375783728130033
0.00014784041083098614
0.00014228809836035387
0.00013679923441625217
0.00013167828790587528
0.00012658481898710758
0.00012186368741463644
0.00011713492325541303
0.00011278447800366761
0.00010839201480046482
0.00010438536715181225
0.0001003029113900608
0.00009661524410767744
0.00009281844982942739
0.00008942686174246328
0.0000858931802091028
0.00008277654279476784
0.00007948508358311808
0.00007662390862609784
0.00007355531126550686
0.00007093162874139326
0.00006806794407551908
0.00006566518947406457
0.00006298976999052685
0.00006079268035672375
0.000058290078785805136
0.00005628459681181782
0.00005394047235441558
0.00005211365790723156
0.00004991468949668685
0.000048254638018080604
0.000046188444069185
0.000044684211322006614
0.000042739275463619165
0.000041380808146752006
0.000039546410468819515
0.00003832448225640813
0.00003659063564462322
0.00003549678823811372
0.00003385417939660056
0.00003288066821696225
0.00003132060301295699
0.00003046034718322219
0.00002897469997539288
0.00002822123627177964
0.00002680240290923289
0.000026149843388472324
0.00002479069758984074
0.000024233690620821585
0.000022927543467209863
0.000022461237912502772
0.000021201800208448416
0.00002082181252900811
0.000019603159799615392
0.000019305543867994056
0.00001812208378496068
0.00001790330321021167
0.00001674974524776299
0.000016606648034236495
0.00001547797517500466
0.000015407770545925596
0.000014299212870622125
0.000014299450105138574
0.00001320646010856426
0.000013275009252300615
0.000012193238741486409
0.000012328273060979482
0.000011253551503900637
0.000011453531563916512
0.00001038184576436838
0.000010645505023465003
9.572980004718622e-6
9.89931182418367e-6
8.822192816877822e-6
9.210438795491114e-6
8.125074229194542e-6
8.574713776706434e-6
7.477539182684119e-6
7.988280257471837e-6
6.875802995139126e-6
7.447573933566412e-6
6.316358663791745e-6
6.949301038883438e-6
5.795955862936101e-6
6.4904183147061475e-6
5.311581511910045e-6
6.0681144933522034e-6
4.860441793690507e-6
5.679793187117067e-6
4.439945511684375e-6
5.32305707157043e-6
4.04768868551967e-6
4.995693268824413e-6
3.6814402912805887e-6
4.695659838590651e-6
3.339129058583585e-6
4.42107329778571e-6
3.0188312460516485e-6
4.170197087164634e-6
2.718759317639047e-6
3.9414309194707116e-6
2.437251454935609e-6
3.7333009366207747e-6
2.1727618395898063e-6
3.544450623077629e-6
1.923851647307465e-6
3.3736324138132346e-6
1.689180701076942e-6
3.2196999483688474e-6
1.4674997301210107e-6
3.081600921249255e-6
1.2576431916095968e-6
2.9583704856239637e-6
1.0585226091949172e-6
2.849125170736038e-6
8.691203910061147e-7
2.7530572727421135e-6
6.884840858770586e-7
2.6694296691861907e-6
5.157209155729904e-7
2.597569985744005e-6
3.499842972712919e-7
2.536798646424786e-6
1.899332430260448e-7
2.482173023433891e-6
0.0014624021090554763
0.0058423089522326825
0.013111412479837893
0.023235407567669952
0.03615442785248317
0.05179535765234196
0.0700677285870058
0.0908564417302043
0.11403660043038072
0.13944724536385678
0.16692471622212451
0.19625849648123378
0.22724246882712573
0.2596142346216243
0.29312355539803575
0.32745663171953193
0.36232091267000016
0.3973558423783503
0.432233022858483
0.4665548860989374
0.4999689182776157
0.5320556220513256
0.5624551895144929
0.5907460228655994
0.6165819306326399
0.6395624118551114
0.659378192446634
0.6756744698382494
0.688202434799937
0.6966767202283601
0.7009304783243498
0.7007683602455316
0.6961227331070602
0.6869036096683763
0.6731536829878542
0.654896705659787
0.6322891872340033
0.6054687844750486
0.5747007539258858
0.5402279671325376
0.5024105485467689
0.4615791852724625
0.4181668081213693
0.37256692300873
0.3252566817215138
0.2766619936225101
0.22727182002530624
0.17751177742500843
0.12784989140689285
0.07868021824889271
0.030420534588178047
-0.016592849761876107
-0.06201494804360774
-0.1055854258427055
-0.14704561821076134
-0.1862199205143884
-0.2229398140793876
-0.25711379809343493
-0.28865850299377954
-0.31755807410652
-0.34380259652848516
-0.3674380798572661
-0.3885124333438024
-0.407117240248679
-0.42334141632129696
-0.43730584546817525
-0.44912467420328944
-0.4589336776902129
-0.46685894616788753
-0.47303963161504176
-0.4776036174171583
-0.4806851103505842
-0.48240677773308843
-0.4828925199313043
-0.4822555132183983
-0.48060642495945577
-0.47804680349012685
-0.47467296882558846
-0.470574225183271
-0.4658326578033321
-0.46052569244892677
-0.4547220390630597
-0.4484881735334976
-0.44188068133646996
-0.4349562831572392
-0.42776084088108773
-0.42034258763367266
-0.41273806239748917
-0.40498823663790234
-0.39712164243344317
-0.38917311331034593
-0.3811643650096773
-0.37312508903497293
-0.3650712362263539
-0.35702821925162265
-0.34900713810296186
-0.34102986341647834
-0.33310343070895576
-0.32524679073153745
-0.3174635863477377
-0.3097703695642328
-0.3021679618489784
-0.294670950285354
-0.28727781912985423
-0.28000154982395487
-0.27283869888395174
-0.2658009383232303
-0.25888324267348556
-0.2520962177214638
-0.24543354766413358
-0.23890497093459007
-0.23250312723912359
-0.22623704962298616
-0.22009854045354652
-0.21409605874309742
-0.20822074404099183
-0.20248058738074687
-0.196866212526864
-0.19138522774515793
-0.1860278649096882
-0.18080141761177784
-0.1756958302577553
-0.17071813584284676
-0.16585807934066535
-0.16112247578885824
-0.15650094496626635
-0.15200011728119364
-0.14760954993012168
-0.14333571446752588
-0.13916815831356286
-0.13511321383663297
-0.1311604632046347
-0.12731611434567772
-0.12356982169267715
-0.11992767952812552
-0.11637944613005573
-0.11293110977204404
-0.10957255911593765
-0.10630968155183562
-0.1031325183757513
-0.10004685923413742
-0.09704291665283754
-0.094126384115785
-0.09128766085352898
-0.0885323445560185
-0.08585103396395653
-0.08324923040887412
-0.0807177426603995
-0.07826197441979438
-0.07587295304333794
-0.0735559828036161
-0.07130231651774982
-0.06911715685006721
-0.0669919875070873
-0.06493190709932485
-0.06292863441018243
-0.06098716137674849
-0.05909944498128161
-0.05727036776546562
-0.05549212712012165
-0.05376949342321082
-0.05209490590339019
-0.05047302000336673
-0.048896517554249765
-0.04736993632059613
-0.045886200937091816
-0.04444972879961518
-0.04305368707240774
-0.0417023701611297
-0.04038918708827348
-0.039118306727471894
-0.0378833789604307
-0.03668844467249618
-0.03552739333777636
-0.03440413548566247
-0.03331279870275996
-0.032257160881505986
-0.031231586076470964
-0.030239717346234526
-0.029276153446632966
-0.028344400483920923
-0.027439290065071686
-0.026564189297243804
-0.025714160739146192
-0.02489243051560518
-0.024094290219931667
-0.023322823064992514
-0.022573547771617856
-0.02184940275519888
-0.021146131992247734
-0.020466527248220286
-0.01980655594191325
-0.019168861358574086
-0.01854963262478755
-0.017951362725343933
-0.017370460858743057
-0.016809267887634906
-0.01626441156224665
-0.01573807878752102
-0.015227114477205735
-0.014733549717427647
-0.014254445343674902
-0.01379167472379899
-0.013342513534298526
-0.012908675474489152
-0.01248765015464002
-0.012080989592428022
-0.011686396610172182
-0.01130525945553218
-0.010935493638350726
-0.010578321459770054
-0.01023187080075497
-0.009897195739465911
-0.009572636430095899
-0.00925907633828802
-0.008955068022147026
-0.008661321820408996
-0.008376603064231866
-0.00810144631318282
-0.007834830288494106
-0.0075771109683088495
-0.007327481338584095
-0.007086115830934278
-0.006852422837184485
-0.006626392102289583
-0.00640764884092795
-0.0061959947836180505
-0.005991273670470143
-0.005793095688245305
-0.005601525100030824
-0.005415976806515922
-0.00523673789536525
-0.005063024011853063
-0.004895347684115077
-0.004732721092850442
-0.004575885146393779
-0.004423644098227751
-0.004276970511133817
-0.00413445598176877
-0.003997308346174169
-0.0038639015333810536
-0.0037356826275198635
-0.003610802583799283
-0.0034909520761175626
-0.003374053470189275
-0.003262045749717781
-0.0031526167504837155
-0.0030479588769448214
-0.002945519154575536
-0.0028477489229420234
-0.0027518477610739955
-0.002660531874559785
-0.0025707463881006315
-0.002485478734446848
-0.0024014121878342897
-0.0023218122139395387
-0.0022430924343548155
-0.0021688036133670472
-0.002095081494797714
-0.0020257698818517936
-0.0019567179741492666
-0.0018920708456988907
-0.0018273820249481952
-0.0017671065974879134
-0.0017064928133420085
-0.0016503150368329163
-0.0015935061320922293
-0.0015411695547641808
-0.0014879121540946163
-0.001439176854143586
-0.001389233317425734
-0.0013438748985007526
-0.0012970223355659569
-0.0012548309823048813
-0.0012108603255926425
-0.0011716399157889624
-0.0011303550475306894
-0.0010939223179341365
-0.0010551392493303455
-0.0010213230122051802
-0.0009848691106506395
-0.0009535095178059723
-0.0009192227805004831
-0.0008901706328249694
-0.000857899003236004
-0.0008310151023138171
-0.0008006158275211622
-0.0007757703677235039
-0.0007471093938909646
-0.0007241813920549858
-0.000697132796217797
-0.0006760095571348878
-0.0006504550126150618
-0.0006310316281105664
-0.0006068599019631144
-0.000589038781571542
-0.000566145262037638
-0.0005498356935031263
-0.0005281219457114523
-0.0005132396836246048
-0.0004926130314216435
-0.00047907991263123294
-0.0004594530455795696
-0.000447196629119181
-0.0004284872327240746
-0.00041744046346295013
-0.0003995708712077678
-0.00038967176554126256
-0.00037256863151108403
-0.00036375998415158494
-0.00034735397480783743
-0.0003395830849034864
-0.00032380858885520367
-0.00031702700485724313
-0.0003018218594396752
-0.0002959851411577581
-0.0002812903750875296
-0.0002763578725180542
-0.00026211746267985685
-0.0002580521100902833
-0.0002442127527367019
-0.00024098087720247758
-0.00022749177175011235
-0.00022506291585861366
-0.00021187556051949636
-0.0002102223178397918
-0.00019729031673639466
-0.00019638817932028996
-0.00018366705979373077
-0.0001834942778745094
-0.00017094131771194774
-0.00017147876951705153
-0.00015905283311035275
-0.00016028390566156413
-0.00014794528851584952
-0.00014985576793107776
-0.00013756604896525545
-0.00014014401993193447
-0.00012786592087860038
-0.00013110167523053902
-0.00011879892673509544
-0.00012268488005395735
-0.00011032209399788355
-0.00011485270993543966
-0.00010239525722467449
-0.00010756697972835378
-0.00009498087347351287
-0.00010079206600426539
-0.00008804384916192152
-0.00009449474055700607
-0.0000815513781381567
-0.00008864401498532476
-0.0000754727900451019
-0.00008321099551188573
-0.0000697794087558857
-0.00007816874701716148
-0.00006444441953703083
-0.00007349216600896967
-0.00005944274502754577
-0.00006915786196726048
-0.00005475092895749023
-0.00006514404668750537
-0.00005034702763696133
-0.00006143043047303035
-0.00004621050829602431
-0.000057998125361719584
-0.000042322153879860276
-0.00005482955496225206
-0.00003866397397375159
-0.00005190836966082756
-0.000035219121711869895
-0.00004921936841347451
-0.000031971815740055626
-0.00004674842487516625
-0.000028907267364210696
-0.00004448241860347867
-0.00002601161206773846
-0.000042409171537075485
-0.00002327184600958929
-0.000040517387877378625
-0.000020675765855080462
-0.000038796598558714684
-0.00001821191314019403
-0.00003723710933558785
-0.000015869521548897572
-0.0000358299523991141
-0.000013638467980259325
-0.00003456684127613402
-0.000011509226462981735
-0.00003344012897593505
-9.47282517165196e-6
-0.000032442768691370876
-7.520806101971693e-6
-0.00003156827781216406
-5.6451854050582725e-6
-0.000030810691557793214
-3.838323869778785e-6
-0.00003016378502984585
-2.0869711677649608e-6
-0.000029574091414696503
-0.0022515063454032493
-0.008976746032870067
-0.020043848763864218
-0.035340551911936434
-0.05458693251276628
-0.07755447500306906
-0.10384861446074256
-0.13313903464378146
-0.1649377757231112
-0.19883236916220273
-0.23426478336647516
-0.2707626605429304
-0.3077217854667986
-0.3446327095739783
-0.38086845123364677
-0.4159049184291832
-0.44911510737025995
-0.47998243009069097
-0.5079024060146241
-0.5323884307362613
-0.5528817003274926
-0.5689492103598118
-0.5801023592621258
-0.5859870973027513
-0.586211307689621
-0.5805270622101015
-0.5686664763105693
-0.5505159795393512
-0.5259598935626367
-0.4950464946272803
-0.45783810209354653
-0.414568515961577
-0.3654979933784687
-0.3110614396967334
-0.25172639756382004
-0.18813124547653237
-0.12094436252309498
-0.0509916536775214
0.020884491889620906
0.09370868716669778
0.166514246388039
0.23823739067108363
0.3078587098934216
0.37430698272607965
0.436597958712965
0.4937459210028855
0.5448959328916956
0.5892408458028374
0.6261422531067066
0.6550508229056115
0.6756111043734577
0.6875839576739721
0.6909311555379611
0.6857401780535467
0.6722860800625563
0.6509606810991065
0.6223110464636631
0.5869766701641833
0.545705672541197
0.4993045129169763
0.448634238545711
0.3945773178601932
0.33801678273254104
0.27982394457288423
0.22082309492173866
0.16180239493745868
0.10346616870564566
0.04646951701531717
-0.008640538175966918
-0.0613677945530062
-0.11133626668480098
-0.15821260677620785
-0.20178580597258805
-0.2418723623347613
-0.2784061074027378
-0.3113294450322996
-0.34069294089601077
-0.3665358365027444
-0.38899472724781414
-0.4081762042085879
-0.4242736178611103
-0.4374342477533908
-0.447882885486148
-0.45578547527837177
-0.46137809270728464
-0.4648285932837059
-0.4663695193988332
-0.4661589615619122
-0.4644159785736606
-0.4612816171584297
-0.4569555523295512
-0.4515580145141906
-0.44526651973019293
-0.438179304201672
-0.430451192796346
-0.4221590258847345
-0.4134358914074207
-0.4043389366533887
-0.39498135276313795
-0.3854028878088003
-0.37569911636621073
-0.3658949051359177
-0.356070622289358
-0.34623875020957473
-0.33646679007099284
-0.3267571666722653
-0.3171666650545808
-0.30768972907686093
-0.29837433137859126
-0.28920872985464274
-0.28023372264549934
-0.2714328946201808
-0.26284124789834373
-0.25443894345994267
-0.2462563272391234
-0.23827114961837803
-0.23051002930698963
-0.2229491152682454
-0.2156120469964998
-0.20847400887567596
-0.2015562573676212
-0.19483350642610106
-0.18832510052278276
-0.18200566106644886
-0.17589298992402422
-0.1699619003879752
-0.16422893951742593
-0.15866932267532674
-0.15329856510053022
-0.14809243605182046
-0.14306559091286392
-0.13819445923782767
-0.13349296866210913
-0.12893828040987784
-0.12454369556134967
-0.12028715163467713
-0.11618140052508377
-0.11220518044436609
-0.1083707532240403
-0.10465766704742208
-0.10107773890736155
-0.09761132507598741
-0.09426983240875486
-0.09103441528116557
-0.08791609718579434
-0.08489681485510685
-0.08198722925745756
-0.07917003975603677
-0.07645556121559254
-0.0738272332710672
-0.07129503783511525
-0.06884313083464269
-0.06648117197857807
-0.06419400863776234
-0.0619909873097085
-0.0598576216495177
-0.05780295266374211
-0.05581313522236904
-0.053896911645542916
-0.05204105333131694
-0.050254010062913884
-0.048523145665306536
-0.04685662306807647
-0.04524237514784973
-0.043688283332795445
-0.04218282699393073
-0.04073361117310523
-0.03932964005172241
-0.037978247229500064
-0.036668940916581315
-0.03540878808639884
-0.03418778110939312
-0.0330127250472947
-0.03187407747318188
-0.030778386164943595
-0.02971655583862927
-0.02869488153647519
-0.027704697936950955
-0.026752051816961234
-0.02582869149070667
-0.02494041985932885
-0.02407938337518253
-0.02325114536582451
-0.022448235726098636
-0.021675982418022214
-0.020927284855230967
-0.020207239739589333
-0.01950910282480618
-0.01883774354609048
-0.018186761535887965
-0.017560802834744923
-0.0169537991822144
-0.01637017696772347
-0.015804188929119
-0.015260045409580269
-0.014732309675805664
-0.014224979482489483
-0.013732918771367923
-0.01325991601112451
-0.012801126557951233
-0.012360132733671083
-0.011932372620876706
-0.011521225363976453
-0.01112240363566349
-0.010739086195065242
-0.01036725270310959
-0.010009884142034539
-0.009663220075922262
-0.009330046127953009
-0.00900685518167524
-0.008696239723204604
-0.008394939857161653
-0.00810535695278809
-0.007824472710769666
-0.0075544991951912764
-0.007292654537309782
-0.007040963096295162
-0.006796874716605971
-0.006562227433343457
-0.006334698525359194
-0.006115940861656244
-0.005903855304353916
-0.005699910486837077
-0.005502227422538421
-0.00531209120556513
-0.005127839981507162
-0.004950575762736801
-0.004778851214345686
-0.0046135854791909126
-0.004453543528952039
-0.004299461600841653
-0.0041503151541698825
-0.0040066572306005615
-0.0038676723483582103
-0.003733729802685245
-0.003604222129936005
-0.0034793340626640755
-0.003358665498581119
-0.0032422155189716535
-0.0031297911104271026
-0.0030212043351062726
-0.0029164693781478573
-0.00281520963130238
-0.002717646969433781
-0.002623214170512723
-0.002532341673205336
-0.0024442693999201723
-0.0023596376115491762
-0.002277490827025575
-0.002198680773537189
-0.002122053704751231
-0.0020486748482110287
-0.001977189008401818
-0.00190887733909539
-0.0018421796813155615
-0.0017785959384474545
-0.0017163571336334834
-0.001657185145528043
-0.0015990979758083973
-0.0015440431128230453
-0.001489820972937375
-0.0014386087034632881
-0.0013879842023690689
-0.0013403587472277793
-0.0012930824026695627
-0.0012488054792457414
-0.0012046445013096593
-0.0011634941539886625
-0.0011222313082744756
-0.0010840008161075272
-0.0010454333644655974
-0.001009930224448465
-0.0009738689358191051
-0.000940913913912144
-0.0009071821415564924
-0.0008766083877154961
-0.000845041208207795
-0.0008166934321436729
-0.0007871368414290266
-0.0007608705443939481
-0.0007331807076639592
-0.0007088614654455086
-0.0006829040174879508
-0.000660406813124466
-0.0006360562048072817
-0.0006152648068233472
-0.0005924036944688225
-0.0005732100768922894
-0.0005517287537962046
-0.0005340325563878598
-0.0005138284200813967
-0.0004975364450849041
-0.0004785135021253606
-0.00046353924601338805
-0.0004456076475874185
-0.000431870864344855
-0.00041494647327508397
-0.0004023727691636635
-0.00038637675534674746
-0.00037489721036840733
-0.0003597556730201762
-0.0003493064894292951
-0.00033495010389820784
-0.0003254722783356621
-0.00031183596514941134
-0.0003032749857549783
-0.00029029760247037406
-0.0002826031650045713
-0.00027022721747911143
-0.00026335296239167667
-0.00025152433432529346
-0.0002454276031152036
-0.00023409530304529996
-0.00022873691140087965
-0.00021785283578916852
-0.0002131968632188271
-0.00020271557467045688
-0.00019872916971110677
-0.00018860768912231832
-0.0001852608883518066
-0.00017545849965289772
-0.000172724060714432
-0.00016320212813878473
-0.00016105537429873465
-0.00015177716965919833
-0.0001501958478809786
-0.00014112638960485572
-0.00014009053741434024
-0.00013119643854926823
-0.00013068826318440123
-0.00012193758828974955
-0.00012194135403674357
-0.00011330348360327443
-0.00011380540967789743
-0.00010525091402399818
-0.00010623907965389327
-0.00009773959762514507
-0.00009920385595269774
-0.00009073198130819998
-0.00009266388063604394
-0.00008419305427733156
-0.0000865857665393605
-0.00007809017393750006
-0.00008093842964510231
-0.00007239290399153127
-0.00007569293401168239
-0.00006707286300624046
-0.00007082234558539889
-0.00006210358332025347
-0.00006630159787184757
-0.00005746037978037125
-0.00006210736461704381
-0.000053120226322263535
-0.000058217943796384166
-0.00004906164293033493
-0.00005461314689330458
-0.00004526458864770998
-0.000051274197211771135
-0.00004171036114527743
-0.000048183635782812874
-0.00003838150531126349
-0.00004532523150205481
-0.00003526172587279506
-0.00004268389976639686
-0.00003233580774294817
-0.00004024562602618146
-0.000029589539574119516
-0.00003799739314308788
-0.000027009644737083907
-0.000035927115439921785
-0.00002458371469741254
-0.00003402357745056491
-0.000022300149156433095
-0.00003227637512776237
-0.000020148098189482455
-0.00003067586362900704
-0.000018117409499575318
-0.00002921310520064353
-0.000016198578576337895
-0.000027879825881682506
-0.000014382702256569472
-0.00002666836970082707
-0.00001266143644365089
-0.0000255716599461436
-0.000011026953920382681
-0.000024583161006832658
-9.471907813022967e-6
-0.00002369684448069241
-7.989396360842204e-6
-0.000022907156580793002
-6.572929660885981e-6
-0.000022208988497618745
-5.216398555896751e-6
-0.000021597648068820986
-3.9140455405240285e-6
-0.000021068826502161618
-2.660371546582632e-6
-0.00002061805687086432
-1.4460120439669239e-6
-0.00002020818880196193