-0.00008661607453923481
-0.00034703150902431963
-0.0007803463968576274
-0.0013874233491281505
-0.0021669828641015985
-0.003119644024367625
-0.0042436458418989255
-0.005538962326546316
-0.007002988786651077
-0.008634553011431022
-0.010429709637603635
-0.012385558747933227
-0.014496246092420352
-0.01675654159558057
-0.019158125820780456
-0.02169290456598103
-0.02434965175904253
-0.027117049861882372
-0.0299807484263127
-0.03292612534889128
-0.035935805203467466
-0.038992134727587585
-0.04207518524470191
-0.04516492908844003
-0.04823972754172229
-0.05127818611010913
-0.05425810643238877
-0.05715799076319668
-0.05995641672682026
-0.06263315817071564
-0.06516892847506994
-0.0675460882200943
-0.06974869786300478
-0.07176279305861458
-0.07357669106694921
-0.07518083104932421
-0.07656828907539802
-0.07773420079382556
-0.07867645451167882
-0.07939473389379684
-0.0798913737249928
-0.08017007714838885
-0.08023693093477834
-0.08009886231138923
-0.07976481730383131
-0.07924402486077045
-0.07854734204012732
-0.07768538803770544
-0.07667005428727436
-0.07551255992865033
-0.07422511535220533
-0.07281893651596494
-0.07130603997526525
-0.06969723955160059
-0.06800404231346804
-0.06623664017070696
-0.06440587167015592
-0.06252121471110919
-0.06059277914280157
-0.058629305083470126
-0.05664015555266745
-0.05463332667697728
-0.05261741637489894
-0.05059965618765965
-0.04858783942734419
-0.046588387604932426
-0.044608227812531105
-0.042652908401980494
-0.040728419762162696
-0.038839373509359794
-0.03699076309771252
-0.03518621854509785
-0.033429703942742854
-0.03172385635343071
-0.030071617010745535
-0.02847465931090116
-0.026934950031057645
-0.02545326796927122
-0.024030691359544113
-0.02266720609695715
-0.02136311589826662
-0.020117737300463862
-0.018930729988443133
-0.017800874787824026
-0.01672732279358714
-0.01570845219789522
-0.014743036198014708
-0.013829174491378151
-0.012965381232110093
-0.012149587205183159
-0.011380150209163088
-0.010654924160178351
-0.009972195137473572
-0.009329813891860253
-0.008726061386146317
-0.00815884136051056
-0.0076264795533280486
-0.0071269731041306295
-0.0066587277923398636
-0.006219861148227274
-0.005808882044370432
-0.00542404445221853
-0.005063973608305003
-0.004727067413620783
-0.004412073211741692
-0.004117533891521501
-0.0038423190872072404
-0.003585113118971818
-0.0033449041777864714
-0.003120511326151709
-0.0029110349781951666
-0.002715420284863022
-0.002532871972308282
-0.002362451550083642
-0.002203459334331297
-0.0020550630414552427
-0.0019166496001115302
-0.0017874828233242223
-0.001667027406148686
-0.0015546335031943167
-0.0014498351172836552
-0.001352059544118201
-0.0012609021808082216
-0.0011758589326680987
-0.0010965793082906045
-0.0010226200133920925
-0.000953678050131804
-0.0008893638481745795
-0.0008294159491774384
-0.0007734921448556368
-0.000721367201934569
-0.0006727405903912471
-0.0006274185887523254
-0.0005851372924941829
-0.0005457303334741027
-0.000508965958600487
-0.00047470149961128535
-0.0004427334056051732
-0.00041293950961104257
-0.0003851409855658959
-0.0003592333754929514
-0.00033505952226189575
-0.00031253024511824844
-0.00029150737436359144
-0.0002719148929241442
-0.0002536312682617877
-0.00023659181314564183
-0.00022068957399074227
-0.0002058696045654197
-0.00019203772889604646
-0.00017914736689386397
-0.00016711554430443975
-0.00015590285879847442
-0.00014543615951290485
-0.00013568219568258036
-0.00012657643442686575
-0.00011809089119131782
-0.0001101685968801714
-0.00010278606994233886
-0.00009589298301123962
-0.00008946970014228526
-0.00008347172906646485
-0.00007788271362449446
-0.00007266329080739041
-0.00006779989760635064
-0.00006325768243837932
-0.000059025457238794724
-0.0000550723408495083
-0.00005138916103179453
-0.00004794853313771314
-0.000044742992630659993
-0.000041748236039523404
-0.00003895824239128756
-0.00003635142522561075
-0.000033922980910539404
-0.000031653720531097335
-0.00002953986424334236
-0.000027564340277737674
-0.000025724227156153997
-0.00002400432400480628
-0.000022402426501118165
-0.000020904988284024135
-0.000019510401800504738
-0.000018206584949018186
-0.000016992424461320248
-0.00001585713511361024
-0.00001480001081417273
-0.00001381141586474929
-0.000012890977441679185
-0.000012030079567176063
-0.000011228620100574858
-0.000010478888359611144
-9.781000006228377e-6
-9.128048719234145e-6
-8.520323392177669e-6
-7.951632966390804e-6
-7.422402105488179e-6
-6.927076307583699e-6
-6.466184618675257e-6
-6.034739518357775e-6
-5.633348231952438e-6
-5.257528669099153e-6
-4.9079444510877124e-6
-4.5805644258406944e-6
-4.27609058754726e-6
-3.990894442894422e-6
-3.7257015326627963e-6
-3.4772432124579496e-6
-3.2462564540510163e-6
-3.0297944742060135e-6
-2.8285958561718737e-6
-2.640001940688686e-6
-2.464745038976435e-6
-2.3004246322743968e-6
-2.1477605101147947e-6
-2.0045836212437206e-6
-1.8715963560299118e-6
-1.7468373856379288e-6
-1.6309879723689958e-6
-1.5222733543016156e-6
-1.4213508937719713e-6
-1.3266135307816086e-6
-1.2386927520754787e-6
-1.1561323632313995e-6
-1.0795366574084493e-6
-1.0075852696636416e-6
-9.40854519226822e-7
-8.781464280496984e-7
-8.200090063447411e-7
-7.653546335275152e-7
-7.147030323088459e-7
-6.670661689953786e-7
-6.229357828036568e-7
-5.81413777559645e-7
-5.429644388536045e-7
-5.067709515002562e-7
-4.732708526858891e-7
-4.4172083986530047e-7
-4.1253253867839694e-7
-3.8502918034989607e-7
-3.595974151215022e-7
-3.3562073243885083e-7
-3.134618134544038e-7
-2.925587581019535e-7
-2.7325132969095537e-7
-2.550271537370174e-7
-2.3820415176877774e-7
-2.223148922222899e-7
-2.0765654064950679e-7
-1.9380247476898834e-7
-1.8103018595743584e-7
-1.6895013118617023e-7
-1.5782119588533836e-7
-1.4728754631483943e-7
-1.375905073621239e-7
-1.2840490964654925e-7
-1.1995553417061636e-7
-1.1194512159482333e-7
-1.0458289289547821e-7
-9.759700517789329e-8
-9.118206661549197e-8
-8.508939273322508e-8
-7.949988665121505e-8
-7.418597560933184e-8
-6.931572454400186e-8
-6.468081750919333e-8
-6.043730585849293e-8
-5.639444584190978e-8
-5.2697060095888297e-8
-4.917044744071251e-8
-4.594894410009754e-8
-4.2872502089255425e-8
-4.006567315541643e-8
-3.73817991026943e-8
-3.4936308546488454e-8
-3.259478485549544e-8
-3.046415658945894e-8
-2.8421202454419132e-8
-2.656493671000712e-8
-2.478238195542393e-8
-2.316518702650509e-8
-2.1609751761724507e-8
-2.020087378965991e-8
-1.8843540247461832e-8
-1.7616180111753548e-8
-1.643164660431398e-8
-1.5362450100757133e-8
-1.4328654260386465e-8
-1.3397270404921653e-8
-1.2494973227362165e-8
-1.168366682246154e-8
-1.0896091320704445e-8
-1.0189407662407775e-8
-9.501922849853777e-9
-8.886394348479665e-9
-8.286240309160588e-9
-7.750130198959342e-9
-7.226178565173633e-9
-6.759259395567973e-9
-6.3018041700367095e-9
-5.895163229592983e-9
-5.495738727824729e-9
-5.141609437316869e-9
-4.792831589663417e-9
-4.484445438464544e-9
-4.179873202426969e-9
-3.911332081208819e-9
-3.645346829829981e-9
-3.411511150756486e-9
-3.1792114722864165e-9
-2.97560235695515e-9
-2.7727124789523273e-9
-2.595426355903779e-9
-2.4182162568431382e-9
-2.2638520055768802e-9
-2.109067618944722e-9
-1.9746610885796333e-9
-1.8394631888041858e-9
-1.722431032078374e-9
-1.6043430936043011e-9
-1.502434327833888e-9
-1.3992951755317258e-9
-1.3105478486527843e-9
-1.2204722438123525e-9
-1.1431764463235973e-9
-1.0645191318663546e-9
-9.971848202839389e-10
-9.285112779439898e-10
-8.698395295843618e-10
-8.098974037210739e-10
-7.587556043070591e-10
-7.064534253080869e-10
-6.618545177006965e-10
-6.162397012605882e-10
-5.773223554424643e-10
-5.375645541562299e-10
-5.035781004067056e-10
-4.689532749465558e-10
-4.3924255738884584e-10
-4.091196430069369e-10
-3.8311284291387153e-10
-3.5694177004936824e-10
-3.3413969403071863e-10
-3.1144170009188977e-10
-2.914083663140028e-10
-2.717666289620032e-10
-2.541207788423928e-10
-2.371727629600034e-10
-2.2158047252173521e-10
-2.0701117672211815e-10
-1.9318011168698055e-10
-1.807166250697961e-10
-1.68389979892752e-10
-1.5779566277670148e-10
-1.467482505568747e-10
-1.3781852896800723e-10
-1.278513404639022e-10
-1.204101075061746e-10
-1.1134792116387957e-10
-1.0524342553363665e-10
-9.693048417858014e-11
-9.203348989821794e-11
-8.433155294127442e-11
-8.053198301843725e-11
-7.331757066392572e-11
-7.052227019815997e-11
-6.368419497839742e-11
-6.181591491028981e-11
-5.525332313039411e-11
-5.424779711190366e-11
-4.7869479655837084e-11
-4.7675214653718325e-11
-4.1396120053609275e-11
-4.197273362877587e-11
-3.571484880227898e-11
-3.703239079397363e-11
-3.072212149307972e-11
-3.275918137335942e-11
-2.6326645885599316e-11
-2.9071312752108916e-11
-2.2449317386500723e-11
-2.5896885308766416e-11
-1.9020505544522254e-11
-2.3174236966839546e-11
-1.597903924974759e-11
-2.0849256421424587e-11
-1.3271161263561577e-11
-1.8875567512660394e-11
-1.0849971064105151e-11
-1.7212450294436225e-11
-8.67375420016789e-12
-1.582543835111371e-11
-6.706162729352005e-12
-1.468441386491052e-11
-4.914387598335727e-12
-1.3763435260050166e-11
-3.2695561519696114e-12
-1.304041918073302e-11
-1.7411764372922684e-12
-1.2458165418762798e-11
0.00002573694619090949
0.00010849021452299583
0.0002565957571217504
0.0004852464335503146
0.000814849214197762
0.0012705515446997083
0.0018806755908647977
0.002676344074654721
0.003689196800276443
0.004951008094859657
0.006490936222840302
0.008335153378633555
0.010503948584035113
0.013011445387776821
0.01586292899492546
0.019054767847490273
0.02257234790334198
0.02639032058143702
0.030471484662608607
0.034767444146669206
0.03921867788629385
0.04375560998453994
0.048299960759791385
0.052766125820415795
0.05706373339838866
0.06109912108809517
0.0647788642128504
0.06801105797901523
0.07070945833168688
0.07279424345441092
0.07419634389236829
0.07485738248814873
0.07473377410679882
0.07379562660931709
0.07203025899230563
0.0694399753344568
0.06604476835695094
0.061879031515391314
0.05699335902218845
0.051450411355549286
0.045325864983425675
0.038703766773959966
0.03167680124576994
0.02434153881301849
0.01679825683716318
0.009146494727317874
0.0014846797403345576
-0.006093649635175104
-0.01350019719268678
-0.020654754223731402
-0.02748538729512427
-0.03393021336459727
-0.03993736419368465
-0.04546567996174586
-0.05048447669963852
-0.05497325639652429
-0.05892136826148962
-0.06232691029384033
-0.06519641047878025
-0.06754313307175452
-0.06938691011694628
-0.07075206719014672
-0.0716675137929842
-0.07216447629344627
-0.07227691719818806
-0.07203921924383151
-0.07148695920137384
-0.07065463842092297
-0.06957679627787296
-0.06828583845449174
-0.06681344477900485
-0.0651885128072727
-0.06343879718170613
-0.06158896442768856
-0.05966239533095043
-0.057679336094118995
-0.05565879879856894
-0.05361679136742847
-0.05156826040797165
-0.04952538461991215
-0.04749951596588189
-0.0454995255289778
-0.04353371063146798
-0.04160818679742837
-0.039728738696392256
-0.03789925575679994
-0.0361235130373898
-0.034403650768441464
-0.032741877396265454
-0.031138994917247975
-0.029596020660470623
-0.02811276094198177
-0.02668935102710251
-0.025324879645400217
-0.024018848389553392
-0.022769849248748652
-0.02157694578002104
-0.020438405235996885
-0.01935300443706509
-0.018318817424692137
-0.017334449247348945
-0.016397879447261385
-0.015507627070015087
-0.014661649735525263
-0.013858443169774332
-0.013095995138392777
-0.012372822727374416
-0.011686980034804523
-0.011037036323730343
-0.01042113606843247
-0.009837920984747964
-0.009285640801836558
-0.008763022052786378
-0.008268427780742077
-0.007800675849134513
-0.007358245682478945
-0.006940048735411972
-0.006544680301395716
-0.006171144663321502
-0.005818149971779292
-0.005484790487134956
-0.005169882524610538
-0.004872606089308278
-0.004591879902155077
-0.004326964624523427
-0.004076875012843732
-0.003840946828438137
-0.003618284213991213
-0.003408292287560886
-0.003210157888788632
-0.0030233497621056362
-0.002847130881771241
-0.0026810280390805502
-0.0025243740214578128
-0.0023767483305889687
-0.0022375475595334
-0.002106398884461923
-0.0019827570544464807
-0.0018662922176454486
-0.0017565120089242563
-0.0016531251937577593
-0.001555687408641953
-0.001463942030818843
-0.001377488195810457
-0.0012961002284660316
-0.0012194166301900177
-0.0011472393373576177
-0.0010792424366617747
-0.001015252450165888
-0.0009549756019819613
-0.0008982602646558216
-0.0008448416630314412
-0.000794587554922036
-0.0007472593178684195
-0.0007027418789390594
-0.0006608201870399332
-0.0006213943507557502
-0.0005842705543307312
-0.00054936230861199
-0.000516494921608247
-0.000485593716873071
-0.00045650121957932266
-0.00042915314813548824
-0.0004034075249456429
-0.00037920920083939436
-0.00035643014510526453
-0.0003350232183143788
-0.00031487294016374943
-0.00029593918432509685
-0.0002781177635500305
-0.0002613746809736935
-0.0002456159108269908
-0.00023081280338490103
-0.00021688047665962583
-0.00020379493617199825
-0.00019147952842034688
-0.0001799143034023893
-0.00016903001327330284
-0.00015881021373890036
-0.00014919232300224925
-0.00014016292806622187
-0.00013166544867321058
-0.0001236890858128796
-0.00011618266334314366
-0.00010913763000550722
-0.00010250767717316943
-0.00009628617990964565
-0.00009043121494096763
-0.0000849378022998404
-0.00007976797071234881
-0.00007491813940836414
-0.00007035389976348748
-0.00006607285539432474
-0.0000620438106456933
-0.00005826536640440374
-0.00005470922549455877
-0.000051374823471675654
-0.000048236479181352336
-0.000045294321699220475
-0.00004252503164094906
-0.0000399293094173017
-0.000037485968966220206
-0.00003519617641432804
-0.00003304067353649455
-0.00003102100135650224
-0.00002911964449673129
-0.000027338440670060607
-0.000025661451079300472
-0.000024090743058214986
-0.000022611804638381807
-0.000021226875796297666
-0.000019922736353180267
-0.000018701750520948164
-0.00001755186822140424
-0.000016475536970094346
-0.000015461767296652556
-0.000014513055336187707
-0.000013619373566995833
-0.000012783237951383252
-0.000011995493530756005
-0.000011258652314552068
-0.000010564351608395474
-9.91507948959759e-6
-9.303193022533262e-6
-8.731140409457759e-6
-8.191932750742517e-6
-7.687965439811494e-6
-7.212844485030837e-6
-6.768902108148438e-6
-6.350285684307678e-6
-5.959256293263318e-6
-5.590454298161464e-6
-5.246063706300437e-6
-4.921173880412149e-6
-4.6178875080790835e-6
-4.331703210720713e-6
-4.064639443846385e-6
-3.8125682779650083e-6
-3.577422190312748e-6
-3.3554138747124413e-6
-3.1483892461734295e-6
-2.9528721035711143e-6
-2.770621933794931e-6
-2.598446541228007e-6
-2.438020097491527e-6
-2.2864098792660846e-6
-2.1452059445912106e-6
-2.011713057150671e-6
-1.8874389636146657e-6
-1.7699057040357464e-6
-1.66054083260944e-6
-1.5570653854283414e-6
-1.4608290881512275e-6
-1.369735318840843e-6
-1.2850586410991767e-6
-1.204869435618816e-6
-1.1303700193243065e-6
-1.059783858785628e-6
-9.942438797184681e-7
-9.321139922294291e-7
-8.744606417524798e-7
-8.197767138970102e-7
-7.690651079239099e-7
-7.209371436221644e-7
-6.763350162564632e-7
-6.339789361778412e-7
-5.94753408019763e-7
-5.574787427234545e-7
-5.229844499203695e-7
-4.901829136632777e-7
-4.5985160533404097e-7
-4.3098763360652934e-7
-4.0431901152969774e-7
-3.789209074995937e-7
-3.5547454141990917e-7
-3.3312694927515306e-7
-3.125151732738059e-7
-2.928523911146472e-7
-2.747339471094999e-7
-2.574340431171007e-7
-2.41508534609089e-7
-2.2628805199640606e-7
-2.1229118450589637e-7
-1.9890055176871832e-7
-1.8659973370482432e-7
-1.748193320823284e-7
-1.6400992586312558e-7
-1.536464172319235e-7
-1.441483281589372e-7
-1.35031516790437e-7
-1.2668627537347937e-7
-1.1866642755684244e-7
-1.1133466080875996e-7
-1.0427995027369442e-7
-9.783906756780155e-8
-9.163353119351294e-8
-8.597567924469881e-8
-8.051721366173757e-8
-7.554760946452053e-8
-7.074644248091487e-8
-6.638159176872229e-8
-6.215868585916062e-8
-5.832526808950181e-8
-5.461112521863448e-8
-5.124456330048675e-8
-4.797805337835813e-8
-4.502164377153483e-8
-4.21489062636582e-8
-3.955282676087153e-8
-3.702657067486974e-8
-3.4746926493871066e-8
-3.252553969718871e-8
-3.052373532290892e-8
-2.857057548902445e-8
-2.681275726361319e-8
-2.5095635044028774e-8
-2.355198748963537e-8
-2.2042564494798377e-8
-2.0686926855781406e-8
-1.93603260130534e-8
-1.8169610228647523e-8
-1.7003914102108763e-8
-1.5957893867623953e-8
-1.4933916046495196e-8
-1.4014852669482137e-8
-1.311557090343215e-8
-1.2307801063212988e-8
-1.1518400657605281e-8
-1.0808147691342037e-8
-1.0115543336739504e-8
-9.490691959953786e-9
-8.88342398169812e-9
-8.333309523860126e-9
-7.801346668724072e-9
-7.316635023287288e-9
-6.85103416372006e-9
-6.423502483911242e-9
-6.01656817171064e-9
-5.639011612005255e-9
-5.283881353948794e-9
-4.949821119588932e-9
-4.6405432727913165e-9
-4.344409059216399e-9
-4.075729523579731e-9
-3.81257419670462e-9
-3.579925639565359e-9
-3.345366401437209e-9
-3.144735580411433e-9
-2.934894031888161e-9
-2.762823989517979e-9
-2.5742645673882538e-9
-2.4276755772667614e-9
-2.257355319769647e-9
-2.1336092401641353e-9
-1.978881670390195e-9
-1.8756632818103334e-9
-1.7341346759877603e-9
-1.649469535374408e-9
-1.5189688156742e-9
-1.4511694344809476e-9
-1.3297818084803906e-9
-1.277401979051146e-9
-1.1633717355236416e-9
-1.1251615826810384e-9
-1.016885982751938e-9
-9.918085311643704e-10
-8.879541134786523e-10
-8.751554185603224e-10
-7.743747758882887e-10
-7.731880514135933e-10
-6.742361475438628e-10
-6.840760102181665e-10
-5.858912542169557e-10
-6.063284103232133e-10
-5.078333507207407e-10
-5.386101369016625e-10
-4.3884405036312356e-10
-4.797266280454484e-10
-3.776905482665062e-10
-4.286249184537108e-10
-3.233679381294617e-10
-3.8439725878014174e-10
-2.7501213835288367e-10
-3.462586371673468e-10
-2.3190087402761573e-10
-3.135299699557625e-10
-1.932333358313346e-10
-2.8563973073435037e-10
-1.5847764746161693e-10
-2.620067310041053e-10
-1.2704531999078498e-10
-2.4220408193989997e-10
-9.846253054814252e-11
-2.25839512627269e-10
-7.228202395155902e-11
-2.1257211377966092e-10
-4.818814180621317e-11
-2.021082318899418e-10
-2.5680978107171686e-11
-1.9361302056884704e-10
0.0005484539772331741
0.0021823377152864446
0.004867232817698987
0.008563270911568565
0.013193165228739673
0.01867852823090119
0.02490581411770357
0.03176040830172116
0.039096465533609015
0.0467679448352976
0.054603307895298804
0.062433212295143856
0.07007038792232231
0.07733393814226418
0.08403428881850074
0.08999407441937189
0.09503770643037299
0.09900876923256509
0.10176346752025534
0.10318438737293653
0.10317686689666657
0.10167892954641848
0.0986594984049637
0.0941243122435002
0.08811489653782147
0.08071035684838752
0.07202615340208035
0.06221185328764978
0.05144904168139035
0.0399454060152691
0.02793153706160127
0.015652081477056577
0.0033616788920056073
-0.008685719861560099
-0.020241069031584374
-0.03107139103172182
-0.04096311879188796
-0.04973233841239946
-0.05722616124538911
-0.06333086372921312
-0.06797041199999405
-0.0711117919857794
-0.07276027364029326
-0.07296186171501157
-0.07179547462761665
-0.06937309160063548
-0.06582956893890897
-0.061321547294642044
-0.05601598460198318
-0.05008909775790674
-0.043714769679015025
-0.03706469745744279
-0.030297634886547332
-0.02356156209047858
-0.0169843408934464
-0.010678233683219155
-0.0047321082909759895
0.0007818401485150526
0.005814569406668134
0.010331758470344609
0.014319428232631798
0.017774458701868473
0.02070985661997504
0.023144873039271607
0.025110339417936913
0.026638909389139667
0.027770725964579898
0.02854413110333358
0.029001756400104058
0.029181869541300247
0.029124843741880766
0.028865176703210288
0.028438209904863714
0.027872774518242976
0.02719799943459121
0.026436503676421322
0.025611138614745052
0.024738643497622965
0.02383619606531961
0.022915461868610217
0.021988864123288585
0.021063976913297273
0.020149460064128648
0.019249764121893814
0.018370704420199068
0.017514458847285863
0.01668477579848005
0.01588225376412848
0.01510919120066213
0.014365140802343298
0.01365141705867462
0.012966919039805645
0.01231231521533656
0.011686127919153251
0.011088616311124018
0.010518114321979001
0.009974632495770432
0.009456439746608737
0.008963403929731857
0.008493806497669273
0.008047440438843563
0.007622646035593716
0.007219183521703201
0.006835477638806956
0.006471281113546079
0.0061251155423466
0.005796740623184233
0.005484779005465656
0.005189005142235107
0.004908142050753378
0.0046419826746990096
0.004389346951411597
0.004150047676547138
0.0039229968146460405
0.003708027030788248
0.0035041367730611426
0.0033111778673766802
0.0031282295138939406
0.0029551616243047446
0.0027911284893109485
0.0026360168679413296
0.0024890506854089688
0.002350132257719171
0.0022185499589582425
0.002094220377992824
0.0019764914483338053
0.0018652927834604607
0.0017600272875496561
0.0016606364011240307
0.0015665737051656226
0.0014777913268977526
0.001393789514175189
0.0013145300021890946
0.0012395559673399558
0.0011688377365632716
0.0011019579351261018
0.0010388945291935226
0.0009792663590831065
0.0009230581415010302
0.000869921931126301
0.0008198483707793787
0.0007725199493646584
0.0007279324743399555
0.0006857962976773319
0.0006461116921397754
0.0006086144982738835
0.0005733088154316902
0.0005399537835020791
0.000508556748016359
0.00047889813236304734
0.0004509880042511126
0.0004246262173109843
0.0003998250900762748
0.0003764022050296907
0.00035437171066910096
0.0003335673579502587
0.00031400475080640283
0.00029553237978151536
0.0002781669734695565
0.0002617704541727449
0.00024636038466259945
0.00023181092376206507
0.0002181402145272663
0.00020523356034274037
0.0001931094646782193
0.0001816633788917746
0.00017091397713830782
0.00016076595004797553
0.0001512379806214322
0.0001422431701162253
0.0001338000730059855
0.0001258294468398821
0.00011834960217658228
0.00011128826562326454
0.00010466340849071159
0.00009840910083904436
0.00009254289656023421
0.00008700464017711352
0.00008181140558688914
0.0000769082937354202
0.00007231184944977672
0.00006797195916700062
0.00006390460131145419
0.00006006401942039313
0.00005646559844433944
0.00005306754965895463
0.00004988464605315962
0.000046878712848960545
0.000044063900182059984
0.00004140532514429723
0.00003891651087079619
0.000036565573882069415
0.000034365411408965435
0.00003228687325983926
0.00003034223629148232
0.00002850484199143016
0.00002678635624792342
0.00002516239235855567
0.00002364401767127861
0.00002220891743494913
0.000020867575611376606
0.000019599567401233982
0.000018414810338593244
0.000017294604128234754
0.000016248318692696718
0.00001525882767875161
0.00001433497299131506
0.000013461065001530512
0.00001264543837292378
0.000011873715614445685
0.000011153744781603018
0.000010472347442732504
9.836906223665294e-6
9.235337905071745e-6
8.674581325479823e-6
8.143554477526573e-6
7.648773504641938e-6
7.180071761222622e-6
6.743563437194414e-6
6.329919308815396e-6
5.944872059170491e-6
5.5798584918647326e-6
5.240249986844861e-6
4.918184289439422e-6
4.618690845928559e-6
4.334549588403322e-6
4.070466060408442e-6
3.819808640395934e-6
3.5869774548950346e-6
3.3658796027729673e-6
3.16062755359026e-6
2.965621674263194e-6
2.784703698791565e-6
2.6127264085565257e-6
2.453276630205367e-6
2.301621622652245e-6
2.161109157448835e-6
2.0273864325231904e-6
1.9035765049608597e-6
1.7856751784126241e-6
1.6765950176999815e-6
1.572651465267046e-6
1.4765595237564866e-6
1.3849282943662327e-6
1.3002874326607298e-6
1.219516023079771e-6
1.1449700290991938e-6
1.0737764153236363e-6
1.008128591570069e-6
9.453812856274409e-7
8.875757904341234e-7
8.322762860900807e-7
7.813817268344141e-7
7.326490209052794e-7
6.87844159864784e-7
6.44900963794637e-7
6.05461372294459e-7
5.676218739228206e-7
5.329088662914219e-7
4.995683632607631e-7
4.6901885600423165e-7
4.396437895366793e-7
4.127611941625399e-7
3.8688115883560917e-7
3.632280328231671e-7
3.4042812050228614e-7
3.196187386009657e-7
2.995332810961045e-7
2.8122771147568496e-7
2.635341224196651e-7
2.474328593193562e-7
2.3184684702092605e-7
2.176859786879911e-7
2.0395701211649924e-7
1.9150403345817019e-7
1.794112164507733e-7
1.684613251074188e-7
1.5781001167253942e-7
1.4818282946834782e-7
1.3880135532124332e-7
1.3033812254531963e-7
1.220752733838236e-7
1.14636029312222e-7
1.0735853405159584e-7
1.008201216424499e-7
9.441069981685194e-8
8.866475874361626e-8
8.301986409055192e-8
7.797083650869571e-8
7.29993429968142e-8
6.856317557508982e-8
6.418469518581521e-8
6.028766302477553e-8
5.643152469376668e-8
5.300836830197299e-8
4.961231468345066e-8
4.660577451575372e-8
4.361488356368058e-8
4.0974505556731263e-8
3.8340493760374e-8
3.60219644622249e-8
3.370225396772208e-8
3.166656792962175e-8
2.9623659337415986e-8
2.7836487443264125e-8
2.6037434403043832e-8
2.446862358800228e-8
2.2884265832318367e-8
2.150720520874881e-8
2.01119864166179e-8
1.890339591434307e-8
1.7674737896277544e-8
1.6614077846788053e-8
1.5532195737256533e-8
1.4601346514869744e-8
1.3648872872531082e-8
1.2831900819377598e-8
1.1993379605882707e-8
1.1276395747540316e-8
1.0538250263954096e-8
9.90899155049546e-9
9.259295467526734e-9
8.707031415178779e-9
8.135281731391286e-9
7.650454730609205e-9
7.147517945560056e-9
6.721774915319998e-9
6.279486698418327e-9
5.905509820760257e-9
5.516710207671605e-9
5.188137602888887e-9
4.84657493863247e-9
4.557524504653134e-9
4.257728382196361e-9
4.003400254237632e-9
3.740426406600823e-9
3.5163379211188703e-9
3.2859926842235905e-9
3.088188934588273e-9
2.886779448203702e-9
2.712002010881368e-9
2.5361613571633614e-9
2.381370002855156e-9
2.2282131667656886e-9
2.090792614364387e-9
1.9577766402726612e-9
1.8354417814906503e-9
1.7203412361698184e-9
1.611014174278137e-9
1.5118538607899481e-9
1.4136624787743081e-9
1.3288562754019303e-9
1.2402312751366072e-9
1.1682939845006226e-9
1.0878004968751588e-9
1.0272934318478345e-9
9.536503321921332e-10
9.036330879740528e-10
8.357077803852319e-10
7.952173142376534e-10
7.318724288824712e-10
7.001253451615128e-10
6.405444983607526e-10
6.168903111478337e-10
5.602001262762696e-10
5.439452409352986e-10
4.893415905145066e-10
4.801301012454302e-10
4.2688701864675917e-10
4.242653005648328e-10
3.718583494848366e-10
3.7547363910009623e-10
3.233108323385235e-10
3.329798131006121e-10
2.8037695463506487e-10
2.9585960468504984e-10
2.423710670651332e-10
2.6353455862054575e-10
2.0871306541592063e-10
2.3547974750995534e-10
1.7872329415608446e-10
2.1118558176426225e-10
1.5208436202950988e-10
1.9023686601285635e-10
1.2824153153355688e-10
1.7234754232984524e-10
1.069397107848922e-10
1.5704764488776797e-10
8.770422430320714e-11
1.4404988998205986e-10
7.039064147715687e-11
1.3318252671079785e-10
5.4541787492650275e-11
1.2417558519097753e-10
4.012163654223702e-11
1.1688505381025841e-10
2.676397497347473e-11
1.111342373418598e-10
1.4296291580134169e-11
1.0637721894560364e-10