0.316323590649782
0.31630520691675623
0.316274489739871
0.3162313536346235
0.3161756615511259
0.3161072483918055
0.316025909993187
0.3159314145375164
0.31582349793891623
0.31570187229307567
0.3155662241513832
0.31541622177193207
0.3152515150441274
0.31507174209352823
0.3148765302263699
0.31466550205687377
0.3144382770666559
0.3141944772689237
0.3139337290832381
0.31365566848405363
0.31335994295207076
0.31304621602790006
0.3127141691437015
0.3123635054974024
0.3119939516029752
0.3116052604076949
0.3111972124308105
0.31076961806119957
0.3103223181844385
0.3098551856183455
0.30936812515861345
0.30886107413364283
0.30833400182953863
0.3077869091724331
0.3072198275250695
0.3066328175338744
0.3060259673216306
0.3053993905673162
0.30475322415229567
0.3040876255726289
0.3034027701291471
0.302698847803445
0.3019760601139612
0.3012346166165536
0.3004747315775012
0.29969662028522576
0.2989004957146402
0.2980865648555928
0.29725502555852423
0.29640606309480483
0.2955398473785757
0.29465652997180763
0.2937562418693506
0.2928390911455198
0.2919051614675989
0.29095451055055827
0.28998716952880693
0.28900314234232166
0.28800240604920935
0.28698491121278186
0.2859505831819171
0.2848993234885862
0.2838310120637411
0.2827455095935365
0.2816426605807269
0.2805222965505895
0.2793842398166009
0.27822830737852994
0.2770543152105699
0.27586208265768564
0.2746514370369843
0.2734222183159575
0.2721742838045643
0.27090751289056886
0.2696218115998052
0.26831711716797596
0.2669934022578763
0.2656506791614218
0.2642890034825819
0.26290847778535775
0.2615092545771811
0.2600915392456379
0.25865559220700757
0.25720173100501226
0.255730331521699
0.25424182914450394
0.25273671897132016
0.25121555598751044
0.24967895423376435
0.24812758597243686
0.24656217982572892
0.2449835189507078
0.24339243819599665
0.24178982134619992
0.2401765973863959
0.23855373691771498
0.23692224765837971
0.23528317017036723
0.23363757276082675
0.2319865466922749
0.230331200676164
0.2286726557632868
0.22701203963979702
0.2253504814085178
0.22368910590540375
0.22202902858532003
0.220371350073333
0.21871715136022532
0.21706748878847784
0.2154233897439304
0.21378584825174365
0.21215582132222918
0.21053422529861052
0.20892193297839273
0.20731977081382194
0.20572851688688717
0.20414889901693614
0.20258159361976547
0.20102722472757195
0.19948636371368006
0.1979595291814009
0.19644718748961248
0.19494975342322074
0.1934675914151696
0.19200101687605187
0.19055029797884632
0.18911565750194737
0.1876972750264369
0.1862952891369698
0.18490979987836267
0.18354087116210846
0.18218853333830448
0.1808527856700461
0.17953359889554138
0.17823091765502022
0.17694466294273584
0.17567473439762613
0.17442101257211565
0.17318336102508278
0.1719616283607898
0.17075565008796673
0.16956525040550977
0.16839024381287526
0.16723043663807774
0.16608562840123062
0.16495561309441176
0.163840180312011
0.162739116301442
0.16165220488143492
0.16057922828799953
0.15951996790569364
0.15847420493553405
0.15744172096543713
0.15642229848677638
0.15541572132946269
0.15442177505233154
0.15344024726639968
0.15247092792186467
0.1515136095404951
0.15056808741920605
0.149634159789721
0.14871162795578155
0.14780029639542072
0.14689997284609482
0.14601046836229947
0.14513159736038972
0.14426317764194319
0.14340503040781952
0.14255698025566105
0.14171885517085114
0.14089048650483868
0.14007170894907287
0.13926236049942287
0.13846228241786476
0.13767131918711278
0.13688931846377467
0.13611613102637957
0.13535161072286844
0.13459561441445822
0.13384800191965782
0.13310863595582
0.13237738208133884
0.13165410863627672
0.13093868668398234
0.1302309899518198
0.1295308947731197
0.12883828002875658
0.1281530270900949
0.1274750197619458
0.1268041442269747
0.12614028899040525
0.1254833448262064
0.12483320472378372
0.1241897638361554
0.12355291942877604
0.12292257082982234
0.1222986193812267
0.12168096839113142
0.12106952308715517
0.12046419057102788
0.11986487977407535
0.11927150141401371
0.1186839679526091
0.11810219355458661
0.11752609404740381
0.1169555868822108
0.1163905910956645
0.11583102727286504
0.1152768175111289
0.11472788538482087
0.11418415591099942
0.11364555551605922
0.11311201200315936
0.11258345452059093
0.11205981353089911
0.11154102078088877
0.11102700927235432
0.11051771323363765
0.11001306809187941
0.10951301044604882
0.10901747804063257
0.10852640974005669
0.108039745503735
0.10755742636180575
0.10707939439146373
0.10660559269393964
0.10613596537204342
0.1056704575083169
0.10520901514372034
0.10475158525689214
0.10429811574391473
0.10384855539861862
0.10340285389336659
0.10296096176034403
0.102522830373303
0.10208841192978373
0.10165765943376522
0.10123052667876452
0.10080696823134348
0.10038693941503696
0.09997039629466725
0.0995572956610556
0.09914759501609864
0.09874125255821994
0.09833822716816662
0.09793847839515979
0.09754196644337107
0.09714865215873399
0.09675849701606375
0.09637146310649225
0.0959875131251962
0.09560661035942271
0.09522871867679214
0.09485380251388242
0.09448182686507595
0.09411275727167209
0.0937465598112492
0.09338320108727766
0.09302264821896919
0.0926648688313639
0.09230983104564108
0.09195750346965535
0.09160785518868513
0.09126085575639377
0.0909164751859931
0.0905746839416082
0.09023545292983332
0.08989875349148004
0.08956455739350577
0.08923283682112511
0.08890356437009225
0.08857671303915679
0.08825225622268232
0.08793016770342903
0.0876104216454916
0.08729299258739298
0.08697785543532471
0.08666498545653596
0.08635435827286263
0.0860459498543964
0.08573973651328771
0.0854356948976822
0.08513380198578333
0.08483403508004339
0.08453637180147379
0.0842407900840769
0.08394726816939284
0.0836557846011613
0.08336631822009226
0.08307884815874704
0.08279335383652282
0.08250981495474197
0.08222821149184072
0.08194852369865666
0.08167073209381154
0.0813948174591884
0.08112076083549928
0.08084854351794271
0.08057814705194809
0.08030955322900515
0.08004274408257676
0.07977770188409283
0.07951440913902312
0.07925284858302852
0.07899300317818678
0.07873485610929386
0.07847839078023545
0.07822359081043137
0.07797044003134727
0.07771892248307521
0.07746902241097879
0.07722072426240424
0.0769740126834535
0.07672887251581946
0.07648528879368123
0.07624324674065877
0.0760027317668245
0.07576372946577192
0.07552622561173905
0.075290206156786
0.07505565722802462
0.07482256512490118
0.07459091631652788
0.07436069743906497
0.07413189529315073
0.07390449684137869
0.0736784892058213
0.07345385966559898
0.07323059565449305
0.07300868475860292
0.0727881147140446
0.07256887340469201
0.0723509488599577
0.072134329252615
0.07191900289665737
0.0717049582451978
0.07149218388840405
0.0712806685514715
0.07107040109263162
0.07086137050119548
0.0706535658956318
0.07044697652167864
0.07024159175048802
0.07003740107680356
0.0698343941171687
0.06963256060816685
0.06943189040469178
0.0692323734782476
0.06903399991527825
0.06883675991552536
0.06864064379041444
0.06844564196146864
0.06825174495874874
0.06805894341932078
0.06786722808574844
0.06767658980461161
0.06748701952504954
0.06729850829732832
0.06711104727143269
0.06692462769568072
0.0667392409153621
0.06655487837139867
0.06637153159902724
0.0661891922265038
0.06600785197382975
0.06582750265149805
0.06564813615926067
0.06546974448491578
0.06529231970311472
0.06511585397418826
0.06494033954299172
0.06476576873776928
0.0645921339690359
0.0644194277284776
0.06424764258786882
0.06407677119800792
0.0639068062876688
0.06373774066256957
0.06356956720435727
0.06340227886960931
0.06323586868884948
0.06307032976558047
0.06290565527533118
0.06274183846471856
0.06257887265052461
0.0624167512187877
0.062255467623907296
0.06209501538776331
0.06193538809884883
0.061776579411416004
0.06161858304463504
0.061461392781766135
0.06130500246934436
0.061149406016376584
0.06099459739355033
0.06084057063245556
0.060687319824817135
0.06053483912173969
0.060383122732963444
0.06023216492613108
-0.36645683565795756
-0.3663135133216864
-0.3660738332589689
-0.36573711927089914
-0.3653021232506409
-0.364767429097111
-0.3641312651265035
-0.3633916921143462
-0.3625465277707502
-0.3615934774511688
-0.3605301077010497
-0.35935394921043284
-0.3580624961612983
-0.35665328995078116
-0.3551239318532319
-0.35347214966010415
-0.3516958155245832
-0.34979299551568277
-0.3477619669688716
-0.34560125049015455
-0.3433096229371338
-0.34088613173843824
-0.3383301011619464
-0.3356411295104072
-0.3328190876844451
-0.32986410063491556
-0.32677653839172544
-0.3235569839309946
-0.3202062177829524
-0.3167251751044624
-0.31311492567271876
-0.30937662338445243
-0.30551148388268967
-0.30152072992248063
-0.29740556908911386
-0.29316713849891723
-0.28880648509833
-0.2843245130548379
-0.2797219690355093
-0.27499939543866087
-0.2701571228883422
-0.2651952322034999
-0.26011355613902765
-0.2549116526916356
-0.24958881786444143
-0.24414407254135326
-0.23857618770423114
-0.23288368661743167
-0.22706488342257444
-0.22111790169041967
-0.21504072659861154
-0.20883123998217776
-0.20248728533156277
-0.19600671830403815
-0.18938748259089305
-0.18262767350126025
-0.17572562143910145
-0.16867996477163322
-0.1614897363896824
-0.1541544408151801
-0.14667413829373033
-0.13904952018585975
-0.13128198445849576
-0.12337370302644612
-0.11532768252288554
-0.107147817524404
-0.0988389311538425
-0.09040680905760357
-0.08185821568776337
-0.07320090540974591
-0.0644436120900321
-0.05559603561259869
-0.04666880444274491
-0.037673437886147805
-0.02862228335392422
-0.01952845665465907
-0.010405757512152964
-0.0012685918159234834
0.007868129645522783
0.016989081880828923
0.02607863789358872
0.03512096659127054
0.04410014970606065
0.05300028105127409
0.061805582088035445
0.0705004969721833
0.07906980121537142
0.08749868762373873
0.09577286334550723
0.10387862273996279
0.11180292920265006
0.11953347217858387
0.12705873147227628
0.13436801699098025
0.1414515147293534
0.14830030932371732
0.15490641244050854
0.16126276969294623
0.16736327356900363
0.17320275748229838
0.1787769963957606
0.18408269148453002
0.18911746200087085
0.1938798240134622
0.1983691766756118
0.20258577772278222
0.20653072620782614
0.2102059360598969
0.2136141158227108
0.21675873998394857
0.21964402475101327
0.22227489554076682
0.2246569568345063
0.22679645361169803
0.2287002331896813
0.2303756987164091
0.23183076170167344
0.2330737868800375
0.23411353565938542
0.2349591033788339
0.23561985569142282
0.23610536097395704
0.23642532321228
0.2365895135879062
0.23660770433770548
0.23648960403546665
0.2362447969576608
0.23588268623079717
0.23541244250627602
0.23484295811463252
0.23418280757962107
0.23344021450767316
0.23262302498392284
0.23173868746059398
0.23079423868441903
0.22979629560141346
0.22875105238377544
0.22766428249639614
0.22654134472254311
0.22538719308414376
0.22420638949924226
0.22300311916776705
0.2217812075570416
0.22054413905709208
0.21929507627461037
0.21803688012072894
0.21677212979223132
0.2155031428787294
0.21423199483759384
0.21296053812689153
0.21169042037510905
0.21042310191568664
0.20915987218509563
0.2079018653311046
0.206650074630023
0.2054053660616829
0.2041684907213504
0.20294009640564487
0.20172073811650076
0.2005108877971603
0.199310943095901
0.1981212354434257
0.19694203727822637
0.19577356867654572
0.1946160032500588
0.19346947353882882
0.19233407578476786
0.19120987428480868
0.1900969052264355
0.18899518017830483
0.18790468915282385
0.18682540338912484
0.1857572777847119
0.18470025310273694
0.18365425789301112
0.18261921023442584
0.18159501924522828
0.18058158645215197
0.17957880697251546
0.17858657058512772
0.177604762650774
0.17663326494633513
0.1756719563774758
0.17472071362525793
0.17377941169465835
0.17284792441283053
0.1719261248483439
0.17101388569242915
0.1701110795768475
0.16921757936289802
0.16833325838000218
0.1674579906423079
0.16659165102516496
0.16573411542524416
0.16488526088861297
0.16404496572676672
0.16321310960682636
0.16238957363359016
0.1615742404103466
0.1607669940942922
0.15996772043506358
0.1591763068093422
0.15839264224233057
0.15761661742651192
0.15684812472985463
0.15608705820268137
0.1553333135757655
0.1545867882581972
0.15384738132802797
0.15311499352319038
0.1523895272267321
0.15167088645268556
0.15095897682733528
0.150253705571398
0.14955498147852272
0.1488627148948536
0.14817681769582247
0.14749720326382115
0.14682378646374356
0.1461564836198745
0.14549521249055364
0.1448398922445031
0.14419044343543902
0.14354678797801199
0.14290884912253146
0.14227655143118845
0.14164982075288327
0.14102858419973896
0.14041277012268885
0.13980230808807392
0.13919712885412414
0.1385971643480809
0.13800234764320993
0.13741261293685117
0.13682789552794838
0.13624813179585504
0.13567325917880443
0.1351032161532276
0.13453794221318152
0.13397737785041974
0.13342146453452045
0.13287014469375444
0.13232336169607462
0.13178105983079536
0.13124318429017431
0.13070968115194045
0.13018049736169465
0.12965558071605693
0.12913487984593824
0.12861834420028007
0.12810592403011112
0.12759757037300595
0.12709323503766942
0.12659287058934177
0.12609643033479534
0.12560386830844042
0.12511513925803652
0.12463019863138722
0.12414900256260056
0.12367150785941505
0.12319767199013697
0.12272745307127823
0.12226080985533487
0.12179770171880518
0.12133808865050472
0.12088193124023297
0.12042919066734119
0.11997982869008146
0.11953380763479043
0.11909109038536321
0.11865164037302506
0.11821542156643111
0.11778239846173999
0.11735253607310547
0.11692579992317233
0.11650215603406024
0.11608157091822144
0.11566401156968067
0.11524944545554223
0.11483784050742198
0.11442916511321914
0.11402338810912556
0.11362047877167156
0.11322040680990487
0.11282314235795304
0.11242865596754409
0.11203691860068668
0.11164790162264901
0.11126157679493841
0.1108779162685059
0.11049689257697426
0.11011847863023104
0.10974264770786968
0.10936937345307987
0.10899862986626514
0.10863039129921515
0.10826463244906412
0.10790132835259142
0.10754045438051014
0.10718198623180732
0.10682589992850405
0.10647217181009619
0.10612077852839517
0.10577169704252361
0.1054249046136687
0.10508037880023127
0.10473809745303321
0.1043980387105577
0.10406018099420018
0.10372450300387019
0.10339098371332625
0.10305960236594273
0.1027303384703726
0.10240317179621895
0.10207808237004708
0.10175505047118921
0.10143405662787705
0.10111508161317757
0.10079810644130945
0.10048311236380914
0.10017008086577249
0.0998589936623627
0.09954983269514737
0.09924258012865651
0.09893721834688046
0.09863372994999306
0.09833209775099888
0.09803230477251725
0.09773433424353073
0.09743816959635869
0.09714379446348793
0.0968511926746514
0.09656034825374701
0.09627124541608564
0.09598386856538657
0.0956982022910913
0.09541423136549375
0.09513194074114724
0.09485131554812327
0.09457234109145797
0.09429500284855875
0.09401928646662175
0.09374517776036119
0.09347266270931642
0.09320172745558694
0.09293235830157175
0.09266454170748842
0.09239826428919082
0.09213351281592438
0.09187027420821434
0.09160853553554389
0.0913482840144218
0.09108950700615369
0.09083219201485361
0.09057632668543893
0.09032189880168967
0.09006889628422392
0.08981730718862112
0.08956711970354339
0.08931832214897606
0.08907090297415671
0.08882485075612043
0.08858015419767688
0.08833680212579892
0.08809478348991617
0.087854087360223
0.08761470292609382
0.08737661949429545
0.0871398264876001
0.08690431344309034
0.08667007001067324
0.08643708595157527
0.086205351136728
0.08597485554550272
0.08574558926408236
0.08551754248417678
0.08529070550148199
0.08506506871447321
0.08484062262292058
0.0846173578265538
0.08439526502389177
0.08417433501075446
0.08395455867914846
0.08373592701594981
0.08351843110160902
0.0833020621091143
0.0830868113026427
0.08287267003641385
0.08265962975354307
0.08244768198497175
0.08223681834817571
0.08202703054627376
0.08181831036677982
0.0816106496805779
0.08140404044089414
0.0811984746821951
0.08099394451929465
0.08079044214610621
0.08058795983496884
0.08038648993540448