4.593914798605626e-6
0.000027562712658755066
0.0000944782776293481
0.00022307800737520871
0.00043568407179810797
0.0007517358717430742
0.0011922790592864094
0.001776773284535841
0.0025253619257656615
0.0034570341408088003
0.004591001486685193
0.005945475524379509
0.007538592415993259
0.009387523381806918
0.011509137053628242
0.013919310369291596
0.01663342489077015
0.01966580797184861
0.023030117874239864
0.02673887500862533
0.030803770124049105
0.035235261472652005
0.040042829192406204
0.04523462350827248
0.05081768188615111
0.056797618972900074
0.06317881894562997
0.06996416131517225
0.0771551980263977
0.08475191130559265
0.09275288291964064
0.10115508140689423
0.10995402918549188
0.11914361706842111
0.12871627347595863
0.13866280429918867
0.1489725672428579
0.1596333350054641
0.1706314767163244
0.18195184214030646
0.19357795125344343
0.2054918968247616
0.21767454238492523
0.23010544013847636
0.24276303691421872
0.25562460396333614
0.2686664499417422
0.2818638587979319
0.29519130844059643
0.3086224126656987
0.32213014393480566
0.3356867751940993
0.34926410517036977
0.36283339606275533
0.37636560000016417
0.3898312890025553
0.4032008817712126
0.416444563058532
0.4295325107822215
0.4424348029983484
0.4551216463847512
0.4675632702977221
0.47973015882954756
0.49159293278606564
0.5031225885963778
0.5142903702649936
0.5250680191778426
0.5354276389388499
0.545341960377738
0.5547842025029083
0.5637283566495264
0.5721490464852586
0.5800218342238784
0.5873230817325944
0.5940302801649205
0.6001219128568179
0.6055778077683172
0.6103790011963496
0.6145081102587298
0.6179491946873471
0.620688144442169
0.6227125351643261
0.6240120240596048
0.6245781931605935
0.6244049450484643
0.6234883270704259
0.621826917458165
0.6194216232504824
0.6162760470977188
0.6123962520150215
0.607791099779094
0.6024719768865144
0.596453096998753
0.5897511845726958
0.5823857361762832
0.5743786609824474
0.565754498653556
0.5565400188516444
0.5467643963144412
0.5364587742368715
0.525656399635292
0.5143921574413225
0.5027026708979832
0.4906258142255186
0.47820078350852135
0.46546759591139625
0.4524671365273282
0.43924065172087046
0.4258297772064155
0.4122760327342505
0.398620836797912
0.38490501005025424
0.3711687828624065
0.3574513157438016
0.34379070745530926
0.330223542061054
0.3167849069659941
0.3035079774161258
0.2904240549359635
0.2775622003383026
0.26494930283909407
0.25260977132868784
0.24056564251668097
0.22883633717559498
0.21743881209810118
0.2063873835996825
0.1956939234344484
0.18536774680315596
0.17541584755753528
0.16584284323972678
0.15665124081832105
0.14784142770419836
0.13941195657973504
0.13135956938806162
0.12367948883529355
0.11636546212795985
0.10941004735438667
0.1028046649934905
0.0965398692371859
0.09060539754442706
0.08499041953779257
0.07968357760033305
0.07467320875888586
0.06994737205064958
0.06549404138983472
0.06130111783064294
0.05735659354579379
0.053648548997617285
0.05016528972391299
0.046895329745235005
0.04382750385597224
0.04095093938347825
0.03825514719363972
0.03572998426957472
0.03336572676972712
0.031153025923333688
0.029082966339943166
0.02714701753486101
0.025337080384839197
0.023645436291482344
0.022064784291057734
0.020588189507663942
0.019209113015522493
0.017921360875186435
0.016719108453638814
0.015596851006060786
0.014549423805338966
0.013571954944757757
0.01265988232462362
0.011808909113463684
0.011015018387647459
0.010274431499531044
0.009583620963348177
0.008939271833789645
0.00833829327248858
0.007777782933538354
0.007255037522973137
0.006767520112026302
0.006312869910401682
0.0058888723772573225
0.005493468361612606
0.005124726849437102
0.004780853575863057
0.004460166229561378
0.004161102607055013
0.0038821980888542607
0.00362209338246392
0.003379514085432314
0.0031532780477619865
0.0029422768427074986
0.0027454827690301165
0.0025619320592623865
0.0023907315359228782
0.0022310433977263777
0.002082091540257484
0.0019431477722908373
0.0018135378096063386
0.00169262878552774
0.001579834925900202
0.0014746062297091042
0.0013764338332704984
0.0012848397480648168
0.0011993819226021746
0.0011196449352176507
0.0010452447626543195
0.0009758203354298502
0.0009110380227916828
0.0008505839673378519
0.0007941682965604171
0.0007415181616905447
0.0006923816865061511
0.0006465216428995737
0.0006037191479670548
0.0005637679156029559
0.0005264777130993593
0.0004916691342121346
0.0004591768265883348
0.0004288447372694084
0.0004005291222381043
0.0003740942202880909
0.0003494150558554754
0.0003263735016360476
0.00030486088565159336
0.00028477440699390896
0.00026601955778779
0.0002485068600257364
0.00023215411274322514
0.00021688342112460905
0.00020262327881273473
0.00018930586335356352
0.00017686896313509953
0.00016525351583003371
0.00015440538900613282
0.0001442731405566933
0.0001348096615541599
0.0001259701397552254
0.00011771357278873923
0.00011000091771324939
0.0001027964821425736
0.00009606624454022485
0.0000897791303983309
0.00008390548949865163
0.00007841826377519401
0.00007329160916758245
0.00006850196131937371
0.00006402679092101908
0.0000598455729231024
0.00005593866541949585
0.00005228818759572431
0.000048877013253777693
0.00004568956226382338
0.000042710900797458404
0.000039927450610344705
0.000037326188929624835
0.00003489527946858939
0.00003262336572846669
0.00003050012722385387
0.000028515660709236285
0.000026660964687158483
0.000024927403765611027
0.000023307124120702532
0.000021792596840016493
0.00002037696661907688
0.000019053670553503544
0.00001781672196570319
0.000016660401678717607
0.0000155794784902381
0.000014568970505135058
0.000013624303398583452
0.000012741139900027939
0.000011915476613391681
0.000011143540245333043
0.00001042182337729433
9.747046510482035e-6
9.116132809506868e-6
8.526235509005446e-6
7.974651270351161e-6
7.458912954391734e-6
6.976640851185766e-6
6.525701280125422e-6
6.1039945633048355e-6
5.709680369320171e-6
5.340900902253654e-6
4.996074361906345e-6
4.673551412181458e-6
4.371978592417469e-6
4.089885705370907e-6
3.826121486088157e-6
3.5793691113342056e-6
3.348656913430295e-6
3.1327987565667095e-6
2.9309830822879804e-6
2.7421344177840397e-6
2.5655845576662586e-6
2.4003509667957986e-6
2.2458944411535468e-6
2.1013096361069035e-6
1.966174118415717e-6
1.8396456883960348e-6
1.721408329282299e-6
1.6106703947202576e-6
1.5072135936409077e-6
1.410285481422033e-6
1.3197582838856598e-6
1.2349084565866715e-6
1.1556928590139035e-6
1.0814074246018306e-6
1.0120889564657116e-6
9.470441766126995e-7
8.86386217817988e-7
8.294244992301022e-7
7.763458539491477e-7
7.26454785087322e-7
6.800100974901344e-7
6.363041384377848e-7
5.956667917102689e-7
5.573712801248043e-7
5.21818456037842e-7
4.882556371126225e-7
4.5715526971602404e-7
4.2773208844013217e-7
4.0053146689843215e-7
3.7472890357092383e-7
3.50944712814127e-7
3.283084621891028e-7
3.0751808590369827e-7
2.876504101872537e-7
2.694843285539244e-7
2.520369378730381e-7
2.3617208730043978e-7
2.2083991425086746e-7
2.069938846370127e-7
1.935096410566554e-7
1.814356056737801e-7
1.6956502345699797e-7
1.5904730707133916e-7
1.485849738124815e-7
1.3943518382384746e-7
1.302009011851954e-7
1.2225454368899845e-7
1.1409013992138473e-7
1.0720366564733336e-7
9.997020586054228e-8
9.401842825900639e-8
8.759377206238086e-8
8.246761373708669e-8
7.67442752171699e-8
7.23487985084478e-8
6.723207213655273e-8
6.348476172093905e-8
5.88910778107505e-8
5.572034116238414e-8
5.157582639389448e-8
4.891968657119371e-8
4.515889566009283e-8
4.296385209612016e-8
3.952865843610982e-8
3.7748694134593235e-8
3.4587310235526064e-8
3.3183029583067364e-8
3.024914644872863e-8
2.918702575215706e-8
2.6439053992317226e-8
2.5690790630829416e-8
2.309118884429253e-8
2.2633141035487475e-8
2.014782130590316e-8
1.9960521714538428e-8
1.7558323524057386e-8
1.7626063352539002e-8
1.5278282639541672e-8
1.5588754445197935e-8
1.3268724099936869e-8
1.3812720426092792e-8
1.1495433122412716e-8
1.2266588796435298e-8
9.928358022476998e-9
1.0922937533066224e-8
8.541087311148335e-9
9.757810309960038e-9
7.310394380032417e-9
8.750292394079932e-9
6.215833942362706e-9
7.882142577447483e-9
5.239391935928792e-9
7.137466060127218e-9
4.36517528240939e-9
6.502433256106832e-9
3.5791426535813903e-9
5.9650329107443264e-9
2.8688650800234392e-9
5.5148555688210625e-9
2.223316692052419e-9
5.1429055319687355e-9
1.632691070154735e-9
4.841431885816842e-9
1.0882121833427737e-9
4.603591347220547e-9
5.804349550123975e-10
4.410893412715711e-9
9.80073925601664e-6
0.000058801225330106
0.0002014498053453622
0.00047531995690493185
0.0009274952363052469
0.0015985550185462114
0.002532065516474887
0.0037676727223541397
0.005345866547520609
0.007303959703343477
0.009678951212345487
0.012504820600974317
0.015814432202672625
0.019637546348402403
0.024002171078083244
0.028933012394245866
0.034452480829723214
0.040579435064518006
0.04732996237158184
0.05471633277268174
0.06274762791198397
0.07142885568940986
0.08076147741229743
0.09074265088097007
0.10136569077246808
0.11261941842232913
0.12448858089568662
0.13695329184052585
0.14998942864625184
0.16356815289305246
0.17765630153099018
0.1922159789419245
0.20720495670747555
0.22257633280715403
0.23827895473825514
0.25425714494873863
0.270451163016354
0.2867969995752503
0.3032268938835889
0.319669200428312
0.33604897736662825
0.35228792983729146
0.3683050815341544
0.38401679598871885
0.3993375375416489
0.4141799665797823
0.4284557877905827
0.4420759083839553
0.45495136190649815
0.46699351138369666
0.4781150278877379
0.4882301151897392
0.49725551560787573
0.5051107308776525
0.5117190250033061
0.5170076185561742
0.5209086597303052
0.5233593758242212
0.5243029885340852
0.5236888152545907
0.5214731107051228
0.517619119254677
0.5120978296105106
0.5048879849112642
0.49597673821094534
0.4853596278397339
0.4730411179610412
0.4590345426082375
0.44336250866670746
0.42605680478279856
0.40715863620863585
0.38671848731241326
0.36479615187373826
0.3414605330951815
0.31678943162547735
0.29086926666975166
0.26379458835319686
0.23566770819953597
0.2065979121332494
0.1767009975908816
0.1460981775087937
0.11491553382752606
0.08328262053214404
0.05133185914910555
0.019196870429236502
-0.012988142809156592
-0.045090279969254306
-0.07697850326180102
-0.10852565329781722
-0.13960885794800684
-0.17011156577961387
-0.19992368601207708
-0.22894350619590906
-0.2570774378611076
-0.2842416844454928
-0.3103614839746022
-0.3353724227288234
-0.359219115498732
-0.38185612338776137
-0.4032460921058727
-0.42336032084033653
-0.4421764754171657
-0.4596789490918474
-0.47585635503653345
-0.4907018909803874
-0.5042108654648568
-0.5163812997334272
-0.5272117327141597
-0.5367022511350641
-0.5448527445019612
-0.5516644540126291
-0.5571387275973787
-0.5612790461998223
-0.5640901942668898
-0.5655805969794766
-0.5657617132121605
-0.5646504364973973
-0.5622684666332762
-0.5586445128573421
-0.5538134186365484
-0.5478179578571206
-0.5407075640707244
-0.5325396090577186
-0.5233776954135255
-0.5132924197656942
-0.5023592931243952
-0.49065908709766387
-0.47827552302266
-0.46529535789792975
-0.45180601735429404
-0.43789559247506704
-0.423650583961683
-0.4091559582645776
-0.3944931321920137
-0.37974019113806023
-0.36497019065190667
-0.35025158679316476
-0.3356468784594443
-0.32121325264132977
-0.30700154868957785
-0.2930570868207988
-0.27941890761212695
-0.2661207326758606
-0.2531904195322106
-0.2406509973072473
-0.2285202759156837
-0.2168119033632909
-0.20553507488829026
-0.1946955679496792
-0.18429550778115011
-0.1743343479569158
-0.16480866067863054
-0.15571304245026454
-0.14703990836877365
-0.1387803124466249
-0.13092373417335312
-0.1234588107715422
-0.11637311101644404
-0.10965378214902545
-0.10328731050640057
-0.09726008922215186
-0.09155816799063168
-0.08616774948186968
-0.08107493196651407
-0.0762661430016838
-0.07172787909533587
-0.06744708506866685
-0.06341089478244535
-0.05960696396606581
-0.056023215530989844
-0.052648132802591154
-0.04947051229324396
-0.04647972334282829
-0.04366547054014463
-0.04101802486508759
-0.03852799730560785
-0.03618654576002107
-0.033985160835250355
-0.031915852033931345
-0.029970946254074357
-0.028143256161468753
-0.02642589154117806
-0.024812412235326643
-0.02329665221425017
-0.02187285903463438
-0.02053553029104464
-0.01927954120542143
-0.01809999297458959
-0.016992329826967873
-0.015952198686434268
-0.01497555681280968
-0.014058542146713371
-0.013197572475230896
-0.012389225796077768
-0.011630331810381823
-0.010917861641114832
-0.010249012342554058
-0.009621105319291952
-0.009031664452535594
-0.008478322588549587
-0.00795889380830102
-0.007471287382982105
-0.007013574655357501
-0.006583909892712733
-0.006180592197974215
-0.00580199272647334
-0.005446612004034168
-0.005113013008967146
-0.004799874239646438
-0.004505928198621656
-0.004230010521862627
-0.003971003436394431
-0.0037278812369629264
-0.00349965832193794
-0.0032854312792521237
-0.0030843311367987577
-0.0028955622985434525
-0.002718358675196988
-0.002552019692194134
-0.002395869994438845
-0.0022492927303071667
-0.0021116925496641307
-0.0019825263525868474
-0.0018612693233937083
-0.0017474433188165157
-0.001640585702030047
-0.0015402755314765223
-0.0014461049796514647
-0.0013577034716369162
-0.001274711491470605
-0.0011968028076571283
-0.0011236604881038018
-0.0010549973382468682
-0.000990533961494411
-0.0009300175260038805
-0.0008732017220823558
-0.0008198639635659069
-0.0007697871075389587
-0.0007227751880952695
-0.0006786367753088593
-0.0006371993306984937
-0.0005982940942268087
-0.0005617691435655201
-0.0005274757079078384
-0.0004952800052734413
-0.0004650508922458166
-0.00043667054741729634
-0.0004100233746882691
-0.0003850055931584397
-0.0003615153213841409
-0.00033946112868613184
-0.00031875323423014105
-0.0002993110685816834
-0.00028105552956895433
-0.0002639155978223472
-0.0002478215977838622
-0.0002327109049876083
-0.00021852216768149843
-0.0002052001383117103
-0.0001926908184230793
-0.0001809454405024086
-0.00016991650458576127
-0.00015956093238957315
-0.0001498369704237923
-0.00014070653240781325
-0.0001321329493169782
-0.00012408251213848263
-0.0001165230541441897
-0.00010942470092087803
-0.00010275927598750218
-0.00009650026042665153
-0.00009062301832834614
-0.00008510396291541291
-0.00007992160372719603
-0.00007505491189761886
-0.00007048519570449052
-0.00006619365312831667
-0.00006216408721137431
-0.00005837962924192975
-0.000054826311111135355
-0.00005148893709741654
-0.00004835553523132613
-0.000045412351381047385
-0.00004264920705727004
-0.000040053583670853075
-0.000037616919535877794
-0.0000353277478231332
-0.00003317897049265555
-0.00003116000784223845
-0.000029265093364623448
-0.00002748438667832624
-0.000025813338902865977
-0.00002424271549053644
-0.00002276908885421011
-0.000021383709031018653
-0.000020084187967279534
-0.000018862149872506854
-0.00001771617798793471
-0.000016638169283298224
-0.000015627622631340628
-0.00001467661397668819
-0.000013785513066463696
-0.000012946487599128772
-0.00001216074387073249
-0.00001142045873595231
-0.000010727650289294636
-0.000010074426925672666
-9.463601900273842e-6
-8.887140239613045e-6
-8.348642555599047e-6
-7.839858368562288e-6
-7.365174638131691e-6
-6.916055242260191e-6
-6.497680108838981e-6
-6.101157512170998e-6
-5.732473987600252e-6
-5.3823130114194626e-6
-5.057487846226418e-6
-4.7481871007244045e-6
-4.462078733664116e-6
-4.188784447080133e-6
-3.936860562708032e-6
-3.6952893065608175e-6
-3.4735557717908525e-6
-3.2599267903943933e-6
-3.0648638357298153e-6
-2.8758396534008742e-6
-2.704346163905149e-6
-2.536979961005768e-6
-2.3863245816747444e-6
-2.2380134738713395e-6
-2.1057906023469623e-6
-1.97423503757334e-6
-1.8583270634082526e-6
-1.7414947266452004e-6
-1.6400382285430196e-6
-1.536132007605155e-6
-1.4474881039959353e-6
-1.3549178845409593e-6
-1.277645966807951e-6
-1.1950038379557338e-6
-1.1278389090612e-6
-1.0538775143355974e-6
-9.957094536239987e-7
-9.293221853649883e-7
-8.791782141436511e-7
-8.193822879534616e-7
-7.764110466644654e-7
-7.223325028077483e-7
-6.85790594055692e-7
-6.366507283583817e-7
-6.058904273939219e-7
-5.609940678619507e-7
-5.354524350145989e-7
-4.941772608134915e-7
-4.733671845057082e-7
-4.351546722419814e-7
-4.186565969226052e-7
-3.8300347002681427e-7
-3.7045764169309034e-7
-3.3690873643449083e-7
-3.2800971903410443e-7
-2.961513225221018e-7
-2.9064219641188183e-7
-2.6009631644620926e-7
-2.577639089734474e-7
-2.2818298952926492e-7
-2.2885382851577134e-7
-1.9991626914781154e-7
-2.034531467706264e-7
-1.7485863522322168e-7
-1.811574127219064e-7
-1.5262359820434654e-7
-1.6161038994242359e-7
-1.3286902031335297e-7
-1.4449890457278078e-7
-1.1529282410066249e-7
-1.2954709092122443e-7
-9.9627417002848e-8
-1.1651239047163693e-7
-8.563571122434423e-8
-1.0518185144090742e-7
-7.31078557269516e-8
-9.536870792802045e-8
-6.185744959372986e-8
-8.690855201747363e-8
-5.1718768262080167e-8
-7.965806401012166e-8
-4.254466713632231e-8
-7.349169865102906e-8
-3.420388558964421e-8
-6.829993913950621e-8
-2.6579333208557885e-8
-6.398758182628272e-8
-1.9565942980828938e-8
-6.047221040833966e-8
-1.3069273883612008e-8
-5.7680086563398564e-8
-6.985098506411417e-9
-5.539517320484077e-8
-0.00002063395622417605
-0.00012378457946843148
-0.0004232681120524187
-0.000996164955765566
-0.0019375765256691108
-0.003326395026399227
-0.005244793713263188
-0.007763235816282678
-0.010950229636515105
-0.014863609536842315
-0.01955650181604299
-0.025071638493360835
-0.03144550767235893
-0.038704473319527984
-0.04686793531925366
-0.05594567074328056
-0.06594038162150956
-0.07684592084700002
-0.08864939319910226
-0.10133003571009645
-0.11486092466075067
-0.1292083328030815
-0.14433303522774307
-0.16018999967524086
-0.17672925843412926
-0.19389581848580437
-0.21163006521214264
-0.22986781231236006
-0.24854021930255266
-0.26757393814731584
-0.28689055455321394
-0.30640682767384636
-0.3260336998137184
-0.34567666484119813
-0.3652344273605935
-0.3845994715310504
-0.40365648454005865
-0.42228322697303744
-0.44034886213740615
-0.45771524825227056
-0.4742353304308332
-0.4897549799708914
-0.5041116055111672
-0.5171366522787135
-0.5286545700141057
-0.5384860532320909
-0.5464474648070479
-0.5523548475204895
-0.5560238453417318
-0.5572744501166113
-0.555931392274765
-0.5518295107194945
-0.5448145083258538
-0.5347487563536302
-0.521512236645614
-0.5050085235008359
-0.4851656731482121
-0.4619420747918911
-0.4353270068392649
-0.4053460219440589
-0.3720608747206511
-0.33557410786250835
-0.29602807117793467
-0.25360840918719624
-0.20854193668277432
-0.16109879125439272
-0.11158900319563897
-0.060363164244282834
-0.0078076229366103025
0.045656374812237444
0.09957882935949537
0.15348330898393486
0.20687429215310602
0.2592407797653742
0.31006459983681084
0.35882504552188954
0.40500782486195985
0.4481103822899978
0.4876511100564698
0.5231749474340163
0.55426241596914
0.5805350368461362
0.6016637051890292
0.6173734196875212
0.627450472347199
0.631745950169542
0.630181195512198
0.6227495321120308
0.6095194673650456
0.5906341381757535
0.5663118065168627
0.5368426412304079
0.5025862265803279
0.4639655130028691
0.42146132518902024
0.3756036262462873
0.32696336152442185
0.2761415553977152
0.223759212417214
0.17044514180330833
0.11682498415806672
0.06350895298994316
0.011081277283408384
-0.03991082073884509
-0.0889659523506879
-0.13563712015389914
-0.1795377067771846
-0.2203466599553655
-0.25781095423634864
-0.2917469929138843
-0.3220394052079767
-0.3486388300825169
-0.37155747918654536
-0.39086399597519567
-0.40667667569406013
-0.41915646175514265
-0.428498974167886
-0.43492684527938497
-0.43868172872726535
-0.44001708184484606
-0.43919113278009037
-0.43646093913053635
-0.4320769553087196
-0.4262788253345429
-0.41929181189710074
-0.4113244112828704
-0.40256656785580397
-0.39318890573602605
-0.3833424154257172
-0.37315891899012815
-0.3627517990296321
-0.35221725377914664
-0.34163562950028004
-0.331073054363548
-0.3205830009607407
-0.3102079761702528
-0.29998104308970797
-0.28992735235076367
-0.28006546033268565
-0.270408588735377
-0.2609656674743548
-0.2517422886432335
-0.2427414684848905
-0.2339643144636934
-0.2254105404551874
-0.21707889382886927
-0.20896747600732035
-0.2010739860646888
-0.19339590157321634
-0.18593059283132218
-0.1786754127282803
-0.17162772703137952
-0.16478495182191488
-0.15814453444221027
-0.15170396622150203
-0.1454607382702431
-0.1394123476047337
-0.1335562432767765
-0.12788983640996188
-0.12241044557072968
-0.11711531576821584
-0.11200156740579867
-0.10706622570134056
-0.10230617465658186
-0.09771819622709092
-0.09329892909811797
-0.08904491585496781
-0.08495256556328133
-0.08101820680726961
-0.07723805283303715
-0.07360825835494626
-0.07012488608789451
-0.0667839654791819
-0.06358145967625817
-0.060513324684027286
-0.05757547608719594
-0.05476384748760001
-0.05207435656250982
-0.04950296195824247
-0.0470456284907251
-0.04469838194285684
-0.04245727338634587
-0.04031843154881252
-0.03827802635938136
-0.03633231871491524
-0.03447762343381559
-0.032710356369268064
-0.03102699700065299
-0.02942413292391871
-0.027898422330157782
-0.026446635954118253
-0.02506561969135352
-0.02375233411342833
-0.02250381746451673
-0.0213172228677699
-0.020189781918428205
-0.019118839710619114
-0.01810181922035696
-0.01713625428047002
-0.01621975491407478
-0.015350038381365342
-0.014524895600057661
-0.013742220374861508
-0.012999977015183286
-0.012296227849994094
-0.011629102128658489
-0.01099682191301338
-0.010397672325492978
-0.009830025901891786
-0.009292314231319163
-0.008783050843413482
-0.008300804269015718
-0.00784421952763589
-0.007411992624238528
-0.0070028906955162794
-0.00661572794660156
-0.006249384505500874
-0.005902783798803738
-0.005574910157821143
-0.005264787621664501
-0.004971496333143262
-0.004694152756940261
-0.004431924895984137
-0.004184013907144902
-0.0039496681656470845
-0.0037281662599272024
-0.00351882992543168
-0.003321008398402484
-0.0031340902393579423
-0.002957489024008382
-0.0027906540721934735
-0.002633057454194727
-0.0024842036406078133
-0.0023436178017973417
-0.002210854387683763
-0.0020854867044915707
-0.0019671144296593192
-0.0018553544492437817
-0.0017498473116507596
-0.0016502493131745938
-0.0015562378881256954
-0.0014675049347534679
-0.0013837611378400745
-0.0013047305264106768
-0.001230153721919227
-0.0011597837285591106
-0.001093388092309268
-0.0010307459257487479
-0.0009716489622543826
-0.0009158998259564588
-0.0008633119568057804
-0.0008137091395630312
-0.0007669242729018269
-0.0007228001782233833
-0.0006811871790905209
-0.0006419452163898252
-0.0006049402008791105
-0.0005700474664052486
-0.0005371468494630621
-0.0005061275221060527
-0.0004768817487750081
-0.00044931114283590904
-0.00042331904443131693
-0.00039881825399375854
-0.0003757219692297586
-0.0003539530529192903
-0.0003334334621647959
-0.0003140951159516458
-0.0002958677398094818
-0.00027869141030970713
-0.00026250272791653723
-0.00024724912548193924
-0.00023287327206777085
-0.0002193292441527491
-0.000206565051551709
-0.00019454078054856048
-0.00018320912388776424
-0.0001725356165974783
-0.00016247704061524143
-0.00015300388289973002
-0.0001440764758213163
-0.00013566982153901666
-0.00012774731512260967
-0.00012028809011059448
-0.00011325815933919702
-0.00010664045383790352
-0.00010040319909590921
-0.00009453283317169053
-0.00008899942326353673
-0.00008379266509242532
-0.00007888412587581598
-0.00007426654744746657
-0.00006991268172516976
-0.00006581813813532006
-0.00006195656039514667
-0.00005832627847427795
-0.00005490155437230385
-0.00005168332078675646
-0.00004864620155845555
-0.00004579364018743627
-0.00004310037773267427
-0.0000405723024294918
-0.00003818404037548319
-0.00003594388204421865
-0.000033826113402932774
-0.000031841407324931877
-0.000029963491167661757
-0.0000282054218865597
-0.000026540152526458393
-0.000024983146771401074
-0.000023506371511971657
-0.000022127739595549013
-0.000020818017830263985
-0.000019597629899126574
-0.000018435928959949894
-0.000017355931137349753
-0.000016325357896035955
-0.000015369917263770647
-0.000014455476912016402
-0.000013610555898270982
-0.000012798938851210679
-0.000012052095388901174
-0.000011331488239632416
-0.000010671695580038433
-0.000010031611284910693
-9.44910205912651e-6
-8.88023054284805e-6
-8.366353896506287e-6
-7.86042906293436e-6
-7.4075263344926215e-6
-6.957207030680383e-6
-6.558501373055704e-6
-6.1572664923210665e-6
-5.806763339393028e-6
-5.448818181707619e-6
-5.141219346265592e-6
-4.8214126610629415e-6
-4.552036740020727e-6
-4.2657862926830835e-6
-4.030502235572233e-6
-3.7737302682523037e-6
-3.5688947357096725e-6
-3.337968719384342e-6
-3.1603732787581717e-6
-2.9520536255347987e-6
-2.7988769130113994e-6
-2.6102711053181857e-6
-2.4790356511392414e-6
-2.3075578703525372e-6
-2.196093589584036e-6
-2.0394267566125103e-6
-1.945837917153618e-6
-1.8019022497082827e-6
-1.7245378868597928e-6
-1.591461776207152e-6
-1.5288906340263086e-6
-1.404983827018962e-6
-1.3559719402254745e-6
-1.2397031298226062e-6
-1.2031928555974185e-6
-1.0931687303820962e-6
-1.068261666339254e-6
-9.632081625701695e-7
-9.491508980453464e-7
-8.478970847536901e-7
-8.440671506332242e-7
-7.455292874248597e-7
-7.514225377037653e-7
-6.545914512309226e-7
-6.698146635913379e-7
-5.737425484121496e-7
-5.980028711411957e-7
-5.017933099248603e-7
-5.348912260881473e-7
-4.3768745215292843e-7
-4.795119877757337e-7
-3.80488992339233e-7
-4.310109878755968e-7
-3.293658834860171e-7
-3.886344169448432e-7
-2.835786537230212e-7
-3.517182092580807e-7
-2.424700501098801e-7
-3.196778966830576e-7
-2.0545563116930216e-7
-2.9199862787064417e-7
-1.7201284038574473e-7
-2.6822870562786373e-7
-1.416760912272262e-7
-2.4797183583256504e-7
-1.140298434893296e-7
-2.3088208976811883e-7
-8.870057653157223e-8
-2.1665746409498574e-7
-6.535477815202331e-8
-2.0503554938407713e-7
-4.368977505670807e-8
-1.9578035463839635e-7
-2.3368175308035735e-8
-1.8817698467091796e-7