1.720430351206302e-6
0.0000103220203739632
0.00003536340462461788
0.00008344212648017385
0.00016282716271082674
0.00028064882589642545
0.00044456586728756534
0.0006615548215226593
0.0009387476616904913
0.0012827285147146755
0.001700037938022524
0.0021967012338968005
0.0027785644671269646
0.003450949270432179
0.004218891862132524
0.0050868755696633315
0.006059009260594186
0.007138812222865008
0.008329353075606968
0.00963307293847889
0.011051898252383662
0.012587094166291552
0.0142393604514945
0.016008710356637763
0.017894556117906413
0.019895610330636398
0.022009965608910168
0.02423501637801257
0.026567535646385233
0.02900361539502912
0.03153874205651906
0.03416775362847379
0.03688491429800752
0.03968388624813073
0.04255780296692102
0.04549925361274243
0.048500353957243364
0.05155274123664606
0.0546476414211471
0.05777587275111666
0.06092790808292599
0.06409388577424238
0.06726366616233553
0.0704268490550363
0.07357282385385885
0.07669079353155382
0.07976981840997897
0.08279884706499642
0.08576675421312704
0.08866237940618098
0.09147455980961791
0.09419217779616927
0.0968041895897128
0.09929968293813661
0.10166790265509074
0.10389831946436014
0.10598065340847893
0.10790495471823705
0.10966162586014529
0.1112415148722621
0.11263593644262593
0.11383677750710428
0.1148365171101201
0.11562834310946975
0.11620616959947294
0.11656476227529079
0.11669975089302334
0.11660775927004535
0.11628640873263965
0.1157344470642697
0.11495173740988662
0.11393937906320553
0.11269967523674804
0.11123623781600779
0.10955392718029153
0.10765893333694466
0.1055586819211292
0.10326188569948555
0.10077841311415237
0.098119307002025
0.0952966154234596
0.09232337827218778
0.08921342419622344
0.08598133000248753
0.08264219157427309
0.0792115648774235
0.07570522216345835
0.07213908623535512
0.0685289852390081
0.06489059308139765
0.06123919632510037
0.05758965298975533
0.05395618336851007
0.05035235695195219
0.04679091562589004
0.04328379453997519
0.039841981675145015
0.036475573806159456
0.03319367160438821
0.030004467226408028
0.02691516977353064
0.023932117283160668
0.02106072424598738
0.01830560852853226
0.015670551266228978
0.013158628856445673
0.010772176070168515
0.00851291469778439
0.006381912927806731
0.004379705086722773
0.002506243633487274
0.0007610079863448161
-0.00085705094307377
-0.0023494114610443143
-0.003718041096742395
-0.004965303046053701
-0.006094016037387321
-0.007107361717049796
-0.008008939479828732
-0.008802670545606277
-0.009492844049386396
-0.01008401529526668
-0.01058104150930379
-0.010988974078471521
-0.011313084723550512
-0.011558753753413678
-0.011731489375226355
-0.011836815567089383
-0.011880288381115617
-0.011867387674698367
-0.011803534442308387
-0.011693990354866584
-0.01154387951033298
-0.011358098745298677
-0.011141346024633484
-0.01089804315216429
-0.010632371675873558
-0.010348208271086462
-0.010049167817104859
-0.009738550605327068
-0.009419391334257989
-0.009094416536425244
-0.008766097712105701
-0.008436616993436338
-0.00810792246926036
-0.007781700056518696
-0.007459429178934644
-0.007142359000564535
-0.006831562908866859
-0.006527917583315039
-0.006232155104311384
-0.005944843695956414
-0.00566643666282816
-0.005397253999319632
-0.005137527698461178
-0.004887383724358814
-0.004646883516076037
-0.004416006058829835
-0.004194685614206646
-0.00398279379858734
-0.003780173712873599
-0.0035866220504679257
-0.0034019198855882614
-0.0032258148993564847
-0.003058049128225103
-0.002898341427459041
-0.002746412492389203
-0.0026019676848616385
-0.0024647196304712817
-0.0023343715244878156
-0.002210637586246436
-0.0020932269435305208
-0.0019818621970415598
-0.0018762639611246865
-0.0017761677609314792
-0.001681309285929114
-0.0015914398127215305
-0.0015063122079172456
-0.0014256950421502733
-0.0013493593615989086
-0.0012770916343179928
-0.0012086812953878085
-0.0011439326454640093
-0.0010826531631749584
-0.0010246644577386421
-0.000969791333577377
-0.0009178718836691073
-0.0008687472850678305
-0.0008222711069978968
-0.0007782998116731983
-0.0007367013406408661
-0.0006973462926067724
-0.0006601158428314966
-0.0006248935682631417
-0.0005915727475618615
-0.0005600488034180553
-0.0005302260247563958
-0.0005020105964320343
-0.0004753167801091224
-0.000450060502384912
-0.0004261650265575379
-0.00040355507146531445
-0.00038216200269291313
-0.0003619184559194838
-0.00034276307293541226
-0.000324635604965669
-0.00030748121608695385
-0.0002912460437590469
-0.0002758810897614902
-0.0002613382169856145
-0.0002475736457827349
-0.00023454436789684883
-0.00022221126409813696
-0.0002105359179429107
-0.000199483368704804
-0.00018901930943051025
-0.00017911248744943836
-0.00016973227293083583
-0.0001608507176261858
-0.00015244048182478244
-0.0001444765604428424
-0.00013693455791589674
-0.00012979208928161757
-0.00012302739413484688
-0.0001166204189408401
-0.00011055176272769184
-0.00010480344549789528
-0.00009935817983354558
-0.00009419982894887882
-0.00008931299984780381
-0.00008468319325835833
-0.00008029671541358158
-0.0000761405208298842
-0.0000722024411860743
-0.00006847072064462988
-0.00006493456168308634
-0.00006158335140345681
-0.000058407525536165114
-0.00005539748292472936
-0.000052544770284954945
-0.000049840680793567215
-0.000047277763535676194
-0.00004484810086159136
-0.00004254514781109956
-0.00004036168162145631
-0.000038291977782281604
-0.00003632942377775122
-0.00003446903980207564
-0.00003270474749778743
-0.00003103224475640336
-0.00002944591886287611
-0.0000279420862295282
-0.00002651553797014214
-0.00002516315686575728
-0.000023880081965188175
-0.000022663716578161506
-0.0000215094970222999
-0.000020415306970966177
-0.000019376833949326688
-0.000018392406946035015
-0.000017457922680451075
-0.000016572125028660497
-0.000015731081439182084
-0.000014933924430590964
-0.000014176856819601676
-0.000013459377316155599
-0.000012777791445400402
-0.000012131945112617206
-0.000011518216232263645
-0.000010936782063393893
-0.000010384064605889914
-9.860559523452815e-6
-9.362706316767594e-6
-8.8913087687971e-6
-8.442798750601429e-6
-8.018280342371676e-6
-7.614153864771264e-6
-7.231818163300703e-6
-6.8676190771860065e-6
-6.523246827825859e-6
-6.194970626848914e-6
-5.884770696764225e-6
-5.588818075005608e-6
-5.309383517483652e-6
-5.042518767099e-6
-4.7907874634812925e-6
-4.550101199647743e-6
-4.323320593952402e-6
-4.106196349527392e-6
-3.90189184600346e-6
-3.7059761287873683e-6
-3.5219227639382078e-6
-3.345098210032901e-6
-3.179295257053436e-6
-3.0196565579953534e-6
-2.870304754729785e-6
-2.7261370633959366e-6
-2.591618190370945e-6
-2.4613777494568594e-6
-2.3402363107018513e-6
-2.2225330704494257e-6
-2.1134598591617997e-6
-2.0070418757943826e-6
-1.908859228448983e-6
-1.8125986596744308e-6
-1.724247222128108e-6
-1.6371277516453027e-6
-1.5576546024645349e-6
-1.4787601460895437e-6
-1.4073081342668473e-6
-1.33581269519336e-6
-1.2716108690191702e-6
-1.2067694221795507e-6
-1.1491244355920008e-6
-1.0902647358930464e-6
-1.0385531302611577e-6
-9.85068348100141e-7
-9.387296238949167e-7
-8.900717235150274e-7
-8.48602116522337e-7
-8.04275899988504e-7
-7.672227923779628e-7
-7.267805412861512e-7
-6.937374420883714e-7
-6.567740957844716e-7
-6.27376133527366e-7
-5.935249472504635e-7
-5.674448206396808e-7
-5.363734562939021e-7
-5.13317799778235e-7
-4.847248027752998e-7
-4.6443092297143524e-7
-4.3804254779270653e-7
-4.2027549274172066e-7
-3.9584283902410804e-7
-3.80392769710635e-7
-3.576891995723588e-7
-3.44369030775109e-7
-3.231878358244163e-7
-3.118311212769393e-7
-2.9198341520392953e-7
-2.8244245083542396e-7
-2.6375526446761883e-7
-2.5589938988428595e-7
-2.3821394695221073e-7
-2.3192802626325458e-7
-2.150981810200414e-7
-2.1028124316437194e-7
-1.941720640149271e-7
-1.9073608875098306e-7
-1.7522257214406383e-7
-1.7309140749484164e-7
-1.58057307554452e-7
-1.5716570552952115e-7
-1.4250246882438555e-7
-1.4279522991103953e-7
-1.2840102225390367e-7
-1.298322357808249e-7
-1.156110533592446e-7
-1.1814342785156885e-7
-1.0400428148009922e-7
-1.0760855447003197e-7
-9.346471810413927e-8
-9.811913968908381e-8
-8.388746076197697e-8
-8.957734482302298e-8
-7.517760233614219e-8
-8.189493769102262e-8
-6.724924831427059e-8
-7.49923669790069e-8
-6.002462938938592e-8
-6.879792665942817e-8
-5.343330272672262e-8
-6.324700388437753e-8
-4.741142703533403e-8
-5.828139923843048e-8
-4.190111202564829e-8
-5.3848717365179204e-8
-3.6849828807021606e-8
-4.9901815111160345e-8
-3.2209877639613206e-8
-4.6398305652691386e-8
-2.793790638713213e-8
-4.330011066626623e-8
-2.3994476290793735e-8
-4.0573059240123965e-8
-2.0343668901636354e-8
-3.8186523891879484e-8
-1.6952729451287533e-8
-3.611309522123735e-8
-1.3791744382639156e-8
-3.432828748458401e-8
-1.0833351085481335e-8
-3.281027464593062e-8
-8.052469588967441e-9
-3.1539636755370264e-8
-5.4259358767424526e-9
-3.049812939393635e-8
-2.924195183513767e-9
-2.960419885788442e-8
-1.8026839279138405e-6
-0.000010815963568940879
-0.000037085437125993505
-0.00008759779625816451
-0.0001711616081384491
-0.0002954775818269059
-0.0004688955738009224
-0.0006991520781385862
-0.000994241843629083
-0.0013616712534622853
-0.0018089624888894345
-0.002343130197798965
-0.0029709910800986552
-0.00369875316760565
-0.004532208512836938
-0.005476387054028022
-0.006535677373004063
-0.007713525363206139
-0.009012515512120418
-0.010434109390413402
-0.011978714286684353
-0.013645464131203914
-0.015432298197891976
-0.017335789560009304
-0.019351251609418165
-0.021472617553237695
-0.0236925859280289
-0.02600255001578239
-0.028392785670237636
-0.03085242318279197
-0.03336967259173507
-0.03593182402323402
-0.03852549854490026
-0.04113665787463604
-0.043750864048567796
-0.04635327686879196
-0.04892890409476746
-0.0514625658132646
-0.05393911889042454
-0.056343371685336624
-0.0586602718620649
-0.06087476201611196
-0.06297192784473322
-0.0649367943286432
-0.0667544405254165
-0.0684097457022067
-0.06988748634437997
-0.07117205078770658
-0.07224754218635115
-0.07309748762646934
-0.07370497675163139
-0.07405239617581086
-0.07412163644507691
-0.07389388414455399
-0.07334992926428836
-0.07247004513987719
-0.07123442350397276
-0.06962316571890553
-0.06761686321762922
-0.06519671180161386
-0.062345240311798465
-0.059046542786459336
-0.055287138104565994
-0.05105629305569619
-0.04634697154543494
-0.0411561970680072
-0.035486024684662186
-0.029343867711891437
-0.02274340364344343
-0.015704772291969354
-0.008255313804394234
-0.0004295397557480694
0.007730397138917513
0.01617504674832432
0.024847541126784306
0.0336843118277904
0.042615362619897325
0.05156537417646346
0.060454363078247954
0.06919913317682018
0.07771425820865911
0.08591378465739737
0.09371242449289809
0.1010273702799076
0.10777954863097251
0.1138953833261059
0.11930794606262198
0.12395850237325569
0.12779740675429496
0.13078528927282473
0.13289357487227027
0.13410521121249636
0.13441474055486521
0.1338285237699102
0.132364349005914
0.13005116376988463
0.12692825857685172
0.12304457004344928
0.11845752236327098
0.11323200310900972
0.1074389758144885
0.1011542532766259
0.09445700891319048
0.08742847936641196
0.0801505014705611
0.07270426872218193
0.06516900724627425
0.05762089233243262
0.050131954090852617
0.04276923420407175
0.035593983358794795
0.028661107825892963
0.022018689224928827
0.01570773837809714
0.00976203623600123
0.004208181383782227
-0.0009342782420041859
-0.005652544980472435
-0.009940203168879074
-0.01379672717046318
-0.017226946721074148
-0.020240436170614773
-0.022850889962223033
-0.025075467459278307
-0.026934151507970766
-0.028449115397402854
-0.02964412549791901
-0.03054398195264259
-0.031174008919315294
-0.031559601868600004
-0.031725829562898884
-0.031697101906192564
-0.03149688980805519
-0.031147511339438327
-0.030669961452964852
-0.030083802526241838
-0.029407086672106394
-0.028656330107163928
-0.02784650643336547
-0.026991082135025726
-0.026102058861225436
-0.025190048598099618
-0.02426434535811995
-0.023333021887119484
-0.0224030149925056
-0.021480229843269697
-0.020569627405628278
-0.019675326602075764
-0.018800686262199353
-0.01794839908330343
-0.017120563763836718
-0.01631876760910236
-0.015544146965445116
-0.014797457404613286
-0.01407912225510123
-0.013389290670542193
-0.012727875087059594
-0.012094598276175742
-0.011489021100149424
-0.010910580027812717
-0.010358606759428714
-0.009832357782377196
-0.009331027418685061
-0.00885377092536094
-0.008399712376798544
-0.007967962652391166
-0.0075576233681720695
-0.007167800894364648
-0.006797607339998932
-0.006446171541036635
-0.00611263789862044
-0.005796175094795666
-0.0054959734059186706
-0.005211251741437644
-0.004941253903652771
-0.004685254411743277
-0.004442554055696067
-0.0042124848599198505
-0.003994405182402195
-0.0037877040864377934
-0.003591796160793669
-0.00340612550312624
-0.0032301603788597376
-0.0030633969701772206
-0.0029053539482022596
-0.002755576103878021
-0.0026136288766352594
-0.0024791019559564902
-0.0023516037862452415
-0.002230765207408894
-0.0021162339396763666
-0.0020076783172735995
-0.0019047817436456975
-0.0018072465628473356
-0.0017147884684907465
-0.0016271405487959857
-0.001544047626279865
-0.0014652705095687284
-0.0013905802362140045
-0.001319762559803953
-0.0012526120670886102
-0.0011889369273085466
-0.0011285528513535422
-0.0010712881302589628
-0.0010169774030852163
-0.0009654670109159019
-0.0009166085392261527
-0.0008702645131274292
-0.0008263016799750806
-0.000784597073024681
-0.0007450309981068055
-0.0007074934930910094
-0.000671876983548147
-0.000638083165791208
-0.0006060152948845415
-0.0005755855213073358
-0.0005467067737404211
-0.0005193005806853086
-0.0004932885089654599
-0.0004686005035865024
-0.0004451658424331674
-0.0004229220289301278
-0.0004018052215403681
-0.0003817597160921288
-0.0003627278079768761
-0.0003446599025063044
-0.00032750376522364957
-0.00031121530227741945
-0.0002957471513187032
-0.0002810601767947292
-0.0002671113527199001
-0.0002538660179956797
-0.0002412850019124857
-0.00022933768736117119
-0.00021798832622117064
-0.00020720996290102966
-0.00019696988252071259
-0.00018724445066883324
-0.0001780036354276376
-0.0001692268210767067
-0.0001608863427297902
-0.00015296433519166648
-0.00014543521541137683
-0.00013828363087878043
-0.00013148582222409806
-0.0001250287397078968
-0.00011889021329907902
-0.0001130593110849143
-0.000107515239498461
-0.0001022490213261389
-0.00009724104573848167
-0.0000924841474727296
-0.00008795972140645266
-0.00008366228951206418
-0.00007957408984056146
-0.0000756912238583614
-0.00007199662310669152
-0.0000684878755343858
-0.00006514846831544809
-0.000061977396270187
-0.000058958573900884206
-0.00005609233635779577
-0.000053362905917647716
-0.000050771902415917165
-0.00004830374381175021
-0.000045961289744198526
-0.00004372904849516908
-0.000041611083975045605
-0.00003959189451099846
-0.000037676722611807607
-0.00003584996067836669
-0.00003411801189721583
-0.000032465071144095
-0.00003089869226371181
-0.00002940278371751785
-0.00002798604769132039
-0.000026632019738218044
-0.000025350554640707697
-0.000024124730484845106
-0.000022965566158597832
-0.00002185559823133564
-0.00002080702778586432
-0.000019801766556929192
-0.000018853222085507967
-0.000017942597861493567
-0.000017084538348413246
-0.00001625945507592468
-0.000015483265883679877
-0.000014735505510342995
-0.000014033407564334877
-0.000013355543649800448
-0.000012720511792426171
-0.000012105832076733797
-0.000011531521432583044
-0.000010973957784764043
-0.000010454637500651105
-9.948703140294423e-6
-9.479196748015382e-6
-9.019929153564748e-6
-8.595560887032733e-6
-8.178470785742872e-6
-7.795016965537052e-6
-7.416042071008139e-6
-7.069687362001329e-6
-6.7251508961269755e-6
-6.412449150070019e-6
-6.09902215310327e-6
-5.816860698857788e-6
-5.531528138048229e-6
-5.277096058690588e-6
-5.0171263806531575e-6
-4.787885410126895e-6
-4.5508027870413375e-6
-4.34446123232378e-6
-4.128020758775731e-6
-3.942510383224887e-6
-3.7446754801713597e-6
-3.5781298756776723e-6
-3.397052050933474e-6
-3.247787831362477e-6
-3.0817880684436316e-6
-2.948287653220702e-6
-2.79584019057334e-6
-2.676736169279377e-6
-2.5364531488148873e-6
-2.4305142869056762e-6
-2.301132232841043e-6
-2.2072510165791454e-6
-2.087618698805897e-6
-2.0047997297603853e-6
-1.893866868382072e-6
-1.8212166226255321e-6
-1.7180239213063504e-6
-1.6547416572567071e-6
-1.5584114291133032e-6
-1.5037808204842858e-6
-1.4135089841398312e-6
-1.366890481749913e-6
-1.2819389073644674e-6
-1.2427632183379462e-6
-1.162452996731088e-6
-1.1302147520814278e-6
-1.0539197037037654e-6
-1.0281722604369076e-6
-9.553135996962256e-7
-9.356639908179648e-7
-8.657050718760799e-7
-8.518096438779658e-7
-7.842512913377707e-7
-7.758116582022158e-7
-7.101877923774958e-7
-7.069476274545043e-7
-6.428214366104284e-7
-6.445629240593753e-7
-5.815232267578597e-7
-5.880647538990248e-7
-5.257226698625887e-7
-5.369159761656114e-7
-4.7490189231207646e-7
-4.906299755302803e-7
-4.285908557171983e-7
-4.4876619990805997e-7
-3.8636288302215473e-7
-4.10925587387127e-7
-3.478303358821479e-7
-3.7674678211717405e-7
-3.126410659076941e-7
-3.45902483017584e-7
-2.804751915418308e-7
-3.1809674753277353e-7
-2.51041749063286e-7
-2.930615706182933e-7
-2.2407602193191991e-7
-2.705544904614317e-7
-1.9933722042113457e-7
-2.50356474998532e-7
-1.766061005220877e-7
-2.322695963684632e-7
-1.5568294829343736e-7
-2.161147578571844e-7
-1.3638546315029927e-7
-2.0173057785787181e-7
-1.185475071117477e-7
-1.8897164823963454e-7
-1.0201722157387714e-7
-1.7770670121119207e-7
-8.665578620354015e-8
-1.6781781512323185e-7
-7.233603611042512e-8
-1.591989026006752e-7
-5.894150256036785e-8
-1.5175504947795943e-7
-4.636514797745005e-8
-1.4540103727965605e-7
-3.450849613488053e-8
-1.4006091301990827e-7
-2.3280357981434056e-8
-1.3566267023807768e-7
-1.2560954832065841e-8
-1.3186030198456656e-7
-4.551052424798012e-6
-0.000027302116019025188
-0.00009335791929704465
-0.0002197208311979271
-0.0004273652517118921
-0.0007336766182197737
-0.0011567384973390996
-0.0017119969748786896
-0.002414390724406266
-0.0032763742806613716
-0.004309204883468948
-0.005521606294185911
-0.006920653970780425
-0.008510808137093777
-0.010294589545828903
-0.012271855628956564
-0.014440364226223582
-0.016795224522583644
-0.01932940220064726
-0.02203330281798619
-0.024895248437889848
-0.027901163527704824
-0.031035039270726227
-0.03427869814716437
-0.03761225324164709
-0.041013930558283195
-0.04446052469061676
-0.04792725934258098
-0.05138823704629121
-0.05481631963505737
-0.058183568414569085
-0.06146112867516007
-0.06461965829632851
-0.0676292047034507
-0.07045962453374269
-0.07308044792913448
-0.07546129907637254
-0.0775717505642077
-0.07938176279862706
-0.08086153853057976
-0.08198200604221226
-0.08271468854676267
-0.08303225923305393
-0.08290844001601502
-0.08231865433940404
-0.08123996380311561
-0.07965183679822999
-0.07753612053664359
-0.07487793147779147
-0.07166564635245347
-0.06789190640877402
-0.06355359693448634
-0.05865294418505125
-0.05319744098777457
-0.04720100443426615
-0.04068379630760908
-0.03367340120929663
-0.02620448404835919
-0.018319940795870595
-0.010070329377474747
-0.0015149369586693762
0.007279086005231645
0.016235807606990754
0.025271754082293898
0.034295215015661525
0.043207936166254346
0.051904724567261376
0.06027566665853448
0.06820609826821268
0.0755793946953328
0.08227733785135712
0.08818347561143713
0.09318386037282995
0.09717090060464778
0.10004436377195268
0.10171554963155963
0.10210835585849148
0.1011635044549138
0.09883937823806238
0.09511594968462649
0.08999503361981852
0.08350352581698922
0.07569270507035038
0.06664040815101856
0.056449070480586075
0.04524655688167217
0.03318275996913069
0.02042897042888565
0.007173045572418551
-0.006382580542244283
-0.020026916641175768
-0.033543430156068955
-0.046716788864582026
-0.05933636307393279
-0.07120305137737522
-0.08213259818109983
-0.09196178847014576
-0.10055088945669656
-0.1077885442232999
-0.11359275270606058
-0.11791396400317769
-0.12073423399293376
-0.12206828577594232
-0.12196078051915649
-0.12048543491987675
-0.11774065944803026
-0.11384712634684345
-0.1089422991631547
-0.10317707093662015
-0.09670987386213287
-0.0897031085342551
-0.08231755021714372
-0.07470924968439224
-0.06702484354774751
-0.05939944294304888
-0.051953242995165794
-0.044790673526990475
-0.037998442683477913
-0.03164596472655167
-0.025784726553887635
-0.02044978913168021
-0.015660183132668246
-0.011421141987717084
-0.007725140784702941
-0.0045544735138942595
-0.0018825477876938362
0.0003235449451174321
0.002101798562187096
0.0034929904039350023
0.004539728886734082
0.005284570602205015
0.005769450017235684
0.0060342627290915565
0.006116687535683238
0.006051204603702747
0.005869256380375306
0.005598622369232606
0.005263832652051616
0.004885802801369552
0.004482406757963886
0.004068278692646292
0.0036554621182206958
0.0032533014376056385
0.0028691029812453737
0.0025080598508328013
0.0021738814212655727
0.0018687154895936195
0.0015937214580625516
0.0013489707005471896
0.0011339531421180802
0.0009474490655609291
0.0007879687283348424
0.0006535967084954808
0.0005423700849714091
0.00045210068892391253
0.0003807001656191608
0.00032598715779991395
0.00028596825870526473
0.00025863715829834013
0.00024221993542712726
0.00023497229123558538
0.00023539644858396608
0.00024204131359509599
0.00025369687569742807
0.0002692008075447591
0.0002876149392098727
0.000308040617782149
0.0003297806874007862
0.0003521649546429454
0.0003747001903584942
0.00039690630086639195
0.000418456171113703
0.0004390226055764105
0.0004584093244757145
0.00047640837665510847
0.0004929232452029634
0.0005078362101672059
0.0005211242793249704
0.0005327358516614982
0.0005427000355324679
0.0005510119071774996
0.0005577356805346512
0.0005628978445136693
0.00056658459087115
0.0005688421344281671
0.0005697687696680735
0.0005694217133075471
0.0005679041410077066
0.0005652779361814748
0.0005616460463846093
0.000557070567751678
0.0005516507526303609
0.000545445906325723
0.0005385493706953359
0.0005310157511515729
0.0005229311956609214
0.0005143445094761138
0.000505334041376416
0.0004959422796710516
0.0004862396493653459
0.0004762622129386635
0.00046607267584247985
0.0004557008424180072
0.00044520211650342053
0.0004346003885782558
0.0004239443085881286
0.00041325230121028444
0.00040256687955014635
0.0003919015024399315
0.0003812931877084944
0.0003707509425079934
0.0003603069276398532
0.0003499662034137859
0.00033975668710368095
0.0003296799699053583
0.0003197603042402604
0.00030999625449275195
0.00030040894272348283
0.0002909943073314832
0.00028177082954165844
0.0002727321794806576
0.0002638946406463826
0.0002552499290730911
0.00024681252894202197
0.00023857247463224417
0.00023054280763503974
0.0002227121139365239
0.00021509230991813405
0.00020767072966812667
0.00020045844632399573
0.00019344170619499477
0.0001866309889089375
0.0001800115865945356
0.00017359360747515074
0.00016736149579505598
0.00016132518510444211
0.0001554683544895311
0.00014980093804704692
0.0001443059105134692
0.00013899336294088797
0.00013384560803095854
0.00012887303384988142
0.00012405731581872402
0.00011940926660476934
0.00011490993432709333
0.00011057067141153762
0.00010637189554602223
0.00010232560533051693
0.00009841157313054216
0.00009464254220135049
0.00009099761417964355
0.00008749036918832587
0.00008409920351280431
0.00008083862234352452
0.00007768627300642713
0.00007465767033595772
0.00007172966155465159
0.00006891885374083517
0.00006620123565338229
0.00006359458805723182
0.00006107397605128193
0.000058658435296293
0.000056322036067317034
0.0000540851503492243
0.000051920776342921045
0.0000498507058063292
0.00004784678133527726
0.00004593229980511033
0.00004407785942945029
0.00004230835003732002
0.0000405930306930449
0.00003895847561844341
0.000037372504953021515
0.00003586347170388495
0.000034397651511062963
0.00003300527574823239
0.00003165096359205698
0.000030366929001799144
0.00002911601739638196
0.000027932534666638728
0.000026777428818521302
0.000025687213135989994
0.000024620807678275757
0.000023617055061421146
0.000022632710712933586
0.000021709074922669626
0.000020800594381855245
0.000019951162770762918
0.000019112766824036258
0.000018332037445085898
0.000017558341871500476
0.00001684120004688633
0.00001612719253263247
0.000015468888851698917
0.00001480990669862229
0.000014206034881375312
0.000013597743359820693
0.000013044219719235503
0.000012482591314445545
0.000011975634534705681
0.000011456928910435707
0.00001099304076783526
0.000010513786170695739
0.000010089733346423204
9.646707741781263e-6
9.259504615620084e-6
8.84971926196987e-6
8.496611296301794e-6
8.1172939000713e-6
7.795742458148646e-6
7.4443221509598596e-6
7.151989009069745e-6
6.826081450349181e-6
6.560816595384951e-6
6.258210258502864e-6
6.018037587611863e-6
5.7366814143530994e-6
5.519787313147916e-6
5.2577778883984165e-6
5.0625002958575e-6
4.8180710242042124e-6
4.642888182243748e-6
4.4143986406326275e-6
4.25791979907535e-6
4.043845263210734e-6
3.904801604856829e-6
3.7037242525330663e-6
3.580960226419439e-6
3.391560195793963e-6
3.284025755688768e-6
3.105073128087499e-6
3.011816572855842e-6
2.8421635724278466e-6
2.7623247999524077e-6
2.6008987717225024e-6
2.533702855104783e-6
2.3794997547172006e-6
2.324251773060423e-6
2.1763297532535352e-6
2.132409142717505e-6
1.9898827084867692e-6
1.956738761223672e-6
1.8187735005153817e-6
1.7959205876284301e-6
1.661728203990487e-6
1.6487420727734433e-6
1.5175753725024848e-6
1.5140894528098913e-6
1.3852378848093943e-6
1.3909399399419913e-6
1.2637256586586274e-6
1.2783546470539107e-6
1.1521285175527645e-6
1.1754720918563125e-6
1.049609738725151e-6
1.0815017051009558e-6
9.554002926404842e-7
9.957184348579713e-7
8.687933590966534e-7
9.174575791432362e-7
7.89139288592529e-7
8.46109908362139e-7
7.158408816412943e-7
7.811172569416523e-7
6.483495335696255e-7
7.219682637342527e-7
5.861601602752823e-7
6.681949866626954e-7
5.288088201807038e-7
6.193689887804376e-7
4.758687963029307e-7
5.750983394858782e-7
4.269475485898194e-7
5.350252628135997e-7
3.816837608543561e-7
4.988223635004568e-7
3.3974485174994637e-7
4.6619089174780354e-7
3.008246432015374e-7
4.368586951799267e-7
2.6464098965680227e-7
4.105775161173752e-7
2.309336486256101e-7
3.8712093967781827e-7
1.994625935030788e-7
3.6628352235601143e-7
1.7000611767823124e-7
3.478783072893532e-7
1.4235911851644167e-7
3.3173607427611085e-7
1.1633218448661886e-7
3.177033839770926e-7
9.174999797277961e-8
3.056416495887151e-7
6.844894252793124e-8
2.9542578780050935e-7
4.627687190831308e-8
2.8693462884050396e-7
2.5020508503926064e-8
2.7949485109974934e-7
-2.8171246180144494e-6
-0.000016898739011884832
-0.00005768910591828044
-0.00013547680813346666
-0.0002627810505713729
-0.00044961985720774094
-0.0007061229881106663
-0.001040436295621956
-0.0014600415304582234
-0.0019705418925796254
-0.002576503792202544
-0.0032806880245617154
-0.004084683670365474
-0.004988417410103579
-0.005990686595455907
-0.007088859431611971
-0.008279345209164806
-0.009557424457109063
-0.010917657796907138
-0.012353794306575325
-0.013859100394963866
-0.01542630057178945
-0.017047799869744324
-0.01871562043101708
-0.020421493871417264
-0.022156772038058443
-0.023912377610149246
-0.025678687624412316
-0.02744534863729436
-0.029201154554133052
-0.030933752768079165
-0.03262955956620291
-0.0342734012545278
-0.03584852675636911
-0.037336238667510895
-0.03871607013009144
-0.03996546209278957
-0.04106016812002807
-0.04197402468893867
-0.042679633112689463
-0.0431482502454176
-0.043350772833609705
-0.04325774898074697
-0.04284066010761065
-0.04207202258672397
-0.040926930036411645
-0.039383183776079314
-0.03742302744716215
-0.0350332182514004
-0.032206860410729725
-0.02894330963328425
-0.025249994338415245
-0.02114203559293362
-0.016643937039159874
-0.011788803013048013
-0.00661978088587043
-0.0011887722074924202
0.004442474190362492
0.010204238254953368
0.016018158660324095
0.021799737284225122
0.027458123657465406
0.0328992351739653
0.03802597043114695
0.04274186485439618
0.046951638164075396
0.05056522852762111
0.05349850510721294
0.05567744795622486
0.05703878901892524
0.05753404378079079
0.05712979850198305
0.05581126911559232
0.053581944216798044
0.05046636063881111
0.04650885153180459
0.041775293221985185
0.03635079737696166
0.03034029646415508
0.023865149056442
0.01706257651659855
0.010081301194354624
0.0030800013059467213
-0.003777752737143074
-0.010325721702408018
-0.01640038343390794
-0.02184343574635581
-0.026507061328256094
-0.030256272811570527
-0.03297361021141337
-0.034560912783884595
-0.034943057822766986
-0.03406881981826206
-0.031913362127179476
-0.0284779596414012
-0.023791088397521296
-0.017906926016552416
-0.010905030948981154
-0.0028876784054276223
0.0060217353002237515
0.015682329133588996
0.0259383445584754
0.03662344823519071
0.047563986263433354
0.058583564259557755
0.06950651947028555
0.08016234701919457
0.09038894220274897
0.10003644910172936
0.10896986052093773
0.11707192779214298
0.12424479680866048
0.13041173366535128
0.13551761460098513
0.1395293779788831
0.14243535438587188
0.14424452669987767
0.14498485495969976
0.14470158117560855
0.14345483945217913
0.14131735032342221
0.13837168369101877
0.13470772884387508
0.1304199840384768
0.12560515979343717
0.12035981008411614
0.11477834188242599
0.10895119967567717
0.10296343907478421
0.09689355692319054
0.0908126695982722
0.08478397211009223
0.07886246568041119
0.07309494943299087
0.0675201799277449
0.062169255714556865
0.057066065797815785
0.05222791795249874
0.047666137388844246
0.04338680548729501
0.0393913938342327
0.035677509952672666
0.032239484638315635
0.029069055439185136
0.026155858266904152
0.02348801076774138
0.021052487111094753
0.01883558815763738
0.016823198773977293
0.015001148700628134
0.013355364578765187
0.011872135293874526
0.010538177333729009
0.009340822657123701
0.00826801774974827
0.007308452498283454
0.006451512085018258
0.005687363506598901
0.005006876639458614
0.004401682140288548
0.003864074646291664
0.0033870526450923174
0.002964213472225438
0.002589782830944593
0.00225850836412993
0.0019656840600617035
0.0017070468463900835
0.0014787992082598736
0.0012775114739947786
0.001100144568170633
0.0009439593845232326
0.0008065406168504392
0.0006857137391989451
0.0005795702186074997
0.00048639206759982704
0.0004046783510484314
0.00033307693712037904
0.00027041200888855963
0.0002156224626595342
0.00016779003844348385
0.00012608375038138483
0.00008978823351588495
0.00005825358319500546
0.00003092354149132234
7.290162168460602e-6
-0.000013078493628550778
-0.00003057939929387451
-0.00004554762961391075
-0.00005829358000879507
-0.0000690770107735977
-0.00007814085302821638
-0.00008568639298119509
-0.00009190401782211116
-0.00009694965675598543
-0.00010097276657076685
-0.00010409410871961814
-0.00010643123044063174
-0.0001080776269418694
-0.00010912593457051642
-0.00010964850284166706
-0.00010971848255586759
-0.00010939181524999659
-0.00010872637340086658
-0.00010776535908056188
-0.00010655462951390732
-0.00010512748849311129
-0.00010352031321209023
-0.00010175871351541766
-0.00009987155695317446
-0.00009787847228952212
-0.00009580235353482341
-0.00009365818080630355
-0.00009146407539985244
-0.0000892314077528503
-0.00008697446662933089
-0.00008470182692077448
-0.00008242468363948062
-0.00008014945306940626
-0.00007788481856973665
-0.00007563554165090122
-0.0000734082528084145
-0.00007120645613509458
-0.00006903509374699424
-0.00006689672723303
-0.00006479490045074037
-0.00006273148268202919
-0.00006070884982117004
-0.00005872837993182498
-0.00005679146534074162
-0.00005489915364710201
-0.00005305200071422543
-0.00005125085384352582
-0.00004949554949770365
-0.000047786840059701536
-0.0000461239366791295
-0.00004450758310303867
-0.00004293643876030324
-0.00004141131030685087
-0.000039930363526864006
-0.00003849452656691014
-0.00003710151826198402
-0.00003575243648131279
-0.00003444458812624524
-0.00003317928337914659
-0.00003195344205827585
-0.000030768623499120424
-0.000029621379752033496
-0.000028513549369687453
-0.000027441328499821817
-0.000026406863760109073
-0.00002540600235988813
-0.000024441224237180204
-0.000023508029362748275
-0.000022609253899490215
-0.000021740049652728484
-0.000020903631249373092
-0.000020094796654386103
-0.00001931715891388474
-0.000018565154896854714
-0.000017842816335982596
-0.000017144208142765675
-0.000016473800795499234
-0.000015825273527628826
-0.000015203555907596413
-0.000014601925812688321
-0.000014025792288723793
-0.000013468013825949162
-0.00001293450058365615
-0.000012417671184845725
-0.000011923959697021672
-0.00001144532143257953
-0.00001098873826331029
-0.000010545678354691157
-0.000010123695623077928
-9.713744286169256e-6
-9.323976802975128e-6
-8.944804333258319e-6
-8.585007031652507e-6
-8.234421018962856e-6
-7.902483592062067e-6
-7.578423858583663e-6
-7.272367590512204e-6
-6.972900700356547e-6
-6.690871989770417e-6
-6.414188096712476e-6
-6.154454027579522e-6
-5.898858422834892e-6
-5.6598007137620145e-6
-5.4237101248686324e-6
-5.203820180118048e-6
-4.985756321258991e-6
-4.783628498536808e-6
-4.582212452934772e-6
-4.396539652441716e-6
-4.210486289907902e-6
-4.040053762341402e-6
-3.868166349984739e-6
-3.7118458934785005e-6
-3.5530104055743252e-6
-3.40975646080716e-6
-3.2629372562150356e-6
-3.1317809832113842e-6
-2.9960145317361916e-6
-2.8760597913640406e-6
-2.75045111024669e-6
-2.6408684312640493e-6
-2.5245863504024586e-6
-2.424610265940336e-6
-2.316882521631301e-6
-2.225806647025676e-6
-2.125916202606863e-6
-2.0430892097836373e-6
-1.950370350885241e-6
-1.8751925016836529e-6
-1.7890267474509117e-6
-1.7209471407008423e-6
-1.6407599698222957e-6
-1.5792715499368655e-6
-1.504530182782687e-6
-1.4491686099198534e-6
-1.379377123185497e-6
-1.3297164769114178e-6
-1.2644140276076636e-6
-1.2200652558408632e-6
-1.1588233692806938e-6
-1.119430855185112e-6
-1.0618499023124968e-6
-1.0270902514484366e-6
-9.727984814234878e-7
-9.423772040661881e-7
-8.910275369300305e-7
-8.646774597619489e-7
-8.159460136772585e-7
-7.934258562770295e-7
-7.470088802671482e-7
-7.281017445629931e-7
-6.837148028031815e-7
-6.682255921917314e-7
-6.256019517369161e-7
-6.133564954609239e-7
-5.722448700041182e-7
-5.63088667957775e-7
-5.232521536911204e-7
-5.170491606754507e-7
-4.782638189565106e-7
-4.7489487007838043e-7
-4.3694784211083083e-7
-4.3631079306569173e-7
-3.989995692677326e-7
-4.010074627707519e-7
-3.6413831043000076e-7
-3.687183586534671e-7
-3.3210593609936417e-7
-3.391992016571024e-7
-3.026649180175224e-7
-3.122255989765007e-7
-2.7559713021063557e-7
-2.875918567171884e-7
-2.507016122041237e-7
-2.6510878126824734e-7
-2.2779363122437455e-7
-2.4460384253294045e-7
-2.0670352112328134e-7
-2.259176977931187e-7
-1.8727472690307892e-7
-2.089051725735262e-7
-1.6936390531734937e-7
-1.934329388053357e-7
-1.5283883641771202e-7
-1.7937886293635277e-7
-1.3757754081856252e-7
-1.6663157981795257e-7
-1.2346829328474964e-7
-1.5508926826582717e-7
-1.1040806936401113e-7
-1.4465774269012548e-7
-9.83017035292194e-8
-1.3525209026020204e-7
-8.706190492661689e-8
-1.26794459190027e-7
-7.660748084698694e-8
-1.1921388848694618e-7
-6.686457427485356e-8
-1.1244588398930759e-7
-5.7764124869715993e-8
-1.064313104153009e-7
-4.924261229573048e-8
-1.0111711738798044e-7
-4.124190253663303e-8
-9.645460320323272e-8
-3.370738041010861e-8
-9.239991707352224e-8
-2.6588449776641654e-8
-8.891299796245646e-8
-1.9838887450696626e-8
-8.5958808870058e-8
-1.3414128616876423e-8
-8.35016634173263e-8
-7.253437538180906e-9
-8.134734501217973e-8