-1.6173944097055382e-11
-1.1392097453451616e-9
-8.83502191353969e-9
-3.692538871765176e-8
-1.1280026888033641e-7
-2.8111045200690825e-7
-6.092721402667836e-7
-1.191609503797044e-6
-2.1553305222480717e-6
-3.664933165842778e-6
-5.928953312884009e-6
-9.204476936466513e-6
-0.00001380479176776405
-0.000020103765854637267
-0.00002854436106615304
-0.000039642502209784824
-0.000053996213996852644
-0.00007228844434100434
-0.00009529638861544507
-0.0001238925832827051
-0.00015905382221149863
-0.00020185974667902913
-0.00025350068438677586
-0.00031527297115257515
-0.0003885850929200948
-0.0004749491103261707
-0.0005759846754553312
-0.0006934061939673674
-0.0008290246090997484
-0.0009847302960440997
-0.0011624929103103278
-0.0013643404046643694
-0.0015923576558111337
-0.001848662346215674
-0.002135403429400176
-0.002454734848006202
-0.0028088150998910556
-0.003199779810670124
-0.003629743674228175
-0.004100772740158373
-0.004614889817710633
-0.005174046997260793
-0.005780135262467864
-0.006434957300286696
-0.0071402416299662045
-0.007897615251109966
-0.00870862214972302
-0.00957469487204485
-0.010497176876624204
-0.011477291766728407
-0.012516168666315537
-0.013614807627957495
-0.014774107031600552
-0.015994823611261606
-0.017277600799538096
-0.018622921874360574
-0.020031138189259057
-0.021502414128896277
-0.02303675428542367
-0.024633939251831678
-0.026293551070304955
-0.028014899437433714
-0.029797045227363032
-0.0316387174945181
-0.03353833562395264
-0.03549391863043325
-0.03750310752440609
-0.03956306978442657
-0.04167052477274659
-0.04382164775775115
-0.04601210247695716
-0.04823695044946663
-0.05049069577074795
-0.05276720634150845
-0.05505977634023178
-0.05736106605224058
-0.05966318688866198
-0.06195766546149996
-0.06423555432202507
-0.06648742371162811
-0.0687034984196661
-0.070873677414273
-0.07298769367330517
-0.07503515809599719
-0.0770057353855329
-0.07888920489997259
-0.08067564235684233
-0.08235548732595117
-0.08391971838963877
-0.08535991546615788
-0.08666841564356084
-0.08783835887509257
-0.0888638132604019
-0.08973979494687935
-0.09046235502146255
-0.091028568355481
-0.0914365789634911
-0.09168555735421278
-0.09177570637354913
-0.09170819144906871
-0.09148511358812059
-0.09110942077058047
-0.09058485802188744
-0.08991587034658731
-0.08910754103399642
-0.08816549654136985
-0.08709584326179985
-0.08590508276071084
-0.08460005449234298
-0.08318786634865528
-0.08167584703017709
-0.08007149290154231
-0.07838242990593643
-0.07661637424408864
-0.0747811008167246
-0.07288441306703676
-0.07093411357039489
-0.06893797789715166
-0.06690372328631267
-0.06483898247989153
-0.06275126806987581
-0.06064794438043611
-0.058536187380896776
-0.05642295508276391
-0.05431494509301046
-0.05221856592619509
-0.050139895718529406
-0.04808465786144226
-0.046058184810077035
-0.044065401400215094
-0.04211079711064074
-0.040198419518436834
-0.03833185711471064
-0.036514243958926114
-0.03474825361420415
-0.03303611459145583
-0.03137961454656239
-0.029780124888624762
-0.02823861332802183
-0.026755675245573332
-0.02533155210779678
-0.023966166895057525
-0.022659145787650853
-0.021409855062265098
-0.020217423695594976
-0.01908077953346452
-0.017998670920472075
-0.01696970048766916
-0.015992344466853974
-0.015064983013779188
-0.014185916403250428
-0.013353391323340588
-0.01256561360847898
-0.011820770360428192
-0.011117039231108187
-0.010452606532634906
-0.009825673325398273
-0.009234469877596643
-0.008677258958917982
-0.008152347116783226
-0.007658085641590556
-0.007192879163894959
-0.006755184765177515
-0.006343518388756316
-0.005956452540238527
-0.005592620963449283
-0.0052507153233193075
-0.004929488540894127
-0.004627750790513266
-0.0043443718253351905
-0.004078276558591125
-0.0038284466498107383
-0.0035939158818552894
-0.0033737712221582434
-0.0031671481559493032
-0.0029732313882881293
-0.0027912502505106664
-0.002620479168215981
-0.002460233222531654
-0.0023098684762429384
-0.0021687777433867838
-0.002036390839634626
-0.001912170592072006
-0.0017956130597990656
-0.0016862437995055419
-0.0015836180870337654
-0.00148731744251291
-0.0013969498723884843
-0.0013121466495243192
-0.0012325625870961622
-0.0011578730634142992
-0.0010877743333996257
-0.0010219807842663528
-0.0009602252864488389
-0.0009022566641870846
-0.0008478400852881545
-0.0007967547296513912
-0.0007487942157533171
-0.0007037644499160508
-0.0006614840866184153
-0.0006217825415979404
-0.0005845004827964092
-0.0005494879910128505
-0.0005166050783304697
-0.00048571998086378816
-0.000456709701770396
-0.000429458421570305
-0.00040385806323015716
-0.00037980680650375506
-0.000357209673038105
-0.00033597713214378495
-0.00031602570436236097
-0.0002972766469990304
-0.0002796565750886288
-0.0002630962158823335
-0.000247531046635297
-0.0002329001080324768
-0.00021914665868516273
-0.0002062170381945571
-0.00019406133868300217
-0.00018263230883304652
-0.00017188604318940637
-0.00016178091907323455
-0.00015227830477162002
-0.0001433415217173135
-0.00013493657304089677
-0.00012703112382272068
-0.00011959525181861478
-0.00011260043894512768
-0.00010602034630592995
-0.00009982981036055855
-0.00009400564468110466
-0.00008852563448946506
-0.00008336936786220227
-0.00007851722250099604
-0.00007395122938499365
-0.00006965404576892116
-0.00006560985455894532
-0.00006180331761534883
-0.00005822051440424344
-0.0000548478697169262
-0.00005167313542763941
-0.000048684286738549554
-0.00004587055115626849
-0.00004322126732206184
-0.00004072696561253707
-0.00003837818353006357
-0.000036166602632417376
-0.00003408381433500972
-0.000032122518189067314
-0.00003027523178614735
-0.000028535555732548572
-0.000026896821149625823
-0.000025353427040888683
-0.00002389941864468222
-0.000022529903258186943
-0.000021239552429658656
-0.0000200241026926982
-0.00001887877427520291
-0.00001779986361317876
-0.00001678307090892669
-0.00001582519173362281
-0.000014922345383159292
-0.000014071773349422555
-0.000013269959999611214
-0.00001251454619800755
-0.000011802333368780253
-0.000011131321089864524
-0.000010498585090470536
-9.902448211195061e-6
-9.340222338474648e-6
-8.810522739030588e-6
-8.310863332483314e-6
-7.84012506685251e-6
-7.395993285486992e-6
-6.977591509653137e-6
-6.5827489584542346e-6
-6.210811857771266e-6
-5.859728416596443e-6
-5.529050588471749e-6
-5.216822995661244e-6
-4.92278893033121e-6
-4.645068847250285e-6
-4.383585312955538e-6
-4.136515750307078e-6
-3.903952030209255e-6
-3.684111148778995e-6
-3.4772462074818046e-6
-3.2815976271335996e-6
-3.097573389844146e-6
-2.9234222411616206e-6
-2.7597022708205386e-6
-2.6046563178710824e-6
-2.458989256346922e-6
-2.320924496158183e-6
-2.191311714590626e-6
-2.068341931260674e-6
-1.9530088977437823e-6
-1.843458711144699e-6
-1.7408296436933288e-6
-1.6432106441424426e-6
-1.5518860677461294e-6
-1.4648756813009463e-6
-1.3836125507882753e-6
-1.3060353164521878e-6
-1.2337294104640715e-6
-1.1645403912680234e-6
-1.1002107126670596e-6
-1.0384807935200151e-6
-9.812557476876833e-7
-9.261586052988817e-7
-8.752637490817763e-7
-8.260642949391358e-7
-7.808114768738563e-7
-7.368556123619847e-7
-6.966333453316576e-7
-6.573388723358129e-7
-6.216037973662393e-7
-5.864523538349075e-7
-5.547216679059858e-7
-5.232515716611032e-7
-4.950963144502264e-7
-4.6689621055789856e-7
-4.4193530767460575e-7
-4.1663852847107564e-7
-3.945335076427267e-7
-3.7181306370107275e-7
-3.522633676619894e-7
-3.318274977986185e-7
-3.145663240371216e-7
-2.9615454130137186e-7
-2.8094515333442415e-7
-2.6432472946485123e-7
-2.5095718179240367e-7
-2.359200222609649e-7
-2.242082567065129e-7
-2.1056811946364227e-7
-2.0034738820099948e-7
-1.8793740989403798e-7
-1.7906198970017838e-7
-1.6773248133320615e-7
-1.6007364715379063e-7
-1.4969013260146713e-7
-1.431343603108178e-7
-1.3357582604465847e-7
-1.2802320054937095e-7
-1.1918053574085265e-7
-1.1454333984720407e-7
-1.0631794259973253e-7
-1.0251940884702153e-7
-9.482194171379834e-8
-9.179514762875449e-8
-8.454442438553936e-8
-8.223131721002596e-8
-7.535330565703247e-8
-7.370384022851796e-8
-6.713076793423943e-8
-6.610214770791788e-8
-5.977169848456486e-8
-5.932770793208991e-8
-5.3182300024841096e-8
-5.32927186884613e-8
-4.727885203613421e-8
-4.7918942331634577e-8
-4.198660979069337e-8
-4.313666914104362e-8
-3.723882145548088e-8
-3.888379519096585e-8
-3.2975854504028944e-8
-3.510500070382536e-8
-2.9144417273543378e-8
-3.175102064480491e-8
-2.5696864876263798e-8
-2.8777993217980735e-8
-2.2590580648063375e-8
-2.6146882258986744e-8
-1.9787425586245446e-8
-2.382296075510653e-8
-1.7253245662625736e-8
-2.1775352993834677e-8
-1.4957434587843306e-8
-1.9976626433552362e-8
-1.2872541110510986e-8
-1.8402427602723015e-8
-1.0973921327885403e-8
-1.703116122792135e-8
-9.239426316400868e-9
-1.5843701230001497e-8
-7.649123987876157e-9
-1.482313596016278e-8
-6.1850498129986435e-9
-1.3954541355467326e-8
-4.83098474951404e-9
-1.322477926042441e-8
-3.5722548971120894e-9
-1.2622310337518201e-8
-2.3954976243886402e-9
-1.213659649511297e-8
-1.2849906239614722e-9
-1.1730003819806611e-8
-4.98339654904978e-12
-4.4896054755643453e-10
-3.570897990596746e-9
-1.5363562675538505e-8
-4.894410359852436e-8
-1.2790492064187628e-7
-2.926325381086921e-7
-6.063955145716314e-7
-1.166139974603599e-6
-2.1119184338165807e-6
-3.6434151778235274e-6
-6.032763812790576e-6
-9.647391730666779e-6
-0.000014965408663896405
-0.000022604401747260787
-0.00003333743435007229
-0.00004812622601824905
-0.00006813451332842326
-0.00009476280373719081
-0.00012965468359053473
-0.0001747293625330092
-0.00023217584002363425
-0.00030447914647653877
-0.00039439748299916616
-0.0005049787523270226
-0.0006395171281323788
-0.0008015582901650619
-0.0009948343529652835
-0.0012232589890614506
-0.0014908428925883015
-0.0018016831515794045
-0.0021598647563127933
-0.002569451362127746
-0.003034380922029561
-0.0035584665118595423
-0.004145295202321066
-0.004798247265233238
-0.0055204064730828145
-0.0063146035818460265
-0.007183343438810194
-0.008128874491465675
-0.0091531339819786
-0.010257840149404427
-0.011444452297806064
-0.012714277310783858
-0.01406843743013594
-0.015507978542429714
-0.017033835771647746
-0.018646928236865132
-0.020348111327788267
-0.022138241406899177
-0.024018103853752828
-0.02598843140661225
-0.02804979859850342
-0.030202579083631952
-0.03244680000486064
-0.03478202700856634
-0.037207176800726396
-0.039720324252141406
-0.0423184786041481
-0.04499731583932408
-0.047750934267728556
-0.05057152753812297
-0.053449148575617327
-0.056371353607042575
-0.05932301830966597
-0.06228599895513743
-0.0652390583209804
-0.0681576029359989
-0.07101378461430796
-0.07377637817262896
-0.07641112260622196
-0.0788807969081952
-0.08114584887617604
-0.08316470463425132
-0.08489470109001418
-0.08629262731820352
-0.08731593073396489
-0.08792343968972459
-0.08807675987161266
-0.08774107570043817
-0.08688660266236725
-0.08548932205743155
-0.08353231949214605
-0.08100628566172612
-0.0779105628031198
-0.07425325346849705
-0.07005182278805792
-0.0653327015857499
-0.06013135290499528
-0.05449133101501951
-0.04846380706596824
-0.04210613855548713
-0.035480944543363646
-0.028654331561475305
-0.021694692406665533
-0.014670802915704452
-0.0076505697081796055
-0.0006992401846843873
0.006121669896586957
0.01275583176879871
0.019152808227842984
0.025269018820530367
0.031067969834200536
0.036520669080013946
0.04160537419733055
0.046307498115607915
0.050618961949772834
0.054537715394541865
0.05806684570981539
0.0612138842022365
0.06398984692588063
0.06640850201799389
0.0684855000336486
0.07023774251215642
0.0716827109148672
0.07283801914951235
0.07372098732875323
0.07434839865611699
0.07473630578539724
0.07489996176846335
0.07485380596982616
0.07461150930437285
0.07418606896950579
0.07358990151170801
0.0728349790002691
0.07193291457836083
0.07089509001012148
0.06973269902076695
0.06845683876276541
0.06707849822749902
0.06560860686357455
0.06405797283057227
0.0624372965063788
0.06075707372311603
0.05902758906181107
0.05725880258964016
0.05546033876194472
0.053641373371868944
0.051810630751925484
0.0499762829995169
0.04814596327255978
0.04632668394008619
0.04452486885931979
0.04274629232443787
0.040996129331300306
0.03927891374874049
0.037598603104148275
0.03595855240712389
0.03436158885506026
0.032809996983439574
0.03130559859022371
0.029849745013077036
0.028443398132027262
0.027087126214536104
0.025781182747269343
0.024525503146809197
0.02331977914056576
0.022163454509927245
0.021055793631364277
0.01999587517761493
0.01898265416272556
0.018014953124247703
0.01709151756417645
0.016211004563606052
0.015372031886974438
0.014573164257117157
0.013812956619530945
0.013089938460864642
0.01240265184682882
0.011749634231934048
0.011129451921018472
0.010540681821631516
0.009981940962645963
0.009451867605960902
0.008949147407632542
0.008472494251019829
0.008020673571229044
0.007592483208764696
0.0071867743495924894
0.006802432635011611
0.006438397101858921
0.006093641725978093
0.005767192685587566
0.005458110464395755
0.005165505706206354
0.004888521960367413
0.004626350349910128
0.004378213006780146
0.004143376736083771
0.003921137160893876
0.0037108315336714117
0.003511823588687128
0.0033235156254569583
0.0031453340511535845
0.0029767408404106736
0.0028172197374793707
0.002666287180822828
0.0025234791266324974
0.0023883615138493956
0.0022605176643953444
0.0021395583545742417
0.002025109744258628
0.0019168231125230512
0.001814363265341009
0.0017174179880345836
0.001625686880299903
0.001538890573329138
0.0014567599400356652
0.0013790451218473152
0.0013055050627184088
0.0012359163876403925
0.0011700632095389392
0.0011077458996240146
0.00104877111727811
0.0009929605111297418
0.0009401409229466555
0.0008901530571930275
0.0008428418106005256
0.0007980649478609937
0.0007556835091571495
0.0007155705295168646
0.0006776014770245336
0.0006416630536772409
0.0006076436171329767
0.0005754421013487046
0.0005449583751147954
0.0005161023211474108
0.0004887840848270934
0.0004629233509151543
0.0004384394359749345
0.00041526080272279793
0.0003933149494517221
0.0003725382027281332
0.0003528653566381319
0.00033423978624909145
0.0003166027883348563
0.000299904059322629
0.0002840906883291657
0.00026911804525885205
0.0002549383752504105
0.00024151214447396143
0.00022879618386872628
0.00021675554200873716
0.0002053511242809831
0.00019455210450510638
0.00018432300369245388
0.00017463671439184943
0.00016546096124342793
0.0001567719944993686
0.0001485403721821135
0.00014074538163446219
0.00013336008099053314
0.00012636651083844104
0.00011973992920437363
0.00011346487846435484
0.00010751854551797031
0.0001018877527626438
0.00009655137084960163
0.00009149830655500374
0.00008670889228175087
0.00008217394766117761
0.00007787506494727169
0.00007380482635709912
0.00006994590015701205
0.00006629250031416967
0.00006282820309140054
0.00005954874087933497
0.000056438443889370076
0.00005349446529305232
0.00005070174755277389
0.0000480587815350277
0.00004555099073816673
0.00004317813369350631
0.00004092599310844427
0.000038795537241798504
0.000036772794080780256
0.00003485989469146755
0.000033043005313677966
0.00003132538313824848
0.000029693231386230792
0.00002815090610288348
0.000026684550963443923
0.000025299602558332287
0.00002398205235608424
0.000022738407539971464
0.00002155441772507166
0.00002043765864104424
0.00001937355072921152
0.000018370743551686885
0.00001741424288350208
0.00001651378453494364
0.00001565387496390928
0.000014845355493888424
0.00001407214927891667
0.000013346228941320868
0.000012650849959123689
0.000011999148831524189
0.000011373628187828152
0.000010788627275350619
0.000010225809543362648
9.700762354145209e-6
9.194221701923135e-6
8.723074740621287e-6
8.267039538266094e-6
7.844361334413916e-6
7.433646822256904e-6
7.054564103333579e-6
6.684511719477654e-6
6.34465221687553e-6
6.011075408026134e-6
5.706516669157281e-6
5.405652305982105e-6
5.132875892015365e-6
4.861340498469562e-6
4.617190608257888e-6
4.371941260149767e-6
4.153587987942425e-6
3.9318870620594205e-6
3.736793252964651e-6
3.5361770697979095e-6
3.3620687293612544e-6
3.180318933840268e-6
3.0251585575968293e-6
2.860277093064921e-6
2.722239875628002e-6
2.5724258041235107e-6
2.449878360544612e-6
2.3135075351191643e-6
2.2049884569039185e-6
2.080595035626136e-6
1.984798108957511e-6
1.871058010581476e-6
1.786816666113958e-6
1.6825328105514974e-6
1.608806225579589e-6
1.5128947486601906e-6
1.4487558537947628e-6
1.3602346047992466e-6
1.304858648556738e-6
1.222835815116502e-6
1.1754909106538847e-6
1.0991555978823694e-6
1.0591933414540288e-6
9.87806635672777e-7
9.54654834344641e-7
8.875418181518472e-7
8.606969158925036e-7
7.972396510252492e-7
7.762607788314779e-7
7.158915331566478e-7
7.003947033136919e-7
6.42590423962555e-7
6.322436479383905e-7
5.765203330480581e-7
5.710392228696628e-7
5.169473018259284e-7
5.160909906117171e-7
4.6321079120135163e-7
4.6677864944235096e-7
4.147164844557277e-7
4.2254486700550433e-7
3.7092931867881365e-7
3.8288913894037037e-7
3.3136777757012874e-7
3.473617625610405e-7
2.955978921693083e-7
3.1555891690282816e-7
2.632290736432971e-7
2.8711813910873983e-7
2.3390912112092885e-7
2.617141267180159e-7
2.0732083453066983e-7
2.3905513402810974e-7
1.831779856080491e-7
2.1887939477057296e-7
1.6122243939309416e-7
2.009523087938832e-7
1.4122108258449958e-7
1.850637732403163e-7
1.2296340697084895e-7
1.710256950767171e-7
1.0625903275234493e-7
1.5866979818198353e-7
9.09356714750265e-8
1.478458499407451e-7
7.683742784325232e-8
1.3841980784425275e-7
6.382288034991343e-8
1.3027220923540439e-7
5.1763398096023625e-8
1.2329687207735069e-7
4.054233443140493e-8
1.1739972088498861e-7
3.0053166583242315e-8
1.1249732746290712e-7
2.0198212494118425e-8
1.085124680493168e-7
1.0857776028056206e-8
1.0513553654834477e-7
1.3011100618285262e-10
9.172310064607068e-9
7.071496797333565e-8
2.9484527750308356e-7
8.956320454129679e-7
2.219079790266225e-6
4.773172042118093e-6
9.257558315409619e-6
0.000016581399763785483
0.000027893662108161194
0.00004458541481250512
0.00006832104766229036
0.00010102181090334028
0.0001448995200717409
0.0002024192623487356
0.0002763385381750102
0.0003696486853194718
0.0004856236638465594
0.0006277413409736421
0.0007997468043217789
0.001005555683107848
0.0012493365659229285
0.001535398645379762
0.0018682963423736075
0.0022527026699073922
0.0026935366567506142
0.0031958221383216693
0.003764835414278457
0.0044059470757734885
0.005124784024238199
0.005927049863936659
0.006818692438615943
0.007805696619931352
0.008894246291680053
0.010090482352074168
0.0114006469607381
0.01283079955164679
0.01438693154380495
0.016074634490692966
0.01789917575604329
0.01986511595789891
0.021976340630878378
0.0242356290231042
0.026644643468856213
0.029203458097694507
0.0319105159473185
0.03476213341639247
0.03775244390312513
0.040872900597970975
0.04411223318262703
0.047455976475510954
0.05088647217401888
0.05438245304812322
0.057919124239240984
0.06146783209471135
0.06499625941188239
0.06846820541691723
0.07184392750361066
0.07508005546541245
0.07813010969357483
0.08094456937856105
0.08347159402671556
0.08565726166418768
0.08744651583318538
0.08878358415755642
0.08961316432846467
0.08988102294561418
0.08953541840158309
0.08852786175629763
0.08681474937664467
0.0843582398824247
0.08112803416484542
0.07710228561349117
0.07226942183309201
0.06662896303435556
0.06019323392053838
0.052987924354270494
0.0450535003750468
0.03644531211912119
0.027234491150458964
0.0175074049580971
0.007365835907890017
-0.0030743891083367886
-0.013684094510273784
-0.02432305063367381
-0.03484160746824342
-0.04508389745725124
-0.05489033609163703
-0.06410156772945923
-0.07256160276356376
-0.08012218031085677
-0.08664615484898035
-0.09201180896260436
-0.09611598359372431
-0.09887779063306916
-0.10024093650740303
-0.10017629085960421
-0.09868290970113328
-0.09578903030102566
-0.09155146425611368
-0.08605480371615445
-0.07940910671462639
-0.07174738248303293
-0.063221785481199
-0.05399974171876454
-0.044259141213959914
-0.034183707039691376
-0.023957864208832547
-0.013762080688835965
-0.0037681468598514067
0.005864799455338751
0.014993939868912225
0.023495512377515505
0.03126699705460892
0.038228319771045516
0.04432241494264338
0.04951489580630037
0.05379313879137566
0.057164681812439826
0.05965519764832857
0.061306055840419905
0.0621716710216755
0.06231672542671697
0.061813383645418524
0.06073862834539622
0.05917174605900968
0.05719210993002068
0.0548772006327165
0.052301019112691895
0.0495327549300619
0.046635868369180024
0.043667389219197605
0.04067759804026158
0.037709850576343
0.034800723472880324
0.031980216997825384
0.029272208759951103
0.02669488300450827
0.024261346278981445
0.021980152666344906
0.01985596451239757
0.017890076463737314
0.01608104026691966
0.014425125936379023
0.012916863651571745
0.011549411147722562
0.01031499312064013
0.009205166970553387
0.00821115929347589
0.007324037029621101
0.006534952097952044
0.005835232976022286
0.005216553902026012
0.004670964742409574
0.004191002314209746
0.003769675902737404
0.0034005368338290098
0.0030776346942500204
0.002795558621152409
0.0025493762459209033
0.0023346571531916065
0.002147403510196607
0.001984063310197688
0.0018414589439546033
0.0017167954407633363
0.0016075910447449183
0.001511683782620429
0.0014271664430600829
0.0013523934123318225
0.0012859212651779243
0.0012265168441786712
0.0011731038694540697
0.0011247726066252062
0.0010807323977532909
0.0010403228814517636
0.0010029720561341815
0.000968208808370134
0.0009356259780573729
0.0009048938600606663
0.0008757276932071258
0.000847901781250358
0.0008212208413495494
0.000795534412430961
0.0007707115427885835
0.0007466551973022168
0.0007232798240372678
0.0007005255235130065
0.0006783380957419904
0.000656682786870967
0.0006355264790956856
0.000614850876449186
0.0005946365547780098
0.0005748754891596326
0.0005555567289861188
0.0005366782022565976
0.0005182338223870699
0.0005002245301251007
0.00048264667290031776
0.00046550226606111413
0.0004487885124870515
0.00043250728142210675
0.00041665565844037995
0.0004012346500461818
0.0003862406728330326
0.00037167350143354214
0.00035752861955139914
0.00034380443257455454
0.00033049541689744055
0.00031759862091505325
0.00030510755899016963
0.0002930180263826181
0.0002813226912269013
0.0002700162492845206
0.00025909067522322555
0.00024853974144912485
0.0002383548958858468
0.0002285291682775427
0.0002190536456267068
0.00020992078777167807
0.000201121477124562
0.000192647762112336
0.0001844904618523985
0.00017664135367418697
0.0001690913172356572
0.0001618319801072542
0.00015485438789654066
0.0001481501202097687
0.00014171047693535015
0.00013552707318720107
0.0001295915342339778
0.00012389557763165153
0.00011843121090255247
0.00011319030503855406
0.00010816529356380496
0.0001033482391881873
0.00009873203370226788
0.00009430895759993058
0.00009007238386321368
0.00008601482733877432
0.00008213015682741469
0.00007841112951404603
0.00007485211822997669
0.0000714461235294503
0.0000681880252911105
0.0000650710625288532
0.00006209062100114448
0.00005924016888753765
0.0000565155936179651
0.0000539105786979597
0.00005142150694370497
0.00004904226063402559
0.00004676971044249151
0.00004459791800435005
0.00004252423316326515
0.00004054287596442064
0.000038651666290821486
0.00003684496014956674
0.00003512103830731558
0.0000334743693729836
0.000031903686035300856
0.000030403545430307073
0.00002897312415644716
0.000027607042494495426
0.000026304914164425956
0.000025061396909091517
0.00002387653584007522
0.000022745000019100088
0.000021667261864383863
0.000020637975033212056
0.000019658036279053533
0.000018722057386942886
0.00001783135800571247
0.000016980480955845795
0.000016171169105593913
0.000015397869183551513
0.000014662749108618698
0.000013960131892009123
0.000013292614342901751
0.000012654368036036598
0.000012048424130473005
0.000011468774397661142
0.000010918891606448518
0.000010392559097338965
9.893700667855966e-6
9.415861821246355e-6
8.96342863873206e-6
8.529678531317109e-6
8.119473543630167e-6
7.725791882787126e-6
7.35398728928633e-6
6.9967067278897546e-6
6.65981335367889e-6
6.335589734445082e-6
6.030428460226839e-6
5.736213754736549e-6
5.459889833711415e-6
5.192906892696066e-6
4.942785805172829e-6
4.700505576991057e-6
4.474190446371502e-6
4.254309756067742e-6
4.049621054408668e-6
3.850043603259573e-6
3.665000281022083e-6
3.4838184454798966e-6
3.3166210684006766e-6
3.1520990652870897e-6
3.001113315245708e-6
2.851672043635026e-6
2.715414811330579e-6
2.5796179964615706e-6
2.4567436985722144e-6
2.3332846473360714e-6
2.2225730970287308e-6
2.1102637665826875e-6
2.010609444682311e-6
1.9083691051138004e-6
1.81877037296988e-6
1.725615746266797e-6
1.6451660968234441e-6
1.560203075904699e-6
1.4880824121220102e-6
1.4104968085661506e-6
1.3459637731180695e-6
1.275014968897316e-6
1.2174001254474766e-6
1.1524135052340925e-6
1.101112592574606e-6
1.0414734355852777e-6
9.959416888357493e-7
9.410897486430484e-7
9.008368857076735e-7
8.502609331627e-7
8.148457966953449e-7
7.680789741872453e-7
7.371058491111617e-7
6.937212065734098e-7
6.66835185634587e-7
6.264419780765008e-7
6.033261882873033e-7
5.655662600430747e-7
5.459378557958415e-7
5.104820199818268e-7
4.940898859865375e-7
4.606351501810904e-7
4.472566570174819e-7
4.155236532431093e-7
4.049627842874439e-7
3.746928396055279e-7
3.6677786332372544e-7
3.3773133988788035e-7
3.3231259595621764e-7
3.042660547242409e-7
3.0121466176302893e-7
2.7395942932081584e-7
2.7316548442493566e-7
2.465058076022495e-7
2.478768794318567e-7
2.2162785392442158e-7
2.250883470366918e-7
1.9907515005163207e-7
2.0456452528682384e-7
1.7862054577395043e-7
1.86093056578986e-7
1.6005846132264437e-7
1.6948139715529287e-7
1.4320234772351495e-7
1.5455621264446965e-7
1.2788348011616628e-7
1.411610893700755e-7
1.1394877857417118e-7
1.2915417600803545e-7
1.0125957307987881e-7
1.1840864787096425e-7
8.969019330429051e-8
1.0880894034033964e-7
7.912647437779766e-8
1.0025205634534421e-7
6.946487093285712e-8
9.264418934669579e-8
6.06114054112177e-8
8.5902220807638e-8
5.2480811247806895e-8
7.99505058705838e-8
4.499520224429987e-8
7.47216059481331e-8
3.8083952828134355e-8
7.015489734914161e-8
3.168283491222103e-8
6.619617556611643e-8
2.5732856475090645e-8
6.279707653637938e-8
2.0180507152131232e-8
5.991430101150325e-8
1.4976541358610845e-8
5.750964344029652e-8
1.0075955422819874e-8
5.554718172556577e-8
5.421766567192304e-9
5.3874403998502445e-8
6.644987885772115e-11
4.9307323588631885e-9
3.7921930320011256e-8
1.5872879151781414e-7
4.83428133092032e-7
1.2030116341783045e-6
2.5987052915871154e-6
5.06605866375853e-6
9.120895411250915e-6
0.00001542930917400105
0.00002479901248001232
0.00003821528346629765
0.00005681151114924763
0.00008191100125404156
0.00011497066485918932
0.00015762910470886973
0.00021161858988967726
0.0002788210274628659
0.0003611453710353884
0.00046059469559879725
0.0005791086241017001
0.0007186464342268699
0.0008809965242202624
0.0010678819233529363
0.0012807408828302068
0.0015208620568318459
0.0017891416514223995
0.0020862556226288655
0.0024123991344561575
0.0027675021435335442
0.003150955915141925
0.003561876130703821
0.00399881872536875
0.004460091181527063
0.004943456134145249
0.0054464871959317524
0.005966254292346278
0.006499716146000816
0.007043377348830703
0.007593706873972033
0.008146754956218902
0.008698587123638081
0.009244850302411707
0.009781215717969952
0.010302888689161262
0.010805061066971268
0.011282367070893034
0.011729355094609923
0.01213990052816149
0.012507715081880446
0.012825734032607485
0.013086685859642823
0.013282473286947183
0.013404825007508742
0.013444686172995605
0.013392967125752053
0.013239950504918009
0.012976141032068898
0.012591685863303894
0.012077317895130044
0.011423777047727771
0.010622830932233955
0.009666680664702429
0.008549039685457319
0.007264510112730778
0.00580970361845777
0.004182582471802604
0.002383613720168652
0.00041507974732867724
-0.0017177354865368045
-0.004007253320243142
-0.00644238094737629
-0.00900922237087445
-0.011689832317055013
-0.014462929883101
-0.017302653102039153
-0.02017929950096972
-0.023058141440906583
-0.025900253767766897
-0.02866148886609456
-0.031293489073556766
-0.03374295360113992
-0.035952958579104265
-0.03786266009162313
-0.03940904141723853
-0.040527171702814384
-0.041152454281526724
-0.04122148855844845
-0.04067479967731501
-0.039458232895754494
-0.03752601149292007
-0.034842444704815734
-0.03138501208906583
-0.02714602021297728
-0.022135286035312788
-0.016381276747791548
-0.00993290610754786
-0.002859678534583721
0.004747842414068779
0.01277926231814605
0.021105491351839156
0.02958150307952201
0.038049082039854444
0.0463409702539637
0.05428491459628753
0.06170873968645
0.06844508516013424
0.07433668895834544
0.07924101121421091
0.08303489581642845
0.08561825000038151
0.08691731757337029
0.08688674138151643
0.08551092311395388
0.08280410762933534
0.07880966552908798
0.07359822704578019
0.06726511337786294
0.05992691502466271
0.05171761868308719
0.0427842816761875
0.033282579837413256
0.023372323866905756
0.01321316221491122
0.0029606141579956915
-0.007237478631878179
-0.017243922217514876
-0.02693460879150394
-0.036200261910396554
-0.04494765811026077
-0.053100160996926306
-0.060597836166419686
-0.06739697045704868
-0.07346933324131999
-0.078800978132662
-0.08339096393880538
-0.08724975846238466
-0.09039772239643759
-0.0928633981040559
-0.09468200342495532
-0.09589381832090949
-0.09654285856184809
-0.09667549365373533
-0.09633939342058669
-0.0955824387062745
-0.09445196999358589
-0.0929939971368997
-0.09125273391140341
-0.08927007698133518
-0.08708538363621439
-0.08473517141221226
-0.08225308499110001
-0.0796697623092363
-0.07701293619218752
-0.07430741587882993
-0.07157527511714541
-0.06883590583138441
-0.06610625361399575
-0.06340090981964386
-0.06073236522385538
-0.058111116195505665
-0.055545916295530705
-0.05304388032378398
-0.05061072108706784
-0.04825084159418285
-0.04596754995286171
-0.043763134789076084
-0.041639055334425905
-0.03959599846446793
-0.037634043778194334
-0.03575270276712179
-0.03395106036967893
-0.03222779799956764
-0.030581313959173316
-0.029009732635226645
-0.02751100652496123
-0.026082914066291246
-0.02472314605530754
-0.02342929447865179
-0.02219892592390641
-0.02102956354249009
-0.019918749772892735
-0.01886402325807601
-0.01786297288356923
-0.016913211157903306
-0.016012421249946708
-0.015158328042316356
-0.014348739557458754
-0.013581516627481114
-0.012854609843212302
-0.01216602855583329
-0.011513874262669626
-0.010896309463366604
-0.010311588217935026
-0.009758025228669828
-0.009234024155336019
-0.008738047169881144
-0.008268641500076503
-0.007824409609386938
-0.007404034343676385
-0.00700624981616039
-0.006629865462466672
-0.006273737653538993
-0.0059367929069470814
-0.005618000212762844
-0.005316393604782638
-0.0050310451527430505
-0.004761087066273067
-0.004505685287627562
-0.004264061274469175
-0.004035466109758083
-0.0038192020951574646
-0.003614597284191131
-0.003421027003646488
-0.003237888706601468
-0.0030646235361687676
-0.0029006913867133145
-0.002745592614360813
-0.002598843194287383
-0.002459996682321461
-0.0023286193525701286
-0.0022043125061997557
-0.0020866874768522
-0.001975388382146797
-0.0018700668822937698
-0.0017704054694111934
-0.0016760918641205139
-0.001586842941238536
-0.001502378641636227
-0.0014224466406632394
-0.0013467956494471116
-0.0012752009349796536
-0.0012074368813753211
-0.0011433034755157286
-0.0010825979972868397
-0.0010251425864570213
-0.000970754929931755
-0.0009192770267155319
-0.0008705447394919403
-0.0008244178817441441
-0.0007807484927042583
-0.0007394123762577744
-0.0007002759559293306
-0.0006632294031962673
-0.0006281519188024152
-0.0005949465953211336
-0.0005635039706871182
-0.0005337387731173919
-0.0005055515846123415
-0.00047886762569942
-0.0004535963623871377
-0.00042967249382911814
-0.0004070133253013474
-0.0003855621364059984
-0.00036524313169340126
-0.0003460073767986753
-0.0003277851270767263
-0.0003105345333204847
-0.00029419113607902415
-0.00027871955229847505
-0.00026405991518118835
-0.0002501827638587199
-0.00023703219687524468
-0.0002245841993490244
-0.00021278626364758019
-0.00020161940489734687
-0.00019103398921085574
-0.0001810157014627284
-0.00017151730431594635
-0.00016252884178344858
-0.00015400503550149302
-0.00014594002240945805
-0.00013829007943020875
-0.000131053212010095
-0.00012418687766460864
-0.00011769276330568846
-0.00011152915758550703
-0.00010570127665834867
-0.0001001679128913821
-0.00009493769105975573
-0.00008996959778512307
-0.00008527557459389227
-0.00008081450899085199
-0.00007660159579387387
-0.00007259534271331705
-0.00006881415877830536
-0.00006521590024274525
-0.00006182217639595682
-0.00005858992941115917
-0.0000555439778274187
-0.000052640091414513286
-0.00004990632757102487
-0.00004729703090273769
-0.000044843549106433816
-0.00004249854843378346
-0.0000402967380195721
-0.000038188855148209136
-0.000036213061403522926
-0.00003431790979567591
-0.00003254512569647945
-0.00003084082150507292
-0.00002925041587747455
-0.00002771731688971339
-0.00002629078710550661
-0.000024911261595267786
-0.000023632015872023053
-0.00002239023333033636
-0.000021243391597061337
-0.000020125136310450403
-0.000019097356471409652
-0.000018089860635135805
-0.000017169179167143772
-0.000016260972346886293
-0.000015436662004935837
-0.00001461743636631236
-0.000013879881350005734
-0.000013140372368032906
-0.000012480953598616972
-0.00001181283135132715
-0.000011223824684555853
-0.000010619595624164512
-0.000010094081452979283
-9.547003760776284e-6
-9.078784553408003e-6
-8.582788061502958e-6
-8.166316141631675e-6
-7.715932696265568e-6
-7.34624330852647e-6
-6.936544981921641e-6
-6.609199445321287e-6
-6.23574093640992e-6
-5.9467722977920946e-6
-5.605540624967669e-6
-5.351407503218237e-6
-5.0387761139170944e-6
-4.816319552671005e-6
-4.52900803628584e-6
-4.335415806771256e-6
-4.07045222759338e-6
-3.90322269499021e-6
-3.657911609683372e-6
-3.514824608774978e-6
-3.2867157950907118e-6
-3.1658062235296057e-6
-2.9526691350136936e-6
-2.8522012452551964e-6
-2.651999495996089e-6
-2.5704469892481325e-6
-2.3813172168530437e-6
-2.317343605307273e-6
-2.1375758560272975e-6
-2.0900165391768853e-6
-1.9180359183004415e-6
-1.8858844112851715e-6
-1.720235451560471e-6
-1.7026283853870294e-6
-1.5419594761612746e-6
-1.5381648257471692e-6
-1.381215712276934e-6
-1.3906235856487186e-6
-1.2362131292346593e-6
-1.258324839288407e-6
-1.1053391529618243e-6
-1.1397600964901201e-6
-9.87143063384606e-7
-1.0335752435817363e-6
-8.803188088844917e-7
-9.385549986904471e-7
-7.836916217034381e-7
-8.536089771252608e-7
-6.962022919050571e-7
-7.777587384690491e-7
-6.168970555891741e-7
-7.101264276276287e-7
-5.449154443833476e-7
-6.499250374460527e-7
-4.794819146343149e-7
-5.964499308844107e-7
-4.1989635001669644e-7
-5.490697453188768e-7
-3.6552653681871457e-7
-5.072202852748195e-7
-3.158024324018226e-7
-4.7039747677353927e-7
-2.7020703185749715e-7
-4.3814935570461937e-7
-2.2827270904343812e-7
-4.100746994308381e-7
-1.895756814025769e-7
-3.8581477033616994e-7
-1.537303365214082e-7
-3.650527323261155e-7
-1.2038821012556766e-7
-3.475054115056472e-7
-8.922913883909974e-8
-3.3292376163630357e-7
-5.996232419348495e-8
-3.210765318456831e-7
-3.2229677411489146e-8
-3.110435175646959e-7