8.711482204420174e-8
6.969080469102238e-7
3.5917366399535726e-6
0.00001131562988352266
0.00002760356812633332
0.000057147843021168444
0.00010569381337439918
0.00017994559316047588
0.0002875861078512489
0.00043721147050724705
0.0006383200351807478
0.0009012524021922599
0.001237162071284804
0.0016579532925915554
0.002176238108284736
0.002805268708479258
0.0035588831642931486
0.004451430707945376
0.005497707619909168
0.006712874795262366
0.008112385065400792
0.009711893086974616
0.011527175508998655
0.013574033799219095
0.015868208950498456
0.01842527838336684
0.021260567224946014
0.02438904088749547
0.02782521528200473
0.03158304704754127
0.035675845333371634
0.040116161920440215
0.04491570739068509
0.05008524352436923
0.05563450675665
0.06157210524420941
0.06790545247960297
0.07464067129419047
0.0817825403577261
0.08933440712133081
0.09729814967285894
0.10567410022500574
0.11446102442765989
0.12365605647691655
0.1332546975089239
0.14325076275685095
0.15363640007925106
0.16440204884703563
0.17553647901914088
0.18702676064185297
0.1988583232217202
0.2110149339312694
0.22347877641468153
0.23623043510967665
0.24924899214995191
0.2625120147452596
0.27599566862195546
0.28967470526549655
0.30352259045990176
0.31751148847347693
0.331612404767701
0.3457951649195446
0.36002857144290445
0.37428037632305644
0.3885174530113256
0.4027057627410096
0.41681054392053096
0.4307962736799698
0.4446268778586262
0.4582656902511269
0.4716756869315905
0.48481944621673845
0.49765941102181027
0.5101578525021893
0.5222771634203099
0.5339798277312825
0.5452287465772656
0.5559872148004754
0.5662192792734149
0.5758897215751874
0.5849644460684698
0.5934104659275184
0.6011963158789683
0.6082920366226701
0.6146696046907119
0.620302908292717
0.6251681845805496
0.6292439783518716
0.6325115754293215
0.6349549347572789
0.6365611058947058
0.6373201250840724
0.6372254052131116
0.6362735875385832
0.634464893920187
0.6318029279563416
0.6282949816291106
0.6239517823297372
0.6187877488512715
0.6128206836436654
0.6060719758085077
0.5985662403910375
0.5903314681918025
0.5813986156091789
0.5718017024720621
0.5615773568662668
0.5507648629831617
0.5394056658666405
0.5275433719929036
0.5152232196044866
0.5024920360614019
0.48939768102247394
0.4759889670375396
0.462315085592767
0.44842550096816913
0.43436937280650645
0.420195437346847
0.4059514438448055
0.39168404082887426
0.3774382461986501
0.36325735792200803
0.3491824778657186
0.33525246546164134
0.32150353269435955
0.30796925548480675
0.2946802519407553
0.28166426008047957
0.26894590432857857
0.25654684087305485
0.2444856097757346
0.23277784210163552
0.22143618825459138
0.21047057525453294
0.1998881970222599
0.1896938065757473
0.1798897514642461
0.17047628442282647
0.16145162694765722
0.15281228281789583
0.14455311445806568
0.13666764612854457
0.12914814057747373
0.12198588192878312
0.1151712435073627
0.10869394388763717
0.1025431001195735
0.09670745356763542
0.0911754056881847
0.08593521290158189
0.08097500437356848
0.07628294710561648
0.07184724680454466
0.06765628565842796
0.06369860839348236
0.0599630359137438
0.056438639151690194
0.05311483201396743
0.04998133576076182
0.047028254646303065
0.04424603343429734
0.04162551886593841
0.03915791263819628
0.03683482146602683
0.03464820749630849
0.0325904293227581
0.03065419143661146
0.028832578148115278
0.0271190033213725
0.025507238782857808
0.023991365272303694
0.022565796590698333
0.0212252324306068
0.019964679238495934
0.01877940536798071
0.017664959403111243
0.01661712790376168
0.01563195175339333
0.014705686631865954
0.01383481780723629
0.013016023371471912
0.012246187784722895
0.01152236783754244
0.010841805171689577
0.01020189488279214
0.009600197178653753
0.009034408503849551
0.008502372450048442
0.008002053264633132
0.007531546093834571
0.007089052727733059
0.006672891232908516
0.006281473783409124
0.005913315722680839
0.00556701533220633
0.005241262350765438
0.004934819537857224
0.004646530670397282
0.004375303765556102
0.0041201185697119546
0.003880011314097063
0.0036540817073770606
0.0034414791068719816
0.003241409023919571
0.003053120602991167
0.002875912647584798
0.0027091223089928743
0.0025521306395475344
0.0024043524019208206
0.002265241155896482
0.002134280107778978
0.0020109867363389974
0.001894904610112986
0.0017856075576646033
0.0016826923882437726
0.0015857826109614832
0.0014945220014448168
0.0014085778738960229
0.001327635443048469
0.0012514006523492037
0.0011795952867186671
0.0011119593592453457
0.0010482469360126676
0.0009882280827245523
0.0009316853682280896
0.0008784153713917019
0.0008282258349589918
0.0007809367317907678
0.0007363780453719118
0.0006943903931979212
0.0006548234146665594
0.0006175359479475936
0.0005823950101559436
0.0005492755224917759
0.0005180598715515001
0.0004886371758657549
0.00046090342098760494
0.0004347602587935897
0.0004101157126284304
0.0003868824988650871
0.0003649793019087371
0.00034432860553897966
0.00032485854101448394
0.0003065002136347732
0.00028919013056704615
0.0002728670058664097
0.00025747477799068424
0.00024295887420243282
0.00022926983107073024
0.00021635899673753408
0.0002041827710478409
0.00019269772159550668
0.0001818654634965133
0.00017164716242259784
0.00016200907745970202
0.00015291642148189966
0.00014433959404007546
0.00013624736641480614
0.0001286138350776968
0.00012141089557756098
0.00011461595082982593
0.00010820363462510776
0.0001021543128497443
0.00009644501384385941
0.00009105876466141244
0.0000859746817331984
0.00008117818845583262
0.00007665021561676165
0.00007237835098342374
0.00006834509470466028
0.00006453999617384173
0.000060946905114324584
0.00005755715584020276
0.00005435574994695185
0.000051335653204985106
0.00004848284068975155
0.0000457917769484787
0.000043249248992110024
0.00004085110609736673
0.0000385848003233201
0.00003644746837624551
0.00003442709317963493
0.00003252201667117668
0.000030720629415331646
0.000029022410048288765
0.000027416042952271364
0.000025902087344753728
0.000024469415602694053
0.000023119622742403275
0.00002184167005146825
0.000020638153961238318
0.0000194980311878783
0.0000184248747923784
0.000017407548006126684
0.00001645058464977038
0.000015542669183637324
0.000014689288658181106
0.00001387886624201705
0.000013117842545624974
0.000012394298896770838
0.000011715637264664885
0.000011069517821372114
0.000010464318848781943
9.88720059540169e-6
9.347539525024719e-6
8.8319170943306e-6
8.35073655961813e-6
7.889921002000956e-6
7.46093571129482e-6
7.048964508048892e-6
6.666576530487845e-6
6.298133584403308e-6
5.957357046175647e-6
5.627701532367264e-6
5.324095671583315e-6
5.028998754359161e-6
4.758608398803253e-6
4.494296933731357e-6
4.253599574125938e-6
4.0167060150362805e-6
3.802564736877914e-6
3.5900825533785922e-6
3.399704176658265e-6
3.20894816921947e-6
3.039846018295121e-6
2.868416983031166e-6
2.718377770603748e-6
2.564131029869671e-6
2.4311854020126025e-6
2.2922027708398657e-6
2.174599107942296e-6
2.049163914217618e-6
1.9453450273353346e-6
1.8319198446953336e-6
1.740502249591453e-6
1.6377090433318191e-6
1.5574645308933826e-6
1.4640669488077832e-6
1.3939061966875395e-6
1.3087937630660891e-6
1.247751767333748e-6
1.1699257722482117e-6
1.1171489018139247e-6
1.045709795387302e-6
1.0004442909816768e-6
9.34580415920382e-7
8.961621780590455e-7
8.351396885496403e-7
8.02985215623998e-7
7.461390538172077e-7
7.197374065113287e-7
6.66463213374702e-7
6.453688966650148e-7
5.9511575584333e-7
5.789424200583279e-7
5.312063391176416e-7
5.196212152226285e-7
4.739392585383955e-7
4.666582495174115e-7
4.2260325282829634e-7
4.1938661444855747e-7
3.7656240786984066e-7
3.772109569518845e-7
3.3524804225609256e-7
3.395998420533638e-7
2.9815146709583466e-7
3.060789390165787e-7
2.648175227500938e-7
2.762249452521462e-7
2.3483881124453715e-7
2.4966016836607287e-7
2.07850545188938e-7
2.260476910366482e-7
1.835259486633177e-7
2.050870615804224e-7
1.6157215005794537e-7
1.8651044945555344e-7
1.4172651076398082e-7
1.700792150856033e-7
1.237533457972931e-7
1.5558085355151315e-7
1.0744099078305911e-7
1.4282626751129077e-7
9.259918066532246e-8
1.316473366509653e-7
7.905670457265148e-8
1.2189475269329988e-7
6.665930381365098e-8
1.134360864314596e-7
5.5267793961760436e-8
1.0615406931625313e-7
4.475637666645599e-8
9.99450610392341e-8
3.501113177986167e-8
9.471768652452121e-8
2.5928651202498646e-8
9.039157224230988e-8
1.7414418941436067e-8
8.689304940988521e-8
9.356091635349208e-9
8.395030569802994e-8
-1.7758248511876524e-7
-1.4206318891057347e-6
-7.319337642739667e-6
-0.00002305112081032821
-0.00005620695197683149
-0.00011630435546163746
-0.00021496835845712572
-0.0003657212789180827
-0.0005840019451538177
-0.0008870058729946607
-0.001293632790034189
-0.0018243291658165803
-0.0025009887600732335
-0.0033467807839151075
-0.004386012630999903
-0.005643936493043974
-0.007146579030306993
-0.008920523630420044
-0.010992710983119441
-0.013390197076943229
-0.01613992934259988
-0.01926848290617204
-0.02280181829626927
-0.02676500060068553
-0.03118194621082681
-0.03607513130600336
-0.041465336426847146
-0.04737135205144712
-0.053809730784166496
-0.060794498669946205
-0.06833692541759147
-0.07644525056922967
-0.0851244824793189
-0.09437614858823301
-0.10419813387724612
-0.1145844643078301
-0.1255251951161333
-0.13700623588900393
-0.14900929818128983
-0.16151176951890314
-0.17448672817524974
-0.18790287139430673
-0.20172460251635058
-0.2159120157606861
-0.230421057171566
-0.24520356447154368
-0.2602074987154715
-0.2753770334453881
-0.2906528490736074
-0.30597226162252533
-0.321269567636754
-0.33647620025002367
-0.3515211099576634
-0.3663309357090829
-0.3808304071444339
-0.3949425216315821
-0.40858895703935233
-0.42169025214182915
-0.4341662252475973
-0.4459361642024304
-0.4569192537832569
-0.46703479068924375
-0.4762026293225869
-0.4843434441674472
-0.4913792069961511
-0.4972335215807286
-0.5018321436633543
-0.5051034096742386
-0.5069788034353039
-0.507393491581369
-0.5062869288762073
-0.5036034998904627
-0.4992931401229745
-0.4933120685695345
-0.4856233870936755
-0.47619787422563953
-0.4650145125592852
-0.45206130220696056
-0.4373356567256514
-0.42084518610352784
-0.40260789654753726
-0.3826528883670708
-0.3610202946329043
-0.3377618399775099
-0.3129404591248971
-0.2866306703819848
-0.25891782951051
-0.22989828881354338
-0.19967826662619598
-0.1683737904859933
-0.13610919734123447
-0.103016895249019
-0.06923554993149328
-0.03490973720336311
-0.0001879089415647675
0.034777962502495
0.06983452304244889
0.10482729026484511
0.13960278296318238
0.1740085808190174
0.20789536123536995
0.24111671880596525
0.2735310783698521
0.30500128740322785
0.33539643215092263
0.364591270275764
0.39246801879278087
0.41891572197616805
0.4438320873797897
0.4671228718255137
0.48870380852226764
0.5085000432721071
0.5264481311075605
0.5424954826686251
0.5566023359162896
0.5687411058048304
0.5788981833938771
0.5870730465733268
0.5932797268489005
0.5975455498461698
0.5999121458327191
0.6004337440130018
0.59917767609428
0.596222230644854
0.5916566872211657
0.5855788211738233
0.5780945836157942
0.569315409791134
0.5593577081873584
0.5483401530710533
0.5363831564476036
0.5236063158737732
0.5101280194796042
0.49606318204964
0.48152308757508494
0.4666134934854432
0.45143476143191447
0.4360803552119586
0.42063726100868687
0.4051848592477831
0.38979559816968534
0.3745341889195689
0.359458474027735
0.34461887924491813
0.33005941028737945
0.31581729196094516
0.30192402913988386
0.28840516976955133
0.27528137550350584
0.2625682562858334
0.250277408701952
0.23841628273673665
0.22698915892166832
0.21599702025376172
0.20543845087921397
0.19530949672940867
0.18560447789921913
0.1763158297770223
0.16743482823229128
0.15895140888658066
0.15085480890997305
0.14313336589566036
0.13577508286608211
0.12876741040106643
0.12209774282510183
0.11575318823143116
0.10972100418529684
0.10398836047034647
0.09854272235431312
0.09337161057044123
0.08846293952611342
0.08380477844780136
0.0793856510664161
0.07519430116180763
0.071219959363037
0.0674521156280079
0.06388075793386797
0.06049615357911346
0.05728906375455827
0.05425053499112571
0.051372092913483436
0.04864554468493106
0.046063154661374055
0.043617458305929245
0.041301421970467024
0.039108268457814885
0.03703162275689085
0.03506534920845157
0.03320368469101895
0.03144108718535599
0.029772357644781786
0.0281924996405854
0.026696830937558712
0.02528085382983793
0.02394035727230607
0.02267129747237702
0.021469891289463326
0.020332506629928852
0.019255747715794018
0.018236354826291965
0.01727128194542508
0.016357605404645356
0.015492594344481182
0.01467362782972522
0.013898258498897576
0.013164137747859666
0.01246907288869753
0.01181096002528993
0.01118783499785036
0.010597813605116434
0.010039136571820505
0.009510116804161828
0.009009178580964476
0.008534811563400729
0.00808560437778425
0.007660205133835583
0.007257349537529753
0.006875827704742494
0.0065145069144282655
0.006172304537155492
0.0058482055126259
0.005541241244229539
0.0052505018590464445
0.004975120951524443
0.0047142826590349605
0.004467212167071788
0.004233177610939881
0.00401148628501365
0.003801481355094509
0.003602543744812551
0.0034140836203022996
0.003235547954699649
0.0030664067229894706
0.0029061661748159243
0.0027543496532201383
0.002610516634415584
0.002474238059356378
0.0023451212285731105
0.0022227795102607775
0.0021068632072966413
0.0019970234795017886
0.0018929493297372617
0.0017943255520785244
0.0017008760125875712
0.0016123154077195042
0.0015283990470602766
0.0014488681783953504
0.0013735065088973694
0.001302078824897845
0.0012343945207494396
0.0011702392103287503
0.0011094455654581381
0.0010518175851344214
0.000997209079232916
0.0009454402282432512
0.0008963840833306153
0.0008498750155842366
0.0008058036388099068
0.0007640167118263899
0.0007244209294903381
0.0006868738028027249
0.0006512968035632641
0.0006175567068334938
0.0005855886175799856
0.0005552672174339178
0.0005265402463947278
0.0004992890497425773
0.00047347313585586424
0.00044897937186205185
0.0004257782880121092
0.0004037612198747484
0.0003829090819595238
0.0003631167018120479
0.00034437484073218883
0.0003265809084164448
0.00030973506723475395
0.0002937364566021711
0.0002785942790177174
0.0002642085994420215
0.00025059737799105553
0.00023766084229599212
0.00022542550058912486
0.00021379101388057455
0.0002027922971878979
0.00019232774295696505
0.00018244059640268244
0.0001730273001522994
0.00016413941404032651
0.00015567076516375333
0.00014768127094096938
0.0001400614869219459
0.00013287978728236875
0.00012602280499663572
0.00011956752442923916
0.00011339600556461281
0.00010759404949265664
0.00010203848836875143
0.00009682419886021532
0.00009182212174352982
0.00008713651982387364
0.00008263176643154403
0.00007842187272967797
0.00007436395122774352
0.00007058217597527089
0.00006692568450577194
0.00006352928026165692
0.00006023338676771525
0.0000571839574400454
0.00005421193362243482
0.00005147499363090681
0.00004879379595167052
0.000046338374983542294
0.000043918268485426025
0.000041716555976870836
0.0000395307757913523
0.00003755780261269601
0.00003558225149781441
0.00003381560393006294
0.000032028578534898074
0.000030448141703688443
0.000028830088269197778
0.000027417815372041568
0.000025951108712685565
0.000024690814916103296
0.0000233595611667722
0.00002223673737198486
0.000021026595257224884
0.000020028242032553327
0.00001892626305425449
0.00001804074101712616
0.000017035225620598178
0.000016252121631297658
0.00001533248907961045
0.000014642496157334603
0.000013799168208729375
0.000013193977361064944
0.000012418272772149556
0.000011890477057907563
0.000011174516942733262
0.000010717524440707122
0.0000100541468814784
9.662103275286447e-6
9.044786251067691e-6
8.712505781667571e-6
8.135297599678754e-6
7.858200743845805e-6
7.315657417775439e-6
7.089715905694995e-6
6.5768438073503985e-6
6.39853081813672e-6
5.910735395980418e-6
5.776981395950654e-6
5.310020698355172e-6
5.2181747461175275e-6
4.768116561701573e-6
4.715911120317738e-6
4.279094924879086e-6
4.264614884823923e-6
3.837616077548133e-6
3.859272128130159e-6
3.4388703626242972e-6
3.495374457292606e-6
3.07852401724127e-6
3.168868673353551e-6
2.752671230822927e-6
2.8761112685842648e-6
2.457791498452281e-6
2.6138281014175674e-6
2.190710058587057e-6
2.3790768702949754e-6
1.9485627976315807e-6
2.169215160242718e-6
1.728765710088526e-6
1.981870268267718e-6
1.5289851068137245e-6
1.8149126284526701e-6
1.347113244372045e-6
1.6664319969006521e-6
1.181244553743361e-6
1.5347158657757354e-6
1.0296553810076177e-6
1.4182303165016967e-6
8.907847439668663e-7
1.3156022650137922e-6
7.632183758706806e-7
1.225604712257667e-6
6.456726575879247e-7
1.1471417797812024e-6
5.369813215905708e-7
1.0792368192841404e-6
4.3608268311224337e-7
1.021020926800129e-6
3.4200941994858716e-7
9.717227002801933e-7
2.5387699494689437e-7
9.30659033279527e-7
1.7087170295619996e-7
8.971944916727908e-7
9.198808665254803e-8
8.687205326156161e-7
5.262287183751269e-8
4.210091090331012e-7
2.180446457525842e-6
6.9063761614131665e-6
0.00001695703802464028
0.00003537729448955141
0.00006601441055913924
0.00011352678900660683
0.00018347285295963712
0.0002823481964048362
0.00041766680777193855
0.000597999377363801
0.000833043584595823
0.0011336419437810348
0.0015118310567688704
0.0019808179642206497
0.0025549966260869318
0.0032498632868651206
0.004081990586415132
0.005068866751888468
0.006228823419807155
0.00758079092264525
0.009144184598916732
0.01093857846792593
0.012983565360751848
0.015298362440313417
0.017901671090917556
0.020811237943122226
0.02404374882057649
0.027614375682080517
0.031536742622751905
0.03582249007960127
0.04048134792784199
0.04552074175090924
0.05094599753748647
0.05676000049311243
0.06296353841767852
0.06955500293562068
0.07653085690534894
0.0838853444486152
0.09161104599412473
0.0996985418986093
0.10813700224203855
0.11691373447267002
0.12601474898657597
0.1354241186264955
0.14512446903515122
0.1550960894463882
0.1653173197372983
0.17576337710801754
0.18640664719735855
0.19721522592684834
0.20815316431412026
0.21917876224906094
0.23024485804108033
0.24129694347686526
0.25227362200768905
0.26310463559717273
0.27371163434554796
0.28400621202239806
0.2938911331793818
0.30325846661322375
0.31199140588114205
0.3199625723391501
0.32703654615420397
0.33306838833747093
0.33790697648099843
0.3413937722633682
0.3433670314052033
0.34366082002303017
0.3421101402713989
0.3385501726976209
0.33282232349433316
0.32477363583244556
0.3142637170070308
0.3011642157400014
0.28536652561014975
0.2667811671603905
0.24534609002886656
0.2210257323844649
0.19381966444292956
0.1637610306530823
0.1309252003781983
0.09542723871897403
0.057430164629538524
0.017141051942208926
-0.025181551210101044
-0.0692333112925538
-0.11465799329246591
-0.16105534844113834
-0.2079767432284954
-0.2549355938057493
-0.30140509644143026
-0.34683142154261015
-0.3906337280740725
-0.4322200966185488
-0.4709897278883495
-0.5063512514049454
-0.5377266205009786
-0.5645710029037397
-0.5863774355963232
-0.6026970538712048
-0.6131431506511542
-0.6174101431062969
-0.6152754181801791
-0.606615300941942
-0.5914030851305763
-0.5697204598839261
-0.5417504947365415
-0.5077835323621467
-0.4682046026242239
-0.42349362507036853
-0.3742076401594657
-0.32097611365428386
-0.2644792876005414
-0.20544021279677258
-0.1446012102709946
-0.08271476877800019
-0.020520397002852575
0.041263410911570764
0.10195982181243851
0.16093880109250952
0.21763370817423563
0.27154239967361693
0.3222390109513254
0.36937070328713145
0.4126646777431864
0.45192098857750707
0.48701549178937975
0.5178896754775086
0.5445506445117484
0.567059170319297
0.5855279352227377
0.6001089966700096
0.6109914078250905
0.6183890951074841
0.6225387200583752
0.6236886745646095
0.6220977418511552
0.6180256030500022
0.6117325634817831
0.6034716950409458
0.5934896611620324
0.5820204212105642
0.5692870302801276
0.5554967099632829
0.5408434140864242
0.5255040148587942
0.5096413983060092
0.493401508580144
0.4769167488869533
0.4603036514508912
0.4436663940410103
0.4270949032302885
0.4106683398274474
0.39445348736603614
0.37850810281716724
0.3628794836448292
0.3476076179466674
0.33272385830564594
0.31825383577775274
0.3042161959716156
0.2906252637877086
0.2774898169841716
0.26481550407942317
0.25260364418235276
0.2408534102840219
0.2295606526796384
0.2187198653716502
0.20832303529195545
0.19836141195782786
0.1888243870405408
0.1797010877888664
0.170979292171569
0.1626468656897323
0.15469071701528625
0.1470980962186024
0.13985559499656833
0.1329503224384664
0.12636895289378616
0.12009879342955342
0.11412688132288942
0.1084409554856782
0.10302860458597911
0.09787815300216379
0.09297785973542337
0.08831672794601736
0.08388375413426263
0.07966866900407962
0.0756612358599427
0.07185192942995122
0.068231282037151
0.06479050607342116
0.06152088623534182
0.0584143505463791
0.05546290678287475
0.05265916627976119
0.04999582258258312
0.047466131711261544
0.04506343105378368
0.042781579294537804
0.04061451358342044
0.03855665193717998
0.03660248677905057
0.03474695228285821
0.032985052457246554
0.03131219561009147
0.029723855257588125
0.028215873629114905
0.026784153791471765
0.0254249338927709
0.024134509014351973
0.022909477651295973
0.021746491926589402
0.020642477629713406
0.01959441155213218
0.018599516241881206
0.0176550633455287
0.01675854408804709
0.015907497628963322
0.015099658137073965
0.014332807292012908
0.013604898694892715
0.012913933762951278
0.012258064095429599
0.011635490126415205
0.01104454195064961
0.010483600208689355
0.00995115576907403
0.009445752431099902
0.008966025752445421
0.008510667262643433
0.008078442619936862
0.007668177140176966
0.007278753358968991
0.006909117788250355
0.006558257860338304
0.0062252299289748715
0.00590911546957998
0.005609070447473402
0.005324260550111194
0.0050539321465702235
0.0047973262286677915
0.004553771290989641
0.004322575555891721
0.004103142209130437
0.0038948393824819183
0.003697138284445317
0.003509460312232168
0.003331338725216045
0.003162242150388873
0.0030017605571969613
0.002849404313991542
0.0027048153345030804
0.0025675407298066015
0.0024372701132543925
0.002313582777386346
0.0021962122673250084
0.0020847658882014847
0.001979017780057627
0.0018785994400022043
0.001783322662368212
0.0016928396255569335
0.001606997197453728
0.001525465002174667
0.0014481227304245314
0.0013746544591915844
0.0013049707545781065
0.0012387673667720801
0.0011759840674128942
0.0011163256877478923
0.0010597597924845584
0.0010059978624471669
0.0009550340813432772
0.0009065842881936244
0.0008606683330529718
0.0008170042392579697
0.0007756367768841197
0.0007362840801108024
0.0006990152877272845
0.0006635466512045399
0.000629971308944542
0.0005980017024240018
0.0005677547738908292
0.0005389372769653208
0.0005116899287183123
0.00048571195116347426
0.00046116796521306953
0.00043774784033454093
0.00041564038420071014
0.0003945243007026397
0.00037461301731390014
0.000355572255399879
0.000337640641268299
0.00032046908211809573
0.000304322127053346
0.0002888340092784316
0.0002742960691335487
0.0002603239674443939
0.0002472368485358161
0.00023462985301836382
0.0002228510865732721
0.00021147316155801843
0.0002008744504059741
0.00019060295687571425
0.00018106877498817197
0.00017179313826297466
0.00016321947046026174
0.00015483997969615852
0.00014713318669574795
0.00013955991381656095
0.00013263570871399735
0.00012578753363530368
0.00011957006289729732
0.0001133737954019392
0.00010779480829363693
0.00010218439643068058
0.00009718249917873077
0.00009209831519628976
0.00008761829899150748
0.00008300649677833907
0.00007899873245916503
0.00007481066695034853
0.00007123056086279812
0.00006742226566226795
0.00006422976915569459
0.00006076148375512242
0.00005792065207024441
0.00005475639831863968
0.00005223499505211605
0.000049342190511714914
0.000047111328573579366
0.000044460442123596697
0.000042494265700550574
0.00004005850349319511
0.00003833389705051797
0.000036088920434901146
0.000034585251370413717
0.000032508921887625545
0.00003120780710270147
0.000029279954292593317
0.000028165051760304947
0.0000263672664895458
0.00002542408813252794
0.000023739530762931172
0.000022955273598938288
0.00002136850501602143
0.00002073190286692315
0.000019228727761296847
0.00001872991506337148
0.00001729724152840697
0.00001692763461309861
0.000015553345188535858
0.000015305535201487935
0.000013978370859469383
0.00001384602838754632
0.000012555480903461958
0.000012533272374260665
0.000011269487793343348
0.000011353000625320831
0.000010106690057917343
0.000010292366735430939
9.054723283800816e-6
9.339804814395129e-6
8.102430099782856e-6
8.484904720242108e-6
7.239736954074312e-6
7.718298105612899e-6
6.457548104885054e-6
7.0315560358317775e-6
5.7476469622786736e-6
6.417097678787765e-6
5.10260829430759e-6
5.8681081609905895e-6
4.515719693365327e-6
5.378462738862297e-6
3.9809094075794334e-6
4.9426621539471806e-6
3.4926818600539152e-6
4.555769715252478e-6
3.046058884309009e-6
4.213358456408314e-6
2.6365284968677117e-6
3.911461479348946e-6
2.259994276847908e-6
3.6465285415867785e-6
1.912737005934859e-6
3.415386455255309e-6
1.5913714571543654e-6
3.215203696603616e-6
1.2928143563898805e-6
3.0434587989140307e-6
1.0142512106227952e-6
2.8979097271859145e-6
7.531070732239424e-7
2.77657028565426e-6
5.070101957512548e-7
2.6775883808997465e-6
2.730144230495597e-7
2.5932457312409622e-6