0.01287976478756375
0.02576038834040724
0.0386438692447474
0.051530498526820075
0.06442166245523585
0.07731734422635424
0.09021812089263803
0.10312325014913441
0.1160322857442496
0.1289434587155838
0.14185508099567154
0.15476411260368525
0.16766743390894728
0.18056054501397667
0.1934387518980049
0.20629596775654407
0.21912584092410278
0.23192063956256376
0.24467233924521314
0.25737157844057357
0.2700087170907977
0.2825728534677891
0.29505286043280626
0.30743645578194884
0.3197112194626208
0.33186371024705513
0.34388046471360295
0.35574715346481456
0.3674495610114347
0.37897277506871446
0.39030214550020675
0.4014225006263032
0.4123190829787168
0.42297678708304476
0.43338106981466706
0.44351720475485445
0.4533711652934374
0.4629288913602333
0.47217714397102334
0.48110278085563135
0.48969358179753186
0.4979375303820173
0.5058236101696824
0.5133410904542537
0.5204802939933627
0.5272318852906691
0.5335876112577629
0.5395395911226541
0.5450810319996301
0.5502055200843906
0.5549077136568852
0.559182635762823
0.5630263476645098
0.5664352437370392
0.5694067088081071
0.5719384165120698
0.5740289743038482
0.5756772269912668
0.5768828934312306
0.5776458773482245
0.5779668997597629
0.5778468194097464
0.5772872647477174
0.5762899662763019
0.574857391358238
0.572992090436045
0.5706973370359717
0.5679764891564297
0.5648336356175931
0.5612729729933338
0.5572994580276519
0.552918199426381
0.5481351145858802
0.5429563345230539
0.5373888618091024
0.5314399860496338
0.5251179388289303
0.518431316562747
0.511389727521804
0.5040032186154726
0.4962829092020898
0.4882404184190454
0.4798884804868442
0.4712403695537349
0.462310491534957
0.45311380406639534
0.4436663805771587
0.43398482384199916
0.42408679896385615
0.4139904401780591
0.40371485070957563
0.3932795038832173
0.3827047093571851
0.37201101113744617
0.3612196213366744
0.3503518192018029
0.3394293550918543
0.32847385587035716
0.31750720298938473
0.30655095033913415
0.2956266809612622
0.284755443534328
0.27395809222862894
0.2632547474359122
0.2526651226989871
0.24220801423549443
0.23190161796363767
0.22176305111785738
0.2118086614634036
0.20205358317751831
0.19251203968190034
0.18319693519393723
0.1741201523445368
0.16529218043615965
0.15672240909217894
0.14841879414237555
0.14038814873700967
0.13263584764019307
0.12516611723815102
0.11798177857902316
0.1110845372766707
0.10447476473779521
0.09815178804512918
0.09211370749857258
0.08635768528848585
0.08087979596721286
0.0756753113754001
0.07073857927159077
0.0660633008752128
0.061642431916446264
0.05746844856422022
0.05353326480635692
0.04982848255506055
0.04634531956282191
0.04307484010198839
0.04000788845644613
0.037135297596963227
0.034447824463111926
0.0319363352859169
0.0295917401646005
0.02740515491136344
0.025367833638911926
0.023471308056619792
0.021707317784611636
0.02006792882181711
0.018545462027111034
0.017132592979226372
0.015822279510773054
0.014607845409015219
0.01348290809059418
0.012441448602012253
0.011477740538202542
0.010586408654812047
0.009762360023389595
0.009000833324779918
0.008297333052389855
0.007647671267869041
0.007047905454845912
0.0064943742222975725
0.00598363920464785
0.005512515919771037
0.005078019926075656
0.004677393795099956
0.0043080575815680165
0.0039676326610340274
0.0036538964476578086
0.0033648036758202778
0.003098445211061163
0.002853067218147896
0.0026270338494284256
0.0024188446359310178
0.002227100799494047
0.002050521122962681
0.0018879116129439275
0.001738180045051841
0.00160030869845782
0.0014733677279321308
0.0013564906956338226
0.001248886889596654
0.001149819389250324
0.0010586164269154059
0.0009746517388753756
0.000897355049938928
0.0008261944796193472
0.0007606862180176524
0.0007003787754466817
0.0006448619093880724
0.0005937525247611264
0.00054670290548093
0.0005033880908740623
0.00046351346068295574
0.00042680343046681
0.0003930084352335346
0.00036189480280047245
0.0003332511782393408
0.00030687944900412785
0.0002826006497968985
0.0002602468267697705
0.00023966646011751817
0.0002207171668556076
0.0002032706763079688
0.00018720628193003656
0.0001724154028321561
0.00015879570492476826
0.0001462552796769338
0.00013470736361186154
0.00012407416361500585
0.0001142821116012677
0.00010526536386352354
0.00009696153465908434
0.00008931489531826689
0.00008227253665022749
0.00007578729182480783
0.00006981428295444348
0.00006431359012132775
0.000059247142334549505
0.000054581153501116784
0.00005028332225570111
0.0000463250541718807
0.00004267893877625694
0.00003932077587140039
0.000036227301431504354
0.000033378034559952066
0.00003075322697209816
0.000028335545839150587
0.000026108224237586746
0.00002405659393552112
0.00002216641656702414
0.000020425279301781666
0.00001882108861413067
0.000017343340737113143
0.000015981761781035904
0.000014727463897237259
0.000013571717184463966
0.000012507001585681238
0.000011525897516624352
0.00001062204268191468
9.789129701208453e-6
9.021776255999086e-6
8.314619179165665e-6
7.663105631303259e-6
7.062674191781219e-6
6.50947410041525e-6
5.999624842688423e-6
5.529869887162718e-6
5.096907112325144e-6
4.697982913623087e-6
4.330286584806864e-6
3.991490153124426e-6
3.6792005169810315e-6
3.3914498992373523e-6
3.12620015711734e-6
2.8817883101505807e-6
2.656477994518314e-6
2.4488641278924597e-6
2.2574669724495204e-6
2.0810996389962272e-6
1.918500673251044e-6
1.7686677664310083e-6
1.630525180341959e-6
1.503226732130907e-6
1.385854732432925e-6
1.2776950379470285e-6
1.177964499673747e-6
1.0860606233911652e-6
1.0013148220090116e-6
9.232189921408986e-7
8.512021252474097e-7
7.848359007820997e-7
7.236324510772936e-7
6.672308740454925e-7
6.152141645192681e-7
5.672783759199451e-7
5.2306692117716e-7
4.823239557427398e-7
4.447444246870309e-7
4.101130954974394e-7
3.7816888292171486e-7
3.487308278736621e-7
3.2157537898149537e-7
2.9655049108375104e-7
2.7346466558075787e-7
2.521902358552954e-7
2.3256308988970686e-7
2.1447610607121698e-7
1.977885828099947e-7
1.8241070119918676e-7
1.68221783903137e-7
1.551465721263664e-7
1.4308152664476766e-7
1.3196363231754873e-7
1.2170402718402347e-7
1.1224998092771791e-7
1.0352521221819821e-7
9.548561917183656e-8
8.806571289968073e-8
8.122862128150598e-8
7.491812193064869e-8
6.910339084564546e-8
6.37361715841153e-8
5.879068892125118e-8
5.422554206633516e-8
5.0019160049088554e-8
4.6136053497323924e-8
4.255814033335299e-8
3.925503689762044e-8
3.6211544040291995e-8
3.340169758782607e-8
3.0812670664262984e-8
2.8422331820163478e-8
2.6219793109787186e-8
2.4186260192569234e-8
2.231241293885662e-8
2.0582372496063742e-8
1.898807274511686e-8
1.751619243909208e-8
1.615965185710497e-8
1.4907384067880005e-8
1.3753066851795705e-8
1.2687632287965944e-8
1.1705316882003428e-8
1.0798839837682112e-8
9.962824047449336e-9
9.191598543298863e-9
8.480021825052822e-9
7.823886287944626e-9
7.218153753387009e-9
6.65996197693e-9
6.1442560195245685e-9
5.669425644123495e-9
5.2302895941720775e-9
4.826418234193388e-9
4.4524032417549625e-9
4.108942955261094e-9
3.7903069480149044e-9
3.4982873567165365e-9
3.2267395419503393e-9
2.9785326159298158e-9
2.7470166369682278e-9
2.536135196028362e-9
2.3386441850184507e-9
2.159573545716979e-9
1.9909923178867586e-9
1.8390436928431163e-9
1.6950160588395994e-9
1.5662043543444377e-9
1.4430189714033036e-9
1.333958484558735e-9
1.2284514375076724e-9
1.136266947245254e-9
1.0457404188509814e-9
9.679905671813406e-10
8.901423131475967e-10
8.24756798041905e-10
7.576199353002646e-10
7.028440209682311e-10
6.447367064115636e-10
5.990859007549759e-10
5.485680780974943e-10
5.107879266939949e-10
4.666239856788927e-10
4.356568624623344e-10
3.9678447946031764e-10
3.717417175403381e-10
3.37245128632369e-10
3.173821524134304e-10
2.864683123596332e-10
2.711652968808657e-10
2.431450914737875e-10
2.3188921342875557e-10
2.061602264716332e-10
1.9853178055914892e-10
1.7456365763944143e-10
1.7022323474510419e-10
1.475458912290751e-10
1.4622447874501508e-10
1.244162384696236e-10
1.25906899020829e-10
1.0458567933042393e-10
1.0873637619072291e-10
8.755140086562271e-11
9.42598995151226e-11
7.288433430623839e-11
8.20924626669445e-11
6.021730590715028e-11
7.190887399507901e-11
4.9236536692716536e-11
6.34323146140441e-11
3.96727862132638e-11
5.64301262479197e-11
3.129477684215043e-11
5.070560387827948e-11
2.390336327147194e-11
4.6093543906187e-11
1.732690373970083e-11
4.2455741356359604e-11
1.1415840122500463e-11
3.967470064942843e-11
6.0243254759217925e-12
3.7525983907137835e-11
-0.022820524428396546
-0.04561317295016876
-0.0683075889316276
-0.09088723652147625
-0.11328995628405655
-0.13549118376100125
-0.1574333741369321
-0.17908853519331447
-0.2004017319636435
-0.22134313676215012
-0.2418597623895894
-0.26192094933727783
-0.2814755600990517
-0.3004929278900993
-0.3189239501656669
-0.3367386961535412
-0.3538904166453832
-0.3703505803930248
-0.38607513687701195
-0.40103750647242886
-0.4151966279629875
-0.42852827638542734
-0.4409945555310251
-0.452573819676795
-0.46323136118927843
-0.4729481470361097
-0.48169251765074994
-0.489447904647783
-0.4961854075988241
-0.5018906288201913
-0.5065370343050872
-0.5101120201206893
-0.5125909948287323
-0.5139627762869838
-0.5142043563880306
-0.5133057138612858
-0.5112452381849999
-0.5080140308561812
-0.5035919738098855
-0.49797157687084076
-0.49113467722278353
-0.483075873686253
-0.4737798387047457
-0.46324436112643
-0.45145824262751866
-0.43842395123308064
-0.4241360625879064
-0.40860350863818745
-0.3918285135057882
-0.3738284078517359
-0.3546150019250487
-0.3342159280123767
-0.31265439135791084
-0.2899700016995933
-0.2661988468367709
-0.2413937792216414
-0.21560476628471753
-0.18889860783108464
-0.16133953001990892
-0.13300832153944045
-0.1039831520565491
-0.07435812734244208
-0.04422432595783422
-0.013687783804204033
0.017149246470424557
0.04817086342311786
0.07926602189737057
0.11031163023766691
0.14119080046569485
0.17177644781566168
0.20194926066134827
0.2315817721447303
0.2605560183867361
0.2887480485036533
0.316045233132835
0.34233117549439035
0.36750262580003606
0.39145475273377567
0.414097613607793
0.43534174330631015
0.4551141257126396
0.47334405612233027
0.4899785567538007
0.5049684689206055
0.5182832544306072
0.5298972755013422
0.5398039249651247
0.5480020557711159
0.5545093875014944
0.5593490552251805
0.5625622503934544
0.5641948736682284
0.5643093878472523
0.5629715838556909
0.5602616540233157
0.5562611155301568
0.5510631532319403
0.5447597874845789
0.5374515814154934
0.5292351824952674
0.5202125298186032
0.5104789296532413
0.5001319217258751
0.48926005637880426
0.4779515745125925
0.46628403001357116
0.45433290148980715
0.4421621483586097
0.42983280858344564
0.41739449985663657
0.4048939800080339
0.39236752332365243
0.3798493483128314
0.36736473307807743
0.3549381671025838
0.34258703443495503
0.33032933359220007
0.3181777596644889
0.30614686024898524
0.29424738297769243
0.282492786240502
0.2708937739459585
0.25946414191690464
0.24821548014926914
0.23716239273792378
0.2263173947980804
0.21569558355153964
0.20530978378114934
0.19517476527458302
0.18530269582287484
0.1757069974106665
0.16639815382102824
0.15738728112975034
0.1486823154004283
0.14029135001126602
0.13221920524815917
0.12447056252897801
0.11704689753844225
0.10994942384347002
0.10317635749405141
0.0967256715367535
0.09059265324339393
0.0847724662698399
0.07925796076371167
0.07404203986266907
0.06911568603202514
0.06447013138351382
0.06009506882557376
0.05598062964047649
0.05211575388578933
0.04848998258575681
0.04509196730017721
0.041911087462519786
0.03893608361048004
0.03615651254882183
0.03356149225146198
0.031141008644539288
0.028884762705466124
0.026783342909965525
0.024827166747637484
0.023007532475675992
0.021315648354191585
0.01974357652144745
0.018283343918653307
0.0169277900349343
0.015669753901147453
0.014502836289218089
0.013420657423319101
0.012417543057128898
0.011487847756898317
0.010626573182286587
0.009828751986363748
0.009090005624478707
0.008405984115599643
0.007772869813071657
0.007186868489288898
0.006644664720995649
0.006142959998533076
0.00567888470044634
0.00524957918239844
0.00485256673091057
0.004485373851575787
0.004145868087565896
0.0038319139946791465
0.0035416792755390927
0.00327332319486847
0.0030252741037771896
0.0027959473083638223
0.002583996731340139
0.002388059495790191
0.0022069841862075615
0.0020395996452023018
0.0018849220455902668
0.0017419456189362455
0.001609830530451119
0.0014877134638487752
0.0013748780951974996
0.0012705836488054862
0.0011742195932166824
0.0010851504578403416
0.0010028562179718306
0.0009267918231457512
0.000856514599613359
0.0007915570865111284
0.0007315426594596265
0.0006760704048427786
0.0006248200548209852
0.000577447751148573
0.0005336812809121118
0.0004932256904695027
0.00045584971913612357
0.0004213003245671396
0.00038938112764572364
0.0003598750004651411
0.0003326152609950519
0.00030741555599896644
0.0002841344759089826
0.00026261203864690074
0.0002427283331424945
0.00022434597685471372
0.00020736333973540803
0.0001916624088071804
0.00017715709334809328
0.00016374598438648256
0.0001513561951564212
0.0001399005524280706
0.00012931738512601446
0.0001195317278902864
0.00011049143296822469
0.00010213200640648257
0.00009440938346153463
0.00008726805477707566
0.00008067081348661235
0.00007456986113263941
0.00006893380672523936
0.00006372147204993048
0.00005890639600153774
0.00005445308590344116
0.00005033925773958869
0.00004653430334998299
0.000043019476014442804
0.00003976836558100093
0.00003676521934912652
0.000033987236374460436
0.00003142119646047245
0.000029047403362376864
0.000026854777623089982
0.00002482629456157504
0.00002295268313361261
0.00002121921862571076
0.00001961815642714817
0.00001813675283547996
0.000016768550708717336
0.000015502513393475906
0.000014333268716536615
0.000013251251667699666
0.000012252003448613406
0.000011327228665218274
0.000010473236467093954
9.682827355206584e-6
8.95295547884169e-6
8.277367694247758e-6
7.653559162808066e-6
7.076094523506471e-6
6.5429221711722015e-6
6.0493138557246975e-6
5.593596736710426e-6
5.171654467627934e-6
4.782130582458024e-6
4.421438496915821e-6
4.088484869641487e-6
3.7801424683750797e-6
3.495536543017323e-6
3.231938096833539e-6
2.988653686847579e-6
2.7632998307118087e-6
2.5553327033728115e-6
2.362669116510776e-6
2.184888404958076e-6
2.0201681671883284e-6
1.8681890234361185e-6
1.727355413853678e-6
1.5974303993027275e-6
1.4770162104173466e-6
1.3659428221565874e-6
1.2629845342953678e-6
1.1680255259848575e-6
1.0799902580421035e-6
9.988062142515158e-7
9.235289764879171e-7
8.541204097116917e-7
7.897505540179906e-7
7.30408306546752e-7
6.753639789069323e-7
6.246272341081751e-7
5.775562064017858e-7
5.341762207645563e-7
4.939225603716776e-7
4.5683199321395007e-7
4.224074518651982e-7
3.9069384934315195e-7
3.61253713061328e-7
3.341369966419523e-7
3.089590436475631e-7
2.8577251363564016e-7
2.642393653644737e-7
2.4441290130725897e-7
2.2599647585995945e-7
2.0904284071906049e-7
1.9329185687002795e-7
1.7879433911298852e-7
1.653228460516636e-7
1.529253323350179e-7
1.4140333089373026e-7
1.3080129230446243e-7
1.2094658258857683e-7
1.1187966666935286e-7
1.0345106076960839e-7
9.569663015427476e-8
8.848788324686001e-8
8.185564389836075e-8
7.56903112564995e-8
7.001756109506592e-8
6.474480049130038e-8
5.989225331117167e-8
5.538314914796204e-8
5.123170063291953e-8
4.737608430774628e-8
4.3823900084563717e-8
4.052744398219533e-8
3.7487542650037864e-8
3.466958347165628e-8
3.206749749057212e-8
2.965916440428378e-8
2.7431218576870716e-8
2.537352458645441e-8
2.3465129684462572e-8
2.17077688590681e-8
2.0072400449622593e-8
1.857223371660912e-8
1.7170017160266587e-8
1.5890249040991096e-8
1.4687059717541436e-8
1.3596206020625088e-8
1.2562803396299052e-8
1.1634096198709773e-8
1.0745377063224411e-8
9.95591042062504e-9
9.190385806269386e-9
8.52052875507234e-9
7.8597786967822e-9
7.292906263315224e-9
6.721104821623379e-9
6.243049100276639e-9
5.746631730516144e-9
5.345255061130423e-9
4.912574916388986e-9
4.577683329761369e-9
4.198605423640538e-9
3.921356078637052e-9
3.5873093892527226e-9
3.36036045242112e-9
3.0637859485232355e-9
2.880937602113224e-9
2.615328029704582e-9
2.47130780790671e-9
2.231024320180622e-9
2.1214924122822406e-9
1.901545943117688e-9
1.8229274002439925e-9
1.6189004334607185e-9
1.5682852411033488e-9
1.3763133352876953e-9
1.3512778258046712e-9
1.1678320177881902e-9
1.1664918402538722e-9
9.884828250502834e-10
1.009410987548772e-9
8.340076560851546e-10
8.761603701626209e-10
7.006315749052952e-10
7.633873569296653e-10
5.851988642399383e-10
6.681614739039814e-10
4.850672123029937e-10
5.881397613077537e-10
3.9773878487728194e-10
5.212122770180779e-10
3.2134898729712043e-10
4.657377398894273e-10
2.541293480918414e-10
4.202574767198434e-10
1.9462631697168237e-10
3.8354116356372967e-10
1.4145507208803228e-10
3.5447659061346445e-10
9.342856263916506e-11
3.3213687964789756e-10
4.9448749166139946e-11
3.1475912299100746e-10
0.03586178964004507
0.071570805054163
0.106746484011032
0.14130402572092648
0.17491782768011946
0.20747397575830426
0.23869017889080194
0.268455399211775
0.2965260856241617
0.32280817370469383
0.3470977899587772
0.36932683033993724
0.3893330510887482
0.4070802095366455
0.4224490254819825
0.43543843444837965
0.4459720757696345
0.45408493879911355
0.45974179878265864
0.46301224876753644
0.4638985899372728
0.4625014563389402
0.4588553833909704
0.4530867232105138
0.44525561069025577
0.43550751602864485
0.4239206781085255
0.4106523819464366
0.395791177406657
0.37949876541731753
0.36186649425993933
0.34305356918302043
0.3231474389212382
0.3022988984567767
0.28058606071379344
0.25814679676091984
0.23504604368334914
0.2114059177491629
0.1872761475626976
0.16276210121652737
0.13789815903776118
0.11277381275458524
0.08740980719154422
0.06188239525119446
0.03620208446792044
0.010436064160574696
-0.015410607324749526
-0.04127444804532974
-0.06715009257073547
-0.09297170816719226
-0.11872743394931048
-0.14434290884624165
-0.1697937801168181
-0.19499151276248075
-0.21989412654828544
-0.24439446741454324
-0.26842930723212133
-0.2918702484790441
-0.3146312801102679
-0.33656245681154046
-0.35755594785976097
-0.3774425838259347
-0.39609636643836765
-0.41333391393882807
-0.42901732519043523
-0.4429564881716476
-0.45501011990092693
-0.4649908408461615
-0.4727641536658199
-0.47815613958282005
-0.4810501021435516
-0.48129671719813205
-0.47880805769807677
-0.47347002940154986
-0.4652335085426219
-0.45402891757579705
-0.43985424331991335
-0.42269164320525743
-0.4025921578380565
-0.37959427877126134
-0.35380521711681306
-0.3253214012533
-0.2943062065755995
-0.26091238315345205
-0.22535619117809375
-0.18784178756303366
-0.14863175260255745
-0.10797349795207953
-0.06616622004962541
-0.023489436720409314
0.019733532929886576
0.06320473782680079
0.10659141229133125
0.1495926201770045
0.19188211447886072
0.23317216616750744
0.2731591469797631
0.31158421875523284
0.34818128939924176
0.3827342460322572
0.4150269496591582
0.44489675299602094
0.4721862643496806
0.49679299506862795
0.5186227279935659
0.5376352746517147
0.5537994086149044
0.5671348556047736
0.5776688727354639
0.5854747211073006
0.5906300657744255
0.5932522707048067
0.5934588464522061
0.5913999512925014
0.5872211191319157
0.5810933481721966
0.5731783053328451
0.5636563433988746
0.5526943118212004
0.5404717784889339
0.5271514950192798
0.5129040249405331
0.49788082895940294
0.4822374305547621
0.46610901477206595
0.4496322043783419
0.4329230117348978
0.4160972586247309
0.39925068742695
0.38247803616049775
0.365855101438399
0.34945647463142193
0.33333935124675157
0.31755994005291277
0.3021588267358051
0.2871760805035744
0.2726379992781269
0.25857095341192693
0.24498936126827334
0.23190832402663125
0.21933270147378636
0.20726860350610796
0.1957134546692625
0.18466641603794443
0.17411934283892838
0.1640662148631921
0.15449490436455798
0.1453956944737063
0.13675378483283482
0.12855697628997567
0.12078884989220837
0.11343569313376825
0.10648029447693368
0.09990818222581396
0.09370198210746748
0.08784703494310878
0.08232626933051895
0.07712525907923781
0.07222756693515102
0.06761929750243517
0.06328487141544809
0.059211124375087104
0.055383474318083145
0.051789612360459626
0.04841602841360664
0.04525133532203404
0.0422831210720914
0.03950094326536564
0.03689347859173049
0.03445122099556384
0.032163901452883094
0.03002291976347986
0.028019009886844408
0.0261444322086524
0.024390861766025763
0.022751365060691586
0.02121849044246101
0.019786051058376657
0.018447398461555513
0.017197031062275006
0.016029033702573484
0.014938528985050286
0.013920267099057235
0.012969935625516087
0.012082885326285571
0.011255312432062577
0.010483107416673798
0.009762922355777106
0.009091130907355667
0.008464792057906966
0.007880710629907748
0.0073363075922363435
0.006828771421950374
0.00635584413450708
0.005915054740660486
0.005504429238863169
0.005121798242421307
0.00476543835573054
0.004433446801576708
0.004124320868815611
0.003836393056113877
0.0035683546181820964
0.0033187453654098856
0.0030864267406961413
0.0028701209792967195
0.002668838615111469
0.002481462215530223
0.0023071327347012863
0.002144873502550259
0.0019939394097875226
0.0018534772479989442
0.0017228413207506052
0.0016012866108023557
0.001488254063232115
0.0013830933959780379
0.0012853209828466348
0.0011943694347844411
0.0011098207260249412
0.0010311799520677212
0.0009580860838133801
0.0008901075630654312
0.0008269328378880164
0.0007681856798853295
0.0007135974483488469
0.0006628402201281465
0.0006156825397661241
0.0005718386375638826
0.0005311092560874962
0.0004932453966692736
0.00045807565806103964
0.00042538310699058175
0.0003950204234788312
0.00036679862745401403
0.0003405912009503695
0.00031623352496594427
0.000293617037952574
0.0002725983469016172
0.0002530843781299177
0.00023495022820513637
0.00021811617361796034
0.0002024734140943449
0.00018795372368974174
0.00017446232561366254
0.00016194088916854306
0.00015030684783983218
0.0001395103807347782
0.0001294795520712353
0.00012017185362876458
0.0001115246047530607
0.00010350157611029079
0.00009604814297347172
0.00008913346424882325
0.00008270992847796947
0.000076751313199715
0.00007121611185756756
0.00006608205902675548
0.00006131296264458861
0.000056889942473966956
0.00005278143452753995
0.000048971453527501716
0.00004543246374729628
0.000042150953308925745
0.00003910289457144639
0.00003627688585681634
0.0000336519545420286
0.000031218498452166476
0.00002895820571560126
0.000026863006698393064
0.000024916907030725122
0.000023113140960784803
0.000021437732678513138
0.000019885025021606593
0.000018442800748659634
0.000017106343806067574
0.00001586496896313219
0.000014714758692835638
0.000013646362615510767
0.000012656539118343992
0.000011737101391485785
0.000010885379899985725
0.00001009420223229039
9.361381065365164e-6
8.680629276720467e-6
8.050166033517282e-6
7.464476250574015e-6
6.922120870291528e-6
6.4182587741786034e-6
5.951737547982608e-6
5.518304083041141e-6
5.117046649276827e-6
4.744224992436587e-6
4.3991297639912865e-6
4.07846696451373e-6
3.7816964972008498e-6
3.5059147213714673e-6
3.2507219005370387e-6
3.0135548368031743e-6
2.7941316839954733e-6
2.5901852977742975e-6
2.4015330152910556e-6
2.2261645668159684e-6
2.0639804045793376e-6
1.9131936071677417e-6
1.7737746331172815e-6
1.644131123029347e-6
1.5242909559148314e-6
1.41283119937635e-6
1.3098288061183085e-6
1.2140064421663494e-6
1.1254832378537393e-6
1.0431073236992033e-6
9.67034266717212e-7
8.962201399009614e-7
8.308517917798149e-7
7.699784446957342e-7
7.13814035171163e-7
6.614865389335223e-7
6.132346950526666e-7
5.682536323755363e-7
5.268041399417113e-7
4.881378267572725e-7
4.5253636316044174e-7
4.19297172629946e-7
3.8872304109498307e-7
3.6014770081750207e-7
3.3389531669464573e-7
3.093276286983019e-7
2.867908393943909e-7
2.6566611101607557e-7
2.463230537752961e-7
2.2815606309446057e-7
2.1155928429396598e-7
1.9593205868353326e-7
1.8169667789089452e-7
1.6825045968725428e-7
1.560457598085787e-7
1.4447174675323017e-7
1.3401377736224114e-7
1.2404607118052955e-7
1.1509075784733694e-7
1.0650112887836436e-7
9.883952483788822e-8
9.143138796794762e-8
8.488361984816687e-8
7.848737641299531e-8
7.289940148209256e-8
6.736960797844541e-8
6.260928834390594e-8
5.782028560719961e-8
5.37744647953167e-8
4.9618237904322366e-8
4.619007936191593e-8
4.257311927755046e-8
3.96797675107752e-8
3.652122154341237e-8
3.409201031653303e-8
3.132202675836136e-8
2.929666309234547e-8
2.6855032961866615e-8
2.518235316927777e-8
2.3016764970841412e-8
2.165320956145063e-8
1.971833106235308e-8
1.8627094703892223e-8
1.6882875565531132e-8
1.6033009563021733e-8
1.4444385093081229e-8
1.3810217748481593e-8
1.2346733542414843e-8
1.190675390275887e-8
1.0540865346201616e-8
1.0277859604599451e-8
8.985232377107305e-9
8.885122256339783e-9
7.643917046782917e-9
7.69582170948908e-9
6.485754381137137e-9
6.681931411558277e-9
5.484725733854003e-9
5.818930396903429e-9
4.617649680501038e-9
5.086813750640278e-9
3.865254106402371e-9
4.46745165529285e-9
3.2101345731956355e-9
3.9459964692273624e-9
2.637723917782614e-9
3.5089122724036177e-9
2.1350232746644303e-9
3.145373700974345e-9
1.6908796611800484e-9
2.845878606923061e-9
1.2960020000107923e-9
2.603204300372546e-9
9.42162657077149e-10
2.4105073241154992e-9
6.223504743245449e-10
2.2623486184571396e-9
3.2926000085714617e-10
2.1466499396259394e-9