1.5789320552482102
1.5810004593668905
1.5844222440281723
1.5891770818847903
1.5952262469543423
1.6025254114022751
1.6110179558313493
1.6206407588127838
1.631320873415475
1.6429794582636987
1.655529909420605
1.6688809621112242
1.6829356279350811
1.6975938228642136
1.712751803675974
1.728304468035598
1.7441451143082545
1.76016747646334
1.7762656923956743
1.7923360997684448
1.808277331399074
1.8239918814863019
1.8393862671790246
1.85437236722396
1.86886760245775
1.8827960458941622
1.896088584294369
1.9086837977589663
1.9205280712408732
1.931576241760157
1.9417916337419276
1.9511464726640144
1.9596218222378914
1.9672077646483832
1.9739032215545762
1.979715903307045
1.9846620001493165
1.9887659061986447
1.9920597725942344
1.9945830168737229
1.9963817365081789
1.9975080207490146
1.9980192311616596
1.997977140994095
1.9974470988348572
1.9964970297091988
1.9951965083642607
1.9936156659359276
1.991824209767831
1.9898902885830194
1.9878795050275142
1.9858537995507595
1.9838705087012205
1.9819813320137478
1.9802314921717927
1.9786588489194803
1.9772932155198064
1.9761556782722094
1.9752581167479457
1.9746027767608925
1.9741820298749475
1.9739782322748385
1.973963743011148
1.9741010825194572
1.97434321065413
1.9746339785319027
1.9749086486664027
1.9750946145234936
1.9751121281110826
1.9748752451432232
1.9742927120483362
1.9732690824799262
1.9717057070547437
1.9695019599463601
1.9665562711724147
1.9627674002216833
1.9580354520634577
1.9522631375770696
1.9453567197751214
1.9372272071580188
1.9277911847236344
1.9169718949960917
1.9046999179759976
1.8909141042829636
1.8755620781780933
1.8586009970345825
1.8399978611224632
1.8197300828186889
1.7977855954959079
1.7741632241537626
1.7488725932987819
1.721934297919213
1.6933796166826922
1.6632504884362682
1.6315990424902906
1.5984873912212973
1.563986993804446
1.5281782801737078
1.4911498684818383
1.4529980397986848
1.4138258330204045
1.3737423934727633
1.332861972205042
1.2913031753535293
1.2491878979904174
1.206640504897551
1.1637867325452713
1.1207528358571928
1.0776644953600316
1.034645968284752
0.9918190409559389
0.9493022254512767
0.907209798976851
0.865651088222362
0.8247296366398656
0.7845426164225714
0.745180160209706
0.706724934428153
0.6692516634444191
0.6328268876952431
0.5975086960097098
0.5633466783077918
0.5303818669743201
0.4986468785863581
0.46816604981271925
0.4389557478196322
0.41102467242837304
0.38437430270174877
0.3589993269560022
0.33488818516391106
0.3120235830801911
0.2903830872455246
0.2699396791921452
0.2506623617834436
0.2325167135796753
0.21546547102048963
0.19946905030122022
0.18448607808836562
0.17047385718779423
0.15738882759013437
0.1451869613906863
0.1338241447197169
0.12325649569873165
0.11344066532225903
0.10433407901557436
0.09589516031747668
0.08808350154908659
0.08086001808306571
0.07418705676851382
0.06802849080702944
0.062349776141142545
0.057117997791901375
0.05230188474828206
0.047871818414341474
0.04379981599712057
0.04005951081447131
0.0366261130991098
0.03347637063192811
0.030588514529187785
0.027942207224120153
0.025518479382428464
0.02329967082232853
0.021269363344832936
0.01941231886370195
0.017714411721116007
0.016162567150816022
0.014744695614846
0.013449633766902665
0.012267082500864616
0.011187551815034322
0.010202303598645043
0.009303301205182355
0.008483157499076644
0.00773508950443821
0.0070528718662560075
0.006430796624138999
0.005863631985411132
0.005346587056981298
0.0048752756582360925
0.004445685705515722
0.004054147689980736
0.0036973083290879312
0.0033721032812587676
0.0030757346413351873
0.0028056474458039602
0.002559510581774718
0.0023351966426232444
0.0021307658327242985
0.0019444487551827587
0.0017746329199337337
0.0016198480764183542
0.0014787549652670675
0.0013501328447791565
0.0012328701623321651
0.0011259539611427722
0.0010284621841088303
0.0009395546844127782
0.0008584669099319132
0.000784502276424134
0.0007170270138428048
0.0006554636933172452
0.000599287047073852
0.0005480184697931603
0.0005012226511028323
0.00045850289803920947
0.0004194984432051159
0.0003838804580496222
0.0003513499208880427
0.00032163421071612007
0.0002944854375747449
0.00026967752387562356
0.00024700491531070277
0.00022628007145767635
0.0002073324888547008
0.00019000653525495502
0.00017416072788202568
0.00015966585638446906
0.00014640446891526923
0.00013426923785429194
0.0001231626144565411
0.00011299539899491682
0.00010368653151409779
0.0000951618344064033
0.00008735391248466175
0.0000802010413242044
0.00007364715459918235
0.00006764085596436355
0.00006213547553290494
0.00005708818677152426
0.00005246011726112659
0.000048215555157171026
0.00004432210207675464
0.000040749956234099335
0.00003747209753134032
0.00003446363660305018
0.00003170202403140238
0.00002916645629610959
0.00002683810255379801
0.000024699559951659183
0.000022735092661108965
0.00002093013022591799
0.000019271514567809595
0.00001774703604549985
0.000016345684993391365
0.000015057221002354976
0.000013872426244194385
0.000012782704177677278
0.0000117803324776209
0.000010858087945142195
0.000010009497323123911
9.22848566820965e-6
8.509623712320389e-6
7.847797352376587e-6
7.238450525538926e-6
6.677273804888203e-6
6.1604420066185785e-6
5.6843201574205604e-6
5.245695255231863e-6
4.841498106320407e-6
4.469028825858383e-6
4.125693237504731e-6
3.8092218329787147e-6
3.5174195907389987e-6
3.248378220625569e-6
3.0002383963393e-6
2.7713951968087333e-6
2.560271863972047e-6
2.3655184206819403e-6
2.185796164394768e-6
2.019969495335876e-6
1.8669004410893119e-6
1.725633771021846e-6
1.5952009189007523e-6
1.4747984923643109e-6
1.3636010226055318e-6
1.260933002742409e-6
1.166089946969619e-6
1.0785041104694631e-6
9.975733866385218e-7
9.22820874876398e-7
8.537311846876425e-7
7.89904027263252e-7
7.308975303903864e-7
6.763760359987203e-7
6.25960060669853e-7
5.793684849107309e-7
5.362748212956042e-7
4.964439826871779e-7
4.5959454421075034e-7
4.255302774086083e-7
3.9400811379174314e-7
3.648646303426097e-7
3.3788944169267983e-7
3.1294681977567705e-7
2.8985425905520866e-7
2.6849940971380126e-7
2.487235760686539e-7
2.3043413865575198e-7
2.1349276024559519e-7
1.9782346770455003e-7
1.8330535304323415e-7
1.6987648113736527e-7
1.5743088516708128e-7
1.459184612606717e-7
1.3524606864694005e-7
1.253735671310082e-7
1.1621884239718009e-7
1.077501370036126e-7
9.989483063642494e-8
9.262821007302983e-8
8.588584288182507e-8
7.964892659483135e-8
7.386010244180863e-8
6.850551882493709e-8
6.353393923236392e-8
5.8935650046915335e-8
5.466472385437824e-8
5.071489666449853e-8
4.704485445923199e-8
4.3651200072458734e-8
4.04966370526283e-8
3.758014174855529e-8
3.486792442398414e-8
3.23609175381078e-8
3.002839957701808e-8
2.7872906104137785e-8
2.586640699214644e-8
2.4012742553127128e-8
2.228624978814628e-8
2.0691821790671587e-8
1.92058833006937e-8
1.7834167607588e-8
1.6554946120402588e-8
1.537461317645036e-8
1.4273078536117506e-8
1.3257246828875916e-8
1.2308485864974423e-8
1.1434083918396722e-8
1.0616710532912139e-8
9.863931448415461e-9
9.159582177592365e-9
8.51141712434317e-9
7.904319631205708e-9
7.346158712201483e-9
6.822762530623488e-9
6.342053169488622e-9
5.890713603945754e-9
5.476668056302073e-9
5.087375485980964e-9
4.730720318486613e-9
4.394868296705672e-9
4.087629729849002e-9
3.797816240503155e-9
3.5331361462299635e-9
3.2829932041474677e-9
3.0549713102183824e-9
2.839018793799305e-9
2.6425772935215464e-9
2.456097494274498e-9
2.286864809878872e-9
2.125794690044928e-9
1.9800056047606845e-9
1.8408441842017802e-9
1.7152539540149941e-9
1.5949826119324418e-9
1.4867930031443494e-9
1.3828067881557494e-9
1.2896022695473967e-9
1.1996505707921774e-9
1.1193431263473e-9
1.0414782748393765e-9
9.722595001740487e-10
9.047920485730821e-10
8.450913558949101e-10
7.865509300996684e-10
7.349988160110335e-10
6.840995463078324e-10
6.394949763800101e-10
5.951046010944892e-10
5.56385636142181e-10
5.17497427586623e-10
4.837142591664462e-10
4.494209497838949e-10
4.1971052566881725e-10
3.8917941006405154e-10
3.627408120515545e-10
3.351891650857927e-10
3.112588477108264e-10
2.8592872539054337e-10
2.6375462935793237e-10
2.398860012464746e-10
2.186994118904191e-10
1.955004021462463e-10
1.7448422048686957e-10
1.5109699765491365e-10
1.2934882038170946e-10
1.0480942057504406e-10
8.129829089116762e-11
5.449970184642427e-11
2.8171011571712685e-11
-0.3511759532413924
-0.34330016177539024
-0.33020497047207115
-0.311955740325848
-0.2886330968214187
-0.26034653086202786
-0.2272269314419896
-0.18943299862133478
-0.14714676552754707
-0.1005780890568145
-0.04996101661585894
0.00444275684940807
0.062347504545317206
0.12344086744440927
0.18738789696838523
0.253829327466166
0.32238630237560356
0.392659565431383
0.4642349836218109
0.5366836574239476
0.6095682185103926
0.6824437751537369
0.7548648310264529
0.8263868833886613
0.8965736900020022
0.9649992454681477
1.0312550293982747
1.0949520183657027
1.1557274930480455
1.2132467137021015
1.2672088564011648
1.3173479967851065
1.3634377890598306
1.4052914667708178
1.4427649690013347
1.475755771277675
1.5042042905128377
1.5280914906035437
1.5474385448564978
1.56230330182547
1.5727783321980844
1.5789864720636
1.5810775118397054
1.5792231394076282
1.5736126262908916
1.5644475594888536
1.5519369351698244
1.5362920895930603
1.5177216204225565
1.4964269049836072
1.4725972382722445
1.446406268530952
1.4180076791102612
1.3875327891666789
1.3550870270684139
1.3207488520927706
1.2845671838883626
1.246561712591767
1.2067213734176137
1.1650060372145588
1.1213460583240047
1.0756452793850078
1.0277816350522184
0.9776113619545395
0.9249706058722688
0.8696806932244228
0.8115506561109853
0.7503833859868332
0.6859789498882913
0.6181414012767663
0.5466827048197319
0.47142991937019235
0.3922294769236131
0.30895438110096
0.22150850540232295
0.12983337824308355
0.033912091203156206
-0.06622481380967013
-0.1704962839622865
-0.2787662686980624
-0.3908419661771891
-0.5064712016657188
-0.625342380066739
-0.747084090382823
-0.8712670357719469
-0.9974060564387525
-1.1249641221231355
-1.2533567484698989
-1.3819579137762372
-1.5101066064307624
-1.6371143013235314
-1.7622731549445547
-1.884864484845546
-2.0041679614659422
-2.119470410294123
-2.230075264142173
-2.335310973675813
-2.434539993470495
-2.527166145429084
-2.6126425094755747
-2.6904772193818025
-2.7602397891184127
-2.821564999892477
-2.8741573797690325
-2.9177930267290084
-2.952322136042959
-2.97766876512317
-2.9938314450216956
-3.000881011911666
-2.998959438106948
-2.9882759332729036
-2.9691041953132884
-2.9417770365956657
-2.906682303863515
-2.8642563293891463
-2.814978817950012
-2.759365471591388
-2.6979621960378504
-2.6313372991034725
-2.5600754202265437
-2.484769742396049
-2.4060160787173666
-2.324405546500057
-2.240519235230494
-2.1549217539938326
-2.068156845949167
-1.9807421332604656
-1.89316593790863
-1.8058834225683669
-1.7193147430082036
-1.6338426401088648
-1.5498119090126774
-1.4675283613370809
-1.3872594740531203
-1.3092345326458328
-1.2336462352242015
-1.1606517590644045
-1.0903750498676905
-1.0229085281294774
-0.9583157877496393
-0.8966336692785964
-0.8378751177478255
-0.7820313865912589
-0.7290748501551042
-0.6789611532224953
-0.6316318278874182
-0.5870162586807168
-0.5450340072336589
-0.5055965143087738
-0.4686090828353428
-0.4339722810684668
-0.4015835720080288
-0.37133841453202177
-0.3431315541308913
-0.316857841261811
-0.2924132155453701
-0.2696952740544657
-0.24860399029038424
-0.22904207149975203
-0.21091545682621585
-0.19413350397865398
-0.17860930981985942
-0.1642597645349002
-0.1510057341684748
-0.138772016284889
-0.12748741884635725
-0.11708464628026269
-0.10750030349735425
-0.09867473602480646
-0.09055198248896293
-0.08307958750061005
-0.07620852092499256
-0.06989297777867297
-0.0640902782573133
-0.05876066513494499
-0.05386719487415658
-0.049375539925174135
-0.04525387828394835
-0.0414727056282205
-0.0380047283534177
-0.03482468858299733
-0.031909263916432624
-0.02923690692647105
-0.026787753508799594
-0.024543477443880263
-0.022487208258827752
-0.020603400707034758
-0.018877762362721727
-0.017297137388240274
-0.015849443614795806
-0.014523569666622434
-0.013309320982803744
-0.012197329201643625
-0.011179006404067535
-0.01024646559240299
-0.00939248235057897
-0.008610425249553024
-0.007894224096403928
-0.007238309141239101
-0.0066375851057981425
-0.006087378137029736
-0.00558341485076151
-0.005121776063002799
-0.004698880144510288
-0.004311442653560804
-0.0039564633649880115
-0.0036311910217006436
-0.003333113471561853
-0.003059926845362136
-0.0028095283031620453
-0.0025799890313216427
-0.0023695491643706064
-0.0021765940716810483
-0.0019996510802696363
-0.0018373685921693255
-0.0016885142871850515
-0.0015519566748797146
-0.001426664504038198
-0.0013116904086788522
-0.0012061712929731891
-0.001109313779278589
-0.0010203953738439425
-0.0009387514671003635
-0.0008637771170932788
-0.0007949153887843338
-0.0007316596192742939
-0.0006735429142870414
-0.0006201407823824825
-0.0005710616337176149
-0.0005259496900775392
-0.00048447635400605344
-0.0004463433180596729
-0.0004112746919905516
-0.00037902024856911634
-0.00034934821315330916
-0.000322048595104544
-0.0002969265582052754
-0.00027380579644284604
-0.00025252241570824553
-0.00023292832083458582
-0.0002148855491428333
-0.0001982696423496906
-0.00018296438109751274
-0.00016886512090899669
-0.00015587388408652326
-0.00014390264347574966
-0.00013286873424820883
-0.0001226980730024961
-0.0001133208571271917
-0.00010467470985245306
-0.0000967006392762106
-0.00008934610249521346
-0.00008256120009149651
-0.00007630165451676446
-0.00007052521898448
-0.00006519456693591042
-0.000060273896955428324
-0.0000557317314783602
-0.0000515377016187203
-0.000047665254344790345
-0.000044088603043030864
-0.00004078534323422232
-0.00003773355634810134
-0.00003491433472010067
-0.00003230902746315857
-0.00002990167600511815
-0.000027676392154772208
-0.000025619705839758684
-0.00002371806650477423
-0.000021960105011600076
-0.000020334250405005425
-0.00001883090815873821
-0.00001744018512112486
-0.000016153986448624
-0.000014963842217116198
-0.000013862925490414113
-0.00001284397467032987
-0.000011901235211619884
-0.000011028472297209526
-0.00001022083874183255
-9.472973029287001e-6
-8.780795951398127e-6
-8.1396894411107e-6
-7.5462244769984275e-6
-6.996416497141333e-6
-6.4873870668189566e-6
-6.01569197002234e-6
-5.578919092950947e-6
-5.174085568181942e-6
-4.79917427218374e-6
-4.451596646269309e-6
-4.1296701450095105e-6
-3.831143582067618e-6
-3.554617800133878e-6
-3.2981305919105366e-6
-3.0605227925987247e-6
-2.8400800095038672e-6
-2.6358462664706117e-6
-2.446319942211734e-6
-2.270717023430606e-6
-2.107718804089087e-6
-1.956686731089031e-6
-1.8164595560342791e-6
-1.6865216849002253e-6
-1.5658476019062553e-6
-1.454025563079495e-6
-1.3501472299196759e-6
-1.25388847653954e-6
-1.1644422799768644e-6
-1.0815583419557608e-6
-1.0045173839318088e-6
-9.331312176757991e-7
-8.667566872503432e-7
-8.052577577203973e-7
-7.480574339669226e-7
-6.950633739770497e-7
-6.45756196323616e-7
-6.000800637439986e-7
-5.575658677957296e-7
-5.181881698266366e-7
-4.815218232314519e-7
-4.475666024530741e-7
-4.1593589083053796e-7
-3.8665027393781166e-7
-3.5935698459815844e-7
-3.340936846345993e-7
-3.105374185551498e-7
-2.887397576178817e-7
-2.6840407025531954e-7
-2.495931541981125e-7
-2.3203368516300852e-7
-2.1579741657773111e-7
-2.0063171863599284e-7
-1.866153808627559e-7
-1.73514201548772e-7
-1.6141238592771176e-7
-1.500921914282847e-7
-1.39641873538566e-7
-1.298584354240516e-7
-1.2083303456506873e-7
-1.1237592623709717e-7
-1.0458020665926757e-7
-9.726807875767453e-8
-9.053377179218829e-8
-8.421029485097635e-8
-7.839233866555182e-8
-7.292271753118706e-8
-6.78960262140229e-8
-6.316400456386685e-8
-5.8820691001393904e-8
-5.472597608483021e-8
-5.097296398075014e-8
-4.742901175453082e-8
-4.418598141770475e-8
-4.111809081739505e-8
-3.831571126118956e-8
-3.565938366034639e-8
-3.323779030630918e-8
-3.0937316448211126e-8
-2.884479948190024e-8
-2.685204148106533e-8
-2.504391481043126e-8
-2.331725534411907e-8
-2.1754880281750022e-8
-2.0258314935750436e-8
-1.8908256266625913e-8
-1.76106082573989e-8
-1.644390334813652e-8
-1.5318142591720873e-8
-1.4309666715392867e-8
-1.333231751560419e-8
-1.2460230664979594e-8
-1.1610854200145622e-8
-1.0856116386746129e-8
-1.011685572517303e-8
-9.462799146061455e-9
-8.817975744576645e-9
-8.24992326729402e-9
-7.685674823447234e-9
-7.190595005562316e-9
-6.694545150846485e-9
-6.260734477478063e-9
-5.821685113898293e-9
-5.438468296145748e-9
-5.046105377670801e-9
-4.703544386853738e-9
-4.348147603383077e-9
-4.036749585638082e-9
-3.7088956775950068e-9
-3.4193089495111502e-9
-3.1095572052425323e-9
-2.832243102605574e-9
-2.5307898857713558e-9
-2.255656229079677e-9
-1.9519430444466935e-9
-1.6679223302196818e-9
-1.3501796174477546e-9
-1.0447420675519987e-9
-6.995928866351823e-10
-3.60171393775271e-10
-3.6300796209036283
-3.616207853209963
-3.5931327408677842
-3.5610768712593543
-3.5202574116137653
-3.470987470098586
-3.413616719746763
-3.3485650303286496
-3.27629185128283
-3.19730954419674
-3.112164554044238
-3.0214406180990196
-2.9257462869585953
-2.825712066868736
-2.7219820042474723
-2.6152068649327034
-2.506038665966119
-2.3951211733873565
-2.283086788186239
-2.1705452451124234
-2.0580825347858647
-1.9462484818195336
-1.8355575553802177
-1.7264759021043603
-1.619424016434876
-1.5147637528161013
-1.4128029116814997
-1.3137827242116358
-1.217884461633907
-1.1252178521361649
-1.0358298372588988
-0.9496943296708837
-0.8667232184578261
-0.786757800188218
-0.7095820748337048
-0.634916078012493
-0.562431413800318
-0.4917465843811298
-0.42244458014114245
-0.35407014842536166
-0.28614911225015205
-0.21818734958296873
-0.1496913495635445
-0.08016849815929758
-0.009148218169790306
0.06381700923598076
0.13913071997432522
0.21715141854316639
0.2981727756248746
0.38242335026322166
0.47004886295840737
0.56111350332644
0.6555851972555432
0.7533392430482339
0.8541473615714572
0.9576842356441247
1.0635209066726066
1.1711345344257234
1.2799063974584224
1.3891348670142385
1.4980379128338053
1.605768933899694
1.7114233092203657
1.814056395916489
1.9126933434411904
2.00634830152423
2.0940364772883284
2.174793426438046
2.2476882023435563
2.3118415502115055
2.366438982137271
2.410746752074127
2.44412377843369
2.4660344264548675
2.4760583635748468
2.4738993843772454
2.4593924917146337
2.4325082360502046
2.393356538696967
2.342186257445493
2.279385488711213
2.2054763020554775
2.1211114693784894
2.0270645316619174
1.9242231102557743
1.8135746878709205
1.6961968696007774
1.5732394868928254
1.445912402428749
1.3154647847444378
1.183171290013177
1.0503095975094752
0.9181460357129339
0.787912689240547
0.6607937321884618
0.5379035737803906
0.42027527096037437
0.3088412223970732
0.20442500476315068
0.10772600692480395
0.019315832165886993
-0.060372039124715976
-0.13104052562329185
-0.1925336457370814
-0.2448292582084267
-0.2880381243758579
-0.3223915260625545
-0.34823533287800335
-0.36601352191975595
-0.3762584692753621
-0.37957188310026213
-0.37661294007530915
-0.36807841346061604
-0.35469042812997664
-0.337177567277304
-0.31626389937320737
-0.29265258609030553
-0.26701747414592975
-0.23999026260261977
-0.21215543402400563
-0.18404147068930518
-0.15611933167554187
-0.1287976467158652
-0.10242443620087745
-0.07728575525625489
-0.05360998274630133
-0.03156909727772687
-0.011284667582407515
0.0071691673030540816
0.023758895310169368
0.03848782611062833
0.05138925210805831
0.06252253905114993
0.07196683377430961
0.07981756001544059
0.08618103712756425
0.09117167536174298
0.09490766778033234
0.09750899522151786
0.09909419422166404
0.09977914636801516
0.09967481764893284
0.09888672283983986
0.09751347357396244
0.09564676901595336
0.0933705712481509
0.09076146734289006
0.08788829909480311
0.08481275658190988
0.08158931327661915
0.07826593687928735
0.07488421125052934
0.07148007904877743
0.06808406247736155
0.06472197920442806
0.061415200972119034
0.0581813068996569
0.055034340943402045
0.05198538413041277
0.04904278842631858
0.046212661905889615
0.043499068297520704
0.04090442729700957
0.03842967678187687
0.036074595334372184
0.03383792879949242
0.03171764450520331
0.02971102633815609
0.02781487091048713
0.026025556360172935
0.024339190429026547
0.022751658307978036
0.02125873171381001
0.019856100688812304
0.018539451609261317
0.01730448718351907
0.016146980098113016
0.015062784711240576
0.014047871865759455
0.01309833504884982
0.012210410841177494
0.011380481662618415
0.010605085411242518
0.009880916362521796
0.00920482678494274
0.008573827109873828
0.007985081683378883
0.00743590896903401
0.006923773092017035
0.006446284565601253
0.006001188885564733
0.005586368069081617
0.005199827246818637
0.004839697157030942
0.004504219442804283
0.004191750142201761
0.0039007442145456627
0.003629759999083805
0.003377443354862163
0.003142533017057658
0.002923844629951899
0.002720276905007675
0.0025307957477543196
0.0023544411095708126
0.0021903113506551047
0.0020375706742800054
0.0018954338245492845
0.0017631739946000365
0.0016401079257791836
0.0015256041876730818
0.0014190687217904502
0.001319953399827821
0.001227742037740209
0.0011419591481946446
0.0010621564384081252
0.000987921682549813
0.0009188657077008002
0.000854631321547759
0.0007948807843565089
0.000739304736351482
0.0006876101490184899
0.0006395292049123277
0.0005948077184125451
0.0005532139282647192
0.000514527375736865
0.00047854757695820995
0.0004450833449917103
0.0004139613150064598
0.0003850156958935835
0.0003580966265384157
0.00033306034211599513
0.0003097773442736093
0.00028812296704022413
0.00026798534765220687
0.00024925637701869404
0.00023183946128761367
0.00021564084196788163
0.0002005771412019044
0.00018656703691224556
0.00017353858717981428
0.00016142124612530059
0.00015015296484360854
0.00013967253412519094
0.00012992646111649957
0.00012086162541566436
0.00011243193206009154
0.00010459126798157674
0.00009729993310503942
0.00009051788461034095
0.00008421094889516825
0.00007834434155719782
0.00007288866375981677
0.00006781368631336872
0.00006309413461124834
0.00005870372564871828
0.00005462074619208289
0.00005082233202499203
0.00004728984439487891
0.00004400338121759924
0.00004094695713048749
0.00003810323681504635
0.00003545852418976028
0.00003299770842630148
0.00003070906795055648
0.000028579420129737747
0.000026598745827991653
0.000024755534129507075
0.00002304123322511643
0.00002144578190977012
0.00001996189256688447
0.000018580761537391373
0.000017296189926216747
0.000016100465284639893
0.000014988325894167346
0.00001395300653436856
0.000012990051808657077
0.000012093519086390026
0.000011259646327021124
0.00001048320558841814
9.761030684201216e-6
9.088514940336455e-6
8.463003888348223e-6
7.880431229710265e-6
7.3385816276755425e-6
6.833859104237832e-6
6.364424847784259e-6
5.927092520901111e-6
5.520345851805278e-6
5.14135557345869e-6
4.788881415343255e-6
4.4604056256846585e-6
4.15492382791388e-6
3.8701902987282255e-6
3.6054020016099156e-6
3.35855100441173e-6
3.1290058514748964e-6
2.914966705842314e-6
2.7159480725613457e-6
2.5303324429215116e-6
2.357758235029731e-6
2.1967679010419813e-6
2.0471048075288107e-6
1.9074519419135348e-6
1.7776413148739827e-6
1.6564795694911923e-6
1.543873351235699e-6
1.438738283032574e-6
1.34104361547213e-6
1.2498011834565519e-6
1.1650325203007686e-6
1.0858345571778544e-6
1.0122722598343015e-6
9.435179710139479e-7
8.796725076578212e-7
8.199751791667788e-7
7.645561662067105e-7
7.127143743595604e-7
6.646038030012896e-7
6.195765148692554e-7
5.778055948862765e-7
5.38690631705308e-7
5.024197617657528e-7
4.684351692183977e-7
4.369366098482704e-7
4.07404541175941e-7
3.8004742408333665e-7
3.5438019556242574e-7
3.3061755284342913e-7
3.0830557743944475e-7
2.876631172006277e-7
2.682644621928592e-7
2.5033085428155356e-7
2.3346220318322678e-7
2.1788067081061642e-7
2.0320949973828476e-7
1.8967054050431474e-7
1.7690834491602867e-7
1.651434286911039e-7
1.540398586691606e-7
1.4381597047287128e-7
1.3415375195033237e-7
1.252686658335377e-7
1.1685920176977984e-7
1.0913738713929283e-7
1.0181694699124673e-7
9.51060221450417e-8
8.873244036821536e-8
8.29000995200278e-8
7.734991452973313e-8
7.228126454154148e-8
6.744723879994212e-8
6.304249042036372e-8
5.8831460285118067e-8
5.5003926094652944e-8
5.133493693926779e-8
4.800929458571857e-8
4.481198262585041e-8
4.192276742966606e-8
3.913595478711802e-8
3.6626250521732214e-8
3.4196724435172206e-8
3.2017025138408075e-8
2.9898475975039633e-8
2.8005695106169662e-8
2.6157791017150675e-8
2.4514397207445586e-8
2.2901975961640688e-8
2.147523706900529e-8
2.0067597843660653e-8
1.8828917055818667e-8
1.7599196794183674e-8
1.6523526159848445e-8
1.5448146548369776e-8
1.4513464568864816e-8
1.3571636751308323e-8
1.2758477540581354e-8
1.1931752370088222e-8
1.12227743782998e-8
1.0494626292221904e-8
9.87420865945272e-9
9.229641109233614e-9
8.683495324491486e-9
8.108655044870144e-9
7.623438659971434e-9
7.105224833429819e-9
6.6681424203721735e-9
6.193794864851662e-9
5.792169070672193e-9
5.3488167908503e-9
4.969609049773167e-9
4.543756630630778e-9
4.173012593960185e-9
3.7499366975233635e-9
3.3721254142220593e-9
2.9351467054065297e-9
2.532354703946908e-9
2.0619426760533314e-9
1.6128905180028655e-9
1.0857791629655475e-9
5.677743617919831e-10