1.2015198378900262e-13
-3.074466052703476e-11
-3.4269154969237966e-10
-1.8907745924797366e-9
-7.1943542386365974e-9
-2.1468336132107906e-8
-5.419122672533685e-8
-1.209090243729233e-7
-2.455813652829658e-7
-4.630509327476218e-7
-8.222599644600629e-7
-1.3893681188339225e-6
-2.251929240204245e-6
-3.5226089680176406e-6
-5.344384854535588e-6
-7.894756867363699e-6
-0.000011391975406638743
-0.000016099550685873973
-0.000022333423105130194
-0.00003046646609346949
-0.00004093640148492847
-0.00005424986915428085
-0.00007099077647874767
-0.00009182340009715582
-0.00011750077056161165
-0.0001488662042491594
-0.00018686129057781054
-0.00023252525010210827
-0.00028700213408002444
-0.00035153748174395014
-0.0004274844678699594
-0.0005162974843649987
-0.0006195371686857656
-0.000738860738736538
-0.0008760260721757136
-0.0010328788393130955
-0.0012113560359496385
-0.0014134701389827706
-0.0016413126761742937
-0.0018970357302727516
-0.0021828562201271396
-0.002501035073880385
-0.0028538828784921764
-0.0032437369266113104
-0.0036729687704566867
-0.0041439591394549094
-0.0046591077342109915
-0.005220805748696748
-0.005831447996082363
-0.006493402491360246
-0.007209024747692454
-0.007980623618530504
-0.008810477366318655
-0.009700794752170129
-0.010653732273751776
-0.011671349342509256
-0.012755625927817179
-0.013908410597006052
-0.015131437713248663
-0.016426267169167733
-0.017794300314334304
-0.01923671044964283
-0.020754456878843246
-0.022348205725605176
-0.024018341993055047
-0.02576488108831815
-0.027587479591730562
-0.02948533904836341
-0.031457217286077345
-0.03350132749660613
-0.03561535328827963
-0.03779634765251319
-0.0400407562650846
-0.04234432232672182
-0.04470212361210995
-0.047108490024019664
-0.04955706017152845
-0.05204071843140936
-0.05455167611123224
-0.057081433622145517
-0.05962088939880702
-0.06216033040858044
-0.0646895690446603
-0.06719796184408731
-0.06967457089716687
-0.0721082067992116
-0.07448760731694976
-0.07680149692929217
-0.07903877228144886
-0.0811885679154571
-0.08324043612841617
-0.0851844072904951
-0.08701115162143369
-0.0887120232157396
-0.09027919314615854
-0.09170566895482726
-0.0929853921550907
-0.09411322907468431
-0.0950850306251414
-0.0958975952080027
-0.09654869362684892
-0.09703700929351483
-0.09736213534640709
-0.09752450064467484
-0.09752534864968808
-0.09736665896275108
-0.09705111782685881
-0.09658204400984662
-0.09596335892863057
-0.09519952282875892
-0.0942955091136265
-0.09325675284551087
-0.09208912987501697
-0.09079891578822147
-0.08939276700012763
-0.08787768545565568
-0.08626099689038438
-0.08455031555772903
-0.08275351480458877
-0.08087868697879926
-0.07893410315735024
-0.07692816575030138
-0.07486935699396947
-0.07276618478318117
-0.07062712249168092
-0.06846055131462692
-0.06627469625600521
-0.06407757002926023
-0.06187691111998396
-0.059680134740543934
-0.05749427861625832
-0.055325965697271676
-0.05318136197867577
-0.051066154020737664
-0.04898552116810634
-0.04694412892783273
-0.04494611591020706
-0.042995102234934655
-0.041094189785026346
-0.03924598338081562
-0.03745260175435438
-0.03571570839286674
-0.034036530064093205
-0.03241589397139677
-0.030854250617225073
-0.029351714114197947
-0.027908086518089313
-0.026522898641787102
-0.02519543355647294
-0.023924765900576673
-0.022709782893381266
-0.021549220792610794
-0.020441682382252874
-0.01938566982571524
-0.018379598115050313
-0.01742182404708784
-0.01651065552639127
-0.01564437674616421
-0.014821253520230946
-0.014039554986404978
-0.013297555317515529
-0.012593552401238507
-0.01192586636808382
-0.011292855761461988
-0.010692913344507272
-0.01012448027984808
-0.009586039658029781
-0.0090761291774124
-0.008593332791887382
-0.008136292332757413
-0.007703697615354889
-0.0072942973877699055
-0.006906888173940972
-0.006540324876190116
-0.0061935085722187345
-0.00586539704422161
-0.005554991692365743
-0.005261348215292486
-0.004983562754698448
-0.004720782911337728
-0.00447219319468862
-0.004237026525210075
-0.0040145490294680305
-0.0038040721529033887
-0.003604936813502788
-0.003416526228921607
-0.0032382494199332235
-0.0030695548405489403
-0.002909913205148852
-0.0027588319993703684
-0.0026158375911444365
-0.0024804906927970707
-0.0023523677054014536
-0.0022310771980465086
-0.0021162404263093248
-0.0020075088924003228
-0.0019045439716008506
-0.0018070356165188933
-0.0017146810195686716
-0.001627204525471323
-0.0015443352529173541
-0.0014658282814243252
-0.0013914411509300603
-0.001320956391938447
-0.001254156817720063
-0.0011908494701654794
-0.0011308396153478794
-0.001073956181519891
-0.0010200243648970963
-0.000968892640696515
-0.0009204038820151147
-0.000874424029645856
-0.000830811622788239
-0.0007894482185472038
-0.0007502062288583226
-0.0007129811860525761
-0.0006776577757615658
-0.0006441440506983798
-0.0006123355443991584
-0.0005821515414247803
-0.0005534971515635906
-0.0005263017509966938
-0.0005004788910083579
-0.00047596703129922416
-0.0004526871513077301
-0.00043058590379801796
-0.00040959079056594776
-0.00038965587170326766
-0.00037071436073118414
-0.0003527270325506437
-0.00033563208589917285
-0.00031939640097059294
-0.0003039625095070963
-0.0002893028614228357
-0.0002753637348103767
-0.0002621226796576318
-0.00024952919154123254
-0.0002375655097122567
-0.00022618386925128914
-0.00021537084043621725
-0.00020508096462344534
-0.00019530483192744218
-0.00018599889605448332
-0.00017715749794170742
-0.00016873864417168893
-0.00016074019537288856
-0.00015312138167087997
-0.00014588338636331767
-0.0001389863600807807
-0.0001324346425567638
-0.00012618902475654436
-0.00012025686449067781
-0.00011459933269398334
-0.0001092266922193917
-0.00010410025066961118
-0.00009923308599056237
-0.00009458641375941415
-0.00009017605820147166
-0.00008596292657318393
-0.00008196554000136949
-0.0000781442915360592
-0.00007452036778755392
-0.00007105345032448731
-0.00006776737650708072
-0.00006462092612784976
-0.00006164058815157036
-0.00005878405579380404
-0.000056080485128918095
-0.00005348630213566283
-0.00005103335935875758
-0.00004867663777273051
-0.0000464507289437908
-0.000044308992821482575
-0.00004228881518666912
-0.00004034175962013381
-0.00003850807350797318
-0.000036737348406329575
-0.00003507277254488854
-0.00003346178854975378
-0.00003195061632052145
-0.00003048437051966455
-0.000029112404945646522
-0.00002777732429911656
-0.00002653172980261524
-0.00002531553042787117
-0.00002418469959951415
-0.000023076260255882624
-0.000022049694076937043
-0.000021038942373042964
-0.000020107142489226438
-0.000019184952494165688
-0.00001833932429838154
-0.00001749742437554845
-0.00001673018978374722
-0.00001596107959807251
-0.000015265198524467224
-0.00001456207427674267
-0.000013931173917328882
-0.000013287860968306626
-0.000012716172097732915
-0.000012127064224760809
-0.000011609363793248794
-0.000011069368407105217
-0.000010600927801006167
-0.00001010541651744834
-9.681954911576321e-6
-9.226718938226139e-6
-8.8443612283478e-6
-8.425571079655227e-6
-8.080809937052294e-6
-7.694979043948814e-6
-7.384640680088436e-6
-7.0285925040877304e-6
-6.749805777319001e-6
-6.420644077309322e-6
-6.1708126108609625e-6
-5.86589455072927e-6
-5.642671563571123e-6
-5.359583375856446e-6
-5.160848960862663e-6
-4.897383913496103e-6
-4.721224524248327e-6
-4.475362963276838e-6
-4.320052891268261e-6
-4.089944153573318e-6
-3.953928805618047e-6
-3.7378748167029827e-6
-3.6197556167675753e-6
-3.4161960081321388e-6
-3.3147167664779793e-6
-3.1222153634438396e-6
-3.0362499753416033e-6
-2.85348251926606e-6
-2.7820238636239597e-6
-2.6077668481840347e-6
-2.5499167734727084e-6
-2.3830372852080693e-6
-2.337997580114957e-6
-2.177444044798261e-6
-2.1445083017613677e-6
-1.9893020460657655e-6
-1.967848333173825e-6
-1.817075884072603e-6
-1.8065601517323404e-6
-1.65936619721893e-6
-1.6593163520841533e-6
-1.5148973003259337e-6
-1.524907885108405e-6
-1.3825059617888645e-6
-1.4022333867250673e-6
-1.2611312162828002e-6
-1.2902894933831973e-6
-1.1498051153630388e-6
-1.1881620502949905e-6
-1.0476443284719375e-6
-1.0950181311292754e-6
-9.538425121653964e-7
-1.0100987893691933e-6
-8.676633776421736e-7
-9.327124758379845e-7
-7.884343896901301e-7
-8.622290588419133e-7
-7.155410383283843e-7
-7.980743911827175e-7
-6.484216312278883e-7
-7.397253736555977e-7
-5.865625557653609e-7
-6.867054676909794e-7
-5.294939695283554e-7
-6.385806183633883e-7
-4.7678587791098044e-7
-5.949555466155538e-7
-4.2804456396615966e-7
-5.554703792347909e-7
-3.829093370401633e-7
-5.197975848049185e-7
-3.410495724120162e-7
-4.876391876639904e-7
-3.0216201376184335e-7
-4.587242351096739e-7
-2.6596831405723366e-7
-4.328064936387261e-7
-2.3221279528339394e-7
-4.096623557267266e-7
-2.0066040311801708e-7
-3.8908893489391383e-7
-1.7109484304600484e-7
-3.709023352999452e-7
-1.4331687737812627e-7
-3.5493607855149266e-7
-1.1714277251186949e-7
-3.4103967432518195e-7
-9.24028781489244e-8
-3.290773196285329e-7
-6.894031265748581e-8
-3.189265778865822e-7
-4.6608658328567886e-8
-3.104684277188267e-7
-2.5200355797220615e-8
-3.030263673016764e-7
1.6067744787601095e-14
-3.2476987391213112e-12
-2.8969091368410338e-11
-1.4663717166995247e-10
-4.1725803281884477e-10
-8.04309483725515e-10
-5.973161411803929e-10
2.193011933577712e-9
1.2693572076729381e-8
4.085150142782497e-8
1.0557535751142247e-7
2.381131198668762e-7
4.895536707513693e-7
9.36386321795729e-7
1.6922793663998116e-6
2.91591960556998e-6
4.82752964830226e-6
7.718420803452033e-6
0.000011971975299562141
0.000018073468420879733
0.000026634336928185526
0.00003839990628144358
0.00005427491037967703
0.00007532605692012358
0.00010280623678445221
0.0001381486664806657
0.0001829873007004517
0.0002391398370253455
0.0003086226861077124
0.00039362148256314784
0.0004965005377623426
0.0006197615229285228
0.0007660493579934566
0.0009381020316907043
0.0011387568907742654
0.001370896595002526
0.0016374611898851241
0.0019413963970516652
0.0022856771662140216
0.002673264446957632
0.003107144817849109
0.003590300414225632
0.004125766722823793
0.004716617605547254
0.005366039726316318
0.006077331025504753
0.0068539860161646576
0.007699702174561845
0.008618466068133601
0.009614558466411863
0.010692627440754374
0.011857679999235277
0.013115125323597224
0.014470738734703892
0.01593065646299662
0.017501297130522068
0.019189289349437953
0.021001337200822253
0.022944064207451344
0.02502381327439304
0.027246396071291673
0.02961682545964911
0.03213896890294825
0.03481522319108253
0.03764608453430235
0.04062979128699595
0.04376184118892165
0.04703464636832671
0.05043704756759298
0.05395404392460843
0.05756637114077972
0.06125038189468433
0.06497776478282741
0.06871565449968002
0.07242656590394675
0.07606880172097549
0.07959665756672941
0.08296116654948411
0.08611059582608982
0.08899152343030942
0.09154959838554137
0.09373089107655645
0.0954828348461856
0.09675573689513715
0.09750377060162523
0.09768649110952521
0.09726971617842076
0.09622687055939151
0.09453958872714419
0.09219872241236217
0.0892045257072814
0.08556720203188105
0.08130658842038872
0.0764521856352103
0.07104233426317962
0.06512375194894279
0.05875027418681431
0.05198199920746226
0.04488373414306835
0.037523904759679594
0.02997288864942556
0.022301872158907124
0.014581258487293167
0.0068796439688206005
-0.0007375389566381673
-0.008208794666778338
-0.015477579829908533
-0.02249275349873276
-0.029209208875773197
-0.03558799148408415
-0.04159656567004871
-0.04720864425159804
-0.05240415289756861
-0.057168847588917784
-0.061494062891220204
-0.0653762044555523
-0.06881636897507033
-0.0718197913470808
-0.07439541051104327
-0.07655533200771646
-0.07831439284141978
-0.07968967787056123
-0.08070011553929299
-0.08136606688616331
-0.08170896711003192
-0.08175099209573013
-0.08151474996453122
-0.08102302219684158
-0.08029850386689832
-0.0793636132316481
-0.07824027740550014
-0.07694980365409318
-0.07551270691878176
-0.07394863631229147
-0.0722762408328273
-0.07051314474130539
-0.06867584743444932
-0.06677974121244015
-0.06483904060271721
-0.06286683565250423
-0.060875045272267246
-0.05887449890114892
-0.05687490796037143
-0.05488496877112265
-0.052912346146777756
-0.05096379088909646
-0.049045129925422884
-0.04716139252930258
-0.0453168021405025
-0.04351490652626336
-0.04175856736209209
-0.04005009072380677
-0.03839121150751509
-0.03678322178390005
-0.03522694807843218
-0.03372287613398711
-0.03227111987891406
-0.030871541978771472
-0.029523713953302697
-0.028227032537419226
-0.02698067086560002
-0.025783691114597558
-0.024634986970905555
-0.023533393322356256
-0.022477620388900305
-0.02146636139700625
-0.02049821881730687
-0.019571811029897333
-0.0186856911029876
-0.017838453465606696
-0.01702864560564348
-0.01625487573476161
-0.015515717701204038
-0.014809820576656606
-0.014135806982841356
-0.013492385466840388
-0.012878242341415783
-0.012292157651406814
-0.011732890531199223
-0.011199299506595784
-0.010690221283610744
-0.010204596079860436
-0.009741339678612562
-0.00929947444258947
-0.00887799439510628
-0.008476002538790049
-0.0080925686622828
-0.007726873564477737
-0.007378059228910111
-0.007045380541848417
-0.006728047426583913
-0.006425384638506584
-0.006136665406236596
-0.005861279888805307
-0.005598559829293296
-0.0053479562673906045
-0.005108854672971504
-0.004880762519247669
-0.004663114327767085
-0.004455469725226323
-0.004257307795330427
-0.004068236263382504
-0.003887774516677288
-0.0037155745854909597
-0.003551192157521909
-0.003394320052491916
-0.0032445465215245237
-0.0031016019424432444
-0.002965103658620514
-0.0028348166552866847
-0.0027103841556213567
-0.0025916030736724657
-0.0024781395468924886
-0.0023698199987147446
-0.002266330747291267
-0.0021675255511672655
-0.0020731083915087743
-0.0019829584164560332
-0.0018967949509407476
-0.0018145208006423547
-0.0017358684964051546
-0.0016607629666550076
-0.001588947975193138
-0.001520369220767557
-0.0014547798759204182
-0.0013921452251536661
-0.0013322261593710846
-0.0012750065188501987
-0.0012202533418378579
-0.0011679681367564195
-0.0011179226244731842
-0.0010701352249282718
-0.0010243809709300112
-0.0009806945581168987
-0.000938853043193504
-0.0008989068733976923
-0.0008606339135366738
-0.0008240999413751206
-0.0007890824769310747
-0.0007556623033155734
-0.0007236154969739618
-0.0006930376101158012
-0.0006637022225498907
-0.000635719502927752
-0.0006088595199273293
-0.0005832469843603852
-0.0005586474705644744
-0.0005352002306766646
-0.0005126653870934316
-0.0004911968026494724
-0.000470548209265727
-0.0004508882161124019
-0.0004319632405599774
-0.000413956837363983
-0.00039660719359297617
-0.00038011307022017317
-0.000364203513013778
-0.0003490928089408193
-0.0003344999505565705
-0.00032065512853234567
-0.0003072663664870693
-0.0002945801924015503
-0.0002822927363477612
-0.0002706673530269109
-0.0002593873426628534
-0.0002487334306867539
-0.00023837513470675032
-0.00022861114974175302
-0.0002190962391206567
-0.00021014772050373214
-0.00020140460817359525
-0.00019320355045247695
-0.00018516679187303856
-0.00017765107403190362
-0.00017026082191531856
-0.000163373688972883
-0.0001565751980088748
-0.0001502647894459629
-0.00014400796602361777
-0.0001382268875919353
-0.0001324658796293484
-0.00012717081336110128
-0.0001218636379153379
-0.00011701498776275514
-0.00011212319109041739
-0.00010768475975969858
-0.00010317310864147896
-0.00009911180458442746
-0.00009494800472179068
-0.00009123357436670525
-0.00008738801403631222
-0.00008399279853088357
-0.00008043831445876195
-0.00007733702793054242
-0.00007404869245021713
-0.00007121821991439648
-0.00006817314646715332
-0.00006559235959898764
-0.00006276952523381179
-0.000060419114822338376
-0.000057799198532619604
-0.00005566152131911887
-0.00005322675610486347
-0.000051285695575321314
-0.00004901973342533718
-0.000047260572545424785
-0.0000451483612255033
-0.0000435576665014692
-0.000041585336602264686
-0.00004015085246365689
-0.00003830561444075654
-0.00003701616653199426
-0.00003528621655258563
-0.00003413162409646374
-0.00003250605750292415
-0.00003147705290259643
-0.00002994578530576249
-0.000029033940929078415
-0.00002758763564650144
-0.00002678529717549685
-0.000025415299284641103
-0.000024715524937588958
-0.000023413799885536815
-0.00002281030489856618
-0.000021569383167863205
-0.000021056489051734323
-0.00001986941468516361
-0.000019442003436424066
-0.000018302287027600518
-0.000017955758918705508
-0.00001685733428287063
-0.00001658756970603611
-0.000015524754073711424
-0.000015328078857758546
-0.00001429553609890204
-0.000014168689724278739
-0.000013161396626351523
-0.0000131015036925583
-0.000012114718720666523
-0.000012119262691902802
-0.00001114849715006051
-0.000011215296812968995
-0.000010256288233899925
-0.000010383476170962932
-9.432163501621522e-6
-9.618166974622566e-6
-8.670667622430844e-6
-8.91419084606186e-6
-7.96677955997531e-6
-8.266788212983128e-6
-7.315877021957825e-6
-7.671583951229595e-6
-6.7137039399422324e-6
-7.124556582533582e-6
-6.156340429339856e-6
-6.622009684820763e-6
-5.640175474015133e-6
-6.160545639824106e-6
-5.161881799550426e-6
-5.7370417886320855e-6
-4.718392589425708e-6
-5.348628232293265e-6
-4.306880367830429e-6
-4.992667799254043e-6
-3.924737587992303e-6
-4.666737329564322e-6
-3.5695585732832047e-6
-4.368610874149075e-6
-3.239123183778764e-6
-4.096243964450959e-6
-2.9313817306964466e-6
-3.847759365290134e-6
-2.6444411022834895e-6
-3.6214338931290275e-6
-2.376551972317314e-6
-3.4156863174489376e-6
-2.1260970947750187e-6
-3.2290664160073436e-6
-1.8915804393128693e-6
-3.0602446485676985e-6
-1.6716175488094939e-6
-2.9080030581853577e-6
-1.4649259863978266e-6
-2.771226542505849e-6
-1.2703174564850436e-6
-2.64889502218617e-6
-1.0866896170502028e-6
-2.5400764066835922e-6
-9.130192969687128e-7
-2.4439196606002094e-6
-7.483555695123438e-7
-2.3596490118403565e-6
-5.918140681501845e-7
-2.2865583091868776e-6
-4.42571200341838e-7
-2.224005156760141e-6
-2.998517888911317e-7
-2.171348287339827e-6
-1.6246655615413294e-7
-2.1243127290204707e-6
1.1930856909422148e-12
-2.3931583092063475e-10
-2.623504125805913e-9
-1.4511491953534512e-8
-5.494293695258186e-8
-1.6353679959149762e-7
-4.107616779859269e-7
-9.122424541063432e-7
-1.8417499978467184e-6
-3.450983143140981e-6
-6.083387451741032e-6
-0.000010199511197670738
-0.000016389259506745162
-0.000025403016596898075
-0.000038159677524158045
-0.00005578397242334761
-0.00007960762929347392
-0.00011121370717795151
-0.00015242846998508457
-0.00020537390239930124
-0.0002724481608459231
-0.0003563876189840635
-0.0004602339252660971
-0.0005874067471325592
-0.0007416553940313559
-0.0009271428501726667
-0.0011483796118353627
-0.0014103186944018809
-0.0017182688651434315
-0.0020779992157972504
-0.002495628425477118
-0.002977736303752163
-0.0035312250928999822
-0.004163434130585485
-0.004881968420845829
-0.005694811234916236
-0.006610114203868695
-0.007636301389423399
-0.008781814138058269
-0.010055199287212373
-0.011464801431182203
-0.013018828129954032
-0.014724982748460569
-0.016590501540664385
-0.01862172245513651
-0.020824093238394705
-0.0232016757499534
-0.025757130632055373
-0.028491162293587818
-0.03140249339501934
-0.03448726171068368
-0.03773900542830763
-0.041148028433711466
-0.044701424114482025
-0.04838242957914776
-0.05217052093252546
-0.05604077985980373
-0.05996409786619367
-0.06390658179449302
-0.06782990964049102
-0.07169080649772111
-0.07544160140642833
-0.07902981269982468
-0.0823989636776706
-0.08548832520131446
-0.08823405525390385
-0.0905691531402512
-0.09242498909639299
-0.09373152246552253
-0.09441927549636725
-0.09441985005645796
-0.09366836748468191
-0.09210427831945
-0.0896742326424158
-0.08633311199699173
-0.08204721213308012
-0.07679533902006389
-0.07057208576808657
-0.06338873694658392
-0.05527632009545997
-0.04628597487967704
-0.03649138173659158
-0.025988202197824165
-0.014895462498677433
-0.0033536881478567885
0.00847512336032611
0.02041094357471844
0.03225736285721683
0.04380667192596425
0.05484309716078038
0.06514930172302023
0.07451085766559523
0.08272362412687255
0.0895987909192408
0.09497030324464514
0.09869956686472964
0.10068191375275318
0.10084996362323284
0.09917813136274885
0.09568374789638517
0.09042883201858469
0.08351839488276637
0.07509911750115669
0.06535475051098245
0.054501878945059604
0.042782883004911086
0.03045951539247439
0.017804380361863777
0.005093464487672888
-0.007402603358529691
-0.01942574576194773
-0.030738094228688218
-0.041127686015655925
-0.05041397503546273
-0.0584511644740423
-0.06513095690477785
-0.07038316734377047
-0.07417564114051901
-0.07651232897257786
-0.07743080116327143
-0.07699839975502347
-0.07530812447032557
-0.07247372141705159
-0.06862485281949202
-0.06390201281670248
-0.05845182713034752
-0.05242253813850598
-0.04596006823298824
-0.03920456059446893
-0.032287560885763615
-0.025329817680364387
-0.01843966699676158
-0.011712052843756203
-0.005227990458223648
0.0009453993974266096
0.006754597059242744
0.012158923690935939
0.017129709746636607
0.021649105202176604
0.025708983614268464
0.029309578797660545
0.03245834351670545
0.03516860362146748
0.037458522130806256
0.03934989260747638
0.040867294174068106
0.04203708533738269
0.04288678268860575
0.04344427059414018
0.04373739925569283
0.04379339566049746
0.043638654507756225
0.04329831946806566
0.04279623029671484
0.04215463738855443
0.04139426661873066
0.04053413088374983
0.039591677554062114
0.03858266518221117
0.03752136431978464
0.03642047366685245
0.0352913516109674
0.034143952344854935
0.03298707173481111
0.03182828954762394
0.03067421859770609
0.02953044383578014
0.028401767963861003
0.027292141681786897
0.026204902131177193
0.025142691153354317
0.02410768516629655
0.023101500029295435
0.022125412449347414
0.021180251152595413
0.02026661084489695
0.019384730022795785
0.01853469903138031
0.017716325155211352
0.01692933655997977
0.016173235388575808
0.01544749943755895
0.01475142393639835
0.014084322766261445
0.013445359476728574
0.01283374975403119
0.01224858206829068
0.011689022975521527
0.01115412761620964
0.010643049307883734
0.010154839949557237
0.009688665242832274
0.009243594900451225
0.008818824734272923
0.008413456426150935
0.008026727635334161
0.007657780966820612
0.007305903187788464
0.006970282919457073
0.006650260004991115
0.006345071355232643
0.006054111480390832
0.005776665837042536
0.005512183517612143
0.005259997371564682
0.005019609844215191
0.004790399076524612
0.004571918888532486
0.004363590002669831
0.004165015181662855
0.00397565466056903
0.003795157472497006
0.0036230201179483956
0.0034589351409494112
0.0033024320093899243
0.0031532440398548294
0.003010930406933194
0.0028752625549831696
0.0027458262001851183
0.0026224284121059032
0.0025046784161984292
0.002392416576397302
0.002285272748574447
0.002183118448407633
0.0020856014456034455
0.001992622460650976
0.0019038446253002704
0.0018191961128206666
0.0017383530253411378
0.001661269429313625
0.0015876321589519565
0.001517419797714697
0.001450327816723926
0.001386358116394487
0.0013252128422721323
0.001266916177951245
0.0012111751010075696
0.0011580352004413987
0.001107206552616851
0.0010587554211084335
0.0010123933435350289
0.0009682066647427702
0.0009259068325063501
0.0008855998081283196
0.0008469954719259993
0.0008102190569258817
0.0007749774634137316
0.0007414149642677725
0.0007092341216084433
0.0006785981226466469
0.0006492038785994785
0.0006212334651316826
0.0005943768662936975
0.0005688351156472893
0.0005442900227133219
0.0005209617392525474
0.0004985226736994059
0.0004772123416864712
0.0004566925392968681
0.0004372224749134537
0.00041845212833724153
0.0004006608090050861
0.0003834854785191197
0.0003672260333487512
0.00035150521174029555
0.0003366440583681484
0.0003222498723983981
0.00030866548274417624
0.00029548151986196007
0.00028306330557677163
0.0002709835515230382
0.0002596308546134467
0.0002485587333223616
0.0002381799136910603
0.00022802741760243473
0.00021853902734977594
0.0002092259302995461
0.00020055196550786643
0.0001920051094541627
0.0001840763327571266
0.00017622898202518356
0.00016898230913095464
0.0001617735651179155
0.0001551515088342794
0.00014852577886079895
0.00014247594505281927
0.00013638246166674918
0.0001308570926154197
0.0001252494762196592
0.00012020503619734547
0.00011504089889123084
0.00011043769800292134
0.00010567828321506963
0.00010148013638205021
0.00009708999308700889
0.00009326391034940831
0.00008921059472729276
0.00008572649983274373
0.00008198030639562457
0.00007881078204431192
0.00007534449799276075
0.0000724645535093767
0.00006925323490692872
0.00006664009584133355
0.0000636608649850809
0.00006129378119639917
0.00005852564183320114
0.00005638571392119328
0.00005380938207357687
0.000051879402882975024
0.000049477154469277275
0.00004774146515239689
0.00004549699490979965
0.00004394135470171347
0.00004183964963219144
0.00004045111656674308
0.000038478339282574996
0.00003724516221686905
0.00003538854445989852
0.00003430006473008482
0.000032547810593981286
0.00003159437260507614
0.000029935569742699458
0.00002910843966005919
0.000027532978311420664
0.0000268242706618187
0.000025322769563758715
0.00002472537952547522
0.00002328911791435064
0.000022796660440128425
0.000021417515857838266
0.000021024270445425888
0.000019694661856084205
0.000019395521857077967
0.000018108357232747825
0.000017898784747436606
0.00001664741272780242
0.000016523397130469678
0.00001530156300668646
0.000015259582914933873
0.00001406138789991542
0.000014098378010830197
0.00001291824174437806
0.000013031561602977404
0.000011864187471961786
0.000012051593805706426
0.000010891936916731938
0.000011151559179534408
9.994796597041561e-6
0.000010325114072552945
9.166617445275992e-6
9.566439474788219e-6
8.401749561023736e-6
8.870197301658453e-6
7.694999875673754e-6
8.231490581620447e-6
7.041594544455388e-6
7.645826774974686e-6
6.43714320981073e-6
7.1090851637342225e-6
5.877607585996403e-6
6.617485293453415e-6
5.359271870266761e-6
6.167560315237534e-6
4.87871568844619e-6
5.756130146821133e-6
4.432789780422318e-6
5.38027895444674e-6
4.018593045430648e-6
5.037333235504826e-6
3.6334524931468835e-6
4.724842852929787e-6
3.274903663111846e-6
4.440562561529599e-6
2.9406736119517687e-6
4.1824357597100675e-6
2.6286647668952353e-6
3.948579545138218e-6
2.3369401456369466e-6
3.737270438675733e-6
2.0637102243207117e-6
3.5469323823463054e-6
1.8073203079454204e-6
3.3761248121611586e-6
1.5662395975879564e-6
3.22353229742991e-6
1.3390504469489965e-6
3.087954658320641e-6
1.1244388785600796e-6
2.9682981616331758e-6
9.211860292382692e-7
2.8635675599873704e-6
7.281597458414403e-7
2.772858455059943e-6
5.443072349892952e-7
2.695349344339377e-6
3.686390149902704e-7
2.630224999903587e-6
1.9966157876252983e-7
2.572213189120339e-6
-4.9989658017652027e-14
2.0461171770602367e-11
2.408956946945506e-10
1.3057621703824805e-9
4.993049908500314e-9
1.4808118148879656e-8
3.737726593580088e-8
8.31216975905852e-8
1.6880462917999835e-7
3.180515313154409e-7
5.657991016094323e-7
9.58521511753274e-7
1.5616852523889119e-6
2.4596617605958836e-6
3.767598051813897e-6
5.631041306821773e-6
8.243776098961251e-6
0.0000118470515715452
0.000016754815042031827
0.000023352042287451938
0.00003212837805196374
0.00004367441706658906
0.00005872407511158798
0.00007814682720100921
0.00010299829450577902
0.0001345055623659902
0.00017412466334051284
0.00022351535786001338
0.0002846036324060866
0.0003595419431805653
0.0004507747335773234
0.0005609802702932084
0.0006931376418311057
0.0008504470409612933
0.001036397735777076
0.0012546648821426822
0.0015091793942632404
0.0018040008631516231
0.0021433917504750165
0.0025316673288581044
0.0029732777146756133
0.003472636474638009
0.0040342142326584805
0.004662347310747206
0.005361345688350196
0.006135281643199028
0.006988112741786791
0.00792344817017509
0.008944684636130558
0.010054745619826229
0.011256225407049915
0.012551094812021515
0.013940847059456796
0.015426163664949493
0.01700705646625786
0.018682490034130826
0.02045051732196111
0.022307860419990763
0.02425004292577921
0.026270938532068033
0.02836291049398466
0.03051634627770105
0.03271982200882355
0.03495964954433843
0.03722008979775428
0.03948294429515975
0.04172784406739943
0.043931919359524146
0.04607018900076389
0.048115338352059916
0.05003822708119974
0.05180779644224123
0.053391701578147814
0.054756355736102755
0.05586767814956829
0.05669126688356033
0.05719323761428339
0.057340501416294716
0.0571016565196285
0.05644733563666782
0.05535110488667014
0.05378983955997638
0.051744583372579346
0.0492009124265903
0.046149713117504716
0.04258749965565815
0.03851707722883545
0.03394778484737166
0.02889601707354195
0.0233853663420782
0.01744697711127357
0.01111955661468254
0.004449527481626553
-0.0025091369946683563
-0.0096950096539459
-0.017039609236152487
-0.024467807172685423
-0.03189853070103124
-0.0392455404947758
-0.04641849544854364
-0.05332413850208688
-0.05986774315631621
-0.06595469122901224
-0.07149225273482641
-0.07639145910168851
-0.08056907909653162
-0.08394959996436858
-0.08646717403914543
-0.0880674440888082
-0.08870917648741312
-0.08836563425552149
-0.08702560932596047
-0.08469407821114096
-0.08139241120983254
-0.07715814485715558
-0.07204427278168364
-0.06611811806459901
-0.059459770974615134
-0.052160207321532495
-0.04431909183444855
-0.03604242341597866
-0.027440029594712607
-0.018623092137452762
-0.009701692272728143
-0.0007825655119676542
0.008032984159150365
0.016650825205473466
0.024985496525318143
0.03296128624554581
0.04051304926125051
0.047586593374121765
0.05413884439321573
0.060137617186692714
0.06556124698068015
0.07039789356561135
0.0746448066677084
0.0783073400052267
0.08139802761888414
0.08393547677843914
0.0859434106820729
0.08744957745606174
0.0884848758479173
0.08908237492380747
0.08927659561681606
0.08910269306848118
0.08859592714054285
0.08779102363766436
0.08672183610154713
0.0854208764912307
0.08391915022301992
0.08224583141167438
0.0804282422918547
0.07849164120123123
0.07645931410921682
0.07435244279412477
0.07219027778440323
0.0699900573010322
0.06776723531422342
0.06553542685352967
0.06330667042169476
0.061091380831135265
0.05889863078663446
0.05673609761629623
0.05461035378509761
0.052526798308642784
0.05048995000873149
0.048503357870517155
0.04656989394816998
0.04469163947378112
0.04287017655066467
0.04110644857679027
0.03940105136730609
0.03775406756436863
0.036165358777886625
0.03463437428236927
0.033160446297106086
0.031742573555838836
0.03037972210081332
0.029070584362381167
0.027813887906808565
0.026608130573059736
0.025451899571694133
0.02434358304812294
0.023281701833261496
0.022264597584360623
0.021290779365589377
0.020358588287722676
0.01946656097929441
0.01861307041695107
0.01779670824001683
0.01701590125003621
0.016269314438848572
0.015555442433735247
0.014873035045553798
0.014220662758752119
0.013597166567242337
0.013001196440296384
0.012431687199337715
0.011887368741296383
0.011367269711519589
0.010870198127853357
0.01039527462599928
0.009941381998079812
0.009507729825462092
0.009093271322998756
0.008697301222593372
0.008318838197893943
0.00795725792605021
0.00761163925180616
0.007281434428094071
0.006965777063970462
0.006664191629729688
0.006375861117406312
0.006100377988530255
0.005836969358087546
0.00558529166662813
0.005344611077190343
0.005114644261018784
0.004894691576406032
0.004684526472913285
0.004483478891613484
0.004291375917495505
0.004107572708025865
0.003931947153978518
0.003763875506456645
0.0036032839419557396
0.0034495659145269354
0.0033026936687800576
0.0031620741902586686
0.0030277238627193764
0.002899059734906769
0.0027761406779826052
0.0026583905198051547
0.0025459092298363755
0.00243812429806195
0.0023351756505409055
0.0022364914711186035
0.0021422507362567544
0.0020518794863625526
0.0019655950623414745
0.001882818636835486
0.0018038054392779507
0.001727969148686658
0.0016556026042213602
0.0015861094447565725
0.0015198200292239638
0.0014561254781450279
0.001395393758687513
0.0013370010448275115
0.0012813531735406847
0.001227808983652537
0.001176812605678867
0.0011277031807439674
0.0010809637175796239
0.0010359113111118314
0.000993068584021722
0.0009517282405383365
0.000912453403925336
0.0008745100353411353
0.0008385027899668104
0.0008036685163338689
0.0007706545766271902
0.0007386663100411742
0.0007083951030613194
0.0006790123518427952
0.0006512549242026478
0.0006242577945649332
0.0005988049111897685
0.0005739922918785512
0.000550652704240858
0.000527840612774529
0.0005064394848246824
0.0004854595641502949
0.0004658370414363905
0.00044653519105385754
0.0004285450953443038
0.00041078022457372986
0.000394288868683145
0.0003779317614409961
0.0003628168673785075
0.0003477491489183693
0.00033389886467118264
0.00032001205773670355
0.00030732406005896755
0.00029451872729945326
0.0002828994054617338
0.00027108436560558335
0.0002604480755987002
0.00024953968851934154
0.0002398080762586877
0.00022972959234267927
0.00022083097257719493
0.00021151193767515654
0.00020338073208400414
0.00019475644478363048
0.00018733266519241343
0.00017934368082619722
0.00017257246043729684
0.00016516413832324504
0.00015899530354946965
0.0001521173932291665
0.00014650507274630928
0.0001401113358119345
0.00013501360367190342
0.0001290614684842239
0.00012444001817032754
0.00011889026244496495
0.0001147101106019467
0.0001095265736943841
0.00010575578735095813
0.00010090510434861467
0.00009751455459488903
0.00009296591415083243
0.00008992904881838686
0.00008565397097945602
0.00008294660937344063
0.00007891874221225603
0.00007651888557319855
0.00007271381830041387
0.00007060147926512362
0.00006699657110836467
0.00006515361523444674
0.00006172783853031258
0.00006013784228804422
0.000056871637754062944
0.000055519757139570835
0.000052394901515936765
0.00005126775351549357
0.00004826723759352968
0.00004735279091065007
0.0000444607073860944
0.000043748184592415946
0.00004094962469845138
0.00004042941116081326
0.00003771036989563227
0.000037373932475492034
0.00003472122005501998
0.00003456103231472911
0.00003196219340736295
0.000031971667980054146
0.00002941490641521092
0.00002958833361855953
0.000027062443477980138
0.000027394936247450192
0.0000248892369995497
0.000025376679799530204
0.00002288095713433772
0.000023519961049076345
0.000021024410812116977
0.000021812272711914656
0.00001930744915752992
0.00002024211471244009
0.00001771888239124135
0.000018798913840039504
0.000016248401762442357
0.000017472948379760356
0.000014886508939731124
0.000016255280846551045
0.000013624448880760899
0.000015137694753632761
0.000012454150800792058
0.000014112637012814484
0.000011368171671601302
0.00001317316543661693
0.000010359645708044463
0.000012312900073758215
9.422237361889235e-6
0.000011525978825779585
8.550098529567144e-6
0.000010807016371559925
7.737828901662118e-6
0.000010151066863132584
6.980439698565858e-6
9.553589613766858e-6
6.27332045697383e-6
9.010417475673365e-6
5.612207840288283e-6
8.517727912576714e-6
4.99315785990073e-6
8.072015790769588e-6
4.412519412691751e-6
7.670069736119251e-6
3.8669104411570275e-6
7.308948809302112e-6
3.3531963343087024e-6
6.985962762908146e-6
2.8684690572260905e-6
6.698652742883139e-6
2.410028679116015e-6
6.444773890863254e-6
1.975366338398968e-6
6.222279549244226e-6
1.5621480779338037e-6
6.029306264554257e-6
1.1682000554080014e-6
5.864158633153697e-6
7.914757575861498e-7
5.72514388099397e-6
4.288361038325522e-7
5.600978387797902e-6