1.6388182768365043
1.638640690671137
1.6383120304654781
1.637859654319974
1.6372768161580251
1.6365745735291992
1.6357531535112544
1.6348221688115052
1.6337861909728704
1.6326559432004624
1.6314398026306567
1.6301506684019507
1.6288006457672277
1.627405351182994
1.6259805482180327
1.6245447315554424
1.6231170580994383
1.6217186793463536
1.6203715748242917
1.6190989293867284
1.6179246161658578
1.6168728287841874
1.6159680443221245
1.6152340753160606
1.6146943972782855
1.6143707609874147
1.614283806041022
1.614451359633368
1.6148892831505017
1.6156095733184739
1.6166214057642458
1.617929144577
1.6195335566445679
1.621429824379742
1.623608908714378
1.6260556462456612
1.6287502382690606
1.6316664980285007
1.6347734395063447
1.6380337235939795
1.6414053150892478
1.6448401596094335
1.6482858719486881
1.6516846597328703
1.6549750023760383
1.6580908240051515
1.660963120800918
1.6635193754487843
1.6656850922472022
1.667383438640773
1.6685366521559188
1.669065891270846
1.6688924854596217
1.6679379770667557
1.6661251945016495
1.6633784678401153
1.659624514220294
1.654792811335139
1.6488162920026315
1.6416318603599989
1.6331808982992622
1.6234099081616065
1.6122708365718939
1.5997218243958264
1.585727353377516
1.5702590792683735
1.5532958040553702
1.5348243622171116
1.5148394171770634
1.4933443646574052
1.4703509475174115
1.4458801353646829
1.4199615484093062
1.392634269998954
1.3639460686738223
1.3339541010634657
1.3027239228756762
1.270330044309305
1.2368547258807774
1.2023883575416636
1.1670280443316838
1.1308777937314285
1.0940469089723661
1.0566499862597176
1.0188051493781822
0.9806338780202216
0.9422591345050121
0.9038050644332821
0.8653950824571544
0.8271515040044729
0.7891936690954555
0.7516375757762368
0.7145941259875372
0.6781688348695523
0.6424602784817425
0.6075599467704917
0.5735509589273742
0.540508111872583
0.5084969066071808
0.47757382086386074
0.4477856621589306
0.41917006663253475
0.3917551659473681
0.3655602887393657
0.3405959034243194
0.31686447811832325
0.29436064324333594
0.2730721529449603
0.25298020196112025
0.23406042739764224
0.216283313675273
0.1996151772698516
0.18401860021595587
0.16945335010679255
0.15587679423077347
0.14324472021527762
0.13151169677965777
0.1206317744060572
0.11055877258205343
0.10124685279422961
0.09265072431009805
0.08472609232609025
0.07742978384102053
0.07072008137177035
0.06455677700225294
0.05890140670949391
0.05371724442806597
0.04896945409558841
0.044625037041722784
0.040652918949396544
0.037023863665830735
0.03371051100941308
0.03068726880249525
0.027930315398785665
0.02541747986004863
0.023128220687197963
0.02104350199066965
0.019145757504471964
0.017418768595218945
0.01584762042859491
0.01441858588081205
0.01311907882155205
0.011937546507679477
0.01086342338550055
0.009887033376175426
0.008999546376200686
0.008192890967433327
0.007459714874029947
0.006793308008448055
0.00618756747891933
0.005636930469993659
0.0051363439372581685
0.004681206570924534
0.004267343017109407
0.003890954044144326
0.003548594951458292
0.003237133015706778
0.002953729655405462
0.002695804249569517
0.002461019592061358
0.002247251227660325
0.002052575734287969
0.0018752447943995916
0.0017136758708906753
0.001566430314156424
0.0014322060379417384
0.001309819046727916
0.00119819776379901
0.0010963674449057238
0.001003445857629603
0.0009186301226635293
0.0008411934882341322
0.000770474208354488
0.0007058731969713627
0.0006468446126689291
0.0005928942135713088
0.0005435713702997008
0.0004984679742822778
0.0004572116457534876
0.00041946507515495566
0.00038492023127601523
0.0003532980382234769
0.0003243434211819847
0.00029782524043785456
0.0002735320394421385
0.00025127217307615386
0.00023087014544986368
0.00021216688246646342
0.00019501656574492986
0.0001792870100170651
0.00016485691531579287
0.000151616318214301
0.00013946419748691946
0.00012830897502113923
0.00011806642098028454
0.00010866018568116301
0.00010001995924583449
0.00009208202009086069
0.00008478761146872785
0.0000780834956684982
0.00007192051598349235
0.00006625414845105498
0.00006104322286488347
0.00005625046602618286
0.000051841359631440866
0.00004778467068488531
0.00004405142758839022
0.000040615434670421845
0.00003745235071011564
0.00003454018554724015
0.0000318584676910084
0.000029388721750536324
0.00002711371379587187
0.000025017908938341637
0.00002308678479659689
0.000021307269000607428
0.00001966711252671139
0.00001815530722930403
0.00001676151199313986
0.000015476450638008936
0.000014291384832652667
0.000013198492889776402
0.000012190384225786341
0.00001126045968206615
0.000010402463024560394
9.610823504743116e-6
8.88024049448358e-6
8.20600904631748e-6
7.583634269871998e-6
7.0091406735769565e-6
6.478713323942069e-6
5.988991755710626e-6
5.536735326676393e-6
5.1191024751616076e-6
4.733338000955464e-6
4.3770384315220916e-6
4.047859232446167e-6
3.7437670197515024e-6
3.4627649379533808e-6
3.2031324274514307e-6
2.9631672107527384e-6
2.741413292740343e-6
2.536418170728348e-6
2.34694971274549e-6
2.171767358903004e-6
2.0098284896043577e-6
1.8600725176816279e-6
1.7216173253362499e-6
1.5935552615185139e-6
1.475140193919087e-6
1.365594526563936e-6
1.2642873816648444e-6
1.1705518404358703e-6
1.0838547393126531e-6
1.0036234143082904e-6
9.294075671793076e-7
8.607148617065074e-7
7.971652879080393e-7
7.383350187108777e-7
6.839036743275804e-7
6.335059009472082e-7
5.868719129048107e-7
5.436863021808358e-7
5.037222129775051e-7
4.667069327550616e-7
4.324500322446515e-7
4.0071532613835885e-7
3.713432913588381e-7
3.441290189337269e-7
3.1893920444455084e-7
2.9559574255025286e-7
2.739875658834435e-7
2.539595605695896e-7
2.3541951335682582e-7
2.1823205067588826e-7
2.0232093840927607e-7
1.875677688717046e-7
1.7390984327529634e-7
1.612433507581429e-7
1.495170502162016e-7
1.386397034091492e-7
1.2856976034122012e-7
1.1922682473832186e-7
1.1057753550673843e-7
1.0255085768607253e-7
9.51203416374414e-8
8.82230460927391e-8
8.183834656705137e-8
7.591030948558724e-8
7.042321182644007e-8
6.532719663469129e-8
6.061065703271417e-8
5.622901383389078e-8
5.217410876313022e-8
4.8405954454923015e-8
4.491927396461485e-8
4.16780822605029e-8
3.867950183773382e-8
3.5891042965419765e-8
3.331181840381052e-8
3.091239721006707e-8
2.8693535172318794e-8
2.662848396947764e-8
2.471934794221965e-8
2.294173689426032e-8
2.1298854191877024e-8
1.9768387531943275e-8
1.8354428072223317e-8
1.7036499115762148e-8
1.5819400999774626e-8
1.4684282892928415e-8
1.3636503489052402e-8
1.2658656015818091e-8
1.1756530370282626e-8
1.0914006023485717e-8
1.0137197079203597e-8
9.411132055070965e-9
8.74215942651355e-9
8.11633729458734e-9
7.540173277893986e-9
7.000650861488868e-9
6.5043740059244015e-9
6.039160529340468e-9
5.611658501024958e-9
5.210440357364943e-9
4.842155024908085e-9
4.496059625796914e-9
4.178768320662479e-9
3.880161434618477e-9
3.60678921270345e-9
3.3491010063206937e-9
3.1135594834549034e-9
2.891135169300344e-9
2.688184140939517e-9
2.4961557254719906e-9
2.3212843257572113e-9
2.1554604543851455e-9
2.0047850755768246e-9
1.8615564027424685e-9
1.7317329943933265e-9
1.6079908749908e-9
1.4961395829649232e-9
1.3892061965769333e-9
1.2928465935570105e-9
1.2004148826885029e-9
1.1174102913041555e-9
1.0374923256145853e-9
9.660019488762352e-10
8.96884525000415e-10
8.353222815379799e-10
7.75528737242173e-10
7.22527855357348e-10
6.707852215892335e-10
6.251677801057912e-10
5.803785184434532e-10
5.411292369851165e-10
5.023469160169869e-10
4.685905953664236e-10
4.3499895013050736e-10
4.0598104700513257e-10
3.7687594286148477e-10
3.5194583467291254e-10
3.2671972258823865e-10
3.053162780665214e-10
2.8344478361601586e-10
2.65083905768393e-10
2.461142402247673e-10
2.303780897992944e-10
2.1391900913306297e-10
2.0044665002108197e-10
1.8615971671224102e-10
1.7463894954164837e-10
1.62230872521584e-10
1.5239103847563257e-10
1.416068773305975e-10
1.3321241960721176e-10
1.2382943852053664e-10
1.166740013785909e-10
1.0849594302362477e-10
1.0239676406406672e-10
9.524827879496067e-11
9.004058279357067e-11
8.376148634845557e-11
7.929250915101777e-11
7.373144108845633e-11
6.985358559668258e-11
6.486048346581657e-11
6.142291537455832e-11
5.683948029293651e-11
5.367717743206874e-11
4.932414686148471e-11
4.624297591207826e-11
4.190248194821197e-11
3.865822051673051e-11
3.4048712560550524e-11
3.03169617127506e-11
2.505700515627073e-11
2.0389736848509568e-11
1.3948574954899097e-11
7.755452386844356e-12
-0.6679609123691932
-0.6710102082645741
-0.6761761202072104
-0.6833052207514467
-0.6923546161106977
-0.7031943542984304
-0.7157238612575619
-0.7297888627581325
-0.7452488807769666
-0.7619252080818071
-0.7796491804797661
-0.7982239839515852
-0.8174631701340966
-0.8371598592187658
-0.8571194384749793
-0.8771331308018537
-0.8970067718237731
-0.9165371415524162
-0.935537823592278
-0.9538174085496757
-0.9712030066710826
-0.9875198268959825
-1.002612685821165
-1.0163266981660681
-1.0285269918354654
-1.0390803820699215
-1.0478734163074037
-1.054794982124802
-1.0597527467725871
-1.0626566924929888
-1.0634339784161813
-1.0620134241330692
-1.0583388065530883
-1.0523543368182995
-1.0440164128262799
-1.0332801630885677
-1.0201097051872778
-1.0044658641708333
-0.9863150322193722
-0.9656182041710328
-0.9423385843057142
-0.9164321094448448
-0.8878539934467161
-0.8565509199681514
-0.8224667433546107
-0.7855365214597695
-0.7456915957560254
-0.7028555962749232
-0.6569491010780196
-0.6078876814058906
-0.5555862924711719
-0.49995934168613493
-0.44092489329154455
-0.3784066422765711
-0.3123379301903045
-0.24266539871966294
-0.16935271912869088
-0.09238558912605006
-0.011774980372099461
0.07243696226737732
0.16017444344635956
0.2513217458327707
0.34572188764283635
0.44317057067109
0.5434163829196014
0.6461555776360824
0.7510342310388987
0.8576444273637068
0.9655287217771742
1.074178203326295
1.1830394855858999
1.2915149465574953
1.3989722754340748
1.5047469529927626
1.6081541343876133
1.7084931541443997
1.8050612464066011
1.8971595655597713
1.9841079723033865
2.065251794324977
2.139976682733415
2.2077151429933384
2.267960338164875
2.3202713429992894
2.364284778324875
2.3997178133619133
2.42637668175014
2.444156687563674
2.4530469711649148
2.453127139336489
2.4445680773177587
2.4276252660207396
2.402635904701507
2.370009418821096
2.330221581430086
2.283803071294162
2.2313315840170302
2.1734195081736725
2.110705151767282
2.043840636391217
1.9734833225875732
1.9002848906217527
1.824883859113728
1.7478965702264095
1.6699114141718392
1.5914821273499642
1.5131240235254864
1.4353097059628699
1.3584673191340502
1.28297851688798
1.2091785240286874
1.1373560189878615
1.0677546497786667
1.0005743888443759
0.9359740822429257
0.8740738083945424
0.8149580400546502
0.7586785704525085
0.7052579156034715
0.6546924403118566
0.6069557035604719
0.5620015035989646
0.5197669539703578
0.48017525573917264
0.44313837301913
0.4085594204950835
0.3763348768133426
0.34635654086417944
0.3185132751548406
0.2926925327290844
0.2687816600788165
0.24666902877151206
0.2262449501845055
0.20740246425089465
0.1900379290942091
0.17405152688029343
0.15934759341619295
0.1458349010553857
0.13342678944777997
0.12204128057486395
0.11160106456598977
0.10203349446957256
0.09327047226781143
0.08524836255495856
0.07790781490107092
0.07119362730126802
0.0650545326828737
0.059443035460618444
0.054315182694016
0.049630390651892155
0.04535121507949287
0.04144317943322959
0.037874553903466134
0.0346161928762634
0.031641328667830516
0.028925422675597563
0.026445977053474373
0.02418240176794845
0.02211584550468761
0.020229079280547187
0.018506346554210584
0.016933263008583284
0.015496684992700046
0.01418462444837484
0.012986134312955554
0.011891237210121778
0.010890826192960537
0.009976605665013752
0.00914100576261444
0.008377133952477496
0.007678701382510776
0.007039983667247439
0.006455757634429131
0.0059212699239677685
0.005432182692964265
0.004984548792943666
0.004574765147666148
0.0041995534204844
0.003855919933506353
0.0035411408814214926
0.003252727808653242
0.0029884165615030743
0.0027461374769162383
0.0025240073878793927
0.002320303800861252
0.0021334593786500105
0.0019620394926292543
0.0018047387025248009
0.0016603611646970695
0.0015278187102392453
0.0014061136722925314
0.0012943382336932296
0.00119165930615657
0.0010973188775073766
0.0010106206347724606
0.0009309310902980829
0.000857667690688711
0.0007903005421224806
0.0007283417889568309
0.0006713477925132389
0.0006189095982113357
0.0005706554500971702
0.0005262421946142145
0.0004853580361554112
0.00044771474994927807
0.0004130506027562752
0.0003811232676329653
0.00035171284927840564
0.000324615410315349
0.00029964605332391856
0.0002766329823187241
0.00025542060368997894
0.0002358640582406233
0.00021783231151064323
0.0002012031014715432
0.00018586599538750127
0.00017171770638117442
0.00015866509937443303
0.00014662083651796723
0.00013550631909250982
0.00012524762746558924
0.00011577838931672215
0.00010703598453848388
0.00009896433293611913
0.00009151033848417974
0.00008462659187316968
0.00007826803189708193
0.00007239455998382735
0.00006696789933005965
0.00006195411994529886
0.00005732067855666267
0.00005303885378965758
0.00004908095190957764
0.000045422652612601986
0.00004204036741268161
0.00003891349717172985
0.00003602193143039077
0.00003334821930386283
0.000030875199332977484
0.000028588085743509733
0.000026472219494420154
0.00002451507216848963
0.00002270410984551355
0.000021028717081134203
0.000019478166057552707
0.00001804346323204803
0.000016715416935802965
0.000015486409347169053
0.000014348556336663124
0.000013295407453396275
0.000012320192364689504
0.000011417451545996084
0.00001058136414819098
9.807312058854547e-6
9.090284458591216e-6
8.42637788040911e-6
7.811273096363532e-6
7.241673746560161e-6
6.713851535705043e-6
6.225025937661313e-6
5.771973983771956e-6
5.352353475868208e-6
4.9633739193014986e-6
4.603065599190606e-6
4.269008455019395e-6
3.959549293594671e-6
3.6725856222861264e-6
3.4067331891276258e-6
3.160161991246742e-6
2.9317162489423338e-6
2.719799987089924e-6
2.5234514667722336e-6
2.3412759026176255e-6
2.1724762933455266e-6
2.0158309889542855e-6
1.8706827809013548e-6
1.735959171408227e-6
1.611121505317589e-6
1.4952259209122952e-6
1.3878342290678025e-6
1.2881136420913643e-6
1.195711031815123e-6
1.1098896410954557e-6
1.030368281102973e-6
9.564933301937855e-7
8.880443619198702e-7
8.244398287909043e-7
7.655105464879033e-7
7.107375462749784e-7
6.599947775480298e-7
6.128176929480776e-7
5.691164706880489e-7
5.284739713045648e-7
4.908307231335466e-7
4.5581095959757723e-7
4.233805556821589e-7
3.93199920117077e-7
3.6525601766797106e-7
3.392409519119576e-7
3.151591575227629e-7
2.927305669026717e-7
2.719740083185515e-7
2.5263390373638353e-7
2.3474086257163633e-7
2.1806090895126786e-7
2.0263421688528168e-7
1.8824591309906408e-7
1.7494385752290784e-7
1.625301130151453e-7
1.5105863511422486e-7
1.4034654260970552e-7
1.3045254241864454e-7
1.2120717523834515e-7
1.1267276510974363e-7
1.0469185246650066e-7
9.732942334942805e-8
9.043877820106484e-8
8.408676271619643e-8
7.813635485576091e-8
7.265558788169357e-8
6.75161704036153e-8
6.278676217689496e-8
5.8346972664753095e-8
5.4265621605042284e-8
5.042949067402345e-8
4.690717358179862e-8
4.359198305889435e-8
4.055196925708141e-8
3.7686410535205215e-8
3.506255415929177e-8
3.258514432215529e-8
3.032041549503779e-8
2.817813485255069e-8
2.6223356071233516e-8
2.437047591810491e-8
2.2683234766098797e-8
2.1080308606373026e-8
1.9624022005693866e-8
1.823701728067994e-8
1.6980126009715095e-8
1.5779676618238392e-8
1.469495183182513e-8
1.3655714518450055e-8
1.2719660586636346e-8
1.1819760662631193e-8
1.1012100856765146e-8
1.0232654767004787e-8
9.535888218809345e-9
8.860592224724099e-9
8.259612211054799e-9
7.67438796651764e-9
7.156152967850851e-9
6.648842057121795e-9
6.2020922345192564e-9
5.762192849403654e-9
5.37720561040436e-9
4.995645493163271e-9
4.664024695447338e-9
4.332965286361359e-9
4.047459378894361e-9
3.760126800839231e-9
3.514471841913785e-9
3.2650109436183284e-9
3.053794976963329e-9
2.837143153354089e-9
2.6556888773384743e-9
2.4674667980370795e-9
2.3117298357010145e-9
2.1481465463547983e-9
2.0146269186846455e-9
1.872397035213332e-9
1.7580616553036736e-9
1.6343325444626742e-9
1.536546678852867e-9
1.42883359884066e-9
1.3452992694485093e-9
1.251426411811261e-9
1.1801256115998312e-9
1.0981708073765601e-9
1.0373111337454232e-9
9.655516109230955e-10
9.135114186116204e-10
8.503673453770469e-10
8.056366881597609e-10
7.496081878720923e-10
7.107205095226192e-10
6.603122103588151e-10
6.257597424338216e-10
5.79384461649785e-10
5.475072648760377e-10
5.033567301231777e-10
4.721907970818089e-10
4.280557902892073e-10
3.9511889778422864e-10
3.4813300544495003e-10
3.101170256387796e-10
2.563862076859117e-10
2.0871227060568881e-10
1.4280857380828322e-10
7.943568633576617e-11
2.170703569806418
2.17042064721967
2.169820468909262
2.168730210914186
2.166908104727615
2.16404501110986
2.1597817946374485
2.153697505806675
2.145338179085008
2.1341992311050904
2.1197618293372225
2.1014714020282654
2.0787795421713957
2.051119483596013
2.0179520154512423
1.978738416173588
1.9329890515776118
1.880234088234704
1.820073537196286
1.7521459628177045
1.6761787746589873
1.591955064569507
1.4993629698606454
1.3983607016631372
1.2890238269258514
1.1715085037917363
1.0460955838002162
0.9131520636501056
0.7731710173541488
0.6267313278735909
0.4745326414582449
0.31735357030609196
0.1560811256948985
-0.008332216157738792
-0.17484480828610874
-0.34236925500798815
-0.5097542572168521
-0.6758275965257136
-0.8393829728365809
-0.9992213773739322
-1.1541420362546606
-1.3029808364509918
-1.444604272541019
-1.5779435610208534
-1.7019904253257359
-1.8158256702466418
-1.9186157517428786
-2.0096348859563293
-2.0882616212555813
-2.153993992034638
-2.206445691848388
-2.2453542849464685
-2.270576994301424
-2.2820924667750373
-2.2799965488050815
-2.2644984752030908
-2.235917227379176
-2.1946732119847643
-2.1412858311457463
-2.0763617059038157
-2.0005939303421267
-1.9147476966738124
-1.8196614013895296
-1.716230212585793
-1.6054088338602501
-1.4881932209805149
-1.3656244955676027
-1.2387687744440177
-1.1087215584881096
-0.9765855673366368
-0.8434749701983599
-0.7104912560916798
-0.5787269274457062
-0.44923975629502133
-0.32305597213313186
-0.2011436759057311
-0.08441601696459511
0.026295058099928357
0.1302347535916271
0.22674989740854326
0.3152829233362574
0.39539308814551466
0.4667474489970848
0.5291375878453164
0.582466862778894
0.6267618903906902
0.6621558767000897
0.6888947562087749
0.7073170338502545
0.7178551595528794
0.7210129015993824
0.7173631102131406
0.707524067218537
0.6921551492360326
0.6719337715233412
0.6475505415143237
0.6196883105392235
0.5890182180678875
0.5561820228398769
0.5217900433510971
0.4864074488163538
0.4505546055698094
0.41469747933873197
0.3792504104583894
0.3445703145763682
0.31096152053218257
0.278673126950254
0.24790529498717176
0.21880895082423335
0.19149283880754006
0.1660247430161621
0.14243864890387484
0.12073675306708653
0.10089620947411727
0.0828713571802287
0.06659969376746853
0.05200393120290229
0.03899700539456005
0.027483737281401802
0.01736482790119638
0.008538035830213555
0.0009012098650527851
-0.005647011657020258
-0.011205014815927972
-0.01586792641126294
-0.01972612876941115
-0.022865302548255053
-0.025365491663170234
-0.02730137843131345
-0.028741759235088645
-0.029749966138222304
-0.03038363399659566
-0.030695197687528118
-0.03073185458109636
-0.03053608356196823
-0.0301457293949745
-0.029594505875174953
-0.028912148586012404
-0.028124878272786744
-0.027255584917909234
-0.02632423825191445
-0.025348078853182313
-0.024341970644855708
-0.023318584202992813
-0.022288691508959197
-0.02126133335879381
-0.020244060043094213
-0.01924307927648774
-0.018263448359874035
-0.017309201936202084
-0.016383501995267915
-0.015488746471993511
-0.01462668354199787
-0.013798502978726208
-0.01300492083416402
-0.0122462558399055
-0.011522489971198145
-0.01083333221642468
-0.010178259821311332
-0.009556571602197248
-0.008967413949666733
-0.008409825617628288
-0.007882751885421304
-0.007385082477252372
-0.006915656667785493
-0.00647329571102859
-0.00605680113877241
-0.005664982824467345
-0.005296652268407442
-0.004950647199758962
-0.004625821262715159
-0.00432106587135128
-0.004035297399511078
-0.003767476847454241
-0.003516595386094636
-0.0032816922683632376
-0.003061839376590689
-0.002856157711171527
-0.0026638014299202382
-0.002483973167870898
-0.0023159079317758035
-0.002158887443828035
-0.0020122241565738315
-0.001875274766546597
-0.0017474245392022107
-0.0016281001029433068
-0.001516754215677679
-0.0014128779230268018
-0.0013159858540064773
-0.001225627807344694
-0.0011413746305648264
-0.0010628292836779244
-0.0009896133311896459
-0.0009213775217105701
-0.000857788904187038
-0.0007985409542008846
-0.0007433413125253635
-0.0006919214832986666
-0.000644025183641386
-0.000599417634903893
-0.0005578745056253635
-0.000519190814232151
-0.00048317044335173813
-0.00044963467034796965
-0.00041841222837134257
-0.00038934747971183797
-0.0003622909975435436
-0.00033710739607690024
-0.00031366640641404124
-0.0002918503767588357
-0.00027154581589098025
-0.00025265057615048115
-0.00023506583857501218
-0.00021870299094893864
-0.00020347602948807573
-0.00018930814388616216
-0.00017612451146761698
-0.0001638586008453529
-0.00015244533561689365
-0.00014182712794600746
-0.00013194739009295914
-0.0001227563089357856
-0.00011420468485964722
-0.00010624945793437112
-0.00009884785491117976
-0.00009196267746744614
-0.0000855567392509597
-0.00007959792628938632
-0.00007405390716894197
-0.00006889697538514857
-0.00006409901683552662
-0.000059636143561161354
-0.0000554839037669344
-0.000051621716071907335
-0.00004802830824338906
-0.00004468596074024459
-0.00004157616125847908
-0.00003868366601739341
-0.00003599235806542746
-0.000033489134426474005
-0.00003115995690749169
-0.0000289935728931828
-0.000026977748133912977
-0.00002510282865285528
-0.000023358145677111744
-0.000021735425803708635
-0.00002022535887162299
-0.00001882086322282037
-0.000017513807901384437
-0.00001629813954403566
-0.000015166750837982866
-0.000014114475282735688
-0.000013135094343742932
-0.00001222420604436815
-0.00001137636372084589
-0.00001058782413038696
-9.853811147302762e-6
-9.17114881056752e-6
-8.535643703800588e-6
-7.944608113343866e-6
-7.394355208640191e-6
-6.882617239992863e-6
-6.406147983033989e-6
-5.963040673740124e-6
-5.550432503289724e-6
-5.166726766465115e-6
-4.809394493224481e-6
-4.477105075110775e-6
-4.167620399122383e-6
-3.8798380149366835e-6
-3.6117733968064973e-6
-3.362519522005715e-6
-3.130313129033887e-6
-2.9144143943907057e-6
-2.7132532817346276e-6
-2.5262328295702307e-6
-2.3519518974485188e-6
-2.189935411069199e-6
-2.0389300092931903e-6
-1.8985644351794977e-6
-1.7677147725748004e-6
-1.6460980213731895e-6
-1.5327037857174429e-6
-1.4273239289534216e-6
-1.3290477379173938e-6
-1.2377304173100991e-6
-1.1525489069615208e-6
-1.073411846347211e-6
-9.99573364859481e-7
-9.309870246036301e-7
-8.669750382414306e-7
-8.0752858172462e-7
-7.520300208350909e-7
-7.005018748343159e-7
-6.523797519717742e-7
-6.077121398623154e-7
-5.659818624906976e-7
-5.272587731920913e-7
-4.910676515279612e-7
-4.5749577977152234e-7
-4.2610529790324696e-7
-3.9699755423579406e-7
-3.697680310843334e-7
-3.445292743605305e-7
-3.209065915809469e-7
-2.990212836855293e-7
-2.7852540130073575e-7
-2.5954692447236463e-7
-2.4176194281204834e-7
-2.253033550686e-7
-2.098689142494454e-7
-1.9559494878846734e-7
-1.8219878521511452e-7
-1.698189259230164e-7
-1.5819042970667012e-7
-1.4745291761410784e-7
-1.3735755591532628e-7
-1.280442010644857e-7
-1.1927869061810374e-7
-1.1120038077858859e-7
-1.0358850863933518e-7
-9.658132098060486e-8
-8.99703261687467e-8
-8.38921606834886e-8
-7.814960120747734e-8
-7.287726564705192e-8
-6.78883055765922e-8
-6.331499114357015e-8
-5.898005122622736e-8
-5.501314646848754e-8
-5.1245869407188314e-8
-4.7805066848586715e-8
-4.453055495082759e-8
-4.154621112405902e-8
-3.869949973497777e-8
-3.61112145847705e-8
-3.3635949647154306e-8
-3.139133585670366e-8
-2.923862820491373e-8
-2.7292244964359523e-8
-2.541967764698661e-8
-2.3732106811707065e-8
-2.2102874927184054e-8
-2.0639920480350153e-8
-1.9222085768668217e-8
-1.7954080067878665e-8
-1.6719924887052295e-8
-1.5621127393249917e-8
-1.4546594772459367e-8
-1.3594670878121076e-8
-1.2658879123589962e-8
-1.1834448355539208e-8
-1.1019270226462865e-8
-1.0305514531597127e-8
-9.595212335681904e-9
-8.977536394962967e-9
-8.358445501175224e-9
-7.824182083137974e-9
-7.284436338148351e-9
-6.822590618906822e-9
-6.3518840010012515e-9
-5.952911560599472e-9
-5.542291126317943e-9
-5.197904994281929e-9
-4.839590779802647e-9
-4.542593454670726e-9
-4.229821492662864e-9
-3.973958306492938e-9
-3.7008433123144827e-9
-3.480673849879247e-9
-3.242088413294118e-9
-3.05287291865723e-9
-2.8443401967241722e-9
-2.6819379895214887e-9
-2.4995349079741173e-9
-2.360311755547291e-9
-2.200579549418717e-9
-2.0813206479128353e-9
-1.9411791428740167e-9
-1.8390037705706283e-9
-1.7156650260194343e-9
-1.6279379241117896e-9
-1.5188135782386013e-9
-1.4430465054886259e-9
-1.3456411582917665e-9
-1.2793755839672107e-9
-1.1911554941338955e-9
-1.1318136332084232e-9
-1.050035394944745e-9
-9.947211489640508e-10
-9.161981228745667e-10
-8.614210775701487e-10
-7.821950897858988e-10
-7.234782152012591e-10
-6.38348806113378e-10
-5.696619782129832e-10
-4.715032604940233e-10
-3.8444184059296757e-10
-2.632665652464026e-10
-1.4669591786797738e-10