-0.00010578729674489979
-0.00042155615239962234
-0.0009492053902973164
-0.0016832216629368059
-0.002627241410302348
-0.0037722368954213837
-0.005122931584354034
-0.006667052320961545
-0.008410027956320818
-0.010336476238911053
-0.012452214152151645
-0.0147388288837606
-0.01720224966582341
-0.019821097599109834
-0.02260118061096951
-0.025518234089964318
-0.028577761596636088
-0.03175273147957821
-0.03504821952705555
-0.03843460011214012
-0.04191646443094182
-0.04546183009521659
-0.04907481629979549
-0.052721388466073604
-0.05640527354633509
-0.06009075341150893
-0.06378130220133126
-0.06743994172470293
-0.0710700802469306
-0.07463394390470003
-0.07813509406439553
-0.08153544968412167
-0.0848389595068716
-0.08800773067414909
-0.09104633334648378
-0.09391755001931743
-0.09662679419988841
-0.0991379921297715
-0.10145760411909675
-0.10355114503351927
-0.10542630679825754
-0.10705061531964347
-0.108433165405208
-0.1095438990469682
-0.11039347945472354
-0.11095465823514589
-0.11123983344636437
-0.11122495078849329
-0.11092431184676671
-0.11031742688461006
-0.10942066430782764
-0.10821744025906467
-0.10672632956426341
-0.10493494058833497
-0.10286414231466934
-0.10050593254906279
-0.09788347595114871
-0.09499323045168027
-0.09186053720871547
-0.08848622477130055
-0.08489754368555409
-0.08109942110832254
-0.07712058906745926
-0.0729696143656979
-0.06867612858566846
-0.06425170958154267
-0.05972618100696839
-0.055113372804470394
-0.05044251589474681
-0.0457288602669856
-0.0410002441659555
-0.03627250027774761
-0.031571326359925
-0.02691236347655159
-0.022318535272445348
-0.017804638360221805
-0.013390349890390093
-0.009089130332612348
-0.004917124010390348
-0.0008861399882564576
0.0029913111173872453
0.006705220451053764
0.010246650769149686
0.013607406955351618
0.016781945059171563
0.01976380615454684
0.022550588752686153
0.025137448172641803
0.02752484955566972
0.02970943495345493
0.03169426859107459
0.033477369532312604
0.035064157245237586
0.03645394074524212
0.037654271852714846
0.03866567367704325
0.03949761211851666
0.04015173838577393
0.04063919679213271
0.04096264786833836
0.04113464225996669
0.041158682366347954
0.041048407518214744
0.040807941969019594
0.040451654519488
0.039984028103735296
0.03941977656117023
0.03876345533350165
0.038029738281459516
0.03722297004343688
0.03635742608584301
0.03543698556340308
0.03447521790883106
0.03347533151389224
0.032449950024776276
0.03140146797061014
0.030341399500103162
0.029271248326536378
0.028201330823116256
0.027132245234963374
0.026073089645314327
0.025023594948655078
0.02399167592009322
0.022976274290163603
0.02198419767306154
0.021013703339966338
0.020070594791861615
0.019152563436356036
0.018264525904693234
0.01740372963871702
0.01657432552576116
0.015773234189950303
0.01500395813167571
0.014263198067578555
0.013553916581028683
0.012872687948423054
0.012222031468117466
0.011598473640754172
0.01100417402349534
0.010435675209284652
0.009894847448306682
0.009378299423001722
0.008887670189406071
0.008419672115862292
0.007975760113578654
0.0075527771579948525
0.007152031473527849
0.00677051466371068
0.006409417641581009
0.006065891449203391
0.0057410324123061554
0.005432156137086987
0.005140281723999952
0.004862890108741364
0.004600936284542985
0.004352064036341729
0.004117174065395689
0.0038940681936573897
0.0036836001161688905
0.0034837232795552633
0.003295249751347203
0.003116277164221195
0.0029475799218616704
0.00278739181876133
0.0026364525259415573
0.0024931237210304856
0.0023581125339469868
0.002229900235331313
0.0021091630867221337
0.001994493823519467
0.0018865391566251783
0.00178399543896455
0.0016874809131491265
0.0015957880611417105
0.001509507589838787
0.0014275210270807053
0.0013503923867987419
0.0012770855884425435
0.0012081387466875639
0.0011425919541154996
0.0010809581975190139
0.0010223479550501271
0.0009672498511680724
0.0009148393800186309
0.0008655815727338323
0.000818711969666067
0.0007746727853461661
0.0007327550149404224
0.0006933788417107421
0.0006558864795485723
0.0006206768730941132
0.0005871395504740203
0.000555653015062588
0.0005256505127629202
0.0004974909044389693
0.0004706478424239849
0.0004454613416390129
0.0004214424126789705
0.0003989130153168071
0.0003774187126692345
0.00035726419098965317
0.00033802698314781566
0.0003199952712459638
0.00030277617998721067
0.0002866421416968576
0.00027122768304788195
0.0002567902236204084
0.00024298967474849917
0.0002300691609947039
0.0002177121193349072
0.0002061480761439171
0.0001950822802110027
0.00018473133441247876
0.00017482071870593476
0.00016555476408651194
0.00015667772322619297
0.00014838228313902865
0.00014043012289333565
0.00013300288930879965
0.00012587844447564257
0.00011922797451595795
0.00011284437571020949
0.00010688892869947223
0.00010116850198870794
0.00009583500184743196
0.00009070828689055177
0.0000859313963227977
0.0000813362701954275
0.00007705756457092982
0.00007293845984147848
0.00006910568997557042
0.00006541289683079358
0.00006197933103642929
0.000058668374358045405
0.00005559221118547942
0.00005262329446494611
0.00004986713847614849
0.00004720464734044195
0.00004473504109709636
0.000042347099997336345
0.00004013410618645875
0.000037992182508393074
0.000036009010784411965
0.000034087561260966015
0.00003231023498077932
0.00003058638984566916
0.000028993448390719867
0.000027446729206338207
0.000026018962059270282
0.00002463102959372443
0.000023351238751448005
0.000022105667678064606
0.00002095845535353143
0.000019840532888009164
0.000018812111785842968
0.000017808657697500543
0.000016886681441513762
0.000015985887145909204
0.00001515929869766112
0.000014350583390251545
0.000013609479535748226
0.000012883361544896625
0.000012218871728008057
0.000011566853462036607
0.000010971031435922174
0.000010385496475723657
9.851223401986363e-6
9.325344445102364e-6
8.846242223440483e-6
8.373898724176645e-6
7.944252460541962e-6
7.519956937752483e-6
7.1346455833963616e-6
6.753477674830628e-6
6.4079119639046485e-6
6.065459405951948e-6
5.755526321533163e-6
5.447832120627119e-6
5.169845194359372e-6
4.8933603366643505e-6
4.644015165019351e-6
4.3955562765346736e-6
4.17189070352372e-6
3.9486021414228226e-6
3.7479606120921214e-6
3.547280517028101e-6
3.3672821635552023e-6
3.1869120574594742e-6
3.0254221239788158e-6
2.863299680258396e-6
2.7184039316754423e-6
2.572678583383108e-6
2.4426603902778383e-6
2.3116714789277153e-6
2.194991289891183e-6
2.0772484897013228e-6
1.9725254454497847e-6
1.8666912222705347e-6
1.7726866837798294e-6
1.6775605766323253e-6
1.5931633686080085e-6
1.5076679049768418e-6
1.431881091831289e-6
1.355049162881886e-6
1.2869782010585236e-6
1.2179417469932296e-6
1.156783865465544e-6
1.094763733280167e-6
1.0397984150039483e-6
9.840952672117778e-7
9.346757183220061e-7
8.846618828852875e-7
8.402073831095474e-7
7.953195473350468e-7
7.553085916937594e-7
7.1504125041641e-7
6.790054006783817e-7
6.429049837691466e-7
6.104233522206513e-7
5.780829591280313e-7
5.487772620791691e-7
5.198319404684877e-7
4.933620590027859e-7
4.6748457200197006e-7
4.435445713994644e-7
4.204416034804223e-7
3.9875615753239715e-7
3.781649127595094e-7
3.5848609617119e-7
3.4017124818599116e-7
3.2227565551879017e-7
3.060266156553803e-7
2.8971277484522604e-7
2.7534124220624515e-7
2.604272887741758e-7
2.477650568591949e-7
2.340866456617549e-7
2.2298363646714837e-7
2.1039206235128135e-7
2.0071456753975856e-7
1.8907507603673516e-7
1.8070418120374625e-7
1.6989444646378215e-7
1.6272462340599131e-7
1.5263337837097384e-7
1.465712256197514e-7
1.3709702642103481e-7
1.3206014403580673e-7
1.2311025533089251e-7
1.1902624167897811e-7
1.1051563029364008e-7
1.073211869368608e-7
9.917161118783925e-8
9.68117469472319e-8
8.89509316668292e-8
8.737825499547757e-8
7.973914440805982e-8
7.891323453784141e-8
7.14333128714142e-8
7.132016611307117e-8
6.394083686627123e-8
6.451237794015897e-8
5.717839926915154e-8
5.841205019289111e-8
5.107101700151212e-8
5.2949322785207936e-8
4.5551190365239875e-8
4.806149217611117e-8
4.055813867136289e-8
4.3692293362641787e-8
3.603711169246653e-8
3.979125054205498e-8
3.19387718609742e-8
3.6313099877529684e-8
2.8218639051085272e-8
3.3217266625512495e-8
2.483658994095683e-8
3.0467399368683236e-8
2.1756410036112136e-8
2.803094958986297e-8
1.894538856635009e-8
2.5878795513963244e-8
1.6373954326998615e-8
2.398490525892795e-8
1.4015349396681607e-8
2.2326033671445537e-8
1.1845333151419117e-8
2.0881450807914707e-8
9.841915922182475e-9
1.9632698644007677e-8
7.985120902422965e-9
1.8563373674830764e-8
6.256766304933547e-9
1.7658930581506025e-8
4.640270125811519e-9
1.690649994801317e-8
3.120401400931426e-9
1.6294149537360204e-8
1.6784974784208974e-9
1.577399103202123e-8
-0.00006582230025938225
-0.0002517288263000921
-0.0005823835425576702
-0.0010251768462917216
-0.0016255050874507734
-0.002336417579459503
-0.0032173568272349917
-0.004208528796557595
-0.0053798906094495785
-0.006659077543542187
-0.00812347695641822
-0.009687907958423156
-0.011434426507550265
-0.013264721802750018
-0.015263165241657979
-0.017318244122408143
-0.01951482474963964
-0.021728581130328956
-0.024043688572829736
-0.02632399237805434
-0.028652478670425727
-0.0308828003970501
-0.03309694063652282
-0.035140633120716594
-0.03709567307525737
-0.038802712601622824
-0.04034470659571942
-0.0415605119212131
-0.042535994926240384
-0.04311180364862246
-0.04337871768496808
-0.043182884278350764
-0.04262206650006527
-0.04155153021134147
-0.04007794686239675
-0.03806898642376796
-0.0356417601664288
-0.032679016558975094
-0.029309170316618595
-0.02543181967806401
-0.021186602844499868
-0.016490564246511765
-0.01149330787125881
-0.006128545934942762
-0.0005532762825393518
0.005284343436101026
0.011223789219805602
0.01730601039413635
0.023371904679295386
0.02945608578305693
0.03540647771857425
0.04125639513989609
0.04686645037677976
0.05227350418031964
0.057355878614484726
0.06215791676230675
0.06657934633557949
0.07067437949236845
0.07436597466870468
0.07771861178190033
0.08067814208970131
0.08331758531171111
0.08560321934947282
0.0876129567345628
0.08932928277673981
0.09082997077094632
0.0921084034071599
0.09323657253436378
0.0942131943040252
0.09509910712418945
0.09589340505747357
0.09664149917073724
0.09733924666206716
0.09801408328164969
0.09865682930545151
0.09927644441493907
0.09985886655383609
0.10039609636746935
0.10087109636463666
0.10126208777467512
0.10155223021795975
0.10171021230260037
0.10172316645872365
0.10155485160162954
0.10120004660420423
0.10062184810147946
0.09982563349484047
0.0987772138389378
0.09749436014948501
0.09594774276884493
0.09416796507853142
0.09213137059682314
0.08988051612642928
0.08739702399820508
0.08473344318021434
0.08187536021608256
0.07888263537790574
0.0757429617926066
0.07252052090613335
0.06920310034592296
0.06585628796917038
0.062466134477469716
0.05909709887881144
0.05573208328255899
0.05243245566298572
0.049177103632113306
0.046022992948017316
0.04294469545043046
0.03999409207475478
0.037141636676233776
0.03443397669815102
0.03183802609669767
0.02939544992748583
0.027070440530335808
0.02490018786560145
0.022847086185188055
0.02094448363551436
0.01915389320044149
0.0175054773014085
0.015960697464286473
0.014547138100621417
0.013226904347493275
0.012025521153121636
0.01090627809545407
0.009893054047198079
0.008950711367819669
0.00810179275090374
0.007312984697894827
0.00660571251985033
0.005948623904182735
0.005362171892841825
0.004817012866167715
0.004332717386687779
0.003881932042915492
0.0034833961579979205
0.003111682490788614
0.002784725739422503
0.002478931817725366
0.002211443490118174
0.0019603905310230396
0.0017421302015361772
0.0015363997942634893
0.0013587763195944172
0.0011904875598686066
0.0010463374110496943
0.0009089305541698232
0.0007923083710523221
0.0006803447502065994
0.0005863331865497796
0.0004953162708017619
0.00041985817980944577
0.0003460773777248951
0.0002858307731050544
0.00022622753188975299
0.00017844218355245276
0.00013049675554714144
0.0000929104297191984
0.00005454709624950788
0.000025299089580640018
-5.192557016694742e-6
-0.000027632994788100554
-0.00005166306362097465
-0.00006855569804371704
-0.0000872874789307211
-0.00009966951050991244
-0.00011406335045080379
-0.00012278908974695332
-0.00013363833568869095
-0.00013941167739008753
-0.00014737210204029708
-0.00015077309788014148
-0.00015638699289961553
-0.00015789360335584493
-0.00016160952005667042
-0.00016161543606981832
-0.00016380437910663658
-0.00016263364204627246
-0.00016360237309205887
-0.00016152138777509104
-0.00016152337442969147
-0.00015875079685108868
-0.0001579952409581864
-0.00015471013262236582
-0.00015336942982115581
-0.00014971799570437684
-0.00014793391113982355
-0.00014403507765784832
-0.00014192386921238435
-0.0001378739105986243
-0.00013553058725568887
-0.00013140696978699264
-0.00012890883700243913
-0.000124773417894814
-0.00012218303525929588
-0.00011808472898011767
-0.00011545237998816254
-0.00011142938277667573
-0.00010879514085700296
-0.00010487678907382419
-0.00010227224711031183
-0.00009848057055403901
-0.00009593029008771313
-0.00009228131119634419
-0.0000898040376626461
-0.00008630885813500511
-0.00008391854003240784
-0.00008058425015977098
-0.00007829089364667029
-0.00007512133213083721
-0.00007293171800311378
-0.00006992810733288969
-0.00006784639179710474
-0.00006500786823182439
-0.00006303608599750523
-0.00006036014143387219
-0.000058498626551172674
-0.000055981475925588407
-0.00005422921318248063
-0.0000518660994247046
-0.000050221017282211624
-0.00004800646344818718
-0.00004646567754376771
-0.00004439369465413994
-0.0000429537096231502
-0.000041017967374489816
-0.000039674843528270684
-0.00003786880922095554
-0.00003661829966731092
-0.00003493535094406913
-0.000033773013678114946
-0.00003220652926275877
-0.00003112781809203649
-0.000029671249603023242
-0.0000286715878181532
-0.000027318516547872098
-0.000026393355401583817
-0.00002513753572204774
-0.000024282400725596564
-0.000023117792970583608
-0.000022328319591655976
-0.000021249114000318902
-0.000020521075231674052
-0.0000195217084183515
-0.00001885103468786435
-0.00001792620045186513
-0.000017308993801379952
-0.000016453648381880236
-0.00001588619203611783
-0.000015095556074809207
-0.000014574319581848916
-0.000013843876289815742
-0.000013365517969673317
-0.000012691009249720108
-0.000012252375559878629
-0.000011629795840814754
-0.000011227919238506556
-0.000010653507856253365
-0.000010285602508237614
-9.755835134065922e-6
-9.419291906963337e-6
-8.930871059661305e-6
-8.623251110114438e-6
-8.173095992300205e-6
-7.89212406486273e-6
-7.47736029969023e-6
-7.220917314914067e-6
-6.8388664369554376e-6
-6.604982135420993e-6
-6.2531510200064225e-6
-6.039996014608175e-6
-5.716066564823748e-6
-5.521944757380528e-6
-5.223763655049181e-6
-5.047104553381237e-6
-4.772673321372548e-6
-4.61202448905467e-6
-4.3594899627018855e-6
-4.213509501667601e-6
-3.981154328571585e-6
-3.848604204948127e-6
-3.634838479441165e-6
-3.514577406977801e-6
-3.3179296715550228e-6
-3.2089065670728708e-6
-3.028016047738521e-6
-2.929264031399212e-6
-2.7628730291930246e-6
-2.673503143041859e-6
-2.5204496607718297e-6
-2.4396457870210925e-6
-2.2988570192240446e-6
-2.2258700344895004e-6
-2.0963555212528193e-6
-2.030498929862575e-6
-1.911345211132434e-6
-1.8519898994238895e-6
-1.7423540033506184e-6
-1.6889242773382212e-6
-1.5880291998468636e-6
-1.5399986211570495e-6
-1.4471280521691406e-6
-1.4040154608428569e-6
-1.3185093025796634e-6
-1.2798754505925988e-6
-1.2011252607994426e-6
-1.166569453883135e-6
-1.0940149158933642e-6
-1.0631721115412466e-6
-9.962968962599064e-7
-9.688344718350874e-7
-9.071629682129369e-7
-8.827783726065092e-7
-8.258724769291063e-7
-8.042909182382184e-7
-7.517470908064011e-7
-7.327189436931295e-7
-6.841654307676425e-7
-6.674645532855144e-7
-6.225586422020508e-7
-6.079800945806194e-7
-5.66406003156963e-7
-5.537645318504062e-7
-5.152311297546398e-7
-5.043596739943643e-7
-4.685983378225164e-7
-4.593461048137077e-7
-4.2610901155479044e-7
-4.183405491399262e-7
-3.873988772154147e-7
-3.809925202148598e-7
-3.5213477953834766e-7
-3.469818125100318e-7
-3.200124507078532e-7
-3.160157918438288e-7
-2.907538240395654e-7
-2.8782729842757826e-7
-2.641049730153995e-7
-2.621722329329459e-7
-2.3983385077048805e-7
-2.3882768493841657e-7
-2.1772862111540253e-7
-2.1759044384822033e-7
-1.9759588342686185e-7
-1.982747170113389e-7
-1.7925915783593278e-7
-1.8071138168310895e-7
-1.6255730399099488e-7
-1.6474585587955847e-7
-1.4734330291722163e-7
-1.502373710424973e-7
-1.334829914570902e-7
-1.3705758257984466e-7
-1.2085399183964854e-7
-1.2508948354573072e-7
-1.0934466865792015e-7
-1.142264871866697e-7
-9.885313696565956e-8
-1.0437140747859403e-7
-8.928642980844241e-8
-9.543589017265875e-8
-8.055982460951771e-8
-8.733945584503188e-8
-7.25960725417841e-8
-8.000880584803882e-8
-6.532453216995029e-8
-7.337736235062979e-8
-5.868087431013187e-8
-6.738451431080678e-8
-5.260647365167917e-8
-6.197525609181911e-8
-4.7047572794842736e-8
-5.709955533503432e-8
-4.1955438970636165e-8
-5.2712027399653194e-8
-3.728550270035517e-8
-4.8771569901751064e-8
-3.299692737480857e-8
-4.524075970272449e-8
-2.90523398699386e-8
-4.208591042368985e-8
-2.541801300996669e-8
-3.927646180195541e-8
-2.2062729796383166e-8
-3.67846651924873e-8
-1.8958100938328685e-8
-3.458575259590346e-8
-1.6078100027050724e-8
-3.265729292908151e-8
-1.3398859544547823e-8
-3.0979160428980644e-8
-1.0898499185851853e-8
-2.9533257252319157e-8
-8.557076742886479e-9
-2.8303525232724007e-8
-6.356236965646185e-9
-2.7275499148079562e-8
-4.2789014216270886e-9
-2.643570191848967e-8
-2.302878783295144e-9
-2.5720728009011198e-8
0.00008687535585720487
0.0003704643249108809
0.0007962484443721642
0.0014249132670002345
0.002156513650806471
0.003073646453119746
0.004044460834399049
0.0051699982127143655
0.006292989637889684
0.007531998275885591
0.008710026353196603
0.009963546606302708
0.011101192266019324
0.01227830153791808
0.013294135890135386
0.014323885522111135
0.01516186159291446
0.016003661080365352
0.016642209378038432
0.017293232144977612
0.01775070012695446
0.018249041171291797
0.01858435735976658
0.019007010634257502
0.019314879282828868
0.019770113567170598
0.02017062914241233
0.020784985095298983
0.021408241850806788
0.022309082223772165
0.023276064456318187
0.024571298457687796
0.02597298132871817
0.02773016120107795
0.029607240093530673
0.03183460725284892
0.03416052627129785
0.03679269537103142
0.039462602803252166
0.04235336699503857
0.045181253096637376
0.04810545341784466
0.05083102126985875
0.053496563357824906
0.05580238269544507
0.05787236242803984
0.05941063965305862
0.06053425978292459
0.060961252043351545
0.06081092330481076
0.059825798157921335
0.05813670233050604
0.05552068652746094
0.05212832493643661
0.047779476732074326
0.0426504975376678
0.03660951038311382
0.029861498453360537
0.022324652160836216
0.014231578665156546
0.005548246879349163
-0.003470190596292159
-0.012816342117584293
-0.022221398520282015
-0.03164645823548533
-0.04082101516340881
-0.049687181689772174
-0.05798664960008075
-0.06565640451736017
-0.07246476481408973
-0.07835732673197046
-0.08314249302786231
-0.08678661637363431
-0.08914923589374994
-0.09022670286611034
-0.0899371387677389
-0.08831223007336585
-0.08533169482092404
-0.08106341379611755
-0.07554693343699939
-0.06888264358257706
-0.061163543719979487
-0.05251476105779472
-0.043072458096915144
-0.03297558174260077
-0.022390390091384226
-0.011456902438009344
-0.000357074613883236
0.010781050948962305
0.02177397889705122
0.0325174609651482
0.04283890206415944
0.05266710951412494
0.061849930444073435
0.07035500834338462
0.07805655872593562
0.084962958374816
0.09097692649815589
0.09614573646173791
0.10039930574713896
0.10381886535257744
0.10635754874618122
0.10812346462785867
0.10908730470891077
0.10937592957828644
0.10897129808388908
0.10801088742862691
0.10648190950707524
0.10452514257211816
0.10212797804756862
0.09942854010850302
0.0964106385269111
0.09320538960302863
0.08979067086516766
0.08628782299785656
0.0826677373308453
0.07904060078044732
0.07537031477421084
0.07175562858868827
0.06815419845350751
0.06465382402659095
0.06120711269038567
0.057891876508901895
0.054657069066919646
0.05157170693009074
0.04858249252101206
0.045750889663606936
0.043022632664245025
0.04045280842334285
0.03798727545195306
0.03567578661705741
0.033465198555410754
0.03140081269471892
0.02943114174030741
0.02759775659641458
0.02585128869871845
0.024230151691341316
0.02268739286048584
0.02125871569531183
0.01989974721373344
0.018643825280428468
0.017449218084224817
0.016347162228195485
0.015298553162864126
0.01433272997016327
0.013413148612353917
0.012567409823881794
0.011761428364433371
0.011021193819649984
0.010314956729643138
0.009667200256812322
0.009048376483136646
0.00848155132601514
0.007939240131637729
0.007443170090886351
0.006967782423896249
0.00653353679159686
0.006116667010862877
0.005736431288222131
0.0053707288569584295
0.005037678817619301
0.004716725834031327
0.004424909363733606
0.004143107199326838
0.0038873362061126395
0.003639802767599586
0.003415556040407716
0.0031980340452218248
0.0030013710483116672
0.0028101470009077203
0.002637632061077319
0.0024694652263510626
0.0023181012851224065
0.002170161756792492
0.002037332735607427
0.0019071476285965339
0.0017905684338830824
0.001675975242574064
0.001573648473934109
0.0014727546937099388
0.001382933189701116
0.0012940813782864138
0.0012152358195689234
0.0011369733638496905
0.001067764242055364
0.0009988171827990907
0.0009380705322281708
0.0008773208852757645
0.0008240072525829371
0.0007704733381948478
0.0007236895386912338
0.0006765089019174973
0.0006354621753382106
0.0005938767375876342
0.0005578709711613791
0.0005212141056449633
0.0004896378393855861
0.0004573231084503539
0.00042963908077786584
0.000401150408697377
0.0003768864341063917
0.00035176952357937055
0.0003305105241639805
0.00030836535133342444
0.00028974638870080696
0.00027022063409637144
0.0002539208118849996
0.00023670410637522513
0.0002224412285018916
0.00020726010830594575
0.00019478599720223916
0.00018139947752508252
0.00017049586674679597
0.0001586915558323222
0.00014916648555788378
0.00013875717058952272
0.00013044182225748727
0.00012126246839527106
0.00011400838310023998
0.0001059134949916721
0.00009959012896906019
0.0000924514287587076
0.00008694400401698268
0.0000806483882717502
0.00007585600186936314
0.00007030374287818913
0.00006613770315767731
0.00006124086442191702
0.00005762322749023116
0.00005330426840688447
0.0000501665497316912
0.00004635709599833245
0.0000436391360319412
0.000040278896052307816
0.0000379278617149682
0.00003496367125205148
0.000032933176367345016
0.00003031815689215504
0.000028567488302111236
0.00002626030456097416
0.00002475373986629891
0.00002271794522090306
0.000021424152189044617
0.000019627611359729917
0.000018519119383425956
0.00001693349964659214
0.00001598623367647684
0.000014586555607127167
0.000013779426102762329
0.00001254366769220731
0.000011858209329142303
0.000010766956447031784
0.000010187010289002868
9.223148993068711e-6
8.734582409043391e-6
7.883026744393823e-6
7.47348673992162e-6
6.720939239202019e-6
6.379635613656623e-6
5.714375658417514e-6
5.43188995085855e-6
4.8435873340194094e-6
4.61170474173753e-6
4.091255232769798e-6
3.902816827639836e-6
3.4421968349722926e-6
3.29096908946588e-6
2.883107650390578e-6
2.763668546264148e-6
2.4023346379445523e-6
2.309972848571824e-6
1.9896756807107674e-6
1.9203017590179255e-6
1.6362028399292713e-6
1.5862724106261471e-6
1.334108457396938e-6
1.3005526530464402e-6
1.076566668530654e-6
1.0567333040664392e-6
8.576149039691378e-7
8.492151730703302e-7
6.720474411408602e-7
6.731096996143521e-7
5.15322033207691e-7
5.241515831498986e-7
3.8347877944934945e-7
3.9862167784554625e-7
2.7306744046091893e-7
2.9327990820321366e-7
1.8108474645301407e-7
2.0530567326923898e-7
1.0491867723068955e-7
1.3224543092885808e-7
4.2299451266846204e-8
7.196701657646605e-8
-8.743533891964123e-9
2.2619462213062953e-8
-4.99189635570315e-8
-1.7402924408586766e-8
-8.270682132897505e-8
-4.9490636400632495e-8
-1.0838747947917933e-7
-7.484687324824492e-8
-1.2806713632467985e-7
-9.451160387565453e-8
-1.427000866805094e-7
-1.0938196581932891e-7
-1.5310827893226778e-7
-1.2023082520799827e-7
-1.5999870499403913e-7
-1.2772323408056444e-7
-1.639777398720114e-7
-1.3242981241445413e-7
-1.6556492435287973e-7
-1.3483955567199714e-7
-1.6520434275101985e-7
-1.3537056168701116e-7
-1.6327451332137144e-7
-1.3437951791340302e-7
-1.6009674558975684e-7
-1.321693508182549e-7
-1.5594414731279933e-7
-1.2899724090169788e-7
-1.510466783646625e-7
-1.250807169209791e-7
-1.4559780951312179e-7
-1.2060225017809595e-7
-1.3975993971060245e-7
-1.157154538141745e-7
-1.3366786276481363e-7
-1.1054763068300392e-7
-1.2743334473072707e-7
-1.052050775658871e-7
-1.2114790145590186e-7
-9.977457136678625e-8
-1.1488670367587364e-7
-9.432754113690233e-8
-1.0870991769433337e-7
-8.892136333919858e-8
-1.026656852862476e-7
-8.360187139973911e-8
-9.679162903251723e-8
-7.840522485883483e-8
-9.111660037664678e-8
-7.33589333648494e-8
-8.566182347184219e-8
-6.848384749612315e-8
-8.044271531601158e-8
-6.379501909397445e-8
-7.54692688651802e-8
-5.930205601378639e-8
-7.074750158607129e-8
-5.5010935473869305e-8
-6.627953058177288e-8
-5.0924218193720184e-8
-6.206493713308467e-8
-4.704193275936726e-8
-5.810101514344699e-8
-4.336137244712275e-8
-5.4383302329655715e-8
-3.987874127895391e-8
-5.09058254929169e-8
-3.658848365469414e-8
-4.7661608449736386e-8
-3.34840241386803e-8
-4.464295802214674e-8
-3.0558163739485125e-8
-4.184156311166531e-8
-2.7802855570943856e-8
-3.924889523686837e-8
-2.5209845719006772e-8
-3.685605108908252e-8
-2.2770661327742435e-8
-3.465431584971554e-8
-2.0476741555917483e-8
-3.263499182357104e-8
-1.8319613461940353e-8
-3.078965386819726e-8
-1.6290675292277453e-8
-2.910987846693055e-8
-1.4381680794266871e-8
-2.758791404143984e-8
-1.2584508209428772e-8
-2.621607196604422e-8
-1.0891395785275952e-8
-2.4987146453605077e-8
-9.294595512251205e-9
-2.38942818336614e-8
-7.786882807214791e-9
-2.2931071133756814e-8
-6.361621573475306e-9
-2.2091922236588702e-8
-5.0121738901084606e-9
-2.1371288607169726e-8
-3.732206332500872e-9
-2.0764233128013692e-8
-2.516028860517801e-9
-2.026566905613245e-8
-1.3545558279751346e-9
-1.9841248346065824e-8
0.000025068510895898904
0.0000398676845212126
0.00017003971377386787
0.00024893940939883015
0.0005064909450803691
0.0007077264290008841
0.0011571689655874896
0.0015639933213398825
0.0022948975673407574
0.003010088775155297
0.0041283828681759555
0.005264703618807913
0.0068804139317977225
0.00854676212683886
0.01075799939057062
0.013041989311560875
0.015916174398369596
0.01886479572827446
0.022419205489637814
0.026020138782164914
0.030204672617706596
0.03437140151084141
0.03905675536163583
0.04362055693006219
0.04859458468482761
0.05330571806800735
0.058279682361458585
0.06281875060471719
0.0674436322084697
0.07144246185395868
0.07533387256223815
0.07840374002054729
0.08117267559493713
0.08293669053084367
0.08422269296462895
0.08434886682443572
0.08385227221241404
0.08208426749540704
0.07959498593632423
0.07577853012853855
0.07119990788044239
0.06530396095501338
0.05867126678764619
0.05080380360578151
0.042297347870678965
0.03271571826968557
0.022668324725055977
0.011783489896361786
0.0006810543677039691
-0.010946216208853363
-0.022473662957669283
-0.03414781554690336
-0.0453481709593151
-0.05626895165520222
-0.06630696863680635
-0.07561782859570342
-0.08363328428413763
-0.09048917655785603
-0.0956736516665934
-0.09932554213802562
-0.10101283608813337
-0.1009015207654864
-0.09866187373882661
-0.09450902576849453
-0.08823316611457055
-0.08011424029553514
-0.07007115587914109
-0.05845411644724027
-0.045307456844986646
-0.031044104183042355
-0.01581675652518636
-0.0000798035841190765
0.01593590873631041
0.031767744489200195
0.047146894133308505
0.06164335148713923
0.0749950563549288
0.08684693649729003
0.09698610300250439
0.10516909838583509
0.11126543970617808
0.11516789027738707
0.11684689164012223
0.11633950092018316
0.11371795265455949
0.10915368078469855
0.10280427536090159
0.09494952825822897
0.08580220012683845
0.07571312241656186
0.06491225619879364
0.05377946923403611
0.04252318353631883
0.03151256228484209
0.020901522211381477
0.011016863203502975
0.0019355704393133146
-0.006077870282055228
-0.013033062296803243
-0.018735082602062664
-0.023277403462806
-0.026530624070486026
-0.028659483861404284
-0.02958786598592827
-0.029532994524058793
-0.02845541380745861
-0.026603803538409677
-0.0239579942466348
-0.02077821459812608
-0.017048265001917886
-0.013023467401235821
-0.008680028751785498
-0.004256519575238769
0.00028565877924672037
0.004731784698277385
0.009138387384262224
0.013317533169937541
0.017343520237569535
0.021054961177140348
0.02454149737360634
0.027665942544256188
0.03052959246328543
0.03301598905586485
0.03523396187443545
0.03708394686939917
0.03867835365476652
0.039930843406351064
0.04095398569486522
0.04167147036950875
0.04219331270569183
0.04245063999666079
0.042548934825446076
0.04242478819893055
0.042177847017410085
0.041748749080532166
0.04123057021696354
0.040567039011567496
0.03984436872332927
0.03900877865472059
0.03813965249881084
0.037185358018374914
0.036218702856181936
0.03519003556840681
0.034165977671947706
0.03309879981871254
0.032049399773282694
0.030971971944438806
0.029922179257884006
0.028856168021325977
0.027824850784576933
0.02678635832369994
0.025787313435130164
0.024787855235869623
0.023830742711849505
0.02287813174977954
0.02196930394213526
0.021068422489325344
0.020211637608866503
0.019365092748322797
0.018562113960477113
0.01777078209855985
0.01702187042480124
0.016285341177637927
0.01558965398026446
0.014906586092268498
0.014262494201537307
0.013630896633207946
0.013036233039769285
0.012453683752218317
0.011905935838963828
0.011369749615320807
0.010866205554944127
0.01037356074915606
0.009911419206233202
0.009459451821295987
0.009035902639482517
0.008621774724853915
0.008234056928753692
0.007855005015238512
0.007500447271957672
0.007153815454630005
0.006829863117320731
0.0065131244674375074
0.0062173564736752295
0.0059281256786166674
0.005658263871857186
0.005394303375302468
0.005148216250038443
0.004907437648777645
0.004683140063926432
0.004463602116378207
0.004259252159060902
0.0040591564337456865
0.003873050333071684
0.003690735278426413
0.003521301042293197
0.0033552350618979015
0.003201025344274593
0.0030497993080684928
0.0029094838752473473
0.002771803385826369
0.0026441614527978334
0.0025188390929111485
0.002402751722722759
0.002288699445812774
0.0021831421444022925
0.0020793639180531408
0.0019833995169860354
0.001888984292244621
0.0018017561767425928
0.0017158712266433826
0.0016365969409885006
0.0015584815935352086
0.0014864468420251148
0.0014154066146881432
0.0013499596601826134
0.001285360796024477
0.0012259072510633193
0.0011671716451960867
0.0011131696434277655
0.0010597701477627142
0.0010107258808643583
0.0009621819672030623
0.0009176455676939032
0.00087351933122234
0.0008330810820256804
0.0007929735641730756
0.0007562604135878816
0.000719808224275233
0.0006864805883876039
0.0006533528048297647
0.0006231016327833353
0.0005929969587982324
0.0005655410464079035
0.0005381852086844778
0.00051326873829843
0.0004884121039821773
0.00046580239444151084
0.00044321779289990256
0.00042270324292420025
0.0004021839732905756
0.00038357218264871174
0.00036493019499410655
0.0003480462481911464
0.0003311104817129279
0.00031579538203389823
0.00030041024800184777
0.000286519488760745
0.0002725434871607247
0.0002599457485168364
0.00024725020475421404
0.0002358261651690575
0.00022429407981779416
0.00021393533302740926
0.00020346033130764138
0.0001940684000681357
0.00018455377601545538
0.00017603921226579453
0.00016739705648227086
0.00015967862287178888
0.00015182902870927443
0.0001448329528401755
0.0001377032927674066
0.00013136258855975217
0.00012488685610781758
0.00011914070549512625
0.00011325891434708259
0.00010805210559089828
0.00010270974512267533
0.00009799216072767336
0.0000931396973431631
0.00008886584890124347
0.0000844582749009107
0.00008058687945586209
0.00007658330081170365
0.0000730768962581463
0.00006944015798807903
0.00006626475193071133
0.00006296109811744998
0.00006008585110911089
0.00005708461422477334
0.00005448154897918378
0.00005175486795270634
0.00004939860722919889
0.00004692117129961951
0.00004478869863304594
0.000042537514194919305
0.00004060795669314496
0.000038562134866788033
0.00003681656571533883
0.000034957130025362396
0.00003337838903690603
0.00003168810013840842
0.000030260631022516237
0.0000287238266241668
0.000027433529741555092
0.000026035980704648913
0.000024870077567921173
0.000023598855831436783
0.00002254576770800355
0.000021389126347891335
0.000020438363724308833
0.00001938562866633746
0.0000185276902142411
0.000017569160514675442
0.0000167954421284266
0.000015922300682530745
0.000015225013085774346
0.000014429244945565896
0.000013801337765872175
0.00001307565572718074
0.000012510749876290266
0.000011848527308180657
0.000011340852288518147
0.00001073606086853655
0.000010280400417597425
9.727556049485443e-6
9.319195336471165e-6
8.813305649539404e-6
8.447986213669973e-6
7.98450573445571e-6
7.658383202002524e-6
7.233170738460799e-6
6.942777341674581e-6
6.552058305712927e-6
6.2942688875842295e-6
5.934600980349834e-6
5.706600710788526e-6
5.374841534605915e-6
5.174099199793343e-6
4.8673778322769885e-6
4.691619428193714e-6
4.407310795827774e-6
4.254497039786753e-6
3.990197852905e-6
3.858503070326047e-6
3.6120099671792654e-6
3.4998030174580587e-6
3.2690931758265886e-6
3.1749213413223355e-6
2.958134265010615e-6
2.880707502717793e-6
2.676128591813083e-6
2.614305359250334e-6
2.420351386172107e-6
2.37312708181152e-6
2.18833162468801e-6
2.154826437757512e-6
1.9778282566183005e-6
1.957277787183745e-6
1.7868090476879162e-6
1.7785553041121674e-6
1.6134303944817839e-6
1.6169138972012375e-6
1.4560207080975772e-6
1.470772164682164e-6
1.3130628072963667e-6
1.3386988066809625e-6
1.1831809841760643e-6
1.219396633484241e-6
1.0651269622269864e-6
1.1116919225957318e-6
9.577683073912819e-7
1.0145218355783993e-6
8.600764270228202e-7
9.269247349164634e-7
7.711187505691381e-7
8.480298398429559e-7
6.900476130546158e-7
7.77050262641604e-7
6.160937314288261e-7
7.13274486916722e-7
5.485577736175385e-7
6.560592478135003e-7
4.868045533317567e-7
6.048240143030753e-7
4.302563564575584e-7
5.590442391516077e-7
3.783878349828367e-7
5.182473204667761e-7
3.30720467774201e-7
4.820071252308239e-7
2.868187517997423e-7
4.4993986334694745e-7
2.462853450854503e-7
4.2170048591227644e-7
2.087578962768299e-7
3.969796995987521e-7
1.739053707746548e-7
3.7549931820886166e-7
1.4142485171889772e-7
3.5701127132949317e-7
1.1103912619450652e-7
3.4129409975337646e-7
8.24942229064269e-8
3.281507189540915e-7
5.555451097068486e-8
3.1739537703365387e-7
2.99192726883482e-8
3.0819602263802195e-7
0.00007013268905349074
0.00028535509186924625
0.0006274450702259351
0.0011082527655146
0.0016931988452552683
0.002396027518506307
0.0031704357920754726
0.004031872371987707
0.004924941664919025
0.0058676346071148645
0.0067981914850608356
0.007738650795396196
0.008623793586726517
0.00948158376674759
0.010246296283067492
0.010953762536814016
0.01154050009990796
0.012051857007820481
0.012428805404330369
0.012727182535675112
0.012893737049177486
0.012994738580529684
0.012982846505180008
0.012933431255538195
0.012803850428608807
0.012675907776795604
0.012509150272768527
0.012387989263393634
0.012270652824467402
0.012239603998687438
0.01224777449292375
0.012371028270104069
0.012553248296864215
0.012859699477294614
0.013222430638033704
0.013693480266200911
0.01419189300213113
0.014755780657812967
0.015292049648076402
0.015826379283623255
0.016256537029699224
0.016599371216624446
0.01674838342245311
0.016716860419409826
0.016400205724931692
0.015814361682429973
0.014863297810703925
0.013571900959931793
0.011858988854762128
0.009763872441139004
0.007225309159854122
0.004300961034148754
0.0009528123875845745
-0.002741248365470109
-0.006794867660231297
-0.011110312123527128
-0.015677911367537514
-0.02038264868796922
-0.025194584803959558
-0.02998586829243909
-0.034710969400960495
-0.03923512303746971
-0.04350308618887525
-0.047380133694727156
-0.05080797119269601
-0.05365950158460049
-0.055880472822161804
-0.05735929972282636
-0.05805299505631487
-0.057873347461485466
-0.05679567128452969
-0.05476259275653396
-0.05177416369608208
-0.04781039000691461
-0.04290130359685272
-0.037069185636474315
-0.030377308434100237
-0.022892576258604348
-0.014711869381885947
-0.00594556794700178
0.003279214786453763
0.012814027252072117
0.022509166229353453
0.032188061870702354
0.04169025427046866
0.050825121267672795
0.059436589055644404
0.06733687110996738
0.07439102317344995
0.08043174172643147
0.08536122592550459
0.08904854798140949
0.0914458082105387
0.09247013023432551
0.09213084300079796
0.09039872635523775
0.08734093131460967
0.08298062779653248
0.07743654116680963
0.07077653957950197
0.06315895140447479
0.05468379251915818
0.04553336263976937
0.03582470898376073
0.025747326170563353
0.015420090184820406
0.005024183603863048
-0.005332830121971746
-0.015490461637933812
-0.025362088515043787
-0.03481612760521952
-0.043792399462998906
-0.05219207204681342
-0.05998293968611275
-0.06709888635209449
-0.07353395197941935
-0.07925174256233618
-0.08426855789218263
-0.08857285798537574
-0.0921980030327676
-0.09515159372450234
-0.09747854511009481
-0.09919987204114367
-0.10036690802844984
-0.10100891880966477
-0.10117930865806647
-0.100911318932185
-0.10025705694343132
-0.09925046867327063
-0.0979399934827333
-0.09635798224242086
-0.09454773461116601
-0.09253855436985409
-0.09036787107043
-0.08806117185913659
-0.0856498501379572
-0.08315531723844069
-0.08060316010576452
-0.07801080842746759
-0.0753985231983497
-0.07278006902995499
-0.07017099723158911
-0.06758184472091971
-0.06502412004247882
-0.06250561691459051
-0.0600344601765542
-0.05761618212941804
-0.05525613828014659
-0.05295804773781014
-0.05072504606249786
-0.048559437154987124
-0.04646261256835561
-0.04443580199649978
-0.04247905495541436
-0.04059281074982005
-0.038776109240705424
-0.03702882973103552
-0.03534927227958672
-0.03373693900013343
-0.032189605671909524
-0.030706539139658512
-0.029285160429307604
-0.027924608856956395
-0.02662208208386122
-0.0253766717129197
-0.02418545235669816
-0.02304752536376527
-0.02195991766814281
-0.020921780241935414
-0.019930147952816696
-0.018984247688953168
-0.018081162398234478
-0.017220210862113207
-0.016398552290289962
-0.015615605645807443
-0.014868625426110596
-0.014157133455557342
-0.013478491619835158
-0.012832323295762064
-0.012216104684025121
-0.011629556663708327
-0.011070272863293602
-0.010538065817260675
-0.010030646931309353
-0.009547913459135176
-0.009087692970435844
-0.008649959933756989
-0.008232655109921555
-0.007835822486270452
-0.007457512141099136
-0.007097829955727116
-0.006754930887889556
-0.006428975342573433
-0.006118218402148273
-0.005822867996809657
-0.005541274442542998
-0.0052736866432642445
-0.00501854524732936
-0.004776134064031959
-0.004544979254634153
-0.004325393964168813
-0.0041159851880390955
-0.0039170903329958946
-0.003727392729913826
-0.003547249454415452
-0.003375415878942215
-0.00321226461367264
-0.003056618994525862
-0.0029088634654757728
-0.0027678854670724964
-0.00263407797993039
-0.0025063889104093595
-0.0023852168512831264
-0.002269566749452619
-0.0021598402284372406
-0.0020550960559826653
-0.001955736618414847
-0.0018608714816111505
-0.0017709018115802209
-0.0016849851383878632
-0.0016035196790694622
-0.0015257082720283302
-0.0014519446916254205
-0.0013814745932756683
-0.0013146860230541092
-0.0012508651192976539
-0.001190393102280969
-0.0011325944052820655
-0.0010778424933287599
-0.0010254980428766507
-0.0009759259838286884
-0.000928521311583821
-0.0008836397761706148
-0.0008407088865476486
-0.0008000746838708372
-0.0007611954987966165
-0.0007244072401840115
-0.0006891974711342325
-0.0006558916359749937
-0.0006240050410929938
-0.0005938524131012015
-0.0005649754044520649
-0.00053767784114929
-0.0005115264095556923
-0.00048681391418335776
-0.000463130844702625
-0.0004407589137148363
-0.00041931125952065866
-0.0003990584791426916
-0.000379635275120601
-0.0003613011428861665
-0.00034371133363868197
-0.00032711428768361997
-0.0003111848508797452
-0.0002961604813088713
-0.00028173472613904707
-0.0002681341565531216
-0.0002550701840242781
-0.0002427586056683634
-0.00023092791421106034
-0.00021978325787689682
-0.0002090694786016162
-0.00019898121114160278
-0.0001892789641101415
-0.00018014699994462415
-0.00017136085708397878
-0.00016309457086937358
-0.00015513811593642377
-0.00014765544829149492
-0.00014045042809472056
-0.00013367707808652305
-0.00012715263202299528
-0.00012102132148140003
-0.00011511328441992883
-0.00010956309584686507
-0.00010421336426703689
-0.0000991891385610164
-0.00009434510148644156
-0.00008979689420168539
-0.00008541091278074824
-0.00008129350137897166
-0.0000773224415739287
-0.00007359487750954024
-0.0000699996828789419
-0.00006662488785758978
-0.00006337019638465455
-0.000060314595784056366
-0.000057368391684506346
-0.00005460158363216051
-0.00005193488090025268
-0.0000494293348742894
-0.000047015893064599224
-0.00004474667829399061
-0.00004256274162645063
-0.000040507281258719064
-0.000038531345669157
-0.000036669192028114
-0.00003488179269740632
-0.00003319442683104267
-0.000031577946713063594
-0.00003004859523349481
-0.000028587091104124752
-0.000027200559582211494
-0.000025879603524970167
-0.000024622126906514603
-0.00002342866458014867
-0.00002228777148274318
-0.000021209993837004192
-0.00002017438245756872
-0.00001920160683532678
-0.00001826103426872768
-0.00001738360137042867
-0.00001652878203674828
-0.000015737957835292362
-0.00001496047208870498
-0.000014248363111758617
-0.000013540574466118197
-0.000012900048311736402
-0.000012255028231532589
-0.000011679643145016772
-0.00001109110295096944
-0.000010575042691515985
-0.00001003727167249344
-9.575288813632307e-6
-9.083098101061557e-6
-8.670461124966558e-6
-8.21913431555267e-6
-7.851579687636876e-6
-7.436825164146106e-6
-7.110515617565175e-6
-6.728424760852275e-6
-6.439908315498545e-6
-6.086919553128539e-6
-5.833097271332658e-6
-5.505959786720621e-6
-5.2840523155130105e-6
-4.9797955763647445e-6
-4.7873156787560584e-6
-4.503221582650458e-6
-4.337947325613786e-6
-4.071522879334048e-6
-3.9314754933115916e-6
-3.6804305735446496e-6
-3.563852858803619e-6
-3.3260791507758705e-6
-3.231417370668343e-6
-3.0049688366918807e-6
-2.9308549379405247e-6
-2.713928791778255e-6
-2.6591655939959285e-6
-2.4500874172293562e-6
-2.4136367346070195e-6
-2.2108446486477204e-6
-2.191811611503194e-6
-1.9938441849051683e-6
-1.99146906461626e-6
-1.796951736273143e-6
-1.8106005550157606e-6
-1.6182344474996935e-6
-1.6473886893296432e-6
-1.4559397346937291e-6
-1.500190333231908e-6
-1.3084795305637008e-6
-1.367519556017916e-6
-1.1744152592261052e-6
-1.248033669373866e-6
-1.0524416171191953e-6
-1.1405196884396685e-6
-9.413745016546705e-7
-1.0438803520551539e-6
-8.40140266565343e-7
-9.5712573132843e-7
-7.4776399999816e-7
-8.79362066596326e-7
-6.633618731624258e-7
-8.097836394103263e-7
-5.86129686980519e-7
-7.476627844894982e-7
-5.153375418708754e-7
-6.923443760230773e-7
-4.5032102586763246e-7
-6.432385073174382e-7
-3.904759685193003e-7
-5.998141769517825e-7
-3.352516350158377e-7
-5.615949391406494e-7
-2.841461426255901e-7
-5.281530290866706e-7
-2.3670098741792897e-7
-4.991047997091155e-7
-1.92496773918255e-7
-4.7410779726307843e-7
-1.51150265239531e-7
-4.52856004837435e-7
-1.123088831102563e-7
-4.350773857603056e-7
-7.564807295333953e-8
-4.20516621734056e-7
-4.0753472163986815e-8
-4.0803577268763533e-7