-4.248015143779815e-9
-1.198987768546561e-7
-6.41566075760842e-7
-2.019894429615258e-6
-4.940735297075766e-6
-0.0000102416766665567
-0.000018982895544539075
-0.00003238663300038725
-0.00005188949593093385
-0.00007909455834409292
-0.00011581061589994482
-0.00016401259729263305
-0.0002258694733892472
-0.0003037107263658656
-0.0004000433009922515
-0.0005175228858745694
-0.000658959936802961
-0.0008272950624477377
-0.001025594268090149
-0.001257028037033465
-0.0015248563212591922
-0.001832411050499393
-0.00218307189931336
-0.0025802519599840493
-0.0030273658376900607
-0.0035278180897037074
-0.00408496565141355
-0.004702108366716226
-0.005382448053592951
-0.006129080033111024
-0.006944951255844174
-0.00783285120776281
-0.008795371428783167
-0.009834893597853719
-0.010953552523192116
-0.01215321869337602
-0.013435466498693918
-0.014801548223643136
-0.01625236900393802
-0.017788449286584795
-0.019409907982852054
-0.021116410970830564
-0.022907164186390903
-0.024780846858223016
-0.026735616925860736
-0.028769029337482138
-0.03087805712304038
-0.033058997074735724
-0.03530751083384312
-0.03761852230623571
-0.03998628393532749
-0.04240427188323895
-0.04486528289769513
-0.04736133419954087
-0.049883795676690317
-0.0524233012253383
-0.0549699192122768
-0.05751308055887223
-0.06004178750522528
-0.06254456108569682
-0.06500968445947522
-0.06742516895405369
-0.06977902409657386
-0.07205923767571303
-0.07425406079045159
-0.07635199411029775
-0.07834207347739826
-0.08021385242817851
-0.08195767276437113
-0.08356463296849909
-0.08502682907406862
-0.08633730009567535
-0.08749022749561061
-0.08848085200984286
-0.08930562464691459
-0.08996209379457085
-0.09044900626194698
-0.09076616847049027
-0.09091450159975369
-0.09089588503430632
-0.09071317419919636
-0.09037003735562038
-0.08987094740029807
-0.0892210239634296
-0.08842601086346202
-0.0874921340948768
-0.08642607484436989
-0.08523485070882725
-0.08392579076264352
-0.08250644300954348
-0.08098455388564284
-0.0793680005658203
-0.0776647735598535
-0.07588292908140268
-0.0740305709442944
-0.07211581646915581
-0.07014677319793894
-0.06813151197191819
-0.06607803500696634
-0.06399425151048203
-0.061887935872705996
-0.0597667037918128
-0.05763796193991846
-0.0555088851889164
-0.053386361306020674
-0.05127697180174944
-0.049186936439431936
-0.0471221010636534
-0.045087886774545324
-0.04308928781669802
-0.0411308293252033
-0.0392165772396634
-0.037350106958532275
-0.035534525721995856
-0.03377245276847378
-0.03206605313301695
-0.030417028371481615
-0.028826659562861304
-0.027295806592206467
-0.02582495748101799
-0.02441423367740125
-0.023063442674983003
-0.02177208669694457
-0.02053941580533037
-0.01936443765810085
-0.018245968814463807
-0.017182643741608012
-0.01617296264384996
-0.015215298463978072
-0.014307940188061549
-0.013449097126050646
-0.012636937192525715
-0.011869588202695177
-0.011145171062589316
-0.010461798154742316
-0.009817601679702349
-0.00921072943034398
-0.008639368720160061
-0.008101739971190446
-0.007596116763854575
-0.00712081771247495
-0.006674223200188413
-0.006254766010469824
-0.005860945291468224
-0.005491316371795135
-0.005144502450406698
-0.004819183966179226
-0.004514108446701326
-0.0042280797354948925
-0.003959966366026758
-0.003708690885644966
-0.003473237056367119
-0.0032526394553775
-0.0030459897454909422
-0.002852426680756896
-0.0026711416387092727
-0.002501369117017226
-0.0023423916771411228
-0.0021935309838256303
-0.0020541522751947195
-0.0019236559703951813
-0.0018014817536480046
-0.0016871007554558903
-0.0015800193166613133
-0.0014797717342045688
-0.0013859237547804788
-0.0012980658660982315
-0.0012158165573073186
-0.0011388161301123046
-0.0010667297539013413
-0.0009992417670924483
-0.0009360585481234663
-0.0008769032753813
-0.0008215186303116481
-0.0007696619836708168
-0.0007211079435147598
-0.0006756439358951438
-0.0006330726080214449
-0.0005932077725778125
-0.0005558766746326097
-0.0005209162702380098
-0.000488175364477967
-0.0004575111967487668
-0.0004287914565256734
-0.0004018911495804753
-0.00037669449749428194
-0.00035309206096188626
-0.0003309825286926989
-0.0003102700758134094
-0.0002908660475285673
-0.00027268653242578224
-0.00025565394606189495
-0.0002396948006713688
-0.00022474119368352441
-0.0002107287569194755
-0.00019759805490378473
-0.00018529269810802382
-0.00017376065578557782
-0.00016295251917430796
-0.00015282273345268115
-0.0001433279980570186
-0.00013442842221985703
-0.00012608605069193947
-0.00011826594718312972
-0.0001109348348147954
-0.00010406211163679284
-0.00009761859607398002
-0.00009157747854324814
-0.00008591316301100867
-0.00008060215857961421
-0.00007562200904504649
-0.00007095212816645242
-0.00006657280981256285
-0.00006246601047167502
-0.000058614433208995184
-0.00005500226081662183
-0.00005161430737937105
-0.000048436705309574134
-0.00004545611883537975
-0.000042660388015599456
-0.00004003779893539659
-0.0000375776876462303
-0.000035269762277542083
-0.000033104669706912526
-0.0000310733651804407
-0.000029167644377577295
-0.000027379556483048095
-0.00002570190417843514
-0.00002412769642204248
-0.000022650618774391214
-0.000021264522427894282
-0.000019963867152670066
-0.000018743243374455483
-0.00001759778991539337
-0.000016522746152762527
-0.000015513846621493186
-0.000014566900494698073
-0.000013678165019044421
-0.000012843949746759454
-0.000012060970680314727
-0.000011325976856841288
-0.000010636086996049217
-9.988436188623696e-6
-9.380496762206872e-6
-8.809742964972193e-6
-8.273957691130512e-6
-7.770913172967996e-6
-7.2986651450520554e-6
-6.855247664982834e-6
-6.4389562358103025e-6
-6.048054974387586e-6
-5.6810501619760095e-6
-5.33640805824535e-6
-5.012820306853058e-6
-4.708930768518172e-6
-4.42359416984834e-6
-4.155610387855598e-6
-3.903977701975181e-6
-3.667633014526058e-6
-3.445701039372194e-6
-3.2372389864290636e-6
-3.041483003699918e-6
-2.85759588454208e-6
-2.684912068043736e-6
-2.522686954724323e-6
-2.3703417651476876e-6
-2.227213063100565e-6
-2.0927987741565386e-6
-1.9665065260653705e-6
-1.847902133993981e-6
-1.7364553671259976e-6
-1.6317922237134237e-6
-1.5334367250024783e-6
-1.4410683219313572e-6
-1.3542583014262443e-6
-1.2727336978850023e-6
-1.1961068687265535e-6
-1.1241473195432888e-6
-1.0565029762534744e-6
-9.929813742357884e-7
-9.332611102493343e-7
-8.771838982935516e-7
-8.244546378175406e-7
-7.749458947614616e-7
-7.283849628088523e-7
-6.846723964512766e-7
-6.435543778558554e-7
-6.049569989357549e-7
-5.686421715036137e-7
-5.345594416862634e-7
-5.024835939205678e-7
-4.723858728108913e-7
-4.4405133813739864e-7
-4.174714712442522e-7
-3.9243923351852965e-7
-3.6896514594870387e-7
-3.468478861770776e-7
-3.2611605787716387e-7
-3.0657203143971723e-7
-2.8826175177131684e-7
-2.709893918531399e-7
-2.548176973924987e-7
-2.3955086403697485e-7
-2.2526807877039168e-7
-2.1177186917401622e-7
-1.9915767556670197e-7
-1.8722473553524854e-7
-1.7608471190355224e-7
-1.6553198224502404e-7
-1.5569455041857901e-7
-1.4636039930779842e-7
-1.3767413592165e-7
-1.2941583303810013e-7
-1.2174709864884936e-7
-1.1443858606302506e-7
-1.0766943561558158e-7
-1.0119936277976824e-7
-9.522570241448406e-8
-8.949569345773676e-8
-8.422565682355494e-8
-7.914878252340453e-8
-7.450129902404627e-8
-7.00007279490084e-8
-6.590425824711175e-8
-6.191206785727425e-8
-5.830349173415241e-8
-5.475961993961355e-8
-5.1583253883599264e-8
-4.843456986194488e-8
-4.564130014753522e-8
-4.284079025804157e-8
-4.0387309860873756e-8
-3.789335316896332e-8
-3.574149023144553e-8
-3.351722304259379e-8
-3.163334322733849e-8
-2.9646094166535386e-8
-2.8000580253902003e-8
-2.622137519576295e-8
-2.4788163770980045e-8
-2.3191284189442817e-8
-2.1947459786463248e-8
-2.051005574778148e-8
-1.9435491762665974e-8
-1.8137237045448782e-8
-1.721428017222235e-8
-1.6037069418127702e-8
-1.525026165452388e-8
-1.417793944309928e-8
-1.3513772189864446e-8
-1.2531896621162856e-8
-1.1978596285918937e-8
-1.1074225513170245e-8
-1.0621563865385624e-8
-9.783070071877783e-9
-9.422197672296767e-9
-8.639099500217022e-9
-8.36239966962311e-9
-7.625213757117537e-9
-7.4261764903335564e-9
-6.72628641819243e-9
-6.599394032535591e-9
-5.928930941110119e-9
-5.8695623354493166e-9
-5.2213010134610104e-9
-5.2256464064859535e-9
-4.5929094990603694e-9
-4.657897497681718e-9
-4.034471045633915e-9
-4.1577045293632954e-9
-3.5377615427858713e-9
-3.717463651034453e-9
-3.0954942833918815e-9
-3.33046203384048e-9
-2.701209938226993e-9
-2.9907760088547334e-9
-2.3491809292651945e-9
-2.6931805214248966e-9
-2.0343246825799757e-9
-2.4330691259617136e-9
-1.7521281682640057e-9
-2.2063840537738466e-9
-1.4985813848540157e-9
-2.0095547081557173e-9
-1.270116714597967e-9
-1.839441867273831e-9
-1.0635577239518839e-9
-1.6932888676149295e-9
-8.76070800057006e-10
-1.5686803728395365e-9
-7.051259805629412e-10
-1.4635045613944756e-9
-5.484589315215771e-10
-1.375919001026851e-9
-4.040387743185465e-10
-1.3043222390447534e-9
-2.700327934399677e-10
-1.2472771758900097e-9
-1.44389345280797e-10
-1.2003758495290861e-9
-1.0645109106488506e-9
-2.877776012782681e-8
-1.5225164647609236e-7
-4.7260000067722125e-7
-1.1340319100238958e-6
-2.2980662325804475e-6
-4.148432793159719e-6
-6.873454396777073e-6
-0.000010666754541653706
-0.000015721766791165273
-0.00002223449679543284
-0.000030416331779069124
-0.000040503657026947695
-0.00005279523554905083
-0.00006767150046927313
-0.00008566151802482863
-0.00010747206579439404
-0.00013408692828389767
-0.0001668025951717572
-0.00020735969699198152
-0.0002579785801213322
-0.0003215193483654019
-0.0004015069304995984
-0.0005023126467371188
-0.0006291548436689439
-0.0007882912721833517
-0.000986978044519777
-0.001233658524298657
-0.0015378604500760112
-0.0019103637834225516
-0.0023630137546131295
-0.0029088477867116407
-0.0035618017149035347
-0.0043367754943460755
-0.005249212059566379
-0.006315084357094997
-0.007550332590659152
-0.008970762583702201
-0.010591338684927273
-0.012425996545221623
-0.014486806224617024
-0.016783721155843534
-0.019323648209798296
-0.022110177377372704
-0.0251426202137758
-0.028415788241798908
-0.03191908401576004
-0.035636415417934525
-0.03954543893796574
-0.04361770598237604
-0.04781815995138045
-0.052105603900851595
-0.05643253695456387
-0.06074600670097716
-0.06498783464760466
-0.06909587177762716
-0.07300460960625957
-0.07664679812517662
-0.0799543757187035
-0.08286034452869835
-0.08529989012853144
-0.08721235247571005
-0.08854235783483169
-0.08924168682924644
-0.08927021864921536
-0.08859749156129822
-0.08720327076688135
-0.0850786258549841
-0.08222597996605105
-0.07865959047751239
-0.07440501185127366
-0.06949895021012845
-0.06398816204257399
-0.057928744482568385
-0.05138457947473599
-0.044426201558376885
-0.037128964695934
-0.029571682386310184
-0.02183472895320098
-0.013998663187363373
-0.0061424719176223054
0.0016576330373790757
0.009329660368791256
0.0168067309723629
0.024028107139181864
0.0309397031508682
0.037494664615212156
0.043653497070795494
0.04938422679640314
0.054662202090770384
0.0594699133104726
0.06379655537025096
0.06763760767153731
0.07099425694098307
0.07387283857810287
0.07628421038779963
0.07824314188076804
0.07976770923058965
0.08087869622271238
0.08159905673466704
0.08195336750780159
0.08196738260867556
0.08166755864035653
0.08108070914665468
0.08023360908692721
0.07915274654089273
0.07786400486395974
0.07639250324419071
0.07476235047449062
0.07299656325344599
0.07111688337363388
0.06914376170902202
0.0670962296702002
0.06499193668628324
0.0628470664122453
0.060676415801094855
0.058493346568122065
0.056309894572227286
0.0541367474381767
0.05198337393560086
0.0498580194441201
0.04776784631604734
0.04571893999149667
0.04371645287186509
0.041764615236967347
0.03986687680538867
0.03802591802828255
0.0362437851273301
0.034521898701158966
0.03286117949088379
0.03126205243158962
0.029724561623236858
0.028248368932937445
0.02683285761164224
0.025477125284882395
0.024180076358503475
0.022940409740357666
0.021756700648389984
0.020627383716555755
0.019550825098086512
0.01852530176638148
0.017549064938916406
0.016620316428858424
0.01573726444344704
0.014898097811622086
0.014101035169374653
0.01334429781112718
0.012626153192983625
0.011944887054814621
0.011298842069612925
0.010686389774011923
0.010105965083390237
0.009556038462654366
0.00903514692103374
0.008541866757511996
0.008074841551879621
0.007632755734226739
0.007214360002596108
0.006818445893763753
0.006443868983859035
0.006089524578261529
0.005754368988876299
0.00543739641355204
0.0051376585317816125
0.004854242606976819
0.004586289599718859
0.004332973497836047
0.004093518111933577
0.0038671776169833952
0.0036532521674488166
0.003451069618187276
0.003260000074357389
0.003079438749315842
0.0029088195468837106
0.0027475990060855274
0.0025952689993239933
0.002451341710270022
0.0023153615198052307
0.00218689096117251
0.002065521856398951
0.0019508621927070459
0.001842546564358983
0.0017402239148259576
0.001643567333463739
0.001552262609365853
0.0014660174270449558
0.0013845506794065562
0.00130760110337783
0.001234917301607865
0.0011662658550304374
0.0011014220056021961
0.0010401772802970154
0.0009823307889797156
0.0009276963921083859
0.0008760945710116128
0.0008273591686660699
0.0007813297922058651
0.0007378581546110471
0.0006968009716100928
0.0006580259300542783
0.000621405043974398
0.0005868202740288887
0.0005541573095695889
0.0005233108619830154
0.0004941788417688616
0.00046666734751018717
0.00044068520898164195
0.00041614869187832647
0.0003929763802173131
0.00037109361569692917
0.00035042769436640194
0.00033091205855184354
0.000312481784381212
0.00029507754346382617
0.0002786413587799571
0.000263120352768137
0.0002484627505634154
0.0002346214303465311
0.0002215501539428644
0.00020920693457947406
0.00019755047641552856
0.0001865433736704962
0.0001761487418164694
0.00016633326152480537
0.00015706398524223685
0.0001483112390560914
0.00014004558864964546
0.00013224061193434537
0.0001248700095216906
0.00011791026010504983
0.00011133786116863294
0.00010513187910524523
0.00009927130659619122
0.00009373751854816583
0.00008851173326469062
0.0000835773852074366
0.0000789176776940146
0.00007451788278633715
0.00007036297383476528
0.00006643986284793166
0.00006273510111578298
0.000059237064275607754
0.00005593371008649021
0.00005281472089139382
0.00004986930761589822
0.000047088319418438274
0.000044462083453623503
0.00004198249123987947
0.00003964086374302487
0.00003743002398006431
0.00003534217730276651
0.00003337097972133849
0.00003150942290876634
0.000029751908193192048
0.00002809212609434423
0.000026525145391864432
0.000025045276825247632
0.000023648187484809847
0.0000223287381991471
0.00002108313282375706
0.000019906719301850195
0.000018796183915315636
0.000017747305103377487
0.00001675720334451514
0.00001582203688526947
0.000014939317709236412
0.000014105538190829682
0.000013318564210229356
0.000012575181238266694
0.000011873575934697509
0.000011210789606603212
0.000010585300588015891
9.994372548842212e-6
9.436750053506239e-6
8.909888571440633e-6
8.41277677121192e-6
7.943034246918523e-6
7.499874468811075e-6
7.081055993412067e-6
6.686000498113784e-6
6.3125824504195015e-6
5.9604173865120084e-6
5.627474573391459e-6
5.313551275633032e-6
5.016692113759508e-6
4.736865926857182e-6
4.472174652899823e-6
4.2227504685497675e-6
3.986735636788184e-6
3.7644189605450467e-6
3.5539673825483037e-6
3.355821227248024e-6
3.1681570109672575e-6
2.991563009746346e-6
2.824210940804306e-6
2.66683476632381e-6
2.517587825759015e-6
2.377348661547043e-6
2.2442387762937016e-6
2.1192816187568153e-6
2.0005538358833354e-6
1.8892251003735005e-6
1.783314511881026e-6
1.684140400815048e-6
1.5896515337572725e-6
1.501318348023736e-6
1.4170065963663072e-6
1.3383434151809195e-6
1.2630988805015998e-6
1.1930623777718135e-6
1.1258950430690438e-6
1.0635552932437278e-6
1.0035821995770144e-6
9.481107370657526e-7
8.945441224002482e-7
8.452028000394562e-7
7.97339944766237e-7
7.534711530705164e-7
7.106850366296738e-7
6.717031617022017e-7
6.334341785347877e-7
5.988176647055974e-7
5.64566382676892e-7
5.338508607516638e-7
5.031713210407836e-7
4.759435381619795e-7
4.4843747717198296e-7
4.2432976133482585e-7
3.9964142880268303e-7
3.7832682783598314e-7
3.5613810981484515e-7
3.3732587744141877e-7
3.173524140885121e-7
3.0078436810096e-7
2.8277173802490085e-7
2.6821873727403996e-7
2.51939141625158e-7
2.3919785787492366e-7
2.2444717652488715e-7
2.1333731666907808e-7
1.9993247195327564e-7
1.9029472631906573e-7
1.7807110896430815e-7
1.6976450174156094e-7
1.585743262097354e-7
1.5147471370132522e-7
1.4118465471570845e-7
1.3518265465482036e-7
1.2567245196975228e-7
1.206724008066437e-7
1.1183319000830491e-7
1.0775103380755243e-7
9.948419361834397e-8
9.624709259722969e-8
8.846267729575126e-8
8.600747367807729e-8
7.862352326030268e-8
7.689603760465107e-8
6.983713937230814e-8
6.879123714351064e-8
6.198813485080958e-8
6.158500929231411e-8
5.4973481093307e-8
5.518096059076808e-8
4.8701229083268345e-8
4.949332846552997e-8
4.308929988831431e-8
4.444574023511326e-8
3.806447857975149e-8
3.997035104409063e-8
3.356140176883962e-8
3.600658947691891e-8
2.9521676631523692e-8
3.250065745462871e-8
2.5893167654454636e-8
2.9404796451045358e-8
2.2629212615895465e-8
2.6676469751201007e-8
1.968809521421874e-8
2.4277979426599198e-8
1.7032517764883552e-8
2.2175746638949276e-8
1.462897722830132e-8
2.034020174391947e-8
1.2447627977400712e-8
1.8745119866937767e-8
1.0461475874624069e-8
1.7367134958540082e-8
8.646475466874139e-9
1.6185798295579458e-8
6.980910841865059e-9
1.5183192632842514e-8
5.445097266295529e-9
1.4343294612140541e-8
4.0213580617566536e-9
1.3652205638941848e-8
2.693720939189331e-9
1.309748524619178e-8
1.4434276265911147e-9
1.2636240369637593e-8
1.6769464680136045e-8
4.824707917553175e-7
2.5827314873674647e-6
8.163318493690474e-6
0.000020041897857013
0.000041762120302805855
0.00007783921690529616
0.00013367836804802888
0.00021568736466416957
0.0003313213487149974
0.0004890613730775868
0.0006985612293515782
0.0009704768735538046
0.0013166902438590837
0.001749971734365123
0.00228425344021591
0.0029341106539859346
0.0037150566349452878
0.004642838705707415
0.005733730253002866
0.007003651736042571
0.008468443356559788
0.010142839506265575
0.012040716053734324
0.014173965683430371
0.016552724559498366
0.01918421219501979
0.022072950500255494
0.02521964200777845
0.028621397694209676
0.03227072949245469
0.036155800955352264
0.04025960385656248
0.044560238847063206
0.04903033356431916
0.05363735180235527
0.05834329552777584
0.06310503455510835
0.06787432133229114
0.0725981321093335
0.07721901448649605
0.0816754371929024
0.08590248709714907
0.08983223669420204
0.09339480740182854
0.09651877720218191
0.09913262545805626
0.10116521082912071
0.10254760254147909
0.10321365276940812
0.10310219345227664
0.10215770141580373
0.1003327943983903
0.09758893917596671
0.09389911675132577
0.08924845814187002
0.08363687517525475
0.07707943758975673
0.06960869836973638
0.06127456836901973
0.05214602463939446
0.042310217320289126
0.03187325772137871
0.020958326988975116
0.009705313965445156
-0.0017322025305252459
-0.013188553953354405
-0.024490088217929747
-0.035457898467729926
-0.04591277233535792
-0.055678718725312784
-0.06458830545028058
-0.07248645542455638
-0.07923555661805771
-0.08471887461709908
-0.08884475347982568
-0.09154898285975381
-0.09279747128067048
-0.09258703249265059
-0.09094610837290011
-0.08793368867175141
-0.08363796013693571
-0.07817340114925879
-0.07167757793432042
-0.06430679143886878
-0.05623155534882963
-0.04763144055363014
-0.03868998113181476
-0.02958949939282408
-0.020506246631436742
-0.011605968442260564
-0.0030399862951658568
0.005057911055097119
0.012573971017957932
0.019415950400920808
0.025514031236609825
0.030820658122399813
0.035309990959127895
0.03897637482455049
0.04183268227812583
0.04390786018422822
0.0452446346091483
0.04589663971636254
0.04592596502792213
0.04540032662212847
0.044390852327435615
0.042969637831670814
0.04120802939002386
0.03917475924511758
0.036934839055717476
0.03454832829808713
0.03206982716542538
0.029547823784332617
0.02702469050848127
0.024536491117056684
0.022113342606235237
0.019779539670144376
0.01755413839606503
0.015451262253102773
0.013480782684908404
0.011648696023410864
0.00995780662777856
0.008408096335257596
0.006997348738481442
0.005721463888914597
0.004574991282468733
0.003551367981303804
0.002643349941068259
0.0018431698860040793
0.0011428712665662566
0.0005343934310309259
9.820716755029917e-6
-0.000438591952661255
-0.0008182389852095019
-0.0011361833613167383
-0.0013990295713668828
-0.0016129738130787833
-0.0017837156643522375
-0.001916527474833199
-0.002016193011933432
-0.0020870868389329805
-0.0021331308407917648
-0.0021578768630419114
-0.0021644744614586096
-0.0021557522210410873
-0.0021341921052979163
-0.002102006585507159
-0.002061116549144487
-0.002013222649952255
-0.001959784902772206
-0.001902087567760292
-0.0018412193770030564
-0.0017781318658688435
-0.0017136197198615929
-0.0016483728349814743
-0.0015829566140657932
-0.001517858241061381
-0.0014534669530306744
-0.0013901151044844633
-0.0013280585402719698
-0.001267513044678232
-0.001208634979119945
-0.0011515536852765352
-0.0010963525525698689
-0.0010430978964526354
-0.0009918206014592338
-0.0009425419379079711
-0.0008952558981334466
-0.0008499523548342623
-0.0008066001780289979
-0.0007651680812802632
-0.0007256085775372908
-0.0006878768084058879
-0.0006519153723450173
-0.0006176713869090858
-0.0005850822008754834
-0.0005540909011516514
-0.0005246329044051936
-0.0004966500879662778
-0.0004700782423846267
-0.00044485997953780035
-0.00042093301839156997
-0.00039824200019196904
-0.0003767275733384084
-0.0003563372285445336
-0.00033701514331344165
-0.0003187121334415189
-0.00030137621690203264
-0.00028496176560162867
-0.00026942074646873386
-0.0002547111470239005
-0.0002407888519994677
-0.00022761540688512487
-0.00021515048969479754
-0.00020335906947818182
-0.00019220443362947151
-0.0001816547920396277
-0.00017167682253131807
-0.00016224176600540977
-0.00015331945405070948
-0.00014488393599657075
-0.00013690795497415406
-0.00012936814390057682
-0.00012223991804024412
-0.00011550227309289713
-0.00010913306519815478
-0.00010311344163993465
-0.00009742347980942043
-0.0000920462784007297
-0.00008696393022441765
-0.00008216129908456662
-0.00007762230166569786
-0.00007333339406475409
-0.00006928014048356331
-0.00006545043075083578
-0.00006183131471303463
-0.0000584119707199392
-0.000055180786640141566
-0.00005212809745109205
-0.000049243494699050905
-0.00004651835013776154
-0.00004394333728312371
-0.000041510756183038143
-0.00003921225219110975
-0.00003704095617777621
-0.000034989385887649844
-0.000033051414731820554
-0.0000312203434334878
-0.00002949070872258734
-0.000027856513683121632
-0.000026312887059062426
-0.00002485446212557998
-0.000023476895695638763
-0.000022175386122392984
-0.000020946061252059264
-0.000019784625737338595
-0.000018687627407304772
-0.00001765122517715002
-0.000016672340868110355
-0.000015747540333835238
-0.000014874078335854622
-0.000014048886054766684
-0.000013269514191870317
-0.000012533221743534552
-0.000011837822516199995
-0.00001118086961903893
-0.000010560410499725257
-9.974262243822689e-6
-9.420680001514207e-6
-8.897717653827535e-6
-8.403814538493052e-6
-7.937237235485858e-6
-7.496588495528617e-6
-7.080325945747485e-6
-6.687196928428582e-6
-6.3158312360814235e-6
-5.9651037805911015e-6
-5.633799292560404e-6
-5.3209052802667635e-6
-5.025346425094877e-6
-4.746209290295969e-6
-4.48254468149761e-6
-4.233526040530408e-6
-3.9983184794449415e-6
-3.7761716509447854e-6
-3.5663541219878956e-6
-3.368181871191463e-6
-3.1810173547900054e-6
-3.004234164513535e-6
-2.8372802573381285e-6
-2.6795790158183807e-6
-2.5306564670390473e-6
-2.3899787390556124e-6
-2.2571431146906506e-6
-2.131651898793322e-6
-2.0131681465444845e-6
-1.9012246215234024e-6
-1.7955448095342906e-6
-1.6956863382209315e-6
-1.6014292185403045e-6
-1.5123511911124938e-6
-1.4282846742296237e-6
-1.3488227668894232e-6
-1.2738474117223835e-6
-1.2029630961446414e-6
-1.1360981578238293e-6
-1.072864548419495e-6
-1.013235065686958e-6
-9.568254639817127e-7
-9.036508425934074e-7
-8.533275317711094e-7
-8.059115751275941e-7
-7.610164873816571e-7
-7.18738072285665e-7
-6.786838587419768e-7
-6.40988929238165e-7
-6.052518524656955e-7
-5.716462551158631e-7
-5.397587363268226e-7
-5.09801642702732e-7
-4.813468219120795e-7
-4.546452769514366e-7
-4.292510670318962e-7
-4.0545428662164103e-7
-3.8278872297033333e-7
-3.6158417771589726e-7
-3.413510000454274e-7
-3.224596525652258e-7
-3.043946013280347e-7
-2.875681200852188e-7
-2.714352704616712e-7
-2.5645188664725214e-7
-2.4204077973101514e-7
-2.2870284611645983e-7
-2.1582561412632087e-7
-2.0395710550555078e-7
-1.9244589860698977e-7
-1.818897457407045e-7
-1.7159498683546385e-7
-1.6221146695099276e-7
-1.529993095799586e-7
-1.4466367948580013e-7
-1.3641492100495422e-7
-1.290163665841494e-7
-1.216242940116053e-7
-1.1506378906067519e-7
-1.0843331189074528e-7
-1.0262280022401357e-7
-9.666858695145902e-8
-9.153009287596654e-8
-8.617608768701606e-8
-8.16397111117252e-8
-7.681783273737703e-8
-7.282195915318515e-8
-6.847111554216796e-8
-6.496070100709071e-8
-6.102612548571496e-8
-5.7952300979605996e-8
-5.438534558546794e-8
-5.1705033116302666e-8
-4.846144370988732e-8
-4.6136339301799655e-8
-4.317680921705414e-8
-4.117308107378032e-8
-3.846212181567851e-8
-3.67499903600545e-8
-3.4255297890773606e-8
-3.2808606107716915e-8
-3.050132093014026e-8
-2.9296931958903777e-8
-2.715083140926438e-8
-2.616899774440194e-8
-2.4160369281065673e-8
-2.338309052035536e-8
-2.149030154213895e-8
-2.0902631434098992e-8
-1.9105762668431788e-8
-1.869469729227325e-8
-1.6975612945419885e-8
-1.6729986522503444e-8
-1.5072033772590055e-8
-1.4982556567002105e-8
-1.3370275758877795e-8
-1.3429167858624842e-8
-1.184808140302361e-8
-1.2049155249684586e-8
-1.048567075660191e-8
-1.0824146964775884e-8
-9.265270232650697e-9
-9.737660809300602e-9
-8.171292816187517e-9
-8.775011592768902e-9
-7.189535534675021e-9
-7.92338516156327e-9
-6.307395955372386e-9
-7.171108993864457e-9
-5.513401571413897e-9
-6.507772255609279e-9
-4.797737053875195e-9
-5.9245730810421334e-9
-4.151389998005225e-9
-5.4134340543602605e-9
-3.5662670736173182e-9
-4.966980412389081e-9
-3.035092535454845e-9
-4.578940206488534e-9
-2.551366901626465e-9
-4.243683351699767e-9
-2.1092045777026777e-9
-3.956158550494616e-9
-1.7030433835203935e-9
-3.7119778768157834e-9
-1.3285217014684468e-9
-3.5074420331365665e-9
-9.812528807656662e-10
-3.3390377851930086e-9
-6.572698201910324e-10
-3.203859915806774e-9
-3.5224965582878975e-10
-3.0913579801873966e-9
-3.5060290528928854e-9
-9.122530566269861e-8
-4.844233647541707e-7
-1.490519055309991e-6
-3.5534336059515314e-6
-7.112466847010847e-6
-0.0000126525538743598
-0.000020527659077370142
-0.00003101439254201264
-0.00004409806901409575
-0.000059543961450799565
-0.00007665940508739491
-0.00009439568116247711
-0.00011111038474569048
-0.00012471359562418388
-0.00013246119752685273
-0.0001311577478596106
-0.0001170114717116764
-0.00008590042346378367
-0.00003331194437326039
0.000045332763993987295
0.00015464762885519947
0.00029891956694759274
0.00048199971035489106
0.0007069414296028367
0.0009758487909169026
0.0012895649183445406
0.0016475281754795526
0.0020475634320317824
0.002485800786060075
0.0029566106624604547
0.0034526301247485712
0.00396485659546249
0.004482804103872907
0.0049947337965474264
0.005487932438305242
0.005949018970166307
0.006364309286711477
0.006720107517467753
0.007003104723071743
0.007200551511938019
0.007300642028367849
0.007292477526974955
0.007166414088147008
0.006913765082951802
0.006527137655184089
0.00599987824563353
0.005326477888251079
0.004501824782660781
0.0035218051320770193
0.0023824716780278385
0.00108098660406335
-0.0003851731000601825
-0.002016806450769621
-0.003813658529621025
-0.005772491573790005
-0.007887621923969993
-0.010148530469233242
-0.012540370009888111
-0.015041307015921417
-0.01762322069457384
-0.020249087796250967
-0.02287418174217388
-0.025443880186618043
-0.027895692001782973
-0.03015784981732521
-0.0321524181294746
-0.03379491282408699
-0.03499857002974225
-0.035675019911250674
-0.03573954590188174
-0.0351125680894753
-0.03372544652350127
-0.03152226206951249
-0.028465484778661867
-0.02453735043048079
-0.019744596926833405
-0.014118688443649358
-0.007718872551674829
-0.0006306380088710279
0.007033421535850191
0.015137222847360039
0.02352265321481472
0.03201514187942437
0.04042711909082513
0.04856498277641668
0.05623381310896192
0.06324482169064968
0.0694203048529851
0.07460049912293845
0.07864770465637734
0.08145154545554287
0.08293138270955434
0.0830392767226303
0.08176019118298794
0.07911239954204888
0.07514545525879107
0.06993826302079552
0.06359523505954409
0.056242638990567466
0.04802367093066904
0.03909391194186017
0.02961616623584663
0.019755877853926126
0.009676507059880057
-0.0004643944175123106
-0.01051871307783813
-0.020350600548929877
-0.02983863607764789
-0.038877401185454845
-0.04737827288720809
-0.05526983515190053
-0.06249750619008083
-0.06902303800343862
-0.07482329649389316
-0.07988917194749981
-0.08422385968037231
-0.08784149901109059
-0.09076526615608987
-0.09302600308856689
-0.09466036146987435
-0.09570960340111868
-0.09621795099233504
-0.096231660651839
-0.09579765584309105
-0.09496290925153085
-0.09377337630548269
-0.092273671419353
-0.09050627984841021
-0.08851148540662025
-0.08632681638940495
-0.08398716945542976
-0.08152443756178053
-0.07896777350268427
-0.07634334940332596
-0.07367470924647931
-0.07098261634486569
-0.06828545341628556
-0.06559912348775061
-0.06293746614706058
-0.0603121864614725
-0.05773326537374594
-0.05520889929542946
-0.05274589045537954
-0.050349586343296476
-0.04802424191922133
-0.04577295297509918
-0.04359798655332778
-0.041500705720631546
-0.0394818675691363
-0.037541539126110385
-0.03567936422038462
-0.033894471573536276
-0.03218571289096751
-0.0305515648505935
-0.0289903412789252
-0.027500090989198214
-0.026078787019533086
-0.024724222233398596
-0.02343417848785118
-0.022206321714916356
-0.021038353646692088
-0.01992790783337113
-0.018872686254416935
-0.017870357444414245
-0.01691868001339
-0.016015403776243293
-0.015158381910406755
-0.014345475742589209
-0.013574657007255164
-0.012843916732655128
-0.012151358831989558
-0.011495113360517666
-0.010873422472995244
-0.010284558186619873
-0.009726901572157762
-0.009198865051045833
-0.00869896555127025
-0.008225751289126285
-0.007777869504950918
-0.007353997621995286
-0.0069529060887791455
-0.006573393763816911
-0.006214346314765244
-0.005874675654312308
-0.005553374285610025
-0.005249458594809902
-0.0049620194824519
-0.004690169312322404
-0.004433089128687195
-0.004189979051757207
-0.003960102351765485
-0.003742739084170516
-0.0035372272613576903
-0.0033429195243431815
-0.003159221631592924
-0.0029855519691739554
-0.0028213775558147366
-0.0026661762037651525
-0.0025194702190715415
-0.0023807910370517737
-0.002249710780428608
-0.002125809201753888
-0.002008703251998318
-0.0018980161687426277
-0.0017934051958920702
-0.0016945326677559641
-0.0016010920129702433
-0.001512780688004986
-0.001429324589276124
-0.0013504527023020683
-0.001275920037130221
-0.0012054838678283086
-0.0011389252948657482
-0.0010760269586538211
-0.0010165933300228995
-0.0009604297863426269
-0.0009073617234849142
-0.00085721489065753
-0.0008098334135787391
-0.00076506128723844
-0.0007227593966581915
-0.0006827880743801616
-0.0006450231977766978
-0.0006093397237061499
-0.0005756269384750147
-0.0005437728874075355
-0.0005136788467460214
-0.0004852445721096015
-0.00045838205986677795
-0.0004330015416441274
-0.00040902459637574563
-0.00038637082463168767
-0.0003649703721774198
-0.0003447512161286129
-0.0003256511590814543
-0.0003076056667121193
-0.000290559386982114
-0.0002744544764317576
-0.0002592417025833427
-0.0002448691999791779
-0.00023129320683643463
-0.00021846719678530628
-0.0002063522999352422
-0.00019490675604855978
-0.0001840960706457793
-0.00017388273760996677
-0.00016423617639204429
-0.00015512267459111105
-0.0001465151543694054
-0.00013838328615749885
-0.00013070312923583286
-0.0001234473660858154
-0.0001165948660617532
-0.00011012099405929356
-0.00010400713946791875
-0.0000982310506992793
-0.0000927763793499482
-0.00008762299183331511
-0.0000827565717183957
-0.00007815886255483784
-0.00007381737713866868
-0.00006971552067358981
-0.00006584245450882433
-0.00006218305127503334
-0.000058727961624984714
-0.00005546335072678935
-0.00005238121663992906
-0.000049468859339241565
-0.000046719500056911546
-0.00004412143123282955
-0.00004166898856516373
-0.000039351326749666186
-0.000037163798969608724
-0.0000350963066873049
-0.000033145137425304476
-0.000031300831093274186
-0.000029560536927114543
-0.000027915336983534813
-0.000026363179403459182
-0.00002489559909087733
-0.000023511288842546502
-0.000022202153896450662
-0.00002096758727512264
-0.000019799788760117203
-0.000018698813817468225
-0.000017657085876355415
-0.000016675292418200797
-0.000015746013072332192
-0.00001487054408537181
-0.000014041559361512058
-0.000013260945481036831
-0.000012521411541099904
-0.0000118254214180066
-0.000011165661739373302
-0.000010545167047842386
-9.956548823758853e-6
-9.40340889707281e-6
-8.878229481212856e-6
-8.38518205705272e-6
-7.916568806829005e-6
-7.4771367940835295e-6
-7.058957746567389e-6
-6.667364575393746e-6
-6.294148172875671e-6
-5.945242028175653e-6
-5.612106335884911e-6
-5.301293478078801e-6
-5.003881680710818e-6
-4.727065871176556e-6
-4.461491065832459e-6
-4.215020777519286e-6
-3.977813226127067e-6
-3.7584316494826836e-6
-3.546495142165726e-6
-3.3513011339888353e-6
-3.161871955235968e-6
-2.9882793923644423e-6
-2.8188898092557277e-6
-2.664593368753658e-6
-2.5130414504510867e-6
-2.375988821570689e-6
-2.240307237255066e-6
-2.118669792448327e-6
-1.9971007754744645e-6
-1.8892501309245136e-6
-1.7802248569073947e-6
-1.684711759971342e-6
-1.5868269503812907e-6
-1.5023632889957387e-6
-1.4143641990347154e-6
-1.3398022857098375e-6
-1.2605665374887703e-6
-1.1948878014596698e-6
-1.1234110424111002e-6
-1.0657112383468855e-6
-1.0010933035432378e-6
-9.505692845484951e-7
-8.92003432156624e-7
-8.479446324850283e-7
-7.947065924306485e-7
-7.56482136874907e-7
-7.07922349527915e-7
-6.749767401987445e-7
-6.305096055968359e-7
-6.023506815913284e-7
-5.614485597137081e-7
-5.376453565041368e-7
-4.998333764560959e-7
-4.80005583028769e-7
-4.448524182255629e-7
-4.2866846835992234e-7
-3.9578326033766347e-7
-3.829549455235506e-7
-3.5198069701661973e-7
-3.4225865117721276e-7
-3.128703414933216e-7
-3.0604031554519184e-7
-2.7793894671472333e-7
-2.738180755257395e-7
-2.4672923169919e-7
-2.4516424226104046e-7
-2.1883233320005314e-7
-2.1969620829804717e-7
-1.9388430186958546e-7
-1.970745324661913e-7
-1.7155942961838728e-7
-1.7699598765571434e-7
-1.515676128211679e-7
-1.5919108220527888e-7
-1.336493716760775e-7
-1.4341913470467252e-7
-1.1757258008323702e-7
-1.2946760433543352e-7
-1.0312968585133583e-7
-1.1714583719530344e-7
-9.013579643368383e-8
-1.0628573871211238e-7
-7.842596587638893e-8
-9.673778466618747e-8
-6.785185443772201e-8
-8.836881380665489e-8
-5.828087093815018e-8
-8.106076204108472e-8
-4.959297278785691e-8
-7.470980286589316e-8
-4.1682154142284236e-8
-6.922266164178015e-8
-3.44518274403473e-8
-6.451796617661634e-8
-2.7816038284946884e-8
-6.052461870041493e-8
-2.169712900044369e-8
-5.717932542430528e-8
-1.602438352865547e-8
-5.4427036296592266e-8
-1.0734237712530585e-8
-5.2217154971675586e-8
-5.75205155618599e-9
-5.0379338582534905e-8