0.004420868377971462
0.008836590794464666
0.01323417540873851
0.017610551401487404
0.021954192327606942
0.026260482234990376
0.03051866989908583
0.03472339786036981
0.03886428548590704
0.042935480312541685
0.04692681479938908
0.05083208245691142
0.05464128109841046
0.058347968683249464
0.06194232700055354
0.065417801270328
0.06876482337701903
0.07197686158511156
0.07504469948014385
0.07796197758252432
0.08071995803075985
0.08331261233323882
0.08573182339001627
0.08797205571343393
0.09002596092229256
0.09188865473843032
0.09355370241017259
0.09501701859245411
0.09627321684196467
0.09731914288512687
0.09815057827397117
0.09876541373177224
0.09916070175266377
0.09933547409383046
0.09928814176174137
0.09901895881194311
0.09852777084024791
0.097816125662065
0.09688537308532381
0.0957384214787716
0.09437819221293782
0.09280901943848405
0.09103546218371861
0.08906334287224314
0.08689891882374796
0.08454955335223971
0.08202324662580404
0.07932893196493002
0.07647636406714504
0.07347603281302484
0.07033940516384049
0.0670784497993091
0.06370622788418737
0.060236024484149706
0.056682283034062274
0.05305934374685343
0.049382716935309455
0.045667434297562016
0.04192965694261749
0.0381846519878487
0.03444873173124326
0.030736874721036048
0.027064992443360157
0.023447220144928563
0.0198985061566151
0.0164316025670373
0.013059969554331497
0.009794499028476351
0.006646722040062735
0.0036252995337198945
0.0007395152955561746
-0.0020044328849401646
-0.004599678645831052
-0.007042564480210777
-0.009328655881660928
-0.011456759475885871
-0.013424741866946956
-0.015233663809330595
-0.016883443874320617
-0.01837708665627232
-0.01971623344293521
-0.020905464053212988
-0.02194777644254121
-0.02284894210681077
-0.023612954095388577
-0.02424641509884849
-0.024753989138638608
-0.025142799896855868
-0.025417916128669702
-0.025586736107089045
-0.025654531403974976
-0.02562879217979496
-0.02551484917570851
-0.025320154524292475
-0.0250499981227682
-0.024711699956093024
-0.02431043466305105
-0.02385331399341172
-0.023345332154718554
-0.022793320612383202
-0.02220202626545963
-0.021577924802061593
-0.020925443340548643
-0.02025062241573024
-0.019557493951874737
-0.01885158525578253
-0.018136461775448694
-0.017417069013536315
-0.016696447434266796
-0.015978910008579286
-0.015266934036630469
-0.014564173276278297
-0.013872528642999236
-0.013194994801164997
-0.012532908995786683
-0.01188863282101594
-0.011262976072421839
-0.010657715290006376
-0.010073187635124034
-0.00951064878438227
-0.008970030467252308
-0.00845214133565191
-0.007956580903831969
-0.0074837880662587345
-0.007033103673881432
-0.006604672339439198
-0.0061976456646909515
-0.0058119437895856945
-0.0054465912633279625
-0.005101345419025632
-0.004775156986825877
-0.004467672792828516
-0.004177813395643893
-0.0039051578244862343
-0.003648630750467346
-0.0034077770165067993
-0.0031815511139583912
-0.0029694891473402273
-0.0027705936663342512
-0.0025844104848140588
-0.0024100022131211918
-0.0022469370452346087
-0.0020943446435245008
-0.001951823647895624
-0.0018185738823131585
-0.0016942289480672522
-0.001578059045305695
-0.001469734606873132
-0.0013685943555568807
-0.0012743455283504076
-0.0011863921175942274
-0.0011044768372783088
-0.0010280648202521745
-0.0009569320945623627
-0.0008906003261919603
-0.0008288762083519958
-0.0007713331470068297
-0.0007178056217164953
-0.0006679140072444945
-0.0006215176419895086
-0.0005782792615394018
-0.0005380802100801208
-0.0005006212296709223
-0.0004658029708722406
-0.00043336013405504846
-0.0004032101770695937
-0.00037511804176292566
-0.0003490157178278167
-0.00032469500890923664
-0.00030210039170111146
-0.00028104748186923503
-0.00026149142484976147
-0.00024326891277097744
-0.00022634415706412626
-0.0002105724842722902
-0.00019592576935361503
-0.00018227580142682537
-0.00016960089942830395
-0.00015778738923088626
-0.00014681897903527297
-0.00013659482772433493
-0.0001271031250245733
-0.0001182543582057554
-0.0001100404207139775
-0.00010238180118400473
-0.00009527343302683618
-0.00008864463697197564
-0.0000824928221700528
-0.00007675511183322545
-0.00007143091304545314
-0.00006646424521996738
-0.00006185611027637532
-0.00005755662624300186
-0.00005356805112043653
-0.000049845899617671584
-0.00004639340228336796
-0.000043170852659438086
-0.00004018221755728865
-0.000037392025357133904
-0.000034804783155716785
-0.00003238877501571998
-0.000030148886629153475
-0.00002805673549226611
-0.000026117453288329287
-0.000024305618637977866
-0.000022626501221202732
-0.00002105731230030349
-0.000019603372317754886
-0.000018244235165835834
-0.000016985202278349338
-0.000015807913944271022
-0.000014717597459321342
-0.000013697752949854636
-0.000012753490679360278
-0.000011869970126282087
-0.000011052151816688099
-0.00001028667702460576
-9.578332277318516e-6
-8.915083262159068e-6
-8.301525216040924e-6
-7.726808617023165e-6
-7.1953258380212905e-6
-6.697288175756994e-6
-6.236878227270891e-6
-5.80525793118264e-6
-5.406396972246882e-6
-5.032309927470996e-6
-4.686753460047147e-6
-4.362507532226409e-6
-4.063118074321742e-6
-3.7820526827830035e-6
-3.5226507215625726e-6
-3.278998073422039e-6
-3.0542331429344722e-6
-2.8429981922823834e-6
-2.648237352987477e-6
-2.465093950902708e-6
-2.296325312526437e-6
-2.1375263592068555e-6
-1.991275615053147e-6
-1.8535753173131539e-6
-1.7268335261461862e-6
-1.6074201269382133e-6
-1.4975812258129113e-6
-1.3940187885006847e-6
-1.2988255188672442e-6
-1.2090035438607797e-6
-1.126500655320946e-6
-1.0485904731589422e-6
-9.770842232073742e-7
-9.095012481353132e-7
-8.475243471272488e-7
-7.888954027420829e-7
-7.351766704623712e-7
-6.843117011523355e-7
-6.377498005383387e-7
-5.936173803417519e-7
-5.53258076753227e-7
-5.149642039715096e-7
-4.799806778864108e-7
-4.4675041223248356e-7
-4.164262125027795e-7
-3.8758777330758203e-7
-3.6130205737647357e-7
-3.362730515389065e-7
-3.1348780276857097e-7
-2.9176329762486357e-7
-2.7201225639511333e-7
-2.531544471069679e-7
-2.3603352454627325e-7
-2.196627848781146e-7
-2.0482175968212366e-7
-1.9060888913476297e-7
-1.777442149106488e-7
-1.6540372064511756e-7
-1.5425229712695331e-7
-1.4353657547105256e-7
-1.3387035132623902e-7
-1.2456464429535479e-7
-1.1618594241510195e-7
-1.0810396798229948e-7
-1.0084143442064267e-7
-9.382160036429902e-8
-8.752669490145344e-8
-8.142881652757098e-8
-7.597277274568995e-8
-7.067522839181581e-8
-6.594641831210574e-8
-6.134368418874973e-8
-5.724533509019037e-8
-5.32458482208927e-8
-4.969406479613883e-8
-4.621836995118332e-8
-4.3140419318456415e-8
-4.0119563569122576e-8
-3.745238909058747e-8
-3.482652824279431e-8
-3.251546192894565e-8
-3.023265456334119e-8
-2.8230300335285186e-8
-2.6245459711257826e-8
-2.451072660404299e-8
-2.2784713699576935e-8
-2.1281976349571884e-8
-1.9780812149051706e-8
-1.847918520328825e-8
-1.7173367575772445e-8
-1.604607365084074e-8
-1.4909986101618736e-8
-1.3933810796064172e-8
-1.2945208065593738e-8
-1.210002534272958e-8
-1.1239588182621193e-8
-1.050795129786028e-8
-9.758899605023244e-9
-9.125683875995482e-9
-8.473441739025684e-9
-7.9255361262351e-9
-7.35744058678483e-9
-6.883481184238006e-9
-6.3885294393313106e-9
-5.978665988984e-9
-5.547297132831046e-9
-5.1929931237660984e-9
-4.816897186839248e-9
-4.510754708456759e-9
-4.182708609570786e-9
-3.918317816241693e-9
-3.6320416616675926e-9
-3.4038487695035197e-9
-3.1538813353904298e-9
-2.957076165338239e-9
-2.7386671582016326e-9
-2.5690839398094264e-9
-2.3781004302941507e-9
-2.2321324138965075e-9
-2.0649773062666434e-9
-1.939502926161371e-9
-1.7930440429578097e-9
-1.6853627142797756e-9
-1.5568717442179856e-9
-1.4646480096403863e-9
-1.3517473562172177e-9
-1.2729634523002414e-9
-1.1735793810379557e-9
-1.1064921911016166e-9
-1.0188149159861066e-9
-9.61921070588305e-10
-8.843692243921779e-10
-8.363732764856172e-10
-7.67564527955986e-10
-7.273515073246665e-10
-6.660746019299962e-10
-6.326872883504113e-10
-5.778801347083414e-10
-5.504978994707659e-10
-5.012268464462233e-10
-4.791491111188845e-10
-4.3459171920744083e-10
-4.172221675547902e-10
-3.7665147668992176e-10
-3.634850236287358e-10
-3.262562631249466e-10
-3.1686849153404724e-10
-2.8240845147009814e-10
-2.7644449720570253e-10
-2.4423995194646223e-10
-2.4140765654149196e-10
-2.1099637955706525e-10
-2.110586077209502e-10
-1.820222947540184e-10
-1.8479102493859115e-10
-1.5674773761725508e-10
-1.620792151660194e-10
-1.346770504662804e-10
-1.424668755382085e-10
-1.1537892363044934e-10
-1.2555907382462463e-10
-9.84783891372973e-11
-1.1101358417990369e-10
-8.364771347876805e-11
-9.853415565266975e-11
-7.060219146259596e-11
-8.786428707061457e-11
-5.909290887121424e-11
-7.878315642849314e-11
-4.890274053415738e-11
-7.109971809167949e-11
-3.9842227574969626e-11
-6.464996908634082e-11
-3.174442749536142e-11
-5.929284003626076e-11
-2.446331630371046e-11
-5.4907282133540964e-11
-1.7870293157650766e-11
-5.139062563096384e-11
-1.1851854528011164e-11
-4.865422758748263e-11
-6.290167132556781e-12
-4.6487058478023644e-11
-0.0048541637136221075
-0.009696056273650838
-0.014494633054477625
-0.019242551512748337
-0.02391211515171407
-0.028492178490631147
-0.03295663499540131
-0.0372923436208974
-0.041473693128584954
-0.04548601225718336
-0.04930368581219599
-0.05291074810450526
-0.05628139126906827
-0.05939861136711199
-0.06223648287870071
-0.06477736290488871
-0.06699555841184293
-0.06887340041334399
-0.07038606439651943
-0.07151670795998973
-0.07224228080858014
-0.07254783949542991
-0.07241322946123023
-0.07182663436405
-0.07077204396034205
-0.06924205689702646
-0.06722607348870513
-0.0647223469103801
-0.061726863593059726
-0.058244626015094066
-0.05427920657799124
-0.049843242288242016
-0.04494866890366902
-0.03961640929911532
-0.033867309993233015
-0.02773100613294483
-0.02123758853028142
-0.014425625148372322
-0.007334581109366404
-0.000011967782284756893
0.007493478888682415
0.01512556340008143
0.022826713720716242
0.030532713899551724
0.03817809460786431
0.045691890160134106
0.05300240255734477
0.06003402673445336
0.06671145977450836
0.0729576029985512
0.0786972749438657
0.08385614015646774
0.08836395303564529
0.09215438565857322
0.09516778587603475
0.09735169137568248
0.09866304087446365
0.09906908498384429
0.09854895832450328
0.09709464739900547
0.09471182768759616
0.09142054001567965
0.08725522931604623
0.08226482258456128
0.07651197621248176
0.07007233944696645
0.06303311656301382
0.05549142784576477
0.047552403930206856
0.03932670045172831
0.030928441258028613
0.022472076468456163
0.014070554698826024
0.005831811154450451
-0.0021424427241400154
-0.009760273961109718
-0.016939788333947
-0.02361242448822865
-0.02972204651575286
-0.03522775611105441
-0.04010175550364611
-0.04433157717288298
-0.04791682287304424
-0.05087084216115064
-0.05321660043825811
-0.05498795036275765
-0.056224980247854724
-0.056975092444712015
-0.057288216031708736
-0.05721792145117474
-0.056816846478905364
-0.05613803919853248
-0.0552308572198521
-0.05414265662604329
-0.05291530562607486
-0.051587248040250576
-0.05019065204986358
-0.04875379618931004
-0.04729877580692078
-0.04584410458139034
-0.04440284054992211
-0.04298527439083347
-0.04159731674139115
-0.040243153523191064
-0.03892375016478802
-0.03763938461215284
-0.036388159489856776
-0.035168362819487084
-0.03397692241254769
-0.032811581618884735
-0.03166927023590261
-0.03054811051815459
-0.02944570897976366
-0.028361023615329037
-0.02729259906860466
-0.026240330447382387
-0.025203671694952478
-0.024183327612050578
-0.02317946489945006
-0.02219335574623423
-0.02122561624720324
-0.020277815418211158
-0.01935075930139372
-0.018446070748432276
-0.017564531351254787
-0.016707630939178132
-0.015875974452242852
-0.015070796108457655
-0.014292434738294977
-0.013541805728781052
-0.012818946022600744
-0.012124436714064976
-0.011458017573422045
-0.01081995399066861
-0.010209720180617703
-0.009627305550584504
-0.009071965399386163
-0.008543463356138736
-0.008040888212668972
-0.007563830602819477
-0.007111264486805358
-0.0066826575791119535
-0.006276915879012773
-0.005893428452945888
-0.005531073261020002
-0.0051891977486610875
-0.004866684060564072
-0.0045628675161278895
-0.004276659141063229
-0.004007404529174335
-0.0037540614718443496
-0.0035160019786694484
-0.0032922426599094018
-0.0030821928274335983
-0.002884935190124966
-0.0026999230133766244
-0.0025263086277272427
-0.0023635926152911968
-0.0022109976055278476
-0.0020680724003936555
-0.0019341085357524983
-0.001808702168471536
-0.001691210915211435
-0.0015812762132078738
-0.001478318005412613
-0.001382020162706832
-0.0012918606586315587
-0.0012075625106964835
-0.0011286571766673979
-0.0010549033383521968
-0.0009858813493749518
-0.0009213820532756673
-0.0008610302161942976
-0.0008046454402412508
-0.0007518926227850023
-0.0007026168986282411
-0.0006565192768606652
-0.000613467423520834
-0.0005731947345156298
-0.0005355886540192844
-0.0005004115472526381
-0.00046756813897791606
-0.0004368466533368133
-0.00040816685089642717
-0.0003813400013542111
-0.00035629889789223627
-0.00033287532355454763
-0.00031101332812825944
-0.00029056293800235164
-0.00027147789267856914
-0.00025362443320612677
-0.00023696461277559856
-0.00022137907863416156
-0.0002068369938610909
-0.0001932318028732737
-0.00018053872897227225
-0.00016866258425049537
-0.00015758373986977337
-0.00014721710709614694
-0.00013754741403537718
-0.00012849854644176025
-0.00012005890523777826
-0.00011216035416348254
-0.00010479437716071093
-0.0000978999328938108
-0.00009147108066017753
-0.00008545309217822149
-0.00007984216640704666
-0.00007458919543406882
-0.00006969214442625216
-0.0000651069126206904
-0.00006083291251580145
-0.000056830506638812856
-0.00005310028325198058
-0.000049606586573789756
-0.00004635094943828663
-0.000043301270689806044
-0.00004045983199026112
-0.00003779770792635456
-0.000035317763498123394
-0.000032993913054670574
-0.00003082946550433839
-0.00002880087647838944
-0.000026911782167527534
-0.000025140914013069353
-0.000023492137992861873
-0.000021946225631554083
-0.00002050719168745438
-0.000019157637989865296
-0.000017901661223248508
-0.000016723506553229554
-0.000015627297961653
-0.000014598757398748763
-0.000013641991725526775
-0.000012744051110379259
-0.000011908989464384757
-0.000011125052688258234
-0.000010396213375196269
-9.71179478499007e-6
-9.075666063951171e-6
-8.478121901658333e-6
-7.922911131896364e-6
-7.4012051711076145e-6
-6.916619961714791e-6
-6.461119020893538e-6
-6.038176527184251e-6
-5.64047189321703e-6
-5.271331867458128e-6
-4.924083616479949e-6
-4.601903262901183e-6
-4.298704343702435e-6
-4.017511135027172e-6
-3.7527686881425004e-6
-3.5073498225593233e-6
-3.276181617576131e-6
-3.061987322896223e-6
-2.860131393352658e-6
-2.673190533426754e-6
-2.496926425201864e-6
-2.333772859897034e-6
-2.1798526018693857e-6
-2.037461050229498e-6
-1.9030493650965275e-6
-1.7787791820883823e-6
-1.6614006674347527e-6
-1.5529471324815663e-6
-1.4504408791965005e-6
-1.355792283955256e-6
-1.2662717731101304e-6
-1.1836722320116207e-6
-1.1054903032993126e-6
-1.0334072293024744e-6
-9.651259866847638e-7
-9.022216338934958e-7
-8.425855327056621e-7
-7.876922697885418e-7
-7.356052219102175e-7
-6.877039441367986e-7
-6.422088911556742e-7
-6.004100896018466e-7
-5.606715214952511e-7
-5.241987487887851e-7
-4.894870347375867e-7
-4.5766263906573577e-7
-4.273408145430291e-7
-3.9957325372495117e-7
-3.730851132736016e-7
-3.488581408053202e-7
-3.2571798515363285e-7
-3.045809142264718e-7
-2.8436465967511453e-7
-2.6592424141989543e-7
-2.4826158708825036e-7
-2.321744898261691e-7
-2.1674209854021875e-7
-2.0270879350251517e-7
-1.8922425415287324e-7
-1.7698319998242722e-7
-1.6519998456757954e-7
-1.545229998638724e-7
-1.442257350031777e-7
-1.3491363157128957e-7
-1.2591421255369554e-7
-1.1779318726984211e-7
-1.0992740984634642e-7
-1.0284576010400061e-7
-9.597017552258368e-8
-8.979547298052295e-8
-8.378477196385211e-8
-7.840150585108176e-8
-7.314635715520397e-8
-6.845366716514258e-8
-6.385841933432367e-8
-5.976840455893488e-8
-5.574956267385226e-8
-5.2185468467647927e-8
-4.867010391428405e-8
-4.556488104141811e-8
-4.2489292309762435e-8
-3.978456987481468e-8
-3.709303761342085e-8
-3.4737871802317534e-8
-3.238187546173502e-8
-3.0331756366764953e-8
-2.826870308994844e-8
-2.648482920158626e-8
-2.4677595324448504e-8
-2.3126189857993417e-8
-2.1542303359815545e-8
-2.0193890735825816e-8
-1.8804927111377893e-8
-1.7633793259514283e-8
-1.641494402101439e-8
-1.5398754536721172e-8
-1.4328310378430925e-8
-1.3447472010729243e-8
-1.2506375569637404e-8
-1.1743993892769797e-8
-1.0915620092573092e-8
-1.0256795082829009e-8
-9.526627097456843e-9
-8.958490198732083e-9
-8.313780365299527e-9
-7.825142869342246e-9
-7.254673572902538e-9
-6.835812470265461e-9
-6.329774683305439e-9
-5.972265151769884e-9
-5.522029186664414e-9
-5.218612805469698e-9
-4.816618741067851e-9
-4.560916886567521e-9
-4.200414312515451e-9
-3.986973933677254e-9
-3.6621120265920904e-9
-3.48620336078616e-9
-3.1917597212800506e-9
-3.049465896056552e-9
-2.7808169671814663e-9
-2.6685219023416524e-9
-2.4215097354149527e-9
-2.336333189966538e-9
-2.1074202800156285e-9
-2.0468681929123673e-9
-1.8326565149874788e-9
-1.7946645718283952e-9
-1.5921830699977722e-9
-1.5750685777604822e-9
-1.381644498283242e-9
-1.3839761023683726e-9
-1.1971123925653773e-9
-1.217867276949223e-9
-1.0352717714974508e-9
-1.073597326969328e-9
-8.931975268438244e-10
-9.484490815186414e-10
-7.683340683373802e-10
-8.402148124165201e-10
-6.583659541106352e-10
-7.466642135497782e-10
-5.613168564714124e-10
-6.66110461552256e-10
-4.75478273083111e-10
-5.969332795674155e-10
-3.9933625050907154e-10
-5.378002969248004e-10
-3.31537762265836e-10
-4.876456662015942e-10
-2.709333290069744e-10
-4.452980099228139e-10
-2.1646817544952724e-10
-4.1001594599454725e-10
-1.6727974714467863e-10
-3.810384475781829e-10
-1.2249443571130346e-10
-3.5762267030465585e-10
-8.141429776803198e-11
-3.392977733411773e-10
-4.32717188413471e-11
-3.246329141969592e-10
0.0034916378524632963
0.006970488242461799
0.010403980993526943
0.013784061355347498
0.017080985183509357
0.020281805839808806
0.023357399376926432
0.026291561793003283
0.029054547286212883
0.03162743948443387
0.03397959998163989
0.036090075199805685
0.037927769587121296
0.03947076819713761
0.04068859589971123
0.041559941962062925
0.04205662035303256
0.04215996858466096
0.04184625464930445
0.04110188975032093
0.03991009830387333
0.03826499549996989
0.03615937712258493
0.0335976529434431
0.030584638207305462
0.027137296526560575
0.023274433633074
0.019027186105504138
0.01442953551632387
0.009527480291185091
0.004370307147333599
-0.0009815993877571724
-0.006464770843295802
-0.012006222450413592
-0.01753077352166174
-0.022955966601187424
-0.02819869489999686
-0.033171401053369104
-0.03778799404185788
-0.041961207918954045
-0.04560777681746199
-0.0486467890046086
-0.05100408051910307
-0.05261138176310588
-0.05340988929042864
-0.05334997476521356
-0.05239390140770281
-0.05051585200827136
-0.047703772073274454
-0.0439594773106228
-0.0392996293723869
-0.03375570509798324
-0.02737414158861259
-0.020215988983865747
-0.01235629681848347
-0.0038833267627178926
0.005102711904827852
0.014490947476438977
0.024161621118870043
0.0339878563576197
0.0438377805198664
0.05357669319523585
0.06306935575064383
0.07218240693838952
0.08078664234417475
0.08875946906284801
0.09598701144954247
0.10236635546853057
0.10780734668162854
0.11223435287558518
0.11558766475266259
0.11782450659595
0.11892000879101856
0.1188672231346247
0.11767770690474025
0.11538035206854147
0.11202169867797965
0.10766346220700458
0.10238277227324177
0.09626837195043553
0.08942104617477425
0.08194855968365554
0.07396658640795103
0.06559253514776058
0.056947305945782366
0.04814821177457236
0.03931186301708489
0.030546420023949437
0.02195584113405677
0.013631691913146508
0.005658891892552554
-0.0018927340163135452
-0.008961196267246988
-0.01550092213019677
-0.021474094342146886
-0.026859306156384943
-0.031641716146542896
-0.0358217732595488
-0.03940448168629147
-0.042408226664487854
-0.044853478116510394
-0.04677175621764152
-0.048194096319877575
-0.04916017792233309
-0.04970683391649238
-0.04987733553831929
-0.04971016875078077
-0.04924843148915524
-0.04852903275366084
-0.04759212670640251
-0.04647082733346823
-0.045200583317839646
-0.04380945036914347
-0.042327303853389724
-0.04077667499501194
-0.039181703963834295
-0.037559524388976466
-0.0359288746462893
-0.034302004562456724
-0.03269288280225075
-0.031109596620541684
-0.02956211464648764
-0.028055151689584442
-0.026595465985795885
-0.025185163865411742
-0.023828526981167705
-0.022525734544372213
-0.021279228568871697
-0.020087833631252924
-0.01895267686102528
-0.017871686589261793
-0.016845089246453584
-0.015870268959942025
-0.014946866397150357
-0.014071981597863704
-0.013244900841070452
-0.012462624994712478
-0.011724250297016505
-0.011026804471197367
-0.010369306368154816
-0.009748892151433283
-0.009164577389642176
-0.008613655827070316
-0.008095185971542174
-0.0076066453451591525
-0.007147162028934479
-0.0067144078187286885
-0.006307593649767736
-0.005924585736937058
-0.005564682346961071
-0.005225937746615567
-0.004907736442330464
-0.004608310557474618
-0.004327126417247172
-0.004062581803918866
-0.0038142186262979877
-0.00358058733120356
-0.0033612983568093884
-0.003155041794285313
-0.0029614893703356613
-0.002779458243547355
-0.002608674386770232
-0.002448070158923613
-0.002297419155327722
-0.0021557579121401415
-0.00202290155286011
-0.0018979806596645507
-0.0017808463630220339
-0.0016707140478049534
-0.0015674659032468984
-0.0014703937260666525
-0.0013794063659664602
-0.0012938644408408222
-0.0012136995747804365
-0.0011383343565151032
-0.001067719767866008
-0.0010013341957993184
-0.0009391449876546892
-0.0008806807729178625
-0.0008259226528388139
-0.0007744445020445239
-0.0007262389033815525
-0.0006809204836598291
-0.0006384913354071232
-0.0005986027991073205
-0.0005612647710080676
-0.0005261616753097758
-0.00049330974061417
-0.00046242321200934747
-0.0004335233848159959
-0.0004063513927523692
-0.000380932512603558
-0.00035703213093196066
-0.0003346785793055338
-0.0003136591269735304
-0.00029400437204284906
-0.00027552133546376195
-0.00025824221380988196
-0.00024199186326851762
-0.0002268035163844495
-0.00021251814016177983
-0.0001991695318845668
-0.0001866132180907053
-0.00017488316832950756
-0.0001638480724374307
-0.0001535417486663936
-0.00014384479278485766
-0.00013479060748257951
-0.00012627056216437806
-0.00011831743017882709
-0.00011083233477939595
-0.00010384724988495825
-0.00009727213346162298
-0.000091138027541795
-0.00008536289582128274
-0.00007997674792866641
-0.00007490480571049515
-0.00007017597279946542
-0.00006572205461455961
-0.00006157079810380538
-0.000057659983594294633
-0.000054016169436171507
-0.00005058256110661856
-0.000047384512883183385
-0.000044370158863780445
-0.00004156364644023555
-0.00003891758962576258
-0.00003645493763420184
-0.000034132378177476115
-0.00003197167971318034
-0.000029933236489789655
-0.000028037660660374233
-0.000026248720354196618
-0.00002458590182964752
-0.000023016045900820743
-0.000021557547484928344
-0.000020180047085439738
-0.00001890088614637972
-0.00001769225746689207
-0.0000165704891557924
-0.00001551010179876058
-0.000014526452013546551
-0.000013596184592797133
-0.00001273372701843756
-0.000011917663589116078
-0.000011161535593743556
-0.00001044569864800387
-9.78285098971936e-6
-9.154966890460892e-6
-8.573943969918988e-6
-8.02323605622676e-6
-7.513982183837214e-6
-7.030989374304345e-6
-6.584678843954419e-6
-6.16109563488797e-6
-5.7699827947617036e-6
-5.398518882024787e-6
-5.055807013670413e-6
-4.73006361558904e-6
-4.429789094120304e-6
-4.144150513067266e-6
-3.881081210160497e-6
-3.6306193559528947e-6
-3.40016537109558e-6
-3.1805560572642123e-6
-2.9786913117993157e-6
-2.7861401704832934e-6
-2.609333379768669e-6
-2.440511561120059e-6
-2.2856658063970868e-6
-2.137652919507857e-6
-2.002052476134724e-6
-1.872286670788968e-6
-1.7535501562113538e-6
-1.6397843196826545e-6
-1.5358238338964424e-6
-1.4360867879258957e-6
-1.3450718184020822e-6
-1.2576349463162738e-6
-1.1779609549989689e-6
-1.101308045671602e-6
-1.0315684817792529e-6
-9.643698886308298e-7
-9.033318271194677e-7
-8.444217122576094e-7
-7.910048801920206e-7
-7.393606581228698e-7
-6.926181835343e-7
-6.473435612009545e-7
-6.064458392953975e-7
-5.66754699662086e-7
-5.309748039769025e-7
-4.961780444598216e-7
-4.648789882196683e-7
-4.3437232344505594e-7
-4.069962911903258e-7
-3.8025004611540865e-7
-3.5630825652316727e-7
-3.328580429180169e-7
-3.1192247176561563e-7
-2.913612788649437e-7
-2.7305706651214284e-7
-2.5502783563680557e-7
-2.390266147677597e-7
-2.2321661350055728e-7
-2.0923083960173874e-7
-1.9536582567280426e-7
-1.8314371041695948e-7
-1.7098334085347752e-7
-1.6030454430398482e-7
-1.4963812807493017e-7
-1.4030978524696395e-7
-1.3095262045096764e-7
-1.2280573221789663e-7
-1.1459587838881925e-7
-1.0748273285981865e-7
-1.0027823253623651e-7
-9.40695116529814e-8
-8.774593497815392e-8
-8.232854888078312e-8
-7.677668932092646e-8
-7.205153551050785e-8
-6.717589554551574e-8
-6.305640814754222e-8
-5.877305978885477e-8
-5.51835544505622e-8
-5.141891030454656e-8
-4.82931178054117e-8
-4.498276041829201e-8
-4.226284331606053e-8
-3.9350258140729887e-8
-3.6985447072488984e-8
-3.442098532313293e-8
-3.23672247957325e-8
-3.010731942300137e-8
-2.8326012988202197e-8
-2.6332356703021843e-8
-2.478976889086738e-8
-2.30289256125358e-8
-2.169572150110003e-8
-2.013812369832462e-8
-1.8988709388895093e-8
-1.7608467169734723e-8
-1.662045986632286e-8
-1.5394623077623213e-8
-1.4548740135530703e-8
-1.3457280272125426e-8
-1.2736520016142767e-8
-1.1761726077280164e-8
-1.1151571919239171e-8
-1.0277858191984988e-8
-9.76542356389836e-9
-8.978886885939568e-9
-8.553356680754106e-9
-7.841908430083421e-9
-7.493764841736333e-9
-6.84655503237785e-9
-6.567632599165857e-9
-5.9749408967163245e-9
-5.758324665187266e-9
-5.211509885946987e-9
-5.051372722508803e-9
-4.542641788376959e-9
-4.434033526029827e-9
-3.956514562927849e-9
-3.8952116817809e-9
-3.442563148242107e-9
-3.425206033532234e-9
-2.99163114171047e-9
-3.0154820279627627e-9
-2.5957833551663337e-9
-2.6587537275465894e-9
-2.2479173537279093e-9
-2.348410087252328e-9
-1.941916566243761e-9
-2.0788177446345883e-9
-1.6724553955301716e-9
-1.8450494316270602e-9
-1.4346923801652033e-9
-1.642789181708716e-9
-1.224544005865483e-9
-1.4682772900389213e-9
-1.0384087340502244e-9
-1.3182937697055639e-9
-8.730159827330666e-10
-1.1899086643770325e-9
-7.253812064817721e-10
-1.0807661442226569e-9
-5.933063876953274e-10
-9.885359319850435e-10
-4.743857268779387e-10
-9.116060399130376e-10
-3.668435424943394e-10
-8.482582942865023e-10
-2.6876814815926415e-10
-7.971723699585458e-10
-1.7879820233137414e-10
-7.571260883930149e-10
-9.510370322329432e-11
-7.249254546980675e-10
-0.0034134903260446244
-0.006812154436680633
-0.010158341033983538
-0.013442787903768731
-0.016631421297511315
-0.0197096022760082
-0.02264457874189345
-0.02541852212883477
-0.02799895210978653
-0.030365858198572262
-0.0324871503643953
-0.034341797987677905
-0.035898975891816176
-0.03713813172620843
-0.038031115239193954
-0.038559637733971405
-0.038699962859109566
-0.03843799475140846
-0.037756268037450136
-0.036646779715952094
-0.035100115120527804
-0.03311607418871131
-0.03069483637977313
-0.027845399272907273
-0.024578728992448694
-0.02091401220170466
-0.01687376262079758
-0.012487876340236268
-0.0077906712249612205
-0.002822725132420526
0.0023701832238161324
0.007737482843552959
0.013223015708280925
0.01876772523288369
0.02430707015649278
0.029776015972737352
0.03510472355756975
0.04022583598733386
0.04506849251667743
0.04956784821244235
0.05365742662406483
0.05728073338545627
0.060381906582187214
0.06291919884268983
0.06485382526353016
0.06616500949364477
0.06683688283799387
0.06687473995698424
0.06628982831503796
0.06511645814113609
0.06339455324618455
0.061187319832740276
0.058561512761171844
0.05560548797936564
0.05240726445601501
0.0490729498375831
0.045702826233763115
0.04241031932225529
0.039296475288074444
0.036469803292291846
0.034019607931260645
0.032037137520237874
0.030588264191955702
0.029736388954744182
0.02951490637549822
0.0299522415936249
0.031044403157170195
0.032782366887073464
0.03512483217323902
0.03802795123499634
0.04141819848587561
0.045224212469249465
0.04934950814487898
0.0537059973119448
0.0581861591861419
0.06269767163357927
0.067134632143405
0.07141268964235
0.07543898216361901
0.07914721008493146
0.0824661132426052
0.08535405344330191
0.08776605935779251
0.08968765588750245
0.09110071683058374
0.09201645111290996
0.09244047830914714
0.09240502014719207
0.09193372036071186
0.0910731695760308
0.0898580140412624
0.08834195543505596
0.08656363769578398
0.08457721998039003
0.08241941840200835
0.08013967228285744
0.07776857852338626
0.07534758523779161
0.07289892150483972
0.07045468222941695
0.06802824869206218
0.065642589042472
0.06330309737060257
0.06102492969504357
0.058807161406802276
0.05665900355425518
0.0545751818550413
0.052560921420563574
0.05060847230881267
0.048720800227093235
0.04688921129118228
0.04511573159422816
0.04339180813816391
0.041719395372104985
0.04009072519732992
0.038508141702381316
0.0369649396283576
0.03546400069336428
0.03399969847068519
0.03257539371141042
0.0311863969707945
0.029836379369028748
0.02852137530535796
0.027245161856471987
0.026004274757362125
0.024802405996912746
0.02363639832292933
0.022509707565443977
0.021419334909778782
0.020368398404529794
0.019353958243595665
0.01837874073959178
0.017439809645328028
0.016539485312216315
0.0156748143171751
0.014847726267075654
0.014055254292315907
0.013298971734024561
0.012575917096201254
0.011887352473189568
0.011230348055123029
0.010605903510664944
0.010011148940477959
0.009446869487259497
0.008910281588694615
0.008401999863978602
0.00791934955660121
0.0074628132758371105
0.007029842583091557
0.006620820512838521
0.006233337314242481
0.005867702884761103
0.005521653708335219
0.005195447471768878
0.004886970222283689
0.004596443544733869
0.004321902883705526
0.004063545776016549
0.003819554142735833
0.0035901102197690737
0.0033735374152030753
0.003170008790930343
0.0029779827874116508
0.0027976273915281892
0.002627528661084314
0.002467852081189083
0.0023173033605677516
0.00217604693338507
0.002042899963135324
0.001918026486724663
0.0018003469328289454
0.0016900250484634914
0.0015860765254149768
0.0014886645703196463
0.001396892444973014
0.0013109223500539446
0.0012299378139190539
0.0011540994535975296
0.0010826641983058445
0.0010157904642535591
0.0009528021782543157
0.000893854947940663
0.0008383337625730106
0.0007863908557206691
0.0007374668048441609
0.000691709965472811
0.0006486114745084195
0.0006083153775765498
0.0005703587657417866
0.0005348810177437117
0.000501460973795863
0.0004702330638982774
0.0004408140425444936
0.00041333318119204075
0.0003874416600622002
0.0003632634471657494
0.00034048097718265765
0.0003192128295002088
0.0002991698146243972
0.00028046509019570624
0.0002628352302309435
0.0002463879843267378
0.00023088332079352402
0.00021642363387229773
0.00020279013867508268
0.00019007995995644735
0.00017809361372923157
0.000166923068329868
0.00015638637633183768
0.00014657048665422416
0.0001373093895525993
0.00012868516803772286
0.0001205463016949681
0.00011297017436537699
0.00010581844344939272
0.00009916397003741088
0.0000928803993634945
0.00008703625415524196
0.00008151608891732042
0.0000763842751220067
0.00007153530025582105
0.00006702957370752375
0.00006277062893464239
0.00005881510280190394
0.000055074770355698416
0.000051602684609994446
0.000048318131567728684
0.00004527076601917738
0.00004238672129849005
0.00003971243625263821
0.00003718028908654648
0.000034833679136875
0.00003261068261194448
0.00003055183071258897
0.000028600400276072816
0.000026794219888523332
0.000025081314880347852
0.000023496970114605662
0.000021993547867506585
0.00002060394218156
0.00001928447822773105
0.00001806580439281623
0.000016907868461735797
0.0000158392126349002
0.00001482309686730889
0.00001388608898993066
0.000012994478662574554
0.00001217298530755431
0.000011390670675558963
0.000010670524516554203
9.9841457687852e-6
9.352907409024193e-6
8.750731371904365e-6
8.197480124951569e-6
7.669203032062985e-6
7.1843523106372926e-6
6.72092643173385e-6
6.29606214422758e-6
5.889543590847331e-6
5.517281379718455e-6
5.16069624522643e-6
4.834555995844027e-6
4.521781864289128e-6
4.236078160751729e-6
3.961741548690009e-6
3.711485747421197e-6
3.4708700714492163e-6
3.2516863668725693e-6
3.0406519858910716e-6
2.8487020778261457e-6
2.663616537534405e-6
2.4955340803527566e-6
2.333209766418621e-6
2.1860420938082295e-6
2.0436821600452956e-6
1.91484047571274e-6
1.7899907359337104e-6
1.6772051932194367e-6
1.5677128746668283e-6
1.4689932729051697e-6
1.3729695871721475e-6
1.286571577625496e-6
1.2023594854518078e-6
1.1267537705302477e-6
1.0528999822661871e-6
9.867462668857133e-7
9.21975996559035e-7
8.640994523592212e-7
8.072946748572705e-7
7.566661865554529e-7
7.068459699754621e-7
6.625635816627165e-7
6.188681196271932e-7
5.80141376850606e-7
5.418164238800479e-7
5.079534188185436e-7
4.743374613794913e-7
4.4473164118349175e-7
4.1524460432592116e-7
3.8936482980284433e-7
3.6349795686083486e-7
3.4087900845936123e-7
3.181864020834056e-7
2.9842076400821004e-7
2.785112997402607e-7
2.6124227270888046e-7
2.4377299154237305e-7
2.2868849628430382e-7
2.1335891869973624e-7
2.0018540435256574e-7
1.8673162845201522e-7
1.752298332107523e-7
1.634205697797814e-7
1.5338122219796298e-7
1.4301354169790154e-7
1.3425332599174214e-7
1.2514956638437028e-7
1.1750788059126808e-7
1.0951205572400751e-7
1.0284901326846379e-7
9.58243513095322e-8
9.001687319509982e-8
8.384362349335335e-8
7.878439012227827e-8
7.335722018018126e-8
6.89525415817797e-8
6.417914065868933e-8
6.034703062547316e-8
5.614667400194068e-8
5.28152554802101e-8
4.911660955115242e-8
4.62234241654348e-8
4.2964348620785205e-8
4.045451342471042e-8
3.758028708018916e-8
3.540594754896099e-8
3.286835255117986e-8
3.0988157081558314e-8
2.8745146141547187e-8
2.7122310923514397e-8
2.513656918283372e-8
2.373972066700223e-8
2.1978649177395323e-8
2.0780161045165908e-8
1.9215044734573132e-8
1.819122475955278e-8
1.6796582529104078e-8
1.5926485022347544e-8
1.4680150648741272e-8
1.3945398116929573e-8
1.2827483359836662e-8
1.2212822639513455e-8
1.120595981124675e-8
1.0697932376859436e-8
9.78666011941707e-9
9.3733774510365e-9
8.544206116891182e-9
8.215540625425669e-9
7.456202885769973e-9
7.20375290930418e-9
6.503235562233471e-9
6.319940338686641e-9
5.6684974846239065e-9
5.547986238402566e-9
4.936845772611482e-9
4.874196252362363e-9
4.295074893278377e-9
4.2863415778776914e-9
3.732161253867664e-9
3.773947655954872e-9
3.23801821587832e-9
3.3276347457775485e-9
2.8038483423637997e-9
2.9394966780042855e-9
2.4220780220885986e-9
2.6023332013543687e-9
2.0857453451976015e-9
2.3099035572080034e-9
1.789150440125967e-9
2.056939381858134e-9
1.5269811398764917e-9
1.8386269252718318e-9
1.2946690900782593e-9
1.6509961026318134e-9
1.0882865936942782e-9
1.4904047269573937e-9
9.042733136095227e-10
1.3539514606659182e-9
7.393533661220546e-10
1.2384861000884532e-9
5.91214421172801e-10
1.1423243006909998e-9
4.570225597180376e-10
1.062969715801587e-9
3.348163569724615e-10
9.990842895865486e-10
2.2252495221794597e-10
9.489810745071123e-10
1.1843392843016084e-10
9.088045738339382e-10