0.09561277831470782
0.09558453272811117
0.09553734167463766
0.09547110135173435
0.09538562848141038
0.09528071233207736
0.09515609135274095
0.09501147807920737
0.09484655022401803
0.09466096873406464
0.09445437531654412
0.09422640746467319
0.09397669948648257
0.09370489563374189
0.09341065308581625
0.09309365349996439
0.09275360695501048
0.09239026194896471
0.09200340959984979
0.09159289202103782
0.09115860626709288
0.09070051100418083
0.09021862982811264
0.08971305616784177
0.08918395570987851
0.0886315695050351
0.08805621531776178
0.08745828894134945
0.08683826436042058
0.08619669331664265
0.0855342042350849
0.08485150012322741
0.08414935627320669
0.08342861662339243
0.08269019031161831
0.08193504668007792
0.08116421081828343
0.08037875744424174
0.07957980563512952
0.07876851186370686
0.07794606416254683
0.07711367462692023
0.07627257328838967
0.07542400040837399
0.07456920034539613
0.07370941395535631
0.07284587272412488
0.07197979156345136
0.0711123634509459
0.07024475286966687
0.06937809115673896
0.06851347078594153
0.0676519415798692
0.06679450598303656
0.06594211624430377
0.06509567077564482
0.06425601236299514
0.063423925653515
0.06260013640417052
0.0617853100880691
0.06098005214122099
0.060184907627209565
0.059400362395367085
0.05862684369525871
0.05786472211733081
0.05711431300848146
0.05637587903346204
0.05564963221452344
0.054935736932403494
0.05423431239985546
0.053545435917079394
0.05286914559176631
0.05220544367496739
0.051554299357467734
0.050915652035575514
0.05028941404145673
0.04967547371984092
0.04907369798363925
0.04848393511729415
0.04790601708385962
0.04733976200438095
0.046784976174818436
0.04624145620029063
0.045708990707265994
0.045187362134970474
0.04467634814899282
0.044175723109116875
0.0436852592048324
0.04320472762970102
0.04273389946792912
0.0422725466110682
0.04182044242887534
0.041377362465867144
0.04094308493035809
0.040517391207309565
0.04010006619780269
0.039690898681778185
0.03928968153719171
0.03889621198244326
0.03851029170078238
0.03813172698807452
0.03776032880417026
0.037395912847551976
0.03703829955167503
0.03668731410422796
0.03634278640308118
0.03600455103450498
0.03567244720041009
0.035346318666949574
0.03502601367222664
0.03471138485425475
0.03440228914622593
0.03409858769078234
0.033800145728241394
0.03350683250249406
0.0332185211462234
0.032935088582433554
0.03265641540962279
0.03238238580191174
0.03211288739629176
0.03184781119351135
0.03158705144887172
0.0313305055754037
0.031078074039187543
0.030829660265871865
0.030585170541121948
0.030344513921167156
0.03010760213870453
0.029874349517887304
0.029644672885807067
0.029418491492133023
0.0291957269261496
0.028976303041107633
0.028760145876691894
0.02854718358803841
0.028337346373436857
0.028130566407894502
0.027926777775832596
0.02772591640902695
0.02752792002403195
0.02733272806429499
0.02714028164202828
0.02695052348427627
0.02676339787895187
0.026578850624626997
0.026396828980453705
0.026217281619445934
0.026040158582014167
0.025865411232510196
0.025692992216115373
0.025522855418426787
0.025354955925452397
0.02518924998602647
0.02502569497467919
0.024864249356679635
0.02470487265356257
0.024547525410608485
0.024392169164824985
0.024238766414685437
0.024087280590376556
0.023937676025628983
0.023789917930056838
0.023643972362924797
0.023499806207418518
0.02335738714620424
0.02321668363748138
0.023077664892200922
0.022940300851763483
0.022804562166772804
0.02267042017625341
0.022537846887824876
0.02240681495832314
0.022277297675290356
0.022149268938893324
0.022022703244631524
0.021897575666454873
0.021773861840600275
0.021651537949818837
0.021530580708258182
0.021410967346716592
0.02129267559849493
0.02117568368560167
0.02105997030550424
0.020945514618215276
0.02083229623387866
0.020720295200672707
0.020609491993171372
0.020499867501005367
0.020391403017943507
0.02028408023125744
0.020177881211472473
0.020072788402385897
0.01996878461144052
0.01986585300035056
0.019763977076054644
0.019663140681906856
0.019563327989169432
0.01946452348872974
0.01936671198309586
0.0192698785786034
0.019174008677879915
0.01907908797250825
0.01898510243592832
0.018892038316526263
0.01879988213094429
0.018708620657567326
0.018618240930214035
0.018528730231994448
0.01844007608935732
0.018352266266294347
0.01826528875872078
0.018179131789003617
0.018093783800653948
0.018009233453158413
0.017925469616963244
0.0178424813685895
0.017760257985890628
0.017678788943433246
0.017598063908011056
0.01751807273427466
0.017438805460485683
0.017360252304380222
0.017282403659148383
0.01720525008951673
0.017128782327939615
0.01705299127088731
0.01697786797523595
0.016903403654749113
0.016829589676654443
0.016756417558306803
0.016683878963940635
0.016611965701503847
0.016540669719575345
0.016469983104359653
0.016399898076759924
0.016330406989523816
0.016261502324462974
0.016193176689741327
0.016125422817232532
0.01605823355994246
0.01599160188949687
0.015925520893690214
0.0158599837740961
0.01579498384373546
0.015730514524802675
0.01566656934644639
0.015603141942604946
0.015540226049893528
0.015477815505542688
0.015415904245385992
0.015354486301896083
0.015293555802267142
0.015233106966543198
0.01517313410579026
0.015113631620311808
0.015054593997905829
0.014996015812162675
0.014937891720802505
0.01488021646405112
0.014822984863053513
0.014766191818323565
0.014709832308229491
0.014653901387513794
0.014598394185846698
0.014543305906412564
0.014488631824528017
0.014434367286291144
0.014380507707261046
0.014327048571166694
0.014273985428644576
0.014221313896004253
0.01416902965402114
0.014117128446755833
0.014065606080399284
0.014014458422143133
0.013963681399074735
0.013913270997095906
0.013863223259865175
0.013813534287762719
0.013764200236877503
0.013715217318015933
0.01366658179573185
0.013618289987376821
0.013570338262170623
0.013522723040291324
0.013475440791984343
0.013428488036690275
0.013381861342190758
0.013335557323772118
0.013289572643406378
0.01324390400894906
0.013198548173353544
0.013153501933901437
0.013108762131448737
0.013064325649687247
0.013020189414421056
0.01297635039285751
0.012932805592912561
0.012889552062530075
0.012846586889014577
0.01280390719837756
0.01276151015469655
0.012719392959486944
0.012677552851086361
0.012635987104050879
0.012594693028563328
0.012553667969852954
0.012512909307626607
0.0124724144555107
0.012432180860504287
0.01239220600244237
0.012352487393469785
0.012313022577525036
0.012273809129834046
0.012234844656413476
0.012196126793583598
0.01215765320749029
0.012119421593636078
0.01208142967642
0.012043675208686114
0.012006155971280403
0.011968869772615999
0.011931814448246413
0.01189498786044671
0.011858387897802431
0.011822012474806028
0.011785859531460741
0.011749927032891743
0.011714212968964318
0.011678715353908997
0.01164343222595353
0.011608361646961513
0.011573501702077417
0.01153885049937813
0.011504406169530657
0.011470166865455975
0.01143613076199884
0.0114022960556035
0.01136866096399507
0.011335223725866614
0.01130198260057168
0.011268935867822264
0.01123608182739202
0.011203418798824699
0.011170945121147568
0.011138659152589908
0.011106559270306314
0.011074643870104766
0.01104291136617941
0.011011360190847886
0.010979988794293143
0.010948795644309704
0.010917779226054181
0.010886938041800093
0.010856270610696704
0.010825775468532077
0.010795451167500008
0.010765296275970889
0.01073530937826643
0.010705489074438095
0.010675833980049239
0.010646342725960859
0.010617013958120886
0.010587846337356953
0.010558838539172527
0.010529989253546488
0.010501297184735834
0.010472761051081754
0.010444379584818746
0.010416151531886885
0.010388075651747104
0.010360150717199463
0.010332375514204352
0.010304748841706537
0.010277269511462038
0.010249936347867772
0.010222748187793894
0.010195703880418822
0.010168802287066825
0.010142042281048263
0.010115422747502231
0.010088942583241792
0.010062600696601498
0.010036396007287448
0.010010327446229584
0.009984393955436264
0.009958594487851172
0.009932928007212394
0.009907393487913663
0.009881989914867748
0.009856716283371932
0.009831571598975582
0.009806554877349698
0.00978166514415846
0.009756901434932751
0.009732262794945556
0.009707748279089273
0.009683356951754873
0.00965908788671289
0.009634940166996111
-0.11504469389532057
-0.11495055871572223
-0.11479096466966984
-0.11456146728459661
-0.1142562366006046
-0.11386785534492888
-0.11338763839745672
-0.11280568333901624
-0.11211115701629322
-0.11129244439695632
-0.11033744273142505
-0.10923376554079449
-0.10796904652802956
-0.10653117185622074
-0.10490858438457355
-0.10309052185095248
-0.10106730732773075
-0.0988305728219555
-0.09637352008495471
-0.09369111075546624
-0.09078028169066546
-0.0876400848524164
-0.08427184274270651
-0.08067922403648786
-0.07686832729251333
-0.0728476819470126
-0.06862825210592198
-0.06422335695321274
-0.05964859104761421
-0.05492166348258048
-0.05006223667262164
-0.0450916897059273
-0.04003288400789957
-0.03490986308036467
-0.02974756035227814
-0.024571454429844885
-0.019407241211055092
-0.014280470014119305
-0.009216207577429865
-0.004238684785923835
0.0006290167990984891
0.0053652767196424615
0.009950196602487596
0.01436584249729345
0.018596428429166402
0.022628468602822756
0.026450867634747383
0.030054972654567608
0.0334345660677387
0.0365858199894946
0.039507199706907775
0.04219933464338396
0.04466485122834996
0.04690818348580675
0.048935360845117855
0.05075378596473175
0.052372005135504086
0.053799480674293985
0.0550463691391635
0.056123311256802824
0.05704123733383559
0.057811190713645884
0.05844417223131305
0.058951005413444287
0.059342224311482276
0.05962798163234313
0.059817978113288886
0.05992140952149868
0.05994693159472596
0.05990263874689625
0.05979605656971269
0.05963414395892633
0.05942330489051584
0.059169406042664484
0.05887780045509698
0.05855335396850153
0.05820047487010472
0.057823144075393136
0.057424946498401394
0.05700910148084796
0.05657849310775456
0.05613569873105198
0.05568301663761372
0.055222491535938924
0.054755938843638295
0.05428496671303636
0.05381099677254286
0.05333528271172299
0.052858927648084045
0.05238289954037636
0.051908045525120634
0.05143510454068945
0.05096471904350616
0.05049744525508581
0.050033762669259706
0.049574082316503766
0.049118754441085134
0.048668075135766806
0.04822229252058534
0.04778161205165432
0.04734620148276726
0.04691619510268272
0.04649169771299306
0.04607278800336299
0.0456595217367902
0.045251934433243685
0.044850043917557855
0.04445385244914202
0.04406334875779918
0.0436785097302816
0.04329930203487458
0.04292568345368632
0.0425576041769962
0.04219500785250156
0.04183783261447336
0.04148601190702062
0.04113947530031042
0.04079814913344323
0.040461957159785865
0.04013082104604201
0.0398046608803711
0.03948339555697787
0.03916694317417331
0.03885522132793263
0.03854814742174587
0.03824563888791092
0.03794761342678443
0.03765398917084454
0.037364684867516866
0.037079619998088675
0.03679871491543095
0.03652189092743795
0.03624907039888954
0.0359801768070643
0.035715134815124665
0.03545387030611813
0.03519631043380037
0.034942383639930186
0.034692019687336824
0.034445149664395595
0.034201706004217944
0.03396162247939383
0.033724834210380535
0.0334912776530111
0.03326089059852365
0.033033612155784285
0.03280938274497206
0.032588144076016304
0.032369839137508356
0.032154412172580686
0.03194180866430739
0.03173197530995005
0.03152486000382096
0.031320411810665263
0.03111858094677247
0.0309193187529959
0.030722577674804675
0.030528311235336034
0.03033647401484675
0.03014702162415506
0.029959910683845396
0.02977509879834369
0.029592544535150922
0.029412207399738842
0.02923404781501834
0.029058027097160363
0.028884107435486847
0.028712251869272874
0.028542424268194363
0.028374589310128394
0.028208712462277324
0.028044759959973273
0.027882698788500367
0.027722496662955683
0.027564122010780207
0.02740754395266092
0.027252732285802193
0.027099657465820926
0.026948290590782832
0.026798603384065072
0.0266505681791282
0.02650415790333859
0.02635934606344095
0.026216106730303897
0.02607441452510358
0.025934244604909666
0.02579557264957945
0.02565837484813965
0.025522627886373446
0.025388308933957552
0.02525539563268116
0.025123866084334104
0.024993698839540054
0.024864872886310868
0.02473736763947811
0.024611162929917354
0.024486238994501325
0.024362576465961846
0.024240156363377643
0.024118960082580132
0.023998969387184637
0.023880166399503425
0.02376253359208257
0.02364605377911278
0.02353071010838816
0.023416486053248208
0.023303365404940414
0.02319133226499584
0.023080371038006326
0.022970466424430427
0.022861603413745213
0.022753767277636946
0.02264694356353748
0.022541118088168055
0.022436276931408476
0.022332406430210953
0.022229493172779027
0.0221275239928046
0.022026485963951795
0.021926366394418084
0.021827152821678752
0.02172883300733971
0.02163139493217949
0.02153482679123842
0.021439116989127153
0.021344254135388648
0.021250227040017586
0.021157024709069362
0.02106463634043472
0.02097305131963999
0.0208822592158435
0.020792249777850443
0.020703012930317382
0.020614538769973895
0.020526817561973647
0.020439839736358704
0.020353595884576817
0.020268076756089975
0.02018327325508952
0.020099176437279424
0.02001577750673888
0.01993306781285198
0.019851038847335828
0.01976968224133443
0.019688989762551637
0.019608953312510502
0.019529564923834966
0.01945081675760394
0.019372701100788797
0.01929521036372293
0.01921833707767287
0.019142073892402706
0.01906641357387204
0.018991349001929194
0.01891687316809596
0.018842979173362508
0.018769660226096347
0.018696909639919546
0.018624720831718344
0.018553087319637174
0.0184820027211437
0.018411460751131696
0.018341455220073945
0.018271980032223224
0.018203029183816742
0.01813459676137104
0.018066676939989368
0.017999263981700972
0.017932352233850597
0.017865936127520434
0.01780001017597904
0.017734568973186628
0.017669607192295045
0.017605119584226562
0.017541100976242764
0.01747754627056835
0.01741445044303462
0.01735180854177415
0.017289615685888434
0.01722786706422122
0.017166557934093354
0.01710568362009246
0.01704523951289525
0.016985221068088356
0.01692562380503971
0.016866443305780476
0.016807675213917184
0.01674931523356181
0.016691359128275112
0.01663380272006203
0.016576641888341712
0.01651987256899686
0.016463490753373115
0.01640749248736569
0.0163518738704847
0.016296631054937265
0.01624176024476714
0.016187257694961862
0.01613311971060253
0.016079342646049398
0.016025922904097805
0.01597285693519555
0.015920141236639276
0.015867772351825408
0.0158157468694705
0.015764061422893605
0.01571271268927131
0.015661697388936423
0.015611012284675707
0.015560654181047382
0.015510619923704633
0.01546090639874404
0.0154115105320626
0.015362429288702364
0.015313659672256572
0.015265198724244197
0.015217043523513793
0.015169191185661913
0.015121638862444924
0.01507438374122997
0.015027423044429599
0.014980754028962638
0.014934373985709756
0.01488828023900816
0.014842470146121969
0.014796941096734906
0.014751690512473848
0.014706715846398653
0.014662014582540154
0.014617584235425633
0.014573422349612793
0.01452952649925015
0.014485894287623521
0.014442523346717296
0.014399411336797603
0.014356555945979505
0.014313954889819465
0.014271605910907075
0.01422950677847931
0.01418765528800256
0.014146049260807278
0.01410468654371094
0.014063565008633773
0.01402268255225035
0.013982037095608987
0.013941626583799141
0.013901448985605984
0.013861502293144758
0.01382178452155284
0.013782293708656575
0.013743027914634753
0.013703985221713368
0.01366516373384762
0.013626561576423135
0.013588176895941691
0.013550007859730831
0.01351205265565474
0.013474309491819773
0.013436776596313742
0.013399452216885476
0.013362334620726892
0.013325422094156283
0.013288712942390923
0.013252205489259816
0.013215898076966227
0.013179789065834537
0.013143876834050853
0.013108159777442686
0.013072636309218073
0.013037304859736728
0.013002163876288213
0.012967211822862031
0.012932447179909701
0.012897868444137203
0.012863474128288366
0.012829262760927166
0.012795232886236735
0.01276138306378862
0.012727711868370717
0.012694217889771077
0.012660899732581703
0.012627756016007559
0.012594785373671136
0.01256198645342577
0.012529357917182554
0.01249689844071543
0.012464606713479594
0.01243248143844511
0.012400521331921937
0.012368725123377914
0.012337091555288768
0.012305619382957062
0.012274307374348732
0.012243154309944507
0.012212158982573827
0.01218132019726517
0.012150636771075932
0.012120107532959813
0.012089731323603805
0.012059506995293387
-0.1380699170200764
-0.13665117344359548
-0.13429518865828502
-0.13102174896147598
-0.12685409374518652
-0.12182376606328138
-0.11596755975453912
-0.1093292837055226
-0.10195793270803037
-0.09390852922543887
-0.085240717070137
-0.0760191261318356
-0.06631213409646364
-0.05619192723584416
-0.045733330636630286
-0.03501365992201736
-0.0241115855564584
-0.01310684435074736
-0.002079137426348673
0.008892239164215476
0.01972944476224937
0.030356490882008008
0.04070021391496814
0.05069065300893713
0.06026191927154341
0.06935251797451657
0.07790609338730657
0.08587166900594351
0.09320425382164899
0.09986498338392953
0.10582157872623502
0.11104837702363603
0.11552663708829658
0.11924445099060928
0.12219689054736506
0.12438579222748167
0.12581973963429466
0.1265137161455957
0.1264889218381759
0.12577229420349498
0.12439616612477106
0.12239766564303481
0.11981823426802922
0.11670293083396044
0.11309984418810766
0.10905934046296661
0.10463341726883435
0.09987494433507177
0.09483701404891448
0.0895722292982707
0.0841321052697307
0.07856645421142677
0.07292288562216122
0.06724632637771154
0.061578652514596766
0.055958367136089524
0.050420379789220406
0.04499584690553659
0.03971209740804669
0.034592624106774696
0.029657139309540136
0.02492169281716159
0.02039883071134072
0.016097807640925513
0.012024816393251462
0.00818325931210928
0.004574015579127548
0.0011957383120146585
-0.0019548701693447
-0.004882763881266064
-0.007594293579680756
-0.010096936117987374
-0.012399066826480504
-0.014509726162443583
-0.016438433060750553
-0.018194995231912706
-0.019789366177144153
-0.021231499735113527
-0.02253124870783817
-0.02369826020120646
-0.024741910757239763
-0.025671236649270675
-0.026494898897552296
-0.027221141702249357
-0.027857780395552215
-0.028412181245496815
-0.028891265881954845
-0.02930150639738846
-0.029648940719501426
-0.029939177946291695
-0.030177420247612566
-0.03036847446524169
-0.030516777216301062
-0.030626409813703775
-0.03070112421059415
-0.030744359172355885
-0.03075926549320612
-0.030748722052476148
-0.03071535934526317
-0.030661574586754756
-0.030589553046528162
-0.03050128174603349
-0.030398568397426856
-0.03028305350191459
-0.030156226896447813
-0.030019438231059972
-0.029873911251601836
-0.029720752736545352
-0.029560964711304802
-0.02939545198110599
-0.029225032502496823
-0.029050443672847363
-0.028872351089472958
-0.02869135376109884
-0.028507991474983157
-0.028322749088476554
-0.028136062706561445
-0.027948323197577677
-0.027759881362044957
-0.027571050800375276
-0.027382112230892947
-0.027193315820569754
-0.027004884788455617
-0.026817017293797398
-0.026629889441483857
-0.026443656807127035
-0.02625845694263603
-0.02607441060492993
-0.02589162384500123
-0.025710188994501875
-0.025530186408108883
-0.025351685253532732
-0.025174744964800624
-0.024999415873204114
-0.024825740419790646
-0.024653753657517995
-0.02448348426335245
-0.024314954936335773
-0.024148183242695822
-0.023983181930158266
-0.023819959633783944
-0.02365852112283315
-0.023498867890491094
-0.023340998346550606
-0.023184908310319084
-0.023030591159794646
-0.02287803824362452
-0.022727238995595467
-0.022578181279042417
-0.022430851473470795
-0.02228523476243569
-0.022141315198169694
-0.02199907594212222
-0.021858499312153203
-0.021719566983268164
-0.0215822600210747
-0.02144655904953756
-0.02131244427318985
-0.021179895617350796
-0.02104889274176981
-0.02091941515742047
-0.02079144223362424
-0.020664953295373812
-0.0205399276252381
-0.020416344544274007
-0.02029418341019516
-0.0201734236843712
-0.02005404492717675
-0.019936026853450955
-0.01981934932568104
-0.019703992399774377
-0.019589936316741944
-0.019477161540254768
-0.019365648747388796
-0.0192553788593451
-0.019146333031496238
-0.019038492678306342
-0.018931839463219132
-0.01882635531860442
-0.018722022435511566
-0.018618823279637996
-0.018516740581199655
-0.018415757347361606
-0.018315856852348152
-0.01821702264711396
-0.01811923854961885
-0.018022488652274855
-0.017926757312357607
-0.017832029157640605
-0.01773828907720579
-0.01764552222532796
-0.01755371401269346
-0.017462850109150777
-0.017372916435011442
-0.017283899162916463
-0.017195784709640526
-0.017108559736748775
-0.01702221114300595
-0.01693672606435826
-0.016852091866539347
-0.016768296144684895
-0.016685326716241577
-0.016603171619923557
-0.01652181910928472
-0.016441257651231188
-0.01636147591978935
-0.016282462794407926
-0.016204207354240073
-0.016126698875971943
-0.016049926828509024
-0.015973880870738984
-0.015898550846465416
-0.0158239267819065
-0.01574999888119501
-0.015676757523570808
-0.015604193259165035
-0.015532296806441727
-0.015461059047823297
-0.015390471027313007
-0.015320523946399467
-0.015251209161587124
-0.015182518180657474
-0.015114442659994948
-0.015046974401334278
-0.01498010534892726
-0.014913827586379106
-0.01484813333430122
-0.014783014946853362
-0.014718464909737853
-0.01465447583685972
-0.014591040468187719
-0.014528151666822385
-0.014465802416886685
-0.014403985820684152
-0.014342695096564046
-0.014281923576428681
-0.014221664703514526
-0.01416191203007318
-0.014102659215294886
-0.014043900023009682
-0.013985628319660765
-0.013927838072299522
-0.013870523346507443
-0.01381367830439488
-0.013757297202841927
-0.01370137439143613
-0.013645904310731849
-0.013590881490465612
-0.01353630054780637
-0.013482156185575798
-0.013428443190619838
-0.013375156432192392
-0.013322290860322845
-0.013269841504245226
-0.013217803470845162
-0.013166171943287936
-0.01311494217941931
-0.013064109510337695
-0.013013669339116754
-0.012963617139285318
-0.012913948453645508
-0.01286465889284531
-0.012815744134100393
-0.012767199920069248
-0.012719022057463114
-0.01267120641602992
-0.012623748927195989
-0.012576645583001384
-0.012529892435100519
-0.012483485593464733
-0.01243742122541855
-0.01239169555461865
-0.012346304859915063
-0.012301245474464267
-0.012256513784702541
-0.012212106229388309
-0.012168019298633011
-0.012124249533038077
-0.012080793522718741
-0.01203764790649815
-0.011994809371006502
-0.01195227464983832
-0.011910040522705109
-0.011868103814674912
-0.011826461395318077
-0.01178511017802471
-0.01174404711911111
-0.011703269217155733
-0.011662773512344385
-0.011622557085584502
-0.011582617057902403
-0.011542950589760948
-0.011503554880375709
-0.011464427167121807
-0.011425564724665122
-0.011386964864654436
-0.01134862493479617
-0.011310542318510981
-0.011272714434152476
-0.011235138734473741
-0.01119781270611478
-0.01116073386897521
-0.011123899775678818
-0.011087308011081055
-0.0110509561916434
-0.01101484196510019
-0.010978963009677371
-0.010943317033866076
-0.010907901775737184
-0.010872715002627993
-0.01083775451050264
-0.010803018123634678
-0.010768503694098598
-0.010734209101310852
-0.010700132251584107
-0.010666271077779016
-0.010632623538838098
-0.010599187619350576
-0.010565961329233466
-0.010532942703131433
-0.010500129800331362
-0.01046752070419788
-0.010435113521772827
-0.010402906383504515
-0.010370897442846154
-0.010339084875911637
-0.010307466881108732
-0.010276041678833501
-0.010244807511095907
-0.010213762641231422
-0.010182905353571275
-0.010152233953091465
-0.010121746765131522
-0.010091442135115807
-0.010061318428176093
-0.010031374028961013
-0.010001607341224756
-0.009972016787698318
-0.009942600809674663
-0.009913357866761546
-0.009884286436616518
-0.009855385014830248
-0.009826652114410892
-0.009798086265696096
-0.00976968601606575
-0.009741449929722345
-0.00971337658734915
-0.00968546458599306
-0.009657712538770107
-0.009630119074653427
-0.009602682838228375
-0.009575402489493207
-0.009548276703650396
-0.00952130417078598
-0.00949448359586247
-0.009467813698284139
-0.009441293211907972
-0.009414920884656031
-0.009388695478434126
-0.009362615768882311
-0.009336680545274829
-0.00931088861019726
-0.00928523877941082
-0.009259729881775614
-0.009234360758907007
-0.00920913026509703
-0.009184037267183167
-0.009159080644257852
-0.009134259287540346
-0.009109572100341823
-0.00908501799769841
-0.009060595906356606
-0.009036304764557064
-0.009012143521902587
-0.00898811113923625
-0.008964206588363777
-0.008940428852064653
-0.008916776923922669
-0.008893249808059391
-0.008869846519126121
-0.00884656608209261
-0.008823407532158272
-0.008800369914593688
-0.008777452284625675
-0.008754653707284243
-0.008731973257269767
-0.008709410018896562
-0.00868696308586019
-0.008664631561238086
-0.008642414557248037
-0.008620311195213448
-0.008598320605446625
-0.008576441927065482
-0.00855467430795326
-0.008533016904617313
-0.008511468882138997
-0.008490029413927841
-0.008468697681738167
-0.008447472875525296
-0.008426354193327013
-0.1419742336824536
-0.13891596702834016
-0.1338571802293661
-0.1268805765345976
-0.11808479530672773
-0.1076016985372322
-0.09558430146636049
-0.08221225070605116
-0.06768396460963627
-0.05221835429436454
-0.03604824338366057
-0.01942004330439361
-0.0025875800781962866
0.014189535209592229
0.03065192676543156
0.04654289339649589
0.06161424452089112
0.07562910963648528
0.08836739546284708
0.09962853286919848
0.10923627224051558
0.11704094989046138
0.12292331439477892
0.1267959417724858
0.1286058196529876
0.12833462641503254
0.1259998825185715
0.121653926758217
0.11538355942597713
0.10730768516811767
0.097575503349552
0.08636292654034519
0.07386950388166147
0.06031385427272015
0.04592962699116715
0.03096029989830475
0.015654579158520917
0.0002609973023360426
-0.014976778298976711
-0.029825064473220482
-0.04406444870703002
-0.05749414248909263
-0.06993539385380558
-0.08123465258392457
-0.09126573103454848
-0.09993148389297238
-0.1071644929206082
-0.11292714472550128
-0.11721081351957406
-0.12003443071794456
-0.1214423500579911
-0.12150170378602305
-0.12029931468325483
-0.11793828343433017
-0.11453442410778494
-0.11021259460095102
-0.1051031537710869
-0.09933852072604969
-0.09305008405944962
-0.08636536906253373
-0.07940569550338566
-0.07228417610201288
-0.06510425579507761
-0.057958599416445794
-0.05092849081715271
-0.04408352762962768
-0.03748174212378607
-0.03116992820192256
-0.02518428134095998
-0.019551143540717117
-0.014287945774731423
-0.009404163002534513
-0.004902367102729075
-0.0007792210882725048
0.0029735030918821947
0.006368011052529735
0.009419596231748213
0.012145875926211913
0.01456607489116579
0.016700437207559135
0.018569691939997027
0.020194636888899727
0.021595771142460522
0.022793028740542856
0.02380555038460544
0.02465153701623538
0.025348128909527867
0.025911348149378365
0.026356054820477266
0.02669595051820334
0.026943585783396982
0.02711040185821817
0.027206769025781213
0.027242049315618813
0.027224650804379323
0.027162099010381757
0.027061096877699586
0.026927596756754883
0.02676685950999544
0.02658352216562707
0.02638165233811493
0.02616480894482428
0.02593609006428482
0.025698185664193855
0.02545341829283062
0.025203787756942146
0.024951004817869618
0.024696528336435992
0.024441592579459524
0.02418723763891582
0.02393433115091316
0.02368359290845037
0.02343561184835168
0.023190865766783565
0.022949734398922405
0.022712515079540457
0.02247943265645683
0.02225065184660997
0.02202628462286245
0.0218063999074268
0.021591028974076772
0.021380173014170233
0.021173807000605463
0.020971885567827656
0.020774345698149555
0.020581111274049133
0.020392094874923456
0.020207201289561782
0.02002632864849398
0.019849371126173503
0.01967621958581422
0.01950676365346439
0.019340892008417137
0.01917849397197515
0.019019459549288627
0.01886368064227382
0.018711050920645025
0.018561466746840935
0.018414826933938137
0.018271033449347673
0.018129991103545018
0.017991608083921265
0.017855795606006274
0.01772246831750937
0.017591543933059058
0.017462943540756257
0.017336591236818324
0.017212414356018543
0.01709034311729019
0.016970310797337185
0.01685225339326975
0.016736109753872096
0.016621821263039568
0.016509331937342924
0.016398588134905898
0.016289538627527692
0.016182134333565575
0.016076328372263585
0.01597207581992666
0.015869333751058572
0.015768061017053286
0.01566821827757801
0.015569767801247827
0.015472673488433343
0.015376900693347585
0.015282416240172722
0.015189188265116095
0.015097186227204414
0.01500638076755857
0.014916743718310482
0.014828247975994408
0.014740867508532467
0.014654577243090454
0.014569353070947736
0.01448517174802865
0.014402010898257798
0.014319848926061689
0.014238665018114199
0.014158439066192493
0.014079151667592046
0.01400078405790795
0.013923318110638601
0.01384673627686874
0.013771021585481298
0.013696157590279815
0.013622128368386546
0.01354891847468801
0.01347651294024124
0.0134048972307148
0.013334057245848926
0.013263979282357717
0.013194650033816828
0.013126056556851892
0.013058186270645894
0.012991026928847611
0.012924566616961671
0.012858793728007106
0.01279369696065674
0.012729265296810227
0.012665488000379567
0.012602354596846907
0.012539854872384472
0.012477978855660288
0.01241671681639814
0.012356059249968845
0.0122959968749562
0.012236520620607845
0.01217762162358385
0.012119291216919287
0.012061520927327176
0.012004302464702422
0.011947627720218321
0.01189148875668539
0.011835877806236815
0.011780787262724175
0.011726209678501218
0.011672137757438006
0.011618564353242055
0.011565482462048958
0.011512885220793077
0.011460765901145925
0.011409117907412449
0.011357934770967398
0.01130721014867214
0.011256937817769928
0.011207111674158126
0.011157725728015289
0.011108774101101015
0.011060251024012572
0.011012150833708382
0.010964467970057618
0.010917196974034727
0.010870332484081067
0.010823869235345302
0.01077780205617412
0.010732125865546858
0.010686835672012148
0.010641926570939837
0.010597393742480563
0.010553232450142593
0.010509438037780114
0.010466005928584935
0.010422931623632193
0.010380210699238439
0.010337838805804134
0.010295811665863838
0.010254125072828309
0.010212774889888797
0.010171757046905101
0.010131067540793829
0.010090702433317963
0.010050657849579795
0.01001092997689801
0.009971515063517724
0.009932409417296785
0.009893609404668222
0.00985511144913501
0.009816912030296361
0.009779007682883081
0.009741394995031962
0.009704070608435613
0.009667031215786714
0.009630273560798165
0.009593794436814395
0.009557590686234713
0.009521659198786676
0.00948599691162228
0.0094506008074131
0.00941546791447019
0.009380595304877459
0.009345980094429253
0.009311619441535668
0.009277510546637228
0.009243650650471329
0.009210037034948255
0.009176667021076449
0.009143537968787162
0.009110647276134016
0.009077992378560842
0.009045570748104676
0.009013379893490046
0.008981417357984444
0.008949680720352939
0.008918167593305678
0.008886875623076886
0.008855802488978557
0.008824945902793558
0.00879430360802352
0.008763873379465385
0.008733653022810083
0.008703640373661834
0.008673833297586859
0.008644229689143272
0.008614827471842175
0.008585624597085919
0.00855661904404158
0.008527808819339948
0.008499191956282862
0.008470766514270364
0.008442530578899392
0.008414482261122073
0.008386619697060163
0.00835894104703833
0.008331444496218449
0.008304128253125376
0.008276990549813425
0.008250029641550352
0.008223243806077389
0.008196631343511025
0.008170190575852438
0.008143919847045624
0.008117817521745568
0.008091881985488464
0.008066111645276184
0.008040504927296563
0.008015060278053295
0.007989776164030894
0.007964651070532727
0.007939683501701123
0.007914871981094923
0.007890215050193664
0.007865711268268143
0.007841359213392846
0.007817157480317772
0.007793104681613247
0.0077691994466001935
0.007745440421223748
0.007721826268381958
0.007698355667077512
0.007675027312160274
0.007651839914496875
0.0076287922000401786
0.00760588291078882
0.007583110802922834
0.007560474648381356
0.007537973233002225
0.0075156053572540986
0.007493369836135933
0.0074712654982556715
0.007449291185845496
0.007427445755307486
0.0074057280759168564
0.007384137030344581
0.0073626715143361166
0.007341330436043491
0.007320112716846022
0.0072990172898815976
0.007278043101366923
0.007257189108609777
0.007236454281553422
0.007215837602055823
0.0071953380625405005
0.00717495466786041
0.007154686433697472
0.00713453238670694
0.007114491564845125
0.0070945630165864205
0.007074745800861759
0.00705503898764983
0.007035441656653433
0.007015952898332486
0.006996571812536085
0.006977297509693141
0.0069581291095816
0.006939065741995512
0.006920106545635629
0.006901250669272855
0.0068824972704617715
0.0068638455161676255
0.006845294582263193
0.006826843653222963
0.006808491922793087
0.0067902385932261345
0.006772082874912887
0.0067540239870367315
0.0067360611570998425
0.006718193620797985
0.00670042062156943
0.006682741411493796
0.006665155249791161
0.006647661403932735
0.006630259148906369
0.006612947767237971
0.006595726549018663
0.006578594791606552
0.006561551799998031
0.006544596885690622
0.00652772936790652
0.006510948572625104
0.00649425383269032
0.00647764448791446
0.00646111988462501
0.006444679375990414
0.006428322321608278
0.006412048088048178
0.00639585604738469
0.006379745578709262
0.006363716067124786
0.0063477669040608664
0.006331897486764915
-0.05751318632282519
-0.055531766245616995
-0.052302568263424276
-0.04784039992265765
-0.042226778694320205
-0.035541792116885525
-0.02790408725385318
-0.019444464113887998
-0.010325747300663646
-0.0007274821532847136
0.009144264236133726
0.0190680898388684
0.028804544306720747
0.038105932381992176
0.04671913835234435
0.05439494222078068
0.06089488611074772
0.06599982801773996
0.06951904963839553
0.07129700636628125
0.07122264793562982
0.06923298863376934
0.06532069295179634
0.05953322914293645
0.05197724619114885
0.04281264752949414
0.03225309516239099
0.020555200525158104
0.008015459190348503
-0.005044329186317098
-0.018282507843183908
-0.031354084897286257
-0.04391680171108405
-0.05564744550039054
-0.06624665915271798
-0.07545304588163866
-0.08304518287402234
-0.08885208879837068
-0.09275158678635913
-0.09467651970502922
-0.09460942592961623
-0.09258472333013157
-0.08868039341023641
-0.08301701148743601
-0.075747614975907
-0.06705481117979784
-0.057140162120334695
-0.04622063133736197
-0.03451867750039893
-0.02225907383270377
-0.009660562865322705
0.0030662879732939333
0.01572543387382326
0.028136188987084896
0.04013752200643203
0.05158763440187172
0.06236642892446417
0.07237408544238084
0.08153207979033798
0.08978109925457894
0.09708102912008447
0.10340854316735887
0.10875643738362327
0.1131311693205698
0.11655184173872722
0.11904788378538769
0.12065790303378522
0.12142762573103356
0.12140876224904064
0.12065726471858532
0.1192322951042832
0.1171948180304292
0.11460672138819056
0.11152973642495079
0.10802473374598824
0.10415094684857572
0.09996544733694337
0.0955226381480885
0.09087389809917958
0.08606730499731072
0.08114742988122928
0.07615524723449321
0.07112805321889235
0.06609952004148688
0.06109970975449542
0.05615523223001355
0.05128932646340413
0.046522086025661005
0.041870582427286786
0.037349127770752166
0.032969418860499505
0.02874081309293182
0.0246704768083037
0.020763656740894643
0.017023820813811038
0.013452913121934912
0.010051479622137899
0.006818899356934727
0.003753490949900324
0.0008527165030150169
-0.0018867325213541496
-0.004468759608218641
-0.006897797419891021
-0.009178659377539592
-0.011316492329202264
-0.013316653235443805
-0.015184677993934487
-0.016926180488802626
-0.018546834963255154
-0.020052294470187255
-0.02144818420982212
-0.02274003645218905
-0.02393329244964358
-0.025033251076658068
-0.026045077162920347
-0.026973761419818332
-0.027824133384859145
-0.028600830441564033
-0.029308313906931546
-0.029950845319704426
-0.03053250443330343
-0.031057171262024792
-0.03152854502874828
-0.03195013071941789
-0.032325258244405304
-0.03265707250981777
-0.032948552239082225
-0.033202502748071946
-0.03342157404970366
-0.03360825569248247
-0.03376489389288046
-0.033893687905648694
-0.033996706054841244
-0.03407588323338566
-0.03413303573360865
-0.03416985959279308
-0.03418794417991612
-0.034188771145994494
-0.03417372680461661
-0.03414410150123752
-0.03410110081092582
-0.03404584520826361
-0.03397938014976999
-0.03390267593134197
-0.03381663673519784
-0.033722100604626
-0.033619847513861274
-0.03351059944063305
-0.033395027525728135
-0.03327375219345934
-0.033147349495581895
-0.03301635125070143
-0.032881250657057326
-0.03274250241997439
-0.03260052771694526
-0.03245571430499958
-0.03230842089300664
-0.03215897724577226
-0.032007688001579826
-0.03185483278906265
-0.03170066955185121
-0.03154543464454023
-0.03138934575884985
-0.031232601982730753
-0.031075386362523123
-0.03091786594853483
-0.03076019403061655
-0.030602510158335913
-0.03044494210268049
-0.0302876058562821
-0.030130607345404705
-0.029974042414397842
-0.029817998320394418
-0.029662553708874873
-0.029507779913371623
-0.029353740919651518
-0.029200494501177697
-0.029048092184341463
-0.028896580218442883
-0.028745999547888524
-0.028596386653191128
-0.02844777351597678
-0.02830018834983215
-0.028153655569933517
-0.028008196408509232
-0.02786382889914297
-0.027720568406450274
-0.027578427595726523
-0.027437416908623308
-0.02729754451764072
-0.02715881674614765
-0.0270212380166295
-0.026884811218632124
-0.0267495376636232
-0.02661541739686489
-0.02648244915190115
-0.02635063062405234
-0.0262199584377822
-0.026090428365555602
-0.0259620353010837
-0.02583477345275927
-0.02570863631825735
-0.025583616847423662
-0.025459707422555267
-0.02533689999018646
-0.025215186048156455
-0.025094556757989772
-0.024975002936827726
-0.02485651514450724
-0.024739083674186334
-0.024622698641913625
-0.024507349964827098
-0.024393027433531615
-0.02427972070738327
-0.024167419365838348
-0.02405611290043208
-0.023945790763931413
-0.023836442370922042
-0.023728057123276653
-0.023620624415113253
-0.023514133660305362
-0.023408574287264183
-0.023303935775525843
-0.023200207634135328
-0.02309737944252191
-0.022995440826863126
-0.022894381495373355
-0.022794191230863653
-0.022694859894475942
-0.022596377436370524
-0.02249873390138882
-0.022401919423933412
-0.02230592424276473
-0.02221073869533746
-0.022116353225725218
-0.02202275837973996
-0.021929944820140074
-0.021837903310236623
-0.021746624725146987
-0.021656100055147676
-0.021566320400405372
-0.021477276972602044
-0.021388961098289788
-0.02130136421406173
-0.021214477870219295
-0.02112829372758245
-0.021042803561790717
-0.02095799925524185
-0.02087387280179192
-0.020790416307106027
-0.02070762198627708
-0.020625482155129004
-0.020543989244310425
-0.02046313578632205
-0.02038291441839264
-0.020303317881494472
-0.020224339019796908
-0.020145970775586126
-0.020068206197191955
-0.019991038422897876
-0.019914460696590315
-0.019838466352742033
-0.01976304882109321
-0.019688201630513404
-0.019613918389585056
-0.019540192811598977
-0.019467018690094234
-0.01939438991063038
-0.01932230044611113
-0.019250744350006007
-0.019179715763949622
-0.019109208912086822
-0.01903921810091466
-0.018969737713568705
-0.018900762219544464
-0.018832286157057312
-0.01876430414670473
-0.018696810883296014
-0.018629801132993586
-0.01856326974122497
-0.018497211621751573
-0.01843162175615372
-0.018366495199043563
-0.018301827074530076
-0.018237612568399102
-0.01817384693901111
-0.018110525504661423
-0.018047643653442955
-0.017985196831474926
-0.01792318054844092
-0.017861590375903715
-0.017800421944377903
-0.01773967094145762
-0.017679333120005674
-0.017619404278955583
-0.017559880281843982
-0.017500757046100997
-0.017442030543971743
-0.017383696796823472
-0.017325751883616913
-0.017268191932816875
-0.017211013122449062
-0.017154211684880894
-0.017097783898510147
-0.01704172609080433
-0.016986034638445564
-0.01693070596105144
-0.016875736532500466
-0.01682112286360649
-0.016766861513741696
-0.01671294908743592
-0.01665938223047792
-0.01660615763264551
-0.01655327202768884
-0.01650072218367535
-0.0164485049177933
-0.016396617084061538
-0.016345055575498608
-0.01629381732224143
-0.016242899295136018
-0.01619229850542338
-0.016142011995062364
-0.016092036846316125
-0.01604237017896009
-0.015993009144313675
-0.015943950929726555
-0.01589519275693423
-0.015846731885392016
-0.01579856560280658
-0.015750691231977632
-0.015703106125922243
-0.015655807673024935
-0.015608793291475317
-0.015562060426785124
-0.015515606561877844
-0.015469429206342757
-0.015423525895376607
-0.015377894199387091
-0.01533253171467518
-0.015287436065786546
-0.015242604902618586
-0.015198035909085058
-0.0151537267932915
-0.015109675285929733
-0.015065879147674564
-0.015022336162737843
-0.014979044147936759
-0.014936000933375994
-0.014893204385465037
-0.014850652388766934
-0.01480834285064109
-0.014766273705957726
-0.014724442914026597
-0.014682848452679012
-0.014641488326773124
-0.01460036055887872
-0.014559463197316108
-0.014518794313967489
-0.014478351996900944
-0.014438134360991272
-0.014398139534914828
-0.014358365674640971
-0.014318810952150537
-0.0142794735644587
-0.014240351722566129
-0.014201443662350256
-0.014162747634395218
-0.014124261911337298
-0.014085984781668864
-0.014047914555697611
-0.014010049558930218
-0.013972388138552885
-0.013934928655807824
-0.013897669492464666
-0.013860609041052597
-0.013823745720680247
-0.013787077961485173
-0.013750604211582243
-0.013714322936936252
-0.013678232613482576
-0.013642331740994716
-0.013606618833310881
-0.013571092415044117
-0.013535751028333582
-0.013500593234461322
-0.013465617604899621
-0.01343082272850118
-0.013396207205542682
-0.013361769656442805
-0.013327508708943166
-0.013293423010916421
-0.013259511215911604
-0.013225772003213215
-0.013192204054026116
-0.013158806068685682
-0.013125576762108876
-0.01309251485568889
-0.013059619091660058
-0.0130268882157558
-0.012994320994841853
0.11680308376522672
0.11172248788906403
0.1033101936833339
0.09192866683970642
0.07789534602576607
0.06167721304287279
0.0437593810103871
0.02471038708549359
0.005103619341123181
-0.01445530581034476
-0.03338434657825878
-0.051114362946807344
-0.0671301028294906
-0.0809666468184312
-0.09223798994531808
-0.10063525306164538
-0.10594387037038434
-0.10804064547799475
-0.10690058670244762
-0.1025916336521516
-0.09527265941728308
-0.08518593850186539
-0.07264825397095637
-0.05804189534186327
-0.04180092346022667
-0.024401697743891573
-0.00634613956310334
0.011847358732471974
0.029662215358136904
0.04659177172500105
0.0621579830796732
0.07591807489455998
0.08748258336755922
0.09651993624811128
0.10277260117948053
0.10605864756325434
0.10628449603588878
0.10344226113631776
0.09761754614617095
0.08898147035223214
0.07779237690422967
0.06438209029659701
0.049151362636314644
0.03255101556107684
0.015072243383179666
-0.0027754465971873946
-0.020476732280869568
-0.03753285562743837
-0.05347385944457679
-0.06787810404072611
-0.08038124248891244
-0.09069020825906807
-0.09858677470878609
-0.10393453291452472
-0.10667623984753366
-0.10683379132727393
-0.1045000099149056
-0.09983296490796989
-0.09304397046977247
-0.08438846457720561
-0.0741525254923996
-0.0626427432315778
-0.050173477587107086
-0.0370578038149848
-0.023597174365131153
-0.010074807709445698
0.0032513721255192597
0.016152349117978537
0.028431693055371243
0.039926319496063255
0.05050725838130345
0.06007816448023508
0.06857396716257656
0.07595793275697169
0.08221905829813815
0.08736847017951241
0.09143632157455701
0.09446816030887431
0.09652189505060169
0.09766455947198548
0.09796969803272182
0.09751475312563199
0.09637903361230858
0.09464179175947195
0.09238079884010006
0.08967107020315307
0.0865839856889464
0.0831865610589309
0.07954100856348366
0.07570443010960083
0.07172870280760628
0.06766047184926233
0.06354125421363555
0.0594076256039022
0.055291454267130793
0.051220198170343914
0.047217201808678715
0.04330204225287998
0.03949084179587041
0.03579662101473288
0.0322295970757735
0.028797517314798425
0.025505926074358583
0.022358464283270603
0.019357096747673806
0.016502371467974775
0.013793605548816019
0.011229103465332338
0.008806303587694075
0.006521957587838737
0.004372241995288624
0.0023529027455958564
0.0004593366207217958
-0.0013132941080384315
-0.0029700050460719327
-0.004515900272049871
-0.005956135599231388
-0.007295849813779786
-0.008540143489582009
-0.009694026824574311
-0.010762410306659196
-0.011750065759230282
-0.012661625602147267
-0.013501554313950306
-0.014274153862473533
-0.014983543081689742
-0.01563366734650402
-0.01622828406130886
-0.01677097495153891
-0.01726513607244231
-0.01771399176636664
-0.01812058791846911
-0.018487806648340994
-0.018818362030497953
-0.019114814826345423
-0.01937956997521657
-0.019614890950952816
-0.019822898488975033
-0.020005584322347208
-0.020164810698498733
-0.02030232329832001
-0.020419751322273336
-0.020518619411885347
-0.020600348165657194
-0.02066626501963102
-0.020717604992663556
-0.020755520534359216
-0.020781082397427725
-0.02079528854633714
-0.020799064985417778
-0.02079327382919945
-0.020778714063063114
-0.020756128763764942
-0.020726205804062866
-0.020689584305118087
-0.02064685526588237
-0.020598567260147135
-0.020545227013205318
-0.020487304481917937
-0.020425233259509908
-0.020359415109698176
-0.020290220359903556
-0.02021799181217551
-0.020143045097181168
-0.020065672128922515
-0.01998614136786575
-0.019904700833273156
-0.019821578399030215
-0.019736984340270203
-0.019651111604448154
-0.01956413806402512
-0.019476226672573614
-0.019387527482310256
-0.019298177761543397
-0.01920830374690777
-0.019118020723229587
-0.019027434520252545
-0.018936641615864502
-0.01884573044997567
-0.018754781446034183
-0.018663868160317728
-0.01857305734722649
-0.01848240991665856
-0.0183919809549788
-0.01830182059501534
-0.0182119740261183
-0.01812248224075196
-0.018033381983744257
-0.01794470649381747
-0.017856485445662817
-0.017768745426148463
-0.0176815100875103
-0.0175948004887287
-0.017508635173393274
-0.017423030480776907
-0.017338000704553016
-0.017253558222019644
-0.017169713660219063
-0.017086476149014113
-0.017003853237384774
-0.016921851305593125
-0.016840475365059716
-0.016759729447478888
-0.01667961645686482
-0.01660013847684693
-0.016521296704736423
-0.01644309160457165
-0.016365522900395016
-0.016288589706309878
-0.01621229060345878
-0.01613662362859689
-0.016061586334441127
-0.01598717590204658
-0.015913389110216586
-0.01584022240186729
-0.01576767192621111
-0.015695733548503395
-0.015624402922170858
-0.015553675472289013
-0.015483546452239014
-0.015414010907162233
-0.01534506381978949
-0.01527669998988974
-0.015208914131294755
-0.015141700893527177
-0.01507505480135406
-0.015008970397658115
-0.01494344208722561
-0.014878464302096982
-0.014814031458958463
-0.014750137901611815
-0.014686778004765288
-0.014623946138152946
-0.014561636680463955
-0.014499844025094185
-0.01443856255280564
-0.014377786730783012
-0.014317510992899464
-0.014257729857706476
-0.014198437832182274
-0.014139629464934802
-0.014081299404431504
-0.014023442289438833
-0.013966052831410988
-0.013909125764110653
-0.013852655907330768
-0.013796638101997436
-0.0137410672899509
-0.013685938395251267
-0.013631246442597689
-0.013576986513407349
-0.013523153724815232
-0.013469743299298816
-0.013416750447355155
-0.0133641704810808
-0.013311998764149598
-0.013260230731308824
-0.013208861812863015
-0.013157887608320241
-0.013107303646845836
-0.013057105617445232
-0.013007289205121788
-0.012957850172327874
-0.012908784344175864
-0.012860087599514885
-0.012811755845226218
-0.012763785054532545
-0.012716171313971111
-0.012668910642631483
-0.01262199925723798
-0.012575433297524731
-0.012529209047551271
-0.01248332277184742
-0.012437770806776213
-0.012392549597818263
-0.01234765556575722
-0.012303085197461879
-0.012258835036026344
-0.012214901680450944
-0.012171281758767659
-0.012127971950056923
-0.012084968999261626
-0.012042269645631062
-0.01199987071658719
-0.011957769086735731
-0.011915961644360406
-0.011874445314779932
-0.011833217107766974
-0.011792274021405513
-0.011751613137253238
-0.011711231567120166
-0.011671126434579973
-0.01163129491169001
-0.011591734248045393
-0.011552441658104146
-0.011513414469494113
-0.011474649980076084
-0.011436145583042675
-0.011397898631650898
-0.011359906604979082
-0.011322166945878984
-0.011284677142505643
-0.011247434733644167
-0.011210437295957602
-0.011173682406617655
-0.011137167700749335
-0.011100890845951172
-0.011064849499700075
-0.011029041391642277
-0.010993464268137562
-0.010958115921977195
-0.010922994125918089
-0.01088809672473077
-0.01085342156300911
-0.010818966557413755
-0.01078472960038884
-0.010750708608094937
-0.010716901585958618
-0.010683306489562165
-0.01064992135667423
-0.010616744223344613
-0.010583773126256952
-0.010551006186500485
-0.01051844148992252
-0.010486077189903388
-0.010453911429890298
-0.01042194239560491
-0.010390168285479843
-0.010358587327467922
-0.010327197745231737
-0.010295997842818932
-0.010264985869206501
-0.010234160160040397
-0.010203519028864527
-0.010173060819786353
-0.010142783908780354
-0.010112686674480701
-0.010082767527786385
-0.010053024891351566
-0.01002345721515026
-0.009994062952037605
-0.009964840575961717
-0.009935788594621952
-0.009906905514662924
-0.009878189874465829
-0.009849640216128943
-0.009821255107683486
-0.009793033134444924
-0.009764972883317059
-0.00973707298537041
-0.009709332053294054
-0.009681748746052142
-0.00965432170695216
-0.009627049623940055
-0.009599931185816837
-0.009572965093954888
-0.009546150087760634
-0.009519484869878829
-0.009492968205572407
-0.009466598865854317
-0.00944037560292321
-0.009414297227406549
-0.009388362516532623
-0.009362570322104621
-0.009336919457705132
-0.009311408747763013
-0.00928603706989963
-0.009260803274821898
-0.009235706264942582
-0.009210744898626519
-0.009185918091921355
-0.009161224779921848
-0.009136663858516287
-0.009112234279608408
-0.009087934996119252
-0.009063764949439302
-0.0090397231412667
-0.009015808536472877
-0.008992020114294133
-0.008968356919492623
-0.008944817931332021
-0.00892140217762924
-0.008898108702591438
-0.008874936541168242
-0.008851884754066721
-0.008828952414207109
-0.008806138576670357
-0.008783442360760351
-0.008760862810229645
-0.008738399062031322
-0.008716050212483896
-0.008693815391231938
-0.008671693730802215
-0.008649684359311991
-0.008627786408932326
-0.008605999077588872
-0.008584321501990148
-0.00856275284665878
-0.008541292319450326
-0.008519939088653927
-0.014598754719765995
-0.011666249492930762
-0.006496763056997734
-2.7409123768832765e-6
0.007426535007419735
0.01498993925419348
0.022072522732048166
0.027917180813891686
0.03195442737992046
0.033642524895109
0.03267051168437371
0.02886469632756725
0.022303861538789008
0.01324894645453814
0.002186874677648105
-0.010235419315618118
-0.023224730642431524
-0.035906809500653086
-0.04738065554577813
-0.05677613683536732
-0.06332845338168362
-0.06641559025859671
-0.06563210508757092
-0.06079345019067873
-0.05199202369932416
-0.0395600857189625
-0.024098763318687197
-0.006399630918359414
0.01255269195418911
0.03169074615940841
0.04987797378953544
0.06603352664177024
0.07914615708998822
0.08839317632779348
0.0931373850122154
0.09302199932014295
0.08793805478327699
0.07808430226832805
0.06390102033386649
0.04609372780469021
0.02553900155479235
0.003280285234008519
-0.019580945197075827
-0.04190278208260906
-0.06260947981923755
-0.08070654132713671
-0.0953695454601323
-0.10594404343225161
-0.11200647847202466
-0.11334256157035207
-0.10997748045704504
-0.10213356714192866
-0.09023393309687662
-0.07484600293642141
-0.05666741843757933
-0.036465025105966435
-0.015053523191947436
0.006760533904444933
0.02819808023822271
0.048551387792503925
0.06719524546919274
0.08361514957478518
0.09740790441048411
0.10829427622908973
0.11610985653012268
0.12080502621886152
0.1224290362559003
0.12112153187130693
0.11709360182624784
0.11061524983387772
0.1019968633699619
0.09157625254886675
0.07970302776804945
0.0667276178340978
0.0529898665406746
0.03881120868862836
0.024487738814852746
0.010285729044098666
-0.00356132734346171
-0.01685431686716114
-0.02942838850766305
-0.041152442137994516
-0.05192694715808707
-0.06168213594462141
-0.07037467860884725
-0.07798528919561179
-0.08451498251861914
-0.08998261948527839
-0.09442125132233298
-0.09787593948784802
-0.10040049057273942
-0.10205572419656525
-0.10290674145132768
-0.10302169391807779
-0.10246961587619581
-0.10131966939985863
-0.09963950140438026
-0.09749489585088951
-0.09494858144866138
-0.09206020416192476
-0.0888854998643529
-0.08547649960409848
-0.08188098205083615
-0.07814283516960487
-0.07430171335023078
-0.07039349097653405
-0.06645006283898741
-0.06249984119781819
-0.058567650036378795
-0.05467522964654707
-0.0508411902083818
-0.04708149805187717
-0.043409463165964265
-0.03983619199370103
-0.03637059094898923
-0.033019777796888305
-0.02978908969025767
-0.02668244931243544
-0.023702370908425446
-0.020850281147764497
-0.018126519382604248
-0.015530615305636354
-0.013061282441956371
-0.010716655268081242
-0.008494276187867716
-0.006391296618267462
-0.004404457057262789
-0.002530256987359862
-0.0007649295361066742
0.0008954161881117568
0.002454824809798668
0.003917375688342379
0.005287215345792488
0.006568459220351863
0.007765224948952891
0.008881551628757235
0.009921434125361747
0.010888755811233827
0.011787323053638499
0.012620810141182761
0.013392792743615954
0.014106702605290572
0.014765859976801453
0.015373436174713746
0.01593248494620191
0.01644591130317731
0.0169165007604953
0.01734689431612601
0.017739615547520696
0.018097049818291366
0.01842146961081388
0.01871501736012841
0.018979728640745906
0.019217517943258454
0.019430200337011167
0.019619479343193916
0.01978696630261219
0.019934171139231717
0.020062519146846355
0.020173343702979275
0.020267901491435793
0.020347366098018266
0.02041284205743522
0.020465359359995
0.020505885931046696
0.0205353232933843
0.020554517527664923
0.020564255661886355
0.02056527536856165
0.02055826216818688
0.02054385776597056
0.020522657881472655
0.020495219452670046
0.02046205891048939
0.020423658869068863
0.0203804661149292
0.020332897707055958
0.020281339546358787
0.020226151415771436
0.02016766578473027
0.020106192399640233
0.020042017289737882
0.01997540651533979
0.01990660556630214
0.01983584264274824
0.01976332782921481
0.019689256481820887
0.019613808233629577
0.019537149753065565
0.019459434158627966
0.01938080347083812
0.01930138801218788
0.01922130835940964
0.01914067497483741
0.019059590053570982
0.01897814727027061
0.018896432684680158
0.018814525248566482
0.018732497574258752
0.018650416004446616
0.018568341260656363
0.01848632887490221
0.01840442970641357
0.018322689812666982
0.01824115154122686
0.01815985306662762
0.01807882923899534
0.0179981114277412
0.017917728295640086
0.017837705418654353
0.01775806603359879
0.01767883081836654
0.017600018368309996
0.017521645276820836
0.01744372634236624
0.017366274371734127
0.017289300977054986
0.01721281605809914
0.017136828186312097
0.01706134499324296
0.016986372549125713
0.016911916238536537
0.016837980439973838
0.016764568538398056
0.016691683222695902
0.016619326446761385
0.016547499553452267
0.016476203182813315
0.016405437491319324
0.016335202098857433
0.01626549613049633
0.01619631845260546
0.016127667428301132
0.016059541045131534
0.015991937147875078
0.015924853108410332
0.01585828623080774
0.015792233339322358
0.01572669153617905
0.01566165713438634
0.01559712676973266
0.015533096750822336
0.015469563137030603
0.015406522136982452
0.015343969798189994
0.015281901892413886
0.015220314390722339
0.015159202997636454
0.015098563610894351
0.015038391762157627
0.014978683230084123
0.014919433545955797
0.014860638495311138
0.014802293706170665
0.01474439468612548
0.014686937185408566
0.014629916725980869
0.014573329052890821
0.014517169696429102
0.014461434584204621
0.014406119188042145
0.01435121925819617
0.01429673066164079
0.014242649126288951
0.014188970381717266
0.014135690365662729
0.014082804893096684
0.014030309896136572
0.013978201334024288
0.013926475235687248
0.01387512753333815
0.013824154312678775
0.013773551833905641
0.013723316004250852
0.01367344322834622
0.013623929598510111
0.013574771379687435
0.013525964963705634
0.0134775067442735
0.013429392968507382
0.013381620230590299
0.013334184923055778
0.01328708354081695
0.013240312693896219
0.013193868963023674
0.013147749070489559
0.013101949625116512
0.013056467429058584
0.013011299131295567
0.01296644166549285
0.0129218918419656
0.012877646480647102
0.012833702618823925
0.012790057184549713
0.012746707126580797
0.01270364953491863
0.012660881500337102
0.012618400117446261
0.012576202455910042
0.01253428592435899
0.012492647555629361
0.012451284598533816
0.01241019446062282
0.01236937440632609
0.012328821863241201
0.012288534088276662
0.012248508586970328
0.012208742890765137
0.012169234390085767
0.012129980622842691
0.012090979139518773
0.012052227573964897
0.012013723477482668
0.011975464586614096
0.011937448418316681
0.011899672849170508
0.01186213550348101
0.011824834159273207
0.011787766621418094
0.011750930676989397
0.011714324212890035
0.011677944997344274
0.011641791018333212
0.0116058601782311
0.011570150402827956
0.011534659631797194
0.01149938589855185
0.011464327239497484
0.011429481675814918
0.011394847205963341
0.011360422008106122
0.01132620420423034
0.011292191859327333
0.011258383134461269
0.011224776340250837
0.011191369465908292
0.011158160881249476
0.011125148775641722
0.011092331433156908
0.01105970708219863
0.011027274097293508
0.010995030733201695
0.010962975414283543
0.01093110639404573
0.010899422122111134
0.010867921008529612
0.010836601493542474
0.010805461888773661
0.010774500739107013
0.010743716578567897
0.010713107735846331
0.010682672845251736
0.01065241038448062
0.010622318898824016
0.010592396901645809
0.010562643025594039
0.010533055822266607
0.010503633921261375
0.01047437590769847
0.010445280471652765
0.010416346154112441
0.010387571797749481
0.010358955942291572
0.010330497281898186
0.010302194614544423
0.010274046529821735
0.010246051854879097
0.010218209377756868
0.010190517784657084
0.010162975767198972
0.010135582401573187
0.010108336249268398
0.010081236149578213
0.010054280995408874
0.010027469573454633
0.010000800812610398
0.009974273485029711
0.009947886533204883
0.009921638837207309
0.009895529230372322
0.009869556693130247
0.009843720202383445
0.009818018594058809
0.009792450816545263
0.009767015893771882
0.00974171273485598
0.00971654033887824
0.009691497704887406
0.00966658378789002
0.009641797671911858
0.009617138333859928
0.009592604821469055
0.00956819615309796
0.009543911379526366
0.00951974959783824
0.009495709859774453
0.009471791176127987
0.009447992700681371
0.009424313557249526
0.00940075278819756