-1.1169751894518908e-6
-0.000015645418464132866
-0.000054070673942503234
-0.00012847368720331833
-0.0002507996650867522
-0.00043284053100967496
-0.0006861467742434516
-0.0010220377906848632
-0.0014514734403457234
-0.001985023774506816
-0.0026327086670203405
-0.0034039392540106115
-0.004307323053900723
-0.005350585551345433
-0.006540343818807248
-0.007882022426878722
-0.009379607731475819
-0.011035579191793255
-0.012850665031270626
-0.014823815147735845
-0.016951984236784134
-0.019230173482376194
-0.0216512674562377
-0.02420616722145862
-0.026883701511205185
-0.029670863657986588
-0.03255280633110516
-0.035513180251324626
-0.038534207223529716
-0.041597102621887656
-0.044682206707142076
-0.04776945873705795
-0.05083855499259974
-0.053869433276380815
-0.05684242049697525
-0.0597386844704925
-0.06254033582561652
-0.06523081004022353
-0.067794897589442
-0.07021903183927287
-0.07249123577664529
-0.07460130796771053
-0.07654069058701873
-0.0783025624102523
-0.07988164740188618
-0.0812742369132409
-0.08247796747171529
-0.08349180121031068
-0.08431580376815077
-0.08495111140044531
-0.0853997349925749
-0.08566453518644666
-0.08574906827277863
-0.08565757960660718
-0.08539489474599846
-0.0849664298787125
-0.08437812053233806
-0.08363643895500834
-0.08274834580648717
-0.08172130050502964
-0.08056321976958151
-0.07928246822817091
-0.07788781101940692
-0.07638837720742873
-0.07479360001592578
-0.07311315258700776
-0.07135687641497494
-0.06953469539788669
-0.06765653857179499
-0.06573224256020067
-0.06377147758207613
-0.061783649651033605
-0.05977783888102593
-0.05776271143056435
-0.05574647700815711
-0.053736817512998754
-0.05174086738795749
-0.04976516226363923
-0.04781564244091328
-0.045897621509666094
-0.04401581050069901
-0.042174303979170186
-0.040376620646769695
-0.038625702990376605
-0.03692396937026204
-0.03527332284651525
-0.03367520987404928
-0.03213063418984302
-0.03064021787519316
-0.029204216881178153
-0.027822581138927282
-0.02649496917675827
-0.02522080494119024
-0.023999289832154748
-0.022829454795409942
-0.021710168860176363
-0.02064018580046596
-0.01961814885191428
-0.018642631790913335
-0.017712139927163296
-0.016825145825102788
-0.015980086934412843
-0.0151753964058207
-0.014409497863887429
-0.013680831882878297
-0.01298784845742555
-0.012329029736834635
-0.011702880739320406
-0.011107948923046387
-0.010542813642716925
-0.010006103084843405
-0.00949648289961207
-0.009012670962296437
-0.008553425541046817
-0.008117558276793604
-0.007703922176957664
-0.007311423139306847
-0.0069390079971819495
-0.006585674852286178
-0.00625046134108647
-0.0059324539890838945
-0.00563077682121463
-0.005344599906105509
-0.0050731283952319475
-0.0048156103895605215
-0.004571326462068893
-0.004339596950158899
-0.004119771992819543
-0.003911238329250728
-0.0037134098643241296
-0.0035257340359636942
-0.0033476829095616585
-0.003178759162870795
-0.00301848770071757
-0.0028664212956374955
-0.0027221327077779685
-0.002585220011549521
-0.0024552992013640697
-0.002332009228593513
-0.0022150050711939274
-0.002103962500798764
-0.0019985715929108977
-0.0018985412406324579
-0.001803593081624772
-0.0017134657725059314
-0.001627909308929727
-0.0015466890728397268
-0.001469580522601665
-0.0013963730239230521
-0.0013268648878455597
-0.001260866995092286
-0.0011981981607788867
-0.0011386885611435087
-0.0010821754049865505
-0.0010285061711021006
-0.0009775345676534676
-0.0009291235881041328
-0.0008831417409412115
-0.0008394659314650703
-0.0007979779454547705
-0.0007585671637944724
-0.0007211272848178463
-0.0006855588784032812
-0.0006517663328293153
-0.0006196602546499841
-0.0005891546269305278
-0.0005601690609107578
-0.0005326261534716486
-0.0005064535962951848
-0.0004815817213386642
-0.00045794547290986683
-0.0004354821307911428
-0.0004141331503607119
-0.00039384205382335196
-0.00037455614322300074
-0.00035622455099971817
-0.0003387998304540115
-0.00032223615756171514
-0.00030649080317134825
-0.0002915224786768081
-0.00027729269394661187
-0.00026376424008345495
-0.0002509024368043256
-0.0002386737461062474
-0.00022704691253813559
-0.00021599170214702787
-0.00020547993880584958
-0.00019548436334096528
-0.0001859795688030984
-0.00017694097517181555
-0.00016834566618586746
-0.00016017147548994535
-0.00015239772736976327
-0.00014500443065260796
-0.0001379729254204556
-0.0001312851814058625
-0.00012492435248819588
-0.00011887417673209937
-0.00011311944020401555
-0.00010764547619534846
-0.0001024385396280471
-0.00009748540338248467
-0.00009277364429535622
-0.00008829133487794783
-0.0000840272416415946
-0.00007997061084910259
-0.00007611127963657117
-0.00007243955478511402
-0.0000689462368411431
-0.00006562259123560906
-0.00006246028533330125
-0.00005945145156215228
-0.000056588537050509235
-0.00005386445875752135
-0.00005127236508239442
-0.0000488058833152522
-0.000046458792322033214
-0.00004422536296307963
-0.000042099940672934394
-0.000040077379818499226
-0.000038152534707379675
-0.00003632078918332604
-0.000034577454302782233
-0.00003291839479427617
-0.00003133933134316791
-0.000029836565873080548
-0.00002840618607353682
-0.000027044891797234384
-0.000025749099148456067
-0.000024515870636900412
-0.00002334191581690507
-0.00002222462818869664
-0.000021160979045720503
-0.000020148664473225524
-0.000019184888711658983
-0.00001826762497426925
-0.000017394284276456707
-0.00001656309417179506
-0.000015771648625554765
-0.000015018409164355827
-0.000014301130980517696
-0.000013618491400603103
-0.000012968387004389163
-0.000012349694738687772
-0.000011760434412614433
-0.000011199668226298714
-0.000010665522563599945
-0.000010157232160517977
-9.673014659812935e-6
-9.212266122394796e-6
-8.773281325788739e-6
-8.355607820914745e-6
-7.957604452201655e-6
-7.578961686092384e-6
-7.218090301605834e-6
-6.874816263529986e-6
-6.547590976486926e-6
-6.236369551891599e-6
-5.9396334348784255e-6
-5.657461513735418e-6
-5.388355319979064e-6
-5.132513060627119e-6
-4.888446944371443e-6
-4.656470885990256e-6
-4.435098830668905e-6
-4.22475758019407e-6
-4.0239542734568e-6
-3.8332265179823544e-6
-3.6510664334231355e-6
-3.4781210521744116e-6
-3.312859531862011e-6
-3.156037607903925e-6
-3.00609374515765e-6
-2.8638922905064363e-6
-2.7278334462844882e-6
-2.598890679083817e-6
-2.4754184694289464e-6
-2.358500492401785e-6
-2.2464381095463103e-6
-2.1404268544947626e-6
-2.0387075916332767e-6
-1.942589911726195e-6
-1.8502467777742705e-6
-1.7631045719853791e-6
-1.6792608894682858e-6
-1.6002621687131735e-6
-1.5241230636795843e-6
-1.4525138592392953e-6
-1.3833585555017087e-6
-1.3184555983246637e-6
-1.255630440236693e-6
-1.196814531710452e-6
-1.139726666056795e-6
-1.0864366754059798e-6
-1.034548330694948e-6
-9.862757618094794e-7
-9.390990644975346e-7
-8.953831352680396e-7
-8.524754163413009e-7
-8.128986035149837e-7
-7.738581455325442e-7
-7.380421507347245e-7
-7.025043350843141e-7
-6.701064303839132e-7
-6.377402452650168e-7
-6.084499668375117e-7
-5.789548445647761e-7
-5.524909940044827e-7
-5.255939423623208e-7
-5.01701875419906e-7
-4.771548785370742e-7
-4.556040476102301e-7
-4.331817093135812e-7
-4.137634390562268e-7
-3.9326084598276453e-7
-3.757863170932367e-7
-3.5701710096068303e-7
-3.413155267677095e-7
-3.241101070075628e-7
-3.1002708182941067e-7
-2.9423106921179463e-7
-2.81627073498988e-7
-2.670998241959753e-7
-2.5584886980748316e-7
-2.424621717595361e-7
-2.3245057789569911e-7
-2.2008745670420685e-7
-2.1121274135284961e-7
-1.9976637826704457e-7
-1.9193625542788764e-7
-1.813090018971278e-7
-1.7444047546815513e-7
-1.64542959133765e-7
-1.585615019123058e-7
-1.4931181265098044e-7
-1.4415062772728533e-7
-1.3547357580982108e-7
-1.3107292624910518e-7
-1.2289937020266217e-7
-1.1920597626478552e-7
-1.1147220689627853e-7
-1.0843870105908601e-7
-1.010858821263026e-7
-9.867031872303967e-8
-9.164397563775378e-8
-8.98093901533361e-8
-8.305894227249177e-8
-8.17729534701152e-8
-7.525128650866831e-8
-7.448574146964669e-8
-6.814881628398698e-8
-6.787947118533767e-8
-6.168596399540919e-8
-6.189219943513977e-8
-5.5803171951175825e-8
-5.646773748776109e-8
-5.044633248237169e-8
-5.155512268752059e-8
-4.5566282849183157e-8
-4.710813663894273e-8
-4.111834466602607e-8
-4.3084869517919116e-8
-3.7061906691406996e-8
-3.9447325108490326e-8
-3.336004647532574e-8
-3.616106159033773e-8
-2.9979186387807033e-8
-3.3194867815216776e-8
-2.6888781355943272e-8
-3.052046705080924e-8
-2.4061036151689877e-8
-2.8112250695029885e-8
-2.1470646936401088e-8
-2.594703562101155e-8
-1.9094568189242028e-8
-2.400384431868664e-8
-1.6911800925555256e-8
-2.2263706272036783e-8
-1.490319849484748e-8
-2.0709477149550946e-8
-1.3051292342431935e-8
-1.9325675890586405e-8
-1.134013261082809e-8
-1.8098335505087515e-8
-9.755142248230299e-9
-1.701487063684257e-8
-8.282986833679239e-9
-1.6063954707280494e-8
-6.91145290887987e-9
-1.5235410671496826e-8
-5.62933981050967e-9
-1.4520111886008086e-8
-4.426359506730151e-9
-1.3909892012757031e-8
-3.293046493601955e-9
-1.3397457354097388e-8
-2.220620913845373e-9
-1.2975895582316427e-8
-1.1975936558322294e-9
-1.2612226046738798e-8
2.726304941500835e-7
4.436197108380812e-6
0.00001634980465953871
0.000042046655350106346
0.00009009539725207977
0.00017210942003322263
0.0003034371253491098
0.0005033730381622347
0.0007954636876757441
0.0012073102452508358
0.0017703548893799762
0.0025192216110850115
0.0034909026719766394
0.00472364570091996
0.006255550768924728
0.00812310250602917
0.010359299294488287
0.012992028557458866
0.01604195738741437
0.019521032589489385
0.023430441245466383
0.027759561178937256
0.03248432981855823
0.03756695981900469
0.042955024077377606
0.048582180305988605
0.0543681891260954
0.060220766077370924
0.06603660841206517
0.07170432819999312
0.07710639053083655
0.0821228998590513
0.08663417418243796
0.09052498819058151
0.09368735701014433
0.09602471790184529
0.09745440773488148
0.09791122230590671
0.09734907281049124
0.09574342046040756
0.09309170273438434
0.08941430312781093
0.08475353815070542
0.0791730640781833
0.07275547438983083
0.06560031914485788
0.05782062333953853
0.049539938016506024
0.04088829055389932
0.031998841401660275
0.023003868189558633
0.014031631465668454
0.005202955217774042
-0.003371193477383529
-0.011592119045428867
-0.019374793206205734
-0.026649079288513202
-0.033360027001452124
-0.039467952437607
-0.044947768676124586
-0.04978815140055408
-0.05399018790892107
-0.05756596044978788
-0.060536853722885954
-0.06293190213674445
-0.06478607200364399
-0.06613866295302248
-0.06703180197166513
-0.06750909445885095
-0.06761446610600705
-0.06739115756124194
-0.0668809554611862
-0.06612353994142317
-0.06515607554970614
-0.06401286440666391
-0.06272522698129762
-0.061321386345350025
-0.05982655467588213
-0.058262969733879365
-0.056650107687510345
-0.05500480313333971
-0.053341523847131124
-0.05167252240539751
-0.05000812678813982
-0.04835688917297033
-0.04672586340151033
-0.04512073149341157
-0.04354605261265164
-0.04200535898214908
-0.040501370587836066
-0.03903605947516712
-0.03761083042143536
-0.03622655673804478
-0.03488373035073851
-0.033582474095609556
-0.03232266594792139
-0.031103933204066805
-0.029925755736935258
-0.02878744704147851
-0.027688240918656504
-0.026627263576052426
-0.025603607414917923
-0.024616297498357444
-0.023664355353682432
-0.02274676229821798
-0.021862515482380183
-0.02101058986839451
-0.02018998817047628
-0.019399702729867185
-0.01863876056533656
-0.01790618596975835
-0.0172010415527926
-0.016522392079353333
-0.015869342145573076
-0.0152410015648471
-0.014636520148236704
-0.01405505479560739
-0.01349580173396538
-0.01295796537321275
-0.012440788274426538
-0.011943521766091647
-0.011465453859653604
-0.011005881581974838
-0.010564137017642805
-0.010139561290102472
-0.009731528883871604
-0.009339423193609638
-0.008962659260814871
-0.00860066080415781
-0.008252881491391018
-0.007918783362028703
-0.007597856744787291
-0.007289599984626228
-0.006993538107420148
-0.006709203765275698
-0.006436154743081924
-0.0061739560392632805
-0.005922196302369913
-0.00568047096793961
-0.005448397707761142
-0.005225600547005265
-0.005011724403566205
-0.004806420113691625
-0.004609358133617995
-0.004420214405787175
-0.0042386832905547305
-0.004064464208366357
-0.0038972738654108764
-0.0037368336104190996
-0.0035828810143402907
-0.0034351578834551266
-0.003293421249819314
-0.0031574319851630853
-0.0030269652557651026
-0.0029017996843316777
-0.002781727319882315
-0.0026665432975799
-0.0025560553712097337
-0.002450074023714306
-0.0023484216070707633
-0.0022509228585126215
-0.0021574136904131723
-0.0020677320692164877
-0.0019817264960592415
-0.0018992472070157168
-0.001820154383425087
-0.0017443096337180135
-0.00167158397121717
-0.001601849538722378
-0.00153498739000228
-0.0014708794206630305
-0.001409415987660731
-0.0013504880107336698
-0.0012939944634864013
-0.0012398346113451316
-0.0011879154061664465
-0.0011381438276270974
-0.001090434212619819
-0.0010447006678177913
-0.0010008643643474326
-0.0009588459899683768
-0.0009185730391644172
-0.000879972273659987
-0.0008429770375831737
-0.0008075196957066752
-0.0007735390029446954
-0.0007409724901298665
-0.0007097639164998014
-0.00067985557351611
-0.0006511958488346672
-0.0006237314184227104
-0.000597414950598499
-0.0005721971571387327
-0.0005480346658615591
-0.0005248819009022768
-0.0005026991529394899
-0.0004814442587350698
-0.0004610808981256524
-0.000441570042529255
-0.00042287850865024065
-0.00040497014494723867
-0.0003878146723300866
-0.0003713785776579486
-0.0003556342718604938
-0.00034055065873172223
-0.0003261026421564182
-0.00031226133781985123
-0.000299003961385371
-0.000286303650013186
-0.00027413976480227594
-0.000262487287820591
-0.0002513275729611041
-0.0002406372833151867
-0.00023039962574929312
-0.0002205927921338121
-0.00021120171436425408
-0.00020220597161421807
-0.00019359210384061617
-0.00018534094605292633
-0.00017744053951455947
-0.0001698728525589034
-0.00016262733069307103
-0.00015568696150554062
-0.0001490425064984788
-0.00014267786585573638
-0.00013658503719853575
-0.00013074873388508912
-0.00012516211741157778
-0.00011981062103391183
-0.00011468850522503548
-0.00010978183578126559
-0.00010508591379514403
-0.00010058735559041413
-0.0000962824509327776
-0.00009215828924595143
-0.00008821210301075123
-0.0000844313817358574
-0.0000808142600285252
-0.00007734855850437341
-0.00007403327853342765
-0.00007085650601808956
-0.0000678180789157279
-0.00006490628582650074
-0.00006212177538686283
-0.00005945297921347301
-0.000056901335312130095
-0.00005445536069495586
-0.0000521172657697099
-0.00004987559759341538
-0.000047733325447379913
-0.000045678973125815584
-0.00004371625956037289
-0.00004183363288524365
-0.000040035555952008665
-0.000038310350597238996
-0.00003666322142932395
-0.0000350823137739285
-0.000033573575280144016
-0.00003212492569959596
-0.00003074306029512738
-0.000029415624190021415
-0.000028150068500235252
-0.000026933714979031
-0.000025774781536275723
-0.00002466021797706541
-0.00002359902342042853
-0.000022577726856698017
-0.000021606125756635516
-0.000020670279196660986
-0.000019780803523010438
-0.000018923238040707468
-0.00001810904146230202
-0.00001732318251959741
-0.000016577989110565815
-0.000015857807592185113
-0.000015175864923169555
-0.000014515832032640388
-0.000013891867894612775
-0.000013286913792061065
-0.000012716096814287969
-0.000012161572440881844
-0.000011639475425784778
-0.00001113111770287291
-0.000010653684557530764
-0.000010187584316748372
-9.75109916862357e-6
-9.323671784669471e-6
-8.924731113430425e-6
-8.5326893847761e-6
-8.1681758804202e-6
-7.808505309620194e-6
-7.475564584595608e-6
-7.145500533144474e-6
-6.841519237199649e-6
-6.5385261349253855e-6
-6.261111960361077e-6
-5.982864125737048e-6
-5.729827583583066e-6
-5.474191654579131e-6
-5.243529355484055e-6
-5.008547963000646e-6
-4.7984274945471304e-6
-4.582304522301786e-6
-4.3910498263767375e-6
-4.1921369550037155e-6
-4.018215874394353e-6
-3.834999967140694e-6
-3.677012313331752e-6
-3.508103814604028e-6
-3.364770426795862e-6
-3.208893131363818e-6
-3.079046088579205e-6
-2.9350273252102376e-6
-2.8176006704256426e-6
-2.6843624403997117e-6
-2.5783841032216204e-6
-2.4549348999088025e-6
-2.3595188159871764e-6
-2.2449462180145737e-6
-2.15928552011943e-6
-2.052749304702008e-6
-1.9761098415238493e-6
-1.87683582101883e-6
-1.8085503316263617e-6
-1.7158242671495633e-6
-1.655287235147235e-6
-1.5684496385809962e-6
-1.5151120751128284e-6
-1.43355345981578e-6
-1.3869186465395406e-6
-1.3100747632247693e-6
-1.2696942859907637e-6
-1.1970423811010606e-6
-1.162512222430305e-6
-1.0935666480273587e-6
-1.0645238741685743e-6
-9.988329667767828e-7
-9.74952606005115e-7
-9.120954143213351e-7
-8.930878354526835e-7
-8.326710379872493e-7
-8.182792055594914e-7
-7.599344233093199e-7
-7.499316403633684e-7
-6.933128042240814e-7
-6.875007402737947e-7
-6.322816996713608e-7
-6.30488411769323e-7
-5.763608788351537e-7
-5.784389874185546e-7
-5.251104135774088e-7
-5.30935728460247e-7
-4.781274384647819e-7
-4.87597735984849e-7
-4.3504294095699236e-7
-4.4807631556036375e-7
-3.9551891873883114e-7
-4.120530579267232e-7
-3.592456299025368e-7
-3.7923665026222443e-7
-3.259393779643035e-7
-3.493610723367379e-7
-2.9534012491773534e-7
-3.221832295895681e-7
-2.6720962169363017e-7
-2.9748117509742045e-7
-2.413293437878794e-7
-2.7505205579645805e-7
-2.1749896541352727e-7
-2.547109478240045e-7
-1.95534709541205e-7
-2.36288922261615e-7
-1.7526787939852296e-7
-2.1963203157177678e-7
-1.5654375670157017e-7
-2.0460004153375022e-7
-1.39220231135287e-7
-1.9106510802160306e-7
-1.2316666804838887e-7
-1.7891089588648236e-7
-1.0826299845227704e-7
-1.6803165218386217e-7
-9.439875592805602e-8
-1.5833123447273443e-7
-8.147223205692638e-8
-1.4972237812004073e-7
-6.938958725949905e-8
-1.4212611266488174e-7
-5.806444919508886e-8
-1.3547083749200486e-7
-4.741689437520432e-8
-1.2969201260582288e-7
-3.737306820109893e-8
-1.247314357474837e-7
-2.7864554057919933e-8
-1.205366178807663e-7
-1.8827356730172356e-8
-1.1705708474898326e-7
-1.0173231641946139e-8
-1.1401829373612056e-7
9.788364176425244e-6
0.00013597951086172425
0.0004679485670538613
0.0011053890792569188
0.0021415083453252388
0.0036610302414541514
0.005737799816230916
0.00843269910467042
0.011791368568462256
0.015841604512898923
0.02059160283033327
0.026027261882712222
0.032111362585623235
0.03878126855131223
0.0459495284441627
0.053502519758657635
0.06130295040737478
0.06918993704356727
0.07698374394446163
0.0844875915888492
0.0914946884128456
0.09779173015328559
0.10316787266897742
0.10741944541384725
0.11036004350360555
0.11182552452376317
0.11168397357911489
0.10983970664793317
0.10624162005408543
0.10088482214002212
0.09381594362236163
0.08513126224891744
0.07497798470351873
0.06354832871709555
0.05107654576348939
0.03782927712167751
0.024099006531147795
0.010191899729044555
-0.003580789096302401
-0.016915511119431986
-0.029525043191952285
-0.04114979850137851
-0.05156446629479793
-0.06058602516635916
-0.06807692766469647
-0.07394876424620866
-0.07816141495882756
-0.08072230736676413
-0.08168194383426144
-0.0811296274346117
-0.07918655772052688
-0.07599950530865443
-0.07173304767698137
-0.06656282432832754
-0.0606684062712256
-0.05422748952709346
-0.04741045917911412
-0.04037633833732761
-0.03326951463732878
-0.026217664323259594
-0.019330557813379133
-0.012699701622790207
-0.006398767957254517
-0.00048443288153799606
0.005002173572319996
0.010034006539262596
0.014596201745082514
0.018684468295248127
0.022303150983228836
0.025463789945899536
0.02818339852622939
0.03048334244632959
0.03238793535632251
0.03392367033663121
0.03511813763340048
0.03599957153787184
0.03659604484515596
0.036935265778703257
0.03704398817499824
0.036947990972485086
0.0366716468357647
0.0362380270173032
0.03566858238074969
0.03498332996542121
0.0342006123214079
0.03333733423443992
0.03240877606526192
0.031428858371226234
0.03040999203556045
0.029363355117880928
0.02829876747064252
0.02722496876929668
0.02614950874566793
0.025079018671060996
0.02401911085051789
0.022974638329677555
0.021949599226417992
0.020947381368993365
0.01997066856814697
0.019021668407871294
0.01810201875028904
0.01721299805461767
0.016355431312133118
0.015529883108167686
0.014736562826680342
0.013975501243302596
0.01324645526181017
0.012549069175894951
0.01188277944639079
0.011246961945713297
0.010640837394180824
0.010063605953618241
0.009514353955445599
0.008992177174807256
0.008496089436867563
0.008025135814047164
0.007578303616281613
0.0071546266381272774
0.006753098939829712
0.006372771144933553
0.006012667321906422
0.005671874203170301
0.0053494613848909
0.005044564223156803
0.004756307485647155
0.004483882572421876
0.0042264746845751345
0.0039833349251614915
0.003753710993506911
0.003536914641059456
0.0033322558530754533
0.0031391060692825806
0.0029568357817676832
0.0027848738712456184
0.0026226485234663375
0.0024696429884739687
0.0023253397007155165
0.0021892727273457482
0.0020609749651626036
0.0019400275139688766
0.001826009816837255
0.0017185461664461954
0.0016172586529523674
0.0015218109900247902
0.001431864132698221
0.0013471175926816124
0.0012672675901122083
0.0011920460107341562
0.0011211809607030619
0.0010544335061001564
0.0009915605014763856
0.0009323492409543682
0.0008765824380794102
0.0008240709077675771
0.0007746205791885283
0.0007280633201095192
0.0006842258700238259
0.0006429589104799076
0.0006041078117605778
0.0005675400455822905
0.0005331176447732813
0.0005007230488283213
0.00047023318073869346
0.00044154381020499936
0.0004145451581508031
0.000389144856326453
0.000365244995039097
0.0003427637546546968
0.00032161381612007327
0.0003017227343528582
0.00028301263744288653
0.00026541940650960004
0.0002488735945933614
0.00023331847515229006
0.0002186921136119119
0.0002049443433352619
0.0001920199280858925
0.0001798745201881324
0.00016845885519347736
0.00015773374512283086
0.00014765525027544586
0.00013818875586751967
0.0001292950703492251
0.00012094363053851755
0.00011309947867814001
0.00010573564008280096
0.00009882093376920788
0.00009233156118600002
0.00008623971033348642
0.00008052439285123061
0.00007516080322184806
0.0000701304382333933
0.00006541117561417536
0.00006098670843825432
0.00005683731047999155
0.00005294861431998617
0.00004930303356718378
0.000045887912967042484
0.000042687578216383715
0.00003969088406697479
0.00003688386460874414
0.00003425670570442324
0.00003179696923136941
0.000029496013241148605
0.000027342766011933433
0.000025329616839598616
0.000023446716869707624
0.000021687361265656094
0.00002004279663263831
0.00001850711249545215
0.0000170725379822754
0.000015733858031410442
0.000014484182939789977
0.000013318905170956542
0.000012231927274590222
0.000011219171056059818
0.000010275251343498825
9.396549650217147e-6
8.578322556056622e-6
7.817350025563828e-6
7.109467414114566e-6
6.451797694253587e-6
5.840699004265528e-6
5.273589976811754e-6
4.7473015433513125e-6
4.25950378914409e-6
3.807456669190732e-6
3.389043579307138e-6
3.0019147010585057e-6
2.644132200322941e-6
2.3137023037474794e-6
2.008834293033903e-6
1.727860706779355e-6
1.4691107026488189e-6
1.2312162270065646e-6
1.0126014003363905e-6
8.121741496453452e-7
6.284319748542206e-7
4.6053779207427537e-7
3.070423675378251e-7
1.673460905778393e-7
4.003475181401441e-8
-7.526936556759564e-8
-1.7996161339798106e-7
-2.742111636778824e-7
-3.5940990117667733e-7
-4.3552935880283094e-7
-5.039714571851344e-7
-5.645207694465979e-7
-6.186011886496352e-7
-6.658181410923941e-7
-7.076295000956339e-7
-7.434682653448899e-7
-7.748368556839015e-7
-8.010014810821483e-7
-8.235192112645956e-7
-8.414933126463086e-7
-8.565455581969291e-7
-8.676192401504726e-7
-8.764098950964375e-7
-8.817028987939148e-7
-8.852764376177329e-7
-8.857583836167573e-7
-8.850185537527694e-7
-8.815280503012638e-7
-8.772558614452007e-7
-8.705157722255697e-7
-8.633845844070737e-7
-8.540172525379208e-7
-8.446063804528608e-7
-8.331453302264238e-7
-8.2195065543493e-7
-8.0885187747196e-7
-7.9629795895528e-7
-7.819507637383671e-7
-7.68398782206143e-7
-7.53131997045531e-7
-7.388888761951119e-7
-7.229815954246254e-7
-7.083059077603917e-7
-6.919916238788889e-7
-6.771008222988972e-7
-6.605747239117171e-7
-6.456509062613432e-7
-6.290738869924985e-7
-6.142676178573497e-7
-5.977722239874725e-7
-5.832075400307864e-7
-5.669010200114236e-7
-5.526786443430328e-7
-5.366466879775071e-7
-5.228481489601416e-7
-5.071574179128073e-7
-4.938470814688254e-7
-4.785492752544103e-7
-4.657765548268501e-7
-4.509088970768616e-7
-4.387117613067648e-7
-4.2430053701056313e-7
-4.1270603908572135e-7
-3.9876737750469207e-7
-3.877944708316713e-7
-3.7433646584589807e-7
-3.6399664098190464e-7
-3.510200926364919e-7
-3.4131906659032224e-7
-3.288194133313377e-7
-3.1975741679647545e-7
-3.077249923999438e-7
-2.992993497304595e-7
-2.8772064712009466e-7
-2.799246529759884e-7
-2.6878289029057635e-7
-2.6160740545054935e-7
-2.508834841822073e-7
-2.443182026635966e-7
-2.3399039140368813e-7
-2.2802343089113367e-7
-2.1806855412581628e-7
-2.1268716501594507e-7
-2.0308082285109998e-7
-1.9827160414402216e-7
-1.8898886007008956e-7
-1.847379049928317e-7
-1.7575307670830137e-7
-1.7204706148924566e-7
-1.633334105998447e-7
-1.6015917323627287e-7
-1.5169017985980225e-7
-1.4903490213093988e-7
-1.4078400385077933e-7
-1.3863565457084874e-7
-1.3057589376653784e-7
-1.289231910785132e-7
-1.2102820289268054e-7
-1.1986076317795615e-7
-1.1210371812223446e-7
-1.1141193441807467e-7
-1.037665654056491e-7
-1.035423507872119e-7
-9.598243939524075e-8
-9.621800085137487e-8
-8.871772824461746e-8
-8.940725663681672e-8
-8.194093223472484e-8
-8.307919440454335e-8
-7.562129887088495e-8
-7.720469790176088e-8
-6.972983084459132e-8
-7.175591069198034e-8
-6.423869014808125e-8
-6.670621241888252e-8
-5.912152578935891e-8
-6.203101684955574e-8
-5.4353224195214766e-8
-5.7705749000388964e-8
-4.991018714281219e-8
-5.3708535444344076e-8
-4.5769836180632886e-8
-5.00185110414695e-8
-4.19116774952629e-8
-4.6615818607041984e-8
-3.8315359630302734e-8
-4.348160108987365e-8
-3.4961974678380294e-8
-4.059842369655575e-8
-3.1834109335573844e-8
-3.795027392873928e-8
-2.8914808140332567e-8
-3.5521549776046376e-8
-2.6188506405435134e-8
-3.329807085574265e-8
-2.36404451597306e-8
-3.126651369624542e-8
-2.125672659615029e-8
-2.9414168712806804e-8
-1.9024586215603542e-8
-2.7730238663820396e-8
-1.693174241940684e-8
-2.6203633924206443e-8
-1.496694623506397e-8
-2.482411670231484e-8
-1.311860767406324e-8
-2.3583132160657205e-8
-1.1377559473578059e-8
-2.247152928717761e-8
-9.733962809559258e-9
-2.1481991388801553e-8
-8.179263109577892e-9
-2.0607219434235796e-8
-6.70473931406673e-9
-1.9840470388026318e-8
-5.302833913754536e-9
-1.9175605428537346e-8
-3.9660427566759184e-9
-1.860736889584989e-8
-2.6873543517661336e-9
-1.8129919796516354e-8
-1.4560905614295622e-9
-1.7705252203823424e-8