2.012566228455109
2.014541780358491
2.0177782547570478
2.0222227898886134
2.027784503298374
2.0343570102297694
2.0418080117945108
2.0499899131358577
2.0587355390473396
2.0678656319113524
2.077187255573436
2.0864998362036067
2.095594991678482
2.104261623826424
2.1122865222265395
2.1194586768876342
2.1255702598086383
2.1304202147056563
2.133815359314767
2.1355732779924876
2.1355233786352352
2.133509113825194
2.129388889556013
2.123037649579215
2.1143475771198728
2.1032290859460225
2.0896112856605353
2.073442428627917
2.0546901282122643
2.0333413131007987
2.009402199761824
1.982897806356149
1.9538716889696388
1.9223850678475556
1.8885163439716817
1.8523598918483704
1.8140253799415345
1.7736362868308029
1.7313290559450547
1.6872513949069559
1.6415613012632955
1.594425207216201
1.5460169178063017
1.4965156642030197
1.4461049986859547
1.394970819085956
1.3433002662337
1.2912797805358522
1.239094048090274
1.1869241485019169
1.1349465962512326
1.0833316370125994
1.0322424309905998
0.9818335525485635
0.9322503609248252
0.8836277532935511
0.8360897636289103
0.7897486104370526
0.744704554757865
0.7010452694027401
0.6588459715114565
0.6181691204208203
0.5790648199590172
0.541570829131143
0.5057132072973108
0.4715065991793358
0.4389550760402347
0.4080526379507248
0.37878418965138266
0.3511261916229086
0.32504770277410616
0.3005111090510726
0.2774731669365052
0.25588574366239103
0.23569680447870722
0.2168511100601749
0.19929110420197801
0.1829575290159082
0.16779018535285065
0.1537284421312016
0.14071185688429064
0.12868056986354226
0.11757578489391962
0.10734005037112142
0.09791761015284213
0.0892545816681021
0.08129919269536405
0.07400187161736366
0.0673153889865839
0.061194876996645074
0.05559789534791531
0.05048439695750365
0.04581673653652895
0.041559598129172634
0.03767996267133303
0.034147010747223885
0.03093206276537869
0.028008467821918
0.025351527404530016
0.022938378782492483
0.020747910592955596
0.01876064693934577
0.016958660972655918
0.01532546397280198
0.013845921171180463
0.01250614854450037
0.011293433636980453
0.01019614159903104
0.009203642627372395
0.008306227892723686
0.007495044375971561
0.006762020700009961
0.006099809546501225
0.0055017229858729455
0.004961682260455026
0.004474161945795033
0.004034146635808338
0.0036370831268229993
0.003278843399809446
0.002955683961966306
0.0026642144585012403
0.0024013633082404684
0.0021643512681154063
0.00195066253865166
0.001758022629565255
0.0015843741728181972
0.0014278584837801552
0.0012867953928923927
0.0011596679538865954
0.001045105682409641
0.000941871924039583
0.0008488499644784877
0.0007650326310873388
0.0006895108113269964
0.0006214649194496538
0.0005601554259863981
0.0005049158744823858
0.000455145084163242
0.0004103014494149998
0.00036989653011330556
0.00033349040871451675
0.0003006864283095914
0.0002711274188527759
0.00024449138225688066
0.00022048843079702869
0.0001988572520751762
0.00017936262946850314
0.00016179254818945123
0.00014595619031814358
0.00013168156710200764
0.00011881390013874154
0.00010721368509895058
0.00009675538650630728
0.00008732585478218693
0.00007882327525929885
0.00007115587433762732
0.00006424107427692638
0.00005800443575846181
0.00005237897899171847
0.0000473043194795182
0.00004272612335896372
0.00003859540099811038
0.00003486807054005057
0.00003150438039853687
0.000028468559916392777
0.0000257283471132372
0.00002325470939850328
0.000021021457256810765
0.000019005021233930726
0.00001718413579182453
0.000015539661448095
0.000014054325932719888
0.000012712582520052873
0.000011500397988553343
0.000010405139931939238
9.415402957474907e-6
8.520919175762344e-6
7.712415651345535e-6
6.981543411515776e-6
6.320760450090853e-6
5.723275515797777e-6
5.182952019435472e-6
4.694263603775929e-6
4.252215159649256e-6
3.852307776010137e-6
3.490473767586634e-6
3.1630490835593055e-6
2.866719817547846e-6
2.59850053879194e-6
2.3556902183029494e-6
2.1358552557974016e-6
1.9367931333045407e-6
1.7565191591842614e-6
1.593236468243579e-6
1.4453257029368659e-6
1.3113202300492064e-6
1.1898981382926538e-6
1.0798617464023986e-6
9.801314236057504e-7
8.89728631128108e-7
8.077711737063577e-7
7.334591529981233e-7
6.66071339499301e-7
6.049535278733413e-7
5.495157833859207e-7
4.992227803434176e-7
4.5359172875000627e-7
4.1218435162698626e-7
3.7460533865886444e-7
3.404956792179629e-7
3.095315224075159e-7
2.814186326295658e-7
2.558915613482877e-7
2.3270903304085686e-7
2.1165335455068959e-7
1.9252657290152353e-7
1.7515006437547078e-7
1.5936133329463574e-7
1.450137358132866e-7
1.3197381147467087e-7
1.201211068465545e-7
1.0934595033678577e-7
9.954934878347812e-8
9.064113139001202e-8
8.253989864977272e-8
7.517147393436088e-8
6.846888904282253e-8
6.237109243152708e-8
5.682295951211917e-8
5.1774215144709395e-8
4.7179459792691515e-8
4.299727103712984e-8
3.9190239009490715e-8
3.57242175899955e-8
3.2568364323806086e-8
2.9694516857174632e-8
2.707723391193897e-8
2.4693276568830118e-8
2.2521647919085515e-8
2.054316217053575e-8
1.8740481384861065e-8
1.7097758179156227e-8
1.56006685490852e-8
1.4236116265203685e-8
1.2992261220409003e-8
1.1858275557557394e-8
1.0824367299140886e-8
9.881579857503871e-9
9.021810933104784e-9
8.237648405991894e-9
7.522384647888938e-9
6.869882918969036e-9
6.274587345201495e-9
5.731414885385516e-9
5.235761291851699e-9
4.783414500198107e-9
4.370556928759352e-9
3.993696803189651e-9
3.6496671659834234e-9
3.3355722012317474e-9
3.0487833259688416e-9
2.7868980447170213e-9
2.5477334841816297e-9
2.3292956972278924e-9
2.1297709849728386e-9
1.947503897764624e-9
1.7809866666714318e-9
1.628844424975019e-9
1.4898230464031636e-9
1.3627803430275793e-9
1.2466725817725539e-9
1.1405506104457906e-9
1.0435452981219682e-9
9.548677061933216e-10
8.737936729039818e-10
7.996672856814541e-10
7.318848058810926e-10
6.699008163444473e-10
6.132116596212412e-10
5.61363734123756e-10
5.139365979118205e-10
4.705529708467815e-10
4.308616365414594e-10
3.945487789724116e-10
3.613207974295691e-10
3.309166661451833e-10
3.0309076099450944e-10
2.7762598154509416e-10
2.5431667379429123e-10
2.329822970643707e-10
2.134505141264435e-10
1.9557122177060252e-10
1.7919986815708885e-10
1.6421169669220479e-10
1.504853402578285e-10
1.379171540803517e-10
1.2640512750841482e-10
1.1586320359729395e-10
1.0620554122301514e-10
9.736073773019875e-11
8.925646728320598e-11
8.183353865872848e-11
7.503092974151749e-11
6.879962582194232e-11
6.308806495146677e-11
5.785571330097963e-11
5.3058931612776896e-11
4.866425360210673e-11
4.463467989822783e-11
4.0942633396074244e-11
3.755668379613414e-11
3.4454160461855034e-11
3.1608307880541504e-11
2.9000542147394896e-11
2.6608035317692404e-11
2.4415606283590502e-11
2.240373001795553e-11
2.056005747416081e-11
1.8867844086071575e-11
1.7317096522276215e-11
1.5893413462063383e-11
1.4588759674366344e-11
1.3390710998077445e-11
1.229285837806085e-11
1.1284448106080481e-11
1.0360420204458614e-11
9.511434301384158e-12
8.733548169242408e-12
8.018619088825308e-12
7.363629476920931e-12
6.761453214784536e-12
6.209836183307149e-12
5.702516771708478e-12
5.2378698168926656e-12
4.8103703508523365e-12
4.418909946373443e-12
4.058592690524454e-12
3.7287332995473895e-12
3.4249743074443377e-12
3.146975552411808e-12
2.890841632095797e-12
2.656512502490391e-12
2.440490364621839e-12
2.242941171617834e-12
2.0607102664970237e-12
1.894144578742583e-12
1.7403865217785403e-12
1.5999265892711652e-12
1.4701652371311969e-12
1.3517054724562877e-12
1.2421726827650096e-12
1.1422566559284143e-12
1.0497795739058625e-12
9.654967177657395e-13
8.874031102388002e-13
8.163019523953364e-13
7.503406752732819e-13
6.903559293731605e-13
6.346300873971182e-13
5.840213689858413e-13
5.369321216442082e-13
4.942324149005524e-13
4.544317126133414e-13
4.1840401618271144e-13
3.8475482680743413e-13
3.5435565918691636e-13
3.2589847541322274e-13
3.002471309809387e-13
2.7617174159833104e-13
2.545243641030304e-13
2.3414603252817393e-13
2.1587371919817141e-13
1.9861304605944676e-13
1.8318331701602603e-13
1.6854917415915195e-13
1.5551024227533556e-13
1.4308525665559387e-13
1.3205261543550443e-13
1.2148075572515088e-13
1.1212566961581002e-13
1.0310154813450679e-13
9.514108281672395e-14
8.740063222677466e-14
8.058890326304499e-14
7.390112253042845e-14
6.802147021350535e-14
6.218095832852516e-14
5.703877516455467e-14
5.185878430348643e-14
4.7274729299150763e-14
4.2580471277805866e-14
3.8383801623013136e-14
3.4005731912311045e-14
3.002746674627926e-14
2.57942477358544e-14
2.1859849564230913e-14
1.7590667382755217e-14
1.3512016104166456e-14
9.009735875898917e-15
4.60151884442496e-15
-2.325826628384967
-2.315520793361036
-2.298342326936699
-2.274334103970729
-2.2435258547482624
-2.2059625015286777
-2.161684177463221
-2.1107352703648683
-2.0531530703022316
-1.9889730964333339
-1.918222582675561
-1.8409262823752433
-1.7571041918546315
-1.6667796848277263
-1.56998120069847
-1.466753221357916
-1.3571611981588971
-1.241304797049645
-1.1193246915655855
-0.9914166411555705
-0.8578382406823897
-0.7189218608378529
-0.5750792062126083
-0.4268110229516797
-0.2747074730998188
-0.11945282838810425
0.03817977803426033
0.19732975395005636
0.3570604888716817
0.5163669765826598
0.6741929851706193
0.82944398587527
0.9810085842516315
1.1277749257822798
1.268654140344154
1.4025977861622072
1.5286206636334438
1.6458166825693885
1.7533784704023105
1.8506093369797099
1.9369376167391157
2.0119230902997356
2.0752648413347443
2.126801416853782
2.1665119592888664
2.194510344961456
2.2110402655184878
2.2164643857490542
2.21125473017336
2.195978417977515
2.171285072877931
2.1378908824074188
2.096564792767001
2.0481125409011507
1.9933631896343496
1.9331544833282739
1.8683209223733461
1.7996813983632887
1.7280295968895103
1.6541244602429224
1.57868331344769
1.5023753355332226
1.425817465694459
1.3495707648593371
1.2741388939719838
1.1999670252999561
1.1274424979335163
1.0568957941260075
0.9886028672939365
0.9227876295099806
0.8596254096308588
0.7992463964319054
0.7417397090984165
0.6871572937352223
0.6355181601679418
0.5868123203907293
0.5410048457127042
0.4980395448421458
0.4578426048832792
0.4203258164278616
0.3853896648500984
0.3529260065843267
0.3228205629058447
0.29495502777765276
0.2692089798629044
0.2454614555527478
0.22359233614099394
0.20348345154776395
0.18501952139253516
0.1680888694783179
0.15258400444852485
0.13840202708182833
0.12544493306067547
0.11361978909106807
0.10283883120992456
0.09301947541116531
0.08408427308951671
0.075960809943319
0.06858156781119047
0.061883753905843476
0.055809106801506796
0.05030368753888168
0.045317657560512696
0.040805054367782145
0.03672356102082865
0.03303428191521883
0.029701517025280212
0.02669254788172023
0.023977424854957657
0.02152876933400903
0.019321578769692305
0.01733304812549434
0.01554239487101576
0.013930700751251359
0.012480757201066199
0.01117692714298868
0.010005010180918272
0.008952123307140049
0.008006584562650954
0.007157811067256391
0.006396219475273005
0.005713139526897552
0.005100729482976496
0.004551903347872587
0.004060259462373797
0.003620019607046791
0.0032259690153191934
0.002873405688359174
0.0025580902235999375
0.002276203827386667
0.00202430651209907
0.0017993024608854353
0.0015984053120391259
0.0014191096979703863
0.0012591624977399442
0.0011165395319533897
0.0009894218168380962
0.0008761765434603682
0.0007753375059325138
0.0006855896251148856
0.0006057528479525075
0.00053476959206129
0.0004716915226148199
0.00041566939533923674
0.00036594221240214173
0.00032182902834384825
0.0002827200681243646
0.00024807013469301144
0.00021739134201720107
0.00019024782575031716
0.00016624980306451404
0.00014504934063473213
0.0001263355027730424
0.00010983097505345833
0.0000952881038659773
0.00008248621070367834
0.00007122836097987047
0.0000613392344015354
0.000052662489759721776
0.00004505908190613957
0.000038405113147446825
0.000032590507981695395
0.000027517261493847667
0.000023098399933408054
0.00001925655280278435
0.00001592314119601435
0.000013037213674434224
0.000010544815571670841
8.398039754535713e-6
6.554539279558245e-6
4.976753155338809e-6
3.6315321858927757e-6
2.4895072309144528e-6
1.5248041034088973e-6
7.14527855966704e-7
3.854747362204389e-8
-5.209253620380075e-7
-9.794971150637385e-7
-1.3509366862154083e-6
-1.6472939600490394e-6
-1.8791814128739867e-6
-2.0558599977265964e-6
-2.185469667720162e-6
-2.275090200027717e-6
-2.3309300664311694e-6
-2.358368173692358e-6
-2.362108751317332e-6
-2.3462086911086023e-6
-2.3142046902450154e-6
-2.2691298431847323e-6
-2.213618114750407e-6
-2.1499130207777183e-6
-2.079953560864718e-6
-2.005377178032886e-6
-1.927590513265571e-6
-1.8477683248504245e-6
-1.7669118034759045e-6
-1.685844731328898e-6
-1.6052615902262225e-6
-1.5257219267790907e-6
-1.4476900747556e-6
-1.3715284478739304e-6
-1.2975303634006485e-6
-1.2259127940966471e-6
-1.1568435084031927e-6
-1.0904336662869308e-6
-1.0267602704415707e-6
-9.65858878107144e-7
-9.077421779401139e-7
-8.523930040137575e-7
-7.997797066160689e-7
-7.498495897630195e-7
-7.025416248751108e-7
-6.577803846323207e-7
-6.154865511567901e-7
-5.755713832520543e-7
-5.379453912453139e-7
-5.025133486910247e-7
-4.6918144105358024e-7
-4.378528145384273e-7
-4.08433452609607e-7
-3.808282419500529e-7
-3.54945787210791e-7
-3.306949657926558e-7
-3.079888554325398e-7
-2.867417444482391e-7
-2.668723173367479e-7
-2.4830108448279844e-7
-2.3095294670315933e-7
-2.1475500753059178e-7
-1.9963861763547402e-7
-1.8553753315639524e-7
-1.7238952439355818e-7
-1.601348448791987e-7
-1.4871747503931797e-7
-1.380838684902494e-7
-1.281838899955221e-7
-1.1896980762039713e-7
-1.1039697485403852e-7
-1.0242303958954709e-7
-9.500841239933002e-8
-8.81156657162609e-8
-8.170982366598965e-8
-7.575792722049399e-8
-7.022917547978483e-8
-6.509463489367706e-8
-6.032725726172184e-8
-5.590171333356105e-8
-5.179430890918029e-8
-4.798292520766309e-8
-4.444685117570299e-8
-4.1166814945591624e-8
-3.812474769624871e-8
-3.5303892298012556e-8
-3.268851173317842e-8
-3.026406264756739e-8
-2.8016859357245843e-8
-2.593430149906564e-8
-2.4004502969390932e-8
-2.221656419427374e-8
-2.0560173917255405e-8
-1.902591780297067e-8
-1.7604859774603556e-8
-1.6288879731970515e-8
-1.5070240102206e-8
-1.3941946404386406e-8
-1.2897303791943294e-8
-1.1930295040615368e-8
-1.103513110490121e-8
-1.0206641854121524e-8
-9.439824018687973e-9
-8.730240659565602e-9
-8.073569326949369e-9
-7.466006830208419e-9
-6.903819958080695e-9
-6.383752627264423e-9
-5.9025811079235396e-9
-5.45752107712337e-9
-5.045788946403158e-9
-4.665006738064367e-9
-4.312770814572527e-9
-3.987052837565839e-9
-3.685776944793475e-9
-3.40721534934609e-9
-3.1495747926919546e-9
-2.9113856001328775e-9
-2.691098053124703e-9
-2.4874639409570105e-9
-2.299143337512018e-9
-2.125077882780414e-9
-1.9641083147555373e-9
-1.8153388813048293e-9
-1.6777658637549678e-9
-1.5506326631172323e-9
-1.4330694553014679e-9
-1.3244386186533236e-9
-1.223985579238843e-9
-1.1311743516552803e-9
-1.0453495643724755e-9
-9.66061975125977e-10
-8.927416090871204e-10
-8.250131858240633e-10
-7.62380255562714e-10
-7.045305384889321e-10
-6.510309051999894e-10
-6.01622682583798e-10
-5.55927292593404e-10
-5.137316234343386e-10
-4.747041150096192e-10
-4.386703308836705e-10
-4.053392582730518e-10
-3.7456924628117505e-10
-3.461042723957139e-10
-3.198304367291783e-10
-2.9552193496105196e-10
-2.7308831758012794e-10
-2.5232990052203463e-10
-2.3317601338740633e-10
-2.1544957317095768e-10
-1.9909655674810917e-10
-1.8395945964079452e-10
-1.6999823625439578e-10
-1.5707236421059155e-10
-1.451535013409969e-10
-1.3411587641460135e-10
-1.2394091516313284e-10
-1.1451567995986596e-10
-1.058297185124777e-10
-9.77812779736763e-11
-9.036662969438356e-11
-8.349378715368635e-11
-7.716455858650611e-11
-7.129550283017995e-11
-6.58929589512837e-11
-6.088097946520669e-11
-5.6269582485122366e-11
-5.1989407644235784e-11
-4.8053431946345235e-11
-4.4398099994561725e-11
-4.103873978112088e-11
-3.791692540133144e-11
-3.504982361032243e-11
-3.2383553993435817e-11
-2.9936691342379314e-11
-2.765939519198072e-11
-2.5571287022503315e-11
-2.362612809581278e-11
-2.1844284252077786e-11
-2.01827380339917e-11
-1.866234748060667e-11
-1.724298557510698e-11
-1.5945793002540387e-11
-1.4733244955287104e-11
-1.3626591363280489e-11
-1.2590658013999107e-11
-1.1646661321316171e-11
-1.0761557537369636e-11
-9.956412733940013e-12
-9.200120581533595e-12
-8.513501902141345e-12
-7.867218050436785e-12
-7.28176817984359e-12
-6.729431668915531e-12
-6.230325143726805e-12
-5.7582136381491724e-12
-5.332783447764546e-12
-4.9291677892382385e-12
-4.566585736326946e-12
-4.22143404433058e-12
-3.912436745333716e-12
-3.6171605259046523e-12
-3.353814042381298e-12
-3.101049780815059e-12
-2.8765467989223417e-12
-2.6599673554752625e-12
-2.468451595053589e-12
-2.282602410380695e-12
-2.119015560710634e-12
-1.9591712248654288e-12
-1.8191181836406388e-12
-1.6811553355263255e-12
-1.560783876389697e-12
-1.4410666854271172e-12
-1.3369578994394724e-12
-1.2322325356343948e-12
-1.1412984795994856e-12
-1.0485929962904377e-12
-9.679779258378155e-13
-8.845038468260915e-13
-8.114851976767622e-13
-7.345367983624491e-13
-6.664216812293263e-13
-5.932684502372158e-13
-5.272808066754929e-13
-4.550478303670884e-13
-3.8820052473576694e-13
-3.137306840864053e-13
-2.42678071666111e-13
-1.6240266936920133e-13
-8.373170677292074e-14
-2.1345336753575648
-2.103671234138984
-2.0525144951638623
-1.9816836765398271
-1.8919151018635612
-1.7841897721395823
-1.6596424984887503
-1.5196017455301734
-1.3655316815385379
-1.1990457489699369
-1.021861109507521
-0.8358001475594344
-0.6427516538145486
-0.44466638817373766
-0.24352315576541056
-0.04132169938085309
0.15994706726050095
0.3583090473295606
0.5518330730501613
0.738638907234851
0.916920237714085
1.0849523984470886
1.2411128181157975
1.3838884425342943
1.51189412528747
1.6238797459208736
1.7187467943912393
1.7955549822859196
1.8535369143884235
1.892103665482868
1.91085702605226
1.9095931706687583
1.8883116099178685
1.8472158198697153
1.7867178283656762
1.707434604307229
1.6101872284446235
1.4959920137783629
1.3660534893808856
1.2217496445936884
1.0646184666018956
0.8963373238660298
0.7187034739990006
0.5336083375512255
0.34301313060295857
0.14891951821225338
-0.04665778775690925
-0.24172187955836663
-0.43432172589061163
-0.622582000590825
-0.8047291943190649
-0.9791177847388386
-1.1442518195156526
-1.2988050358878873
-1.4416357697269166
-1.5717992337390723
-1.6885543625351318
-1.7913673536933923
-1.879910047630327
-1.9540548899973729
-2.01386550473464
-2.0595842646825555
-2.091616652556059
-2.1105134377029757
-2.1169510592595855
-2.1117108564720013
-2.0956579478219672
-2.0697199942939157
-2.03486688229993
-1.9920911568430772
-1.9423903304697192
-1.8867505264210334
-1.8261325729735076
-1.761459699003097
-1.6936078853014302
-1.6233977984853651
-1.5515892807699119
-1.4788771916694736
-1.4058894966071362
-1.333186353877163
-1.2612610289683734
-1.1905414134890182
-1.121392924600556
-1.054121638327833
-0.9889783884172763
-0.9261627906333093
-0.8658278836628927
-0.8080844665838609
-0.753005783142166
-0.7006317539191788
-0.650973362931229
-0.6040165138432125
-0.5597259152635773
-0.5180484129846182
-0.47891627887941757
-0.44224996389959853
-0.4079607738417819
-0.3759530518793535
-0.3461262757974606
-0.3183767185128183
-0.2925990308682722
-0.26868744939999833
-0.2465369420557679
-0.2260440397987304
-0.20710762478118716
-0.1896294608663288
-0.17351469903173072
-0.15867217518073742
-0.14501469901816977
-0.13245917825487383
-0.12092674710179505
-0.11034276593229743
-0.10063683531685133
-0.09174271051175498
-0.0835982374559744
-0.0761452127208512
-0.06932926954741864
-0.06309970639815042
-0.05740934408405205
-0.052214339866063164
-0.047474030991248146
-0.04315074632803814
-0.03920964708847601
-0.035618544110543444
-0.03234774303206667
-0.02936987239069918
-0.026659737865485263
-0.024194164184880834
-0.021951861101358484
-0.0199132805267977
-0.018060495507793907
-0.01637707291170598
-0.014847965700224027
-0.013459400755545145
-0.012198784103469097
-0.0110546030055707
-0.010016343376908302
-0.009074405003471234
-0.008220030167488105
-0.007445230722835573
-0.006742726831897596
-0.006105884601498332
-0.005528663810577217
-0.0050055648429426025
-0.004531584315854712
-0.00410217011952512
-0.0037131839219669144
-0.0033608632214507535
-0.0030417897876010296
-0.00275285773986317
-0.0024912470782604075
-0.0022543969100835893
-0.0020399833188389674
-0.0018458969674480298
-0.0016702246460721206
-0.0015112305797804594
-0.0013673410822981039
-0.0012371289875096458
-0.0011193009151858398
-0.0010126843280046463
-0.0009162169862934207
-0.0008289362053227238
-0.0007499701389711452
-0.0006785288761798859
-0.0006138972485010059
-0.0005554274603619337
-0.0005025331632177438
-0.0004546833623810173
-0.0004113975416090539
-0.0003722406304852855
-0.0003368189984257959
-0.00030477630173947757
-0.00027579019592893246
-0.0002495689113633345
-0.00022584855804079154
-0.00020439030398525538
-0.0001849781679475075
-0.00016741669582714632
-0.00015152915467767376
-0.0001371556202315422
-0.0001241515005414474
-0.00011238596255846986
-0.0001017407262273063
-0.00009210877047861603
-0.00008339334898469382
-0.00007550692626176265
-0.00006837037491650843
-0.0000619121011428805
-0.000056067390433750384
-0.00005077768888236583
-0.00004599007023999248
-0.00004165664533466358
-0.000037734128230898896
-0.00003418335096106753
-0.00003096891056096894
-0.000028058770343230904
-0.000025423972888829638
-0.000023038312421344605
-0.00002087810155182691
-0.0000189219020578912
-0.00001715033540996113
-0.00001554586152070011
-0.000014092624909756879
-0.000012776272850728667
-0.000011583830529872137
-0.000010503551549340817
-9.524816661591373e-6
-8.638010846872543e-6
-7.834441207783644e-6
-7.1062358738308485e-6
-6.4462774598841085e-6
-5.848119900686604e-6
-5.305934545878466e-6
-4.814441725393956e-6
-4.3688670994934035e-6
-3.964885329034709e-6
-3.5985847439624577e-6
-3.2664209627804996e-6
-2.9651883055742e-6
-2.691981592973957e-6
-2.4441730251194326e-6
-2.2193807070973502e-6
-2.0154499556512496e-6
-1.8304273579137344e-6
-1.6625456632419515e-6
-1.5102023952473439e-6
-1.3719476451765764e-6
-1.2464664321551473e-6
-1.1325688437971075e-6
-1.029175483101132e-6
-9.353095069895009e-7
-8.500846160750776e-7
-7.726986271123146e-7
-7.02423558518814e-7
-6.386004419470232e-7
-5.806311357993784e-7
-5.279741372968972e-7
-4.801378213833619e-7
-4.3667706022323426e-7
-3.9718763840382627e-7
-3.6130352372643764e-7
-3.286922535783688e-7
-2.990527308107594e-7
-2.7211141228120473e-7
-2.4762052785482496e-7
-2.2535493181963467e-7
-2.0511066267711087e-7
-1.867023425582071e-7
-1.6996201135678437e-7
-1.5473697937028376e-7
-1.408888821812371e-7
-1.2829190828730757e-7
-1.1683203152851015e-7
-1.0640554909144329e-7
-9.691845667843651e-8
-8.828524349222295e-8
-8.042838212760642e-8
-7.327733639189503e-8
-6.676814337713461e-8
-6.084259759873976e-8
-5.5447907126189296e-8
-5.053602381587428e-8
-4.606335894205241e-8
-4.1990234495710716e-8
-3.8280646629689035e-8
-3.490181728713094e-8
-3.18239960880087e-8
-2.902009509769435e-8
-2.646552164354184e-8
-2.413788196766164e-8
-2.2016838959117524e-8
-2.00838728622949e-8
-1.8322159112958353e-8
-1.6716376283321198e-8
-1.525260017570277e-8
-1.3918150850355964e-8
-1.2701499904709513e-8
-1.1592149810296296e-8
-1.0580551925823672e-8
-9.658012514353582e-9
-8.816619534884038e-9
-8.049170661086428e-9
-7.349107292861666e-9
-6.710460686894409e-9
-6.1277919465481565e-9
-5.596153030030849e-9
-5.111031729541731e-9
-4.668324867934241e-9
-4.2642874790549274e-9
-3.895515957151113e-9
-3.558900810181292e-9
-3.2516179035267815e-9
-2.9710842849480642e-9
-2.7149559782574652e-9
-2.4810864791010083e-9
-2.2675298159406086e-9
-2.072501395355437e-9
-1.8943852657683606e-9
-1.731697053712107e-9
-1.5830945474815466e-9
-1.4473425153133346e-9
-1.323325877752097e-9
-1.2100162375504197e-9
-1.106487035992375e-9
-1.011881654872259e-9
-9.254300574958511e-10
-8.46418347047911e-10
-7.74206480964585e-10
-7.081991887462055e-10
-6.478644218260856e-10
-5.927055485107957e-10
-5.422802627284661e-10
-4.961739852315713e-10
-4.5401900565922507e-10
-4.154690280969217e-10
-3.80218363478704e-10
-3.4797756458463635e-10
-3.184925212763075e-10
-2.9152113551821364e-10
-2.6685220147917336e-10
-2.4428307548499006e-10
-2.2363824759500212e-10
-2.0474796484160773e-10
-1.8746642129460358e-10
-1.7165129570946206e-10
-1.57181504015879e-10
-1.4393761474694523e-10
-1.3181912190879074e-10
-1.2072570341809054e-10
-1.1057398389599548e-10
-1.0127960291192206e-10
-9.27734467730154e-11
-8.49844947362502e-11
-7.785550669981791e-11
-7.132661673664325e-11
-6.53504699975886e-11
-5.987653400161566e-11
-5.486568327139861e-11
-5.027519981066908e-11
-4.60728082047916e-11
-4.222233765532171e-11
-3.8697213651630417e-11
-3.54667548282535e-11
-3.250912999470844e-11
-2.979826394680999e-11
-2.73162707425695e-11
-2.504094343654157e-11
-2.295767611116004e-11
-2.1047513329464422e-11
-1.9298574647683856e-11
-1.7694640390460645e-11
-1.6226093254985537e-11
-1.4879017811545392e-11
-1.3645674426076111e-11
-1.2514090672235466e-11
-1.147808318271041e-11
-1.0527319936124868e-11
-9.65690585132853e-12
-8.857895671049348e-12
-8.126459165600757e-12
-7.454825083741532e-12
-6.840041762700769e-12
-6.275333351187519e-12
-5.758471451168387e-12
-5.283525540327574e-12
-4.848861024386585e-12
-4.449266487742395e-12
-4.083593228022558e-12
-3.747242652618161e-12
-3.4394620083009524e-12
-3.156175913377635e-12
-2.8969526018021167e-12
-2.6581642333375226e-12
-2.4396375544921434e-12
-2.2381282626439097e-12
-2.0536695487327664e-12
-1.8833464078288226e-12
-1.7273550802609816e-12
-1.5830637998469533e-12
-1.4507956940194058e-12
-1.3281630412195176e-12
-1.2155857354428826e-12
-1.110886686513668e-12
-1.0145575008633934e-12
-9.246032028492052e-13
-8.415663386323387e-13
-7.636097244482225e-13
-6.91309743199486e-13
-6.22966339439735e-13
-5.591758536621971e-13
-4.983579844108312e-13
-4.4111809622570927e-13
-3.859813583042797e-13
-3.335540732404894e-13
-2.824556826198907e-13
-2.3328830038532206e-13
-1.847578217050592e-13
-1.37461432467125e-13
-9.020244507700596e-14
-4.3783606166291e-14
-2.8422201296075107
-2.7622009477695015
-2.631084111103418
-2.451800558013681
-2.2285552749122974
-1.96642179555003
-1.6713642286621726
-1.3499317146806398
-1.009180925776994
-0.6563935907860853
-0.2989649801204939
0.055849029916480115
0.40103938710396325
0.7300521230804969
1.0368672179898513
1.31615139070184
1.5632959167525733
1.7745114733822756
1.946823350314603
2.078114235263126
2.1670837766665723
2.2132511942881443
2.2168910492486678
2.179009921243466
2.1012710370462493
1.9859577966933801
1.835897074307703
1.654417953885508
1.4452783855320817
1.2126217488400741
0.9609060363854124
0.6948558060644167
0.41938917092384537
0.1395601423931697
-0.139522067982358
-0.4127643397059345
-0.6751806967361034
-0.9219769104103901
-1.1486489442312182
-1.3510742367462123
-1.525608060479037
-1.669168869928533
-1.7793181542957224
-1.8543239819898374
-1.8932086802864574
-1.8957758217889087
-1.862613500210398
-1.7950757005338678
-1.695236469975184
-1.5658255269140264
-1.4101382298463732
-1.2319349026648392
-1.035320416839429
-0.8246242620979334
-0.6042692317769933
-0.3786526581791701
-0.1520246629041235
0.07161051748695858
0.28858993989327414
0.49565720173348393
0.6900216627752429
0.8693847187403411
1.0319610017673841
1.176467878035429
1.3021137573085546
1.408558862323099
1.4958802617472873
1.5645149565840009
1.6152127929049924
1.6489730659710973
1.666995481742494
1.6706195196944418
1.6612810239295552
1.6404605235854084
1.6096498768842906
1.5703125849782735
1.5238620097884856
1.4716340949051314
1.4148765076021796
1.3547324026657692
1.2922385415549835
1.2283178111267536
1.1637838523177944
1.0993398073402187
1.0355870329159236
0.9730277632107136
0.9120758550845084
0.8530615000796343
0.79624245641846
0.7418094552853549
0.6898968824242717
0.6405879974129253
0.5939244618858514
0.5499108743689901
0.508522873177553
0.46971077003779105
0.4334061836903509
0.39952474138270494
0.36797133958281725
0.33864199191082756
0.3114278870099323
0.2862165152312441
0.26289472102106737
0.2413492572491259
0.22146902753355338
0.20314521125656693
0.18627287295502368
0.17075078347765552
0.15648254786018104
0.14337622586766927
0.131345102352509
0.12030718794578271
0.11018573005789445
0.1009086541013647
0.0924088906707611
0.08462380044606543
0.07749537425058921
0.07096967093844112
0.06499693192256735
0.05953105067965045
0.05452963158595305
0.0499535017519417
0.04576673508815887
0.04193621151497513
0.038431620571118055
0.03522506915037141
0.03229107416904504
0.029606217435433648
0.027149133484934408
0.024900208634431556
0.022841567725814714
0.020956813572216848
0.019231014745015124
0.017650481262683468
0.016202754498604685
0.01487641493156095
0.013661074579985949
0.012547212805503947
0.011526171273815888
0.010590014093632107
0.009731525078217614
0.008944088852377585
0.008221690079749759
0.007558812540638002
0.0069504399550500235
0.0063919703987832055
0.005879218361223798
0.0054083422109119095
0.004975847160340596
0.004578523806976097
0.004213451721768695
0.0038779473736774805
0.003569568106224455
0.003286068002393896
0.0030254020595262693
0.0027856887683181428
0.002565214338059711
0.0023624009507107967
0.002175810924747666
0.002004119765809949
0.001846120187948102
0.0017006992191642045
0.001566842023869065
0.001443612437765622
0.0013301565553444964
0.0012256861667833366
0.00112948208996874
0.0010408800649604531
0.000959273821988958
0.0008841030588334609
0.0008148562451445133
0.0007510603667995461
0.0006922834733169252
0.0006381259226072472
0.0005882226826844214
0.0005422358517044461
0.0004998567280701263
0.00046079941550160254
0.000424802677333274
0.0003916244656582066
0.00036104357642189683
0.00033285496632539556
0.00030687122546683667
0.00028291856643105175
0.00026083813090405875
0.00024048255285323228
0.00022171711488864408
0.0002044168021773388
0.0001884673234613349
0.00017376258479505428
0.0001602055891387533
0.00014770626952911
0.0001361822801128151
0.0001255571372652862
0.00011576091385869116
0.00010672864439048615
0.00009840093322632572
0.00009072258620382043
0.00008364314257647812
0.00007711570099853999
0.00007109738393603188
0.0000655483305663284
0.000060432101525501066
0.00005571481519734481
0.00005136549983693315
0.00004735535308398163
0.000043658047742096336
0.00004024909721929521
0.00003710612054993121
0.00003420829891550941
0.00003153660486919701
0.00002907333718563739
0.000026802318682804855
0.000024708498443320978
0.000022778122121083707
0.000020998392113415598
0.00001935761378601298
0.00001784490549293814
0.000016450323748563582
0.000015164616123048765
0.000013979328029649862
0.00001288659249413434
0.000011879220905877825
0.000010950524493744831
0.000010094391105818098
9.305133941301545e-6
8.577556172758834e-6
7.906823100322711e-6
7.288516208527547e-6
6.718525439817015e-6
6.193094082282569e-6
5.708728316350964e-6
5.2622341571086586e-6
4.850641821537878e-6
4.471235797033352e-6
4.121491915558987e-6
3.7991014861015256e-6
3.501919254279034e-6
3.227982418731857e-6
2.9754679065701192e-6
2.742706990210727e-6
2.5281505262130115e-6
2.3303797981572296e-6
2.1480785537078284e-6
1.9800406193120094e-6
1.8251477318827942e-6
1.6823744010596074e-6
1.55077067128098e-6
1.4294646459232507e-6
1.3176494357887638e-6
1.214583705591297e-6
1.1195821686559188e-6
1.0320144690420229e-6
9.512986717973702e-7
8.768987526902723e-7
8.083206106374252e-7
7.45108400851191e-7
6.868426627469018e-7
6.331357006683648e-7
5.836314781267939e-7
5.38000222598608e-7
4.959397866028108e-7
4.571696288828427e-7
4.2143338567061026e-7
3.884923594422404e-7
3.5812908067352004e-7
3.3014041692177163e-7
3.043419372522348e-7
2.80560738315176e-7
2.58640451107288e-7
2.3843386669221146e-7
2.1980844865498584e-7
2.0263882890229116e-7
1.8681270958571364e-7
1.7222328878947018e-7
1.5877545328672319e-7
1.4637818468149708e-7
1.3495095950655502e-7
1.244161783591812e-7
1.147057028809718e-7
1.0575334346383914e-7
9.750147385988914e-8
8.98936069999165e-8
8.288103761350012e-8
7.641553047986984e-8
7.04559497107478e-8
6.496107924230725e-8
5.98962045289026e-8
5.522608119385658e-8
5.0921440964227835e-8
4.69521210481524e-8
4.329347134646899e-8
3.991965424775437e-8
3.680993460196128e-8
3.3942157159212284e-8
3.129890458808598e-8
2.8861157678094615e-8
2.661430992004478e-8
2.4542013798571363e-8
2.2632043201546723e-8
2.0870327607176883e-8
1.9246655921204568e-8
1.774889907760114e-8
1.63685508737324e-8
1.509513842305689e-8
1.3921597220179198e-8
1.2838867981274407e-8
1.184110456582859e-8
1.0920454991775344e-8
1.0072102006586272e-8
9.289225448430462e-9
8.567876228254966e-9
7.902116707666508e-9
7.288729653691868e-9
6.7225329025452695e-9
6.20092550426839e-9
5.719372625099227e-9
5.275791630846407e-9
4.866202937326221e-9
4.4889592071108754e-9
4.140557676962157e-9
3.819715978118905e-9
3.5233413424634553e-9
3.2504568152928442e-9
2.998322660203881e-9
2.7662169268071608e-9
2.5517043311175618e-9
2.3542752789508144e-9
2.1717574878557677e-9
2.003817658519827e-9
1.848511120908004e-9
1.7056503982693398e-9
1.5734881994731889e-9
1.4519571396752742e-9
1.3394814589689461e-9
1.2360921558046226e-9
1.1403628856407667e-9
1.0524047325720236e-9
9.70921827724251e-10
8.960899351972417e-10
8.267274260957054e-10
7.630617903005196e-10
7.040117059689737e-10
6.498455118224495e-10
5.99570221885203e-10
5.534859064178946e-10
5.106776160147095e-10
4.714695251306172e-10
4.3501584708733637e-10
4.0165849420073875e-10
3.7061318457119536e-10
3.4223426870534934e-10
3.1579234922292717e-10
2.9164981683123583e-10
2.6912642447634724e-10
2.4858896669987876e-10
2.2940136961063293e-10
2.1193183795342759e-10
1.955841409859873e-10
1.80725441817447e-10
1.667955763780475e-10
1.5415867036544398e-10
1.4228732362490033e-10
1.3154101189957268e-10
1.2142220177004973e-10
1.1228442778938208e-10
1.0365747340932275e-10
9.588790934623983e-11
8.85305834586562e-11
8.192430359236268e-11
7.564698403421375e-11
7.002905586334592e-11
6.466971925540783e-11
5.989056668672068e-11
5.531048893594615e-11
5.1241901460414624e-11
4.7321947392545155e-11
4.3853625115152945e-11
4.0491023849552723e-11
3.752756096185869e-11
3.463307486223229e-11
3.2091293894838926e-11
2.958669723427209e-11
2.739325332769071e-11
2.5209042296875938e-11
2.3298220807739932e-11
2.1371479170596024e-11
1.9683111152631466e-11
1.7955455553915237e-11
1.6432873775196472e-11
1.4848399150582607e-11
1.3436351965388993e-11
1.1939490259818102e-11
1.0581921346631562e-11
9.11511518778093e-12
7.752703366572398e-12
6.253783265362234e-12
4.821165609426189e-12
3.2209677365509157e-12
1.6526843690119217e-12
1.0229709007373813
0.9962955378792022
0.9485856930319265
0.8817177707421322
0.7944770662022272
0.6873678853761876
0.5601305749610489
0.41382120606060363
0.24956789166557808
0.06981078866217164
-0.12247543504745141
-0.3230338283487105
-0.5269204688556952
-0.7281318098476371
-0.9201431495317146
-1.0958386985898516
-1.2480329769079874
-1.3696250819481934
-1.4540846777702292
-1.4957346236128066
-1.4901462319818333
-1.4344446069483148
-1.3275439370420339
-1.1703773616017945
-0.9659134755702479
-0.7192399953184409
-0.43733438212792985
-0.12897406413143028
0.19572095212514998
0.525528448263747
0.8487452396816828
1.1535109024061492
1.4284939559678898
1.6632047635225635
1.848634625111559
1.9774614880535155
2.044542720364292
2.0469403898953527
1.9842040141805823
1.8581838500824472
1.6730884443872902
1.4351026863550749
1.1522533437950748
0.8338902991147401
0.4904291079275203
0.13277850138196975
-0.22795535143517529
-0.5810088018216277
-0.9162157823015239
-1.224445121990237
-1.497758153518716
-1.7297017712471225
-1.915342105634099
-2.0514035643228
-2.136181768976604
-2.16954617643638
-2.152758010387408
-2.0883720707171616
-1.9799976895123286
-1.832142625517505
-1.6499572509008782
-1.439061395461681
-1.2053063336240961
-0.9546170453126623
-0.6927963612480001
-0.42540367743891505
-0.15761398473468166
0.10585750153162324
0.3608393000897626
0.6037333568337965
0.8315479151580124
1.041888532665864
1.2329506966850694
1.4034827782319608
1.5527511361453623
1.6804864884160315
1.7868337791574955
1.8722923181261582
1.937660668497205
1.983978626249086
2.012474643377987
2.0245150420192255
2.0215586776930543
2.00511626056986
1.9767145224582359
1.9378664731740216
1.8900454786592071
1.8346658375402662
1.7730659470659638
1.706497723575366
1.636117356709382
1.5629817155624275
1.488044944082986
1.412159959108475
1.3360791841460686
1.260459427167161
1.1858652644998802
1.112775878673111
1.041589894925102
0.9726330851773151
0.9061637620955282
0.8423805649182231
0.781427791338077
0.7234027475369413
0.668360627415154
0.6163211222820859
0.5672726347034065
0.5211780028811355
0.47797796539246296
0.43759596728573524
0.399940879232532
0.3649109252562916
0.33239571381186483
0.3022793697963229
0.27444196414609995
0.24876195355516287
0.2251171066650788
0.20338636061913742
0.18345034177349834
0.16519274427765482
0.14850053602182964
0.13326495490897003
0.11938147979627928
0.10675052788606325
0.09527725800568952
0.08487203952778241
0.07545014294175982
0.06693203813341886
0.05924301571625449
0.05231336104778906
0.04607793966856277
0.04047628344014307
0.035452164856676203
0.03095362325029369
0.026932545686371084
0.023344654241997363
0.02014910555761715
0.017308454616896327
0.014788280636000014
0.012557138383962793
0.01058621475895152
0.008849275302109508
0.007322353352455654
0.005983696846451749
0.0048134901886994095
0.0037938045330574923
0.002908351304553935
0.0021424377856644355
0.0014827504480195383
0.0009173167011301091
0.00043531573480549214
0.0000270466300409936
-0.0003162358108253486
-0.00060234681864419
-0.0008383134201270224
-0.0010303945443017768
-0.0011842029022008289
-0.001304720070523183
-0.0013964008819440075
-0.0014631841666567298
-0.001508581871755392
-0.001535686140957025
-0.0015472451833299118
-0.0015456673357406032
-0.0015330854952658583
-0.0015113587524755328
-0.0014821269986004086
-0.0014468106510460614
-0.0014066568526085045
-0.0013627377407026437
-0.0013159894757542312
-0.0012672094371863809
-0.0012170891537673565
-0.001166210745323168
-0.0011150746801038812
-0.0010640957231030333
-0.0010136263143136182
-0.0009639522331780752
-0.0009153122762278325
-0.000867893802692627
-0.0008218492893756393
-0.0007772918845782607
-0.000734309330868861
-0.0006929596227499128
-0.000653282712877642
-0.0006152963427079591
-0.0005790058833582359
-0.0005444003871640778
-0.0005114608594439886
-0.0004801565618261123
-0.00045045196446791177
-0.0004223033185477314
-0.00039566449889790904
-0.00037048385262594696
-0.0003467091086479885
-0.00032428450149097097
-0.0003031548959789863
-0.0002832631794218303
-0.00026455372593621235
-0.0002469700460515005
-0.00023045769516500924
-0.0002149621667591012
-0.00020043133271503954
-0.00018681356455347605
-0.0001740597792605078
-0.000162121772002527
-0.0001509539293257022
-0.00014051175646077584
-0.00013075330987771496
-0.00012163790242955494
-0.00011312729896979035
-0.00010518458305802828
-0.00009777515241827987
-0.00009086573164203734
-0.0000844251984611614
-0.00007842372775514485
-0.000072833474748705
-0.00006762783659707456
-0.00006278201454109062
-0.000058272380359729546
-0.00005407693609446488
-0.00005017477368526799
-0.00004654644800412668
-0.000043173519002930925
-0.00004003885138210355
-0.000037126229557172794
-0.000034420595257710804
-0.00003190772655092601
-0.000029574422955326675
-0.000027408240635772172
-0.000025397633173663424
-0.00002353173586379427
-0.000021800469064368403
-0.000020194365279820677
-0.00001870464098338522
-0.000017323060861473227
-0.000016041983128794416
-0.000014854255940375314
-0.000013753240478890335
-0.000012732735112351812
-0.000011786979904530577
-0.00001091060461288993
-0.000010098617738010285
-9.346374920941954e-6
-8.649555191887192e-6
-8.004146742568204e-6
-7.406412645595221e-6
-6.852891349616843e-6
-6.340353808701207e-6
-5.865816379487584e-6
-5.426491015880032e-6
-5.0198085420032395e-6
-4.643363324266259e-6
-4.294945155068393e-6
-3.972479605762256e-6
-3.674066987058979e-6
-3.3979194074917068e-6
-3.1424054803458026e-6
-2.905984958591884e-6
-2.6872580378121837e-6
-2.4848983064839206e-6
-2.2977056523867906e-6
-2.124538153540456e-6
-1.9643677342726847e-6
-1.8162115244272802e-6
-1.6791895328377847e-6
-1.552455918329918e-6
-1.4352580547388293e-6
-1.3268680848772458e-6
-1.2266428441605735e-6
-1.1339560064434865e-6
-1.0482584143852976e-6
-9.690110724859355e-7
-8.957455029239178e-7
-8.279977950588747e-7
-7.653686668508706e-7
-7.074587405218671e-7
-6.539280429398049e-7
-6.044326431502468e-7
-5.58683371269864e-7
-5.163839244748807e-7
-4.772886238732534e-7
-4.4114207059480113e-7
-4.077357945702611e-7
-3.7684952107329905e-7
-3.4830659500490465e-7
-3.219169000814275e-7
-2.9753096772575493e-7
-2.7498457566215426e-7
-2.541514723692365e-7
-2.3488966877272306e-7
-2.170927278888303e-7
-2.006377522764082e-7
-1.854352044089265e-7
-1.7137858328529355e-7
-1.5839275457472098e-7
-1.4638530204969657e-7
-1.3529335796089698e-7
-1.2503660854604245e-7
-1.1556262469242957e-7
-1.068014955086879e-7
-9.870966735756923e-8
-9.12261751920309e-8
-8.431500471655329e-8
-7.792288775299771e-8
-7.202020778224327e-8
-6.656032290162616e-8
-6.151903948261364e-8
-5.685542420256213e-8
-5.254987416786719e-8
-4.856637796124097e-8
-4.488921344363164e-8
-4.1486616676136615e-8
-3.834614083599867e-8
-3.5439691179916563e-8
-3.275758018474755e-8
-3.027488635890763e-8
-2.798424192444587e-8
-2.5863473202677362e-8
-2.3907157964550848e-8
-2.2095505272277357e-8
-2.0424720097163364e-8
-1.887708085285129e-8
-1.7450149068859003e-8
-1.6128003366584095e-8
-1.4909331929015712e-8
-1.3779782320800074e-8
-1.273897424811657e-8
-1.1773925384891713e-8
-1.0885021504437255e-8
-1.0060479321496572e-8
-9.301310533069306e-9
-8.596783602901619e-9
-7.948417592113179e-9
-7.346405783333441e-9
-6.7926744392288474e-9
-6.278232172905312e-9
-5.805327959644134e-9
-5.3656911977794335e-9
-4.961822433845288e-9
-4.586090112706952e-9
-4.2411865712353605e-9
-3.9200485411089634e-9
-3.625510032617874e-9
-3.3510147198103e-9
-3.0994963852215035e-9
-2.864852378956806e-9
-2.650081334443343e-9
-2.4494879458335774e-9
-2.2661067008485776e-9
-2.0946092610253206e-9
-1.938041996955851e-9
-1.7914082785966969e-9
-1.6577466454423911e-9
-1.5323613174761375e-9
-1.418266891829128e-9
-1.311041366731315e-9
-1.2136623301482818e-9
-1.121957747047703e-9
-1.0388576975862476e-9
-9.6041911107894e-10
-8.895162230617867e-10
-8.224163465800708e-10
-7.619313508041418e-10
-7.045224405559705e-10
-6.529341153461704e-10
-6.038067815761307e-10
-5.598138305095192e-10
-5.177617335168654e-10
-4.802500817440333e-10
-4.4423961320809777e-10
-4.122542855823929e-10
-3.813984553072219e-10
-3.5411930838556e-10
-3.276551555584206e-10
-3.043758243846506e-10
-2.816447516552137e-10
-2.617542429182622e-10
-2.421847338754139e-10
-2.2515115072711745e-10
-2.0824337672191199e-10
-1.9359929762339235e-10
-1.789111483994138e-10
-1.6624020238384462e-10
-1.5337428656370745e-10
-1.4229846998895835e-10
-1.3088962464810686e-10
-1.2105688748445033e-10
-1.1075970810014031e-10
-1.0183129846767321e-10
-9.230714873456619e-11
-8.39441386802815e-11
-7.484701887940945e-11
-6.669533673900985e-11
-5.765587271521287e-11
-4.93290315549152e-11
-3.993571021016336e-11
-3.0994555136749564e-11
-2.077551967695005e-11
-1.076386741788977e-11
-3.197878782044452
-2.983741242469204
-2.64357772123947
-2.189289610899407
-1.6440149560957336
-1.0321184214502046
-0.38305699996747467
0.27378782367776044
0.9077864250101263
1.490750889943963
1.9965148050165886
2.403606455860114
2.6950200005950156
2.8599276493994594
2.8932657650081306
2.7965076133218956
2.576904352803898
2.2474121646401044
1.82559830462149
1.332909443210065
0.7933794280187481
0.232496915193468
-0.324075074634459
-0.8517468380957235
-1.3280451801339004
-1.7337145583637548
-2.0533362844939584
-2.276090001382524
-2.3958419238957176
-2.4114720989528977
-2.32642562579695
-2.148618442714985
-1.8895444663810506
-1.5638661752633245
-1.1882459819577602
-0.7807886357445034
-0.35980112179985774
0.05672925796930048
0.45225169272006466
0.8119817465733634
1.1237499556365063
1.3780446297368438
1.5685223644844961
1.691745272955397
1.747363096024883
1.7375971064391216
1.6671675540120852
1.5426241368335336
1.372127628461423
1.1647428378453208
0.9301859775071971
0.6781821776854893
0.41826668522862925
0.1592751547757064
-0.0907506081826681
-0.3249117965766278
-0.5374296835678515
-0.7238416077815306
-0.8808773041984974
-1.0065320596626826
-1.0998745664727367
-1.161036928392754
-1.1909898601614428
-1.1914877793436898
-1.1648423070111764
-1.1138529820940795
-1.0416012181676573
-0.9513874097677196
-0.8465582436751834
-0.7304618939196125
-0.6063138071041366
-0.47717456430654837
-0.3458536044751658
-0.21490938856448727
-0.08658689784170084
0.037163305265884204
0.15471993583809654
0.2647579768469169
0.36626273208503163
0.45848823858207016
0.5409571398420755
0.6134155231099154
0.6758244130309251
0.7283151689598831
0.7711772283875576
0.804817089744003
0.82974565255871
0.8465426720165989
0.8558458308700567
0.8583215372211833
0.8546568412182486
0.8455366460630486
0.8316388074378116
0.813617269775878
0.792100163115257
0.7676780481737157
0.7409045237087437
0.7122886244920127
0.6822973240364941
0.6513511282616864
0.6198278513953074
0.5880605352413597
0.556341943047095
0.524924068029115
0.4940228936005314
0.46381890398969167
0.43446177282647763
0.40607143260424394
0.37874246045034
0.35254538996264917
0.32753065405262893
0.3037299271016155
0.28115955666562675
0.259821805175385
0.23970775520581988
0.22079837998638466
0.20306694303973985
0.18647986879063322
0.1709986797172791
0.1565806659691262
0.14318041495252024
0.1307502955570993
0.1192416392515826
0.1086050633077302
0.09879136148134499
0.08975169398975265
0.08143824165328407
0.07380429024961568
0.06680469605020699
0.060395889969375144
0.05453619578508531
0.04918577622939008
0.04430683852471685
0.03986354090626044
0.035822113860931364
0.03215074196306369
0.028819623607886296
0.025800839730039885
0.02306836997908333
0.0205979570007875
0.018367092920575954
0.01635488544361379
0.014542025151178197
0.012910657707654887
0.011444339762854224
0.010127920003302556
0.008947489305409173
0.007890272181548582
0.006944575157356284
0.006099689282339712
0.0053458394265281485
0.004674097894298891
0.004076336376375441
0.003545150273076114
0.0030738143318835938
0.0026562170077353837
0.002286820309021848
0.001960603360163838
0.001673026624228898
0.001419983756077083
0.001197770130760698
0.0010030420593565507
0.0008327893992742249
0.0006843012302946845
0.0005551422326682897
0.00044312397309738204
0.0003462846910414845
0.00026286541245332354
0.00019129277031810826
0.0001301592398569427
0.00007820862571717598
0.00003431979043591486
-2.5055397158092254e-6
-0.000033156104813261876
-0.00005842130749726519
-0.00007900208117369957
-0.00009551937792744579
-0.00010852298781622899
-0.00011849857589929714
-0.0001258748053928565
-0.00013102914967056696
-0.00013429361844395147
-0.00013595954079912665
-0.00013628214645518982
-0.0001354844885120541
-0.0001337610908834366
-0.00013128115475537672
-0.00012819144800651214
-0.00012461891749748793
-0.00012067296614152808
-0.00011644757398617234
-0.00011202308302365437
-0.00010746791342955372
-0.00010283995464294134
-0.00009818794887651264
-0.00009355256893268158
-0.00008896752895609048
-0.00008446041439713914
-0.0000800535696982039
-0.00007576473333337513
-0.0000716077434686429
-0.0000675930207044415
-0.00006372812550656683
-0.000060018122816532965
-0.00005646601901092942
-0.00005307303562471657
-0.000049838948583989874
-0.00004676229265273257
-0.000043840621537177323
-0.00004107066009879881
-0.000038448500509566994
-0.00003596971558687983
-0.00003362950336803544
-0.00003142277196068577
-0.000029344242599863655
-0.00002738851403774652
-0.000025550132261598915
-0.000023823640560673022
-0.000022203622544099117
-0.000020684742529730323
-0.000019261767246729292
-0.000017929600015586282
-0.000016683285499932756
-0.00001551804022711257
-0.000014429243924709968
-0.00001341246821653441
-0.000012463457406688496
-0.000011578156635069764
-0.00001075268442614797
-9.983361167750132e-6
-9.266675299574019e-6
-8.599312661678916e-6
-7.978117839672198e-6
-7.400124692734199e-6
-6.862514082467418e-6
-6.3626457173115984e-6
-5.8980132570205865e-6
-5.466277486393571e-6
-5.065219596976287e-6
-4.692775617039657e-6
-4.346988517877049e-6
-4.02604376979237e-6
-3.728220795029266e-6
-3.451929484413882e-6
-3.195661417285596e-6
-2.9580271543283603e-6
-2.737707562188408e-6
-2.533491691022886e-6
-2.344228474086582e-6
-2.16886499999458e-6
-2.0063988026240643e-6
-1.8559163455199715e-6
-1.7165460725461876e-6
-1.5874969332520089e-6
-1.4680123278863396e-6
-1.357408516427028e-6
-1.2550295614498402e-6
-1.1602854786056768e-6
-1.0726082560925646e-6
-9.914896200510341e-7
-9.164381889884271e-7
-8.470167431244347e-7
-7.828005553437998e-7
-7.234140685638775e-7
-6.684904309519136e-7
-6.17707499677625e-7
-5.707485967125489e-7
-5.273377706109132e-7
-4.872017797939472e-7
-4.501045562780149e-7
-4.1581041559407687e-7
-3.8411767750441004e-7
-3.548230953386348e-7
-3.2775459879174383e-7
-3.0273693021665886e-7
-2.796234835924961e-7
-2.5826313103850825e-7
-2.3853113999922413e-7
-2.2029716978578196e-7
-2.0345525602415814e-7
-1.878929542551121e-7
-1.7352038679383182e-7
-1.6024050821966577e-7
-1.479772150987957e-7
-1.3664670646147722e-7
-1.2618466138845164e-7
-1.1651866627488644e-7
-1.0759446915639322e-7
-9.934944459434144e-8
-9.173793689271652e-8
-8.470573278026143e-8
-7.821450839712015e-8
-7.221727954347271e-8
-6.668196956478977e-8
-6.156780674609804e-8
-5.6848032050689976e-8
-5.248721321890281e-8
-4.846311277626763e-8
-4.4744888532610875e-8
-4.131414340316951e-8
-3.8143982275988045e-8
-3.52192660297373e-8
-3.251649511011083e-8
-3.0023290727490436e-8
-2.7719075946932793e-8
-2.5593807433861792e-8
-2.362942539823047e-8
-2.181785945900177e-8
-2.0143219381000364e-8
-1.8599098674482696e-8
-1.7171478705124454e-8
-1.5855353560643046e-8
-1.4638320799540518e-8
-1.351655091627988e-8
-1.2479038704867498e-8
-1.1522940365437738e-8
-1.0638460188891704e-8
-9.82357798183139e-9
-9.069546523618795e-9
-8.375031555261646e-9
-7.732196216967885e-9
-7.14027536496707e-9
-6.592223953869537e-9
-6.087746926731385e-9
-5.6204892625498946e-9
-5.190542133410932e-9
-4.792153090296864e-9
-4.4257286061643134e-9
-4.086043618029378e-9
-3.773759985433824e-9
-3.4841153411402417e-9
-3.2179763939543687e-9
-2.97098776302711e-9
-2.744178448137397e-9
-2.5335520311105176e-9
-2.340264030095196e-9
-2.1606355442904263e-9
-1.9959186045097674e-9
-1.84271601450087e-9
-1.7023512105656292e-9
-1.5716777110790652e-9
-1.452069407831736e-9
-1.3406036766495493e-9
-1.2386874407461971e-9
-1.1435986179929117e-9
-1.0567627270130489e-9
-9.75637949565569e-10
-9.016564930783208e-10
-8.324391315635855e-10
-7.694149941100043e-10
-7.103520125819242e-10
-6.566682776720229e-10
-6.062653676069097e-10
-5.605438991445788e-10
-5.175272385945314e-10
-4.785933769867257e-10
-4.418770332164416e-10
-4.087295002080314e-10
-3.7738763971802665e-10
-3.491728792494821e-10
-3.224160701988922e-10
-2.984063645275181e-10
-2.75561361581451e-10
-2.5513615861185105e-10
-2.3562864819238033e-10
-2.1825861722791625e-10
-2.0159847640577495e-10
-1.868318781873592e-10
-1.7260056298594258e-10
-1.6005157753369577e-10
-1.4789130946559525e-10
-1.3723001331916045e-10
-1.2683447657868758e-10
-1.1777820066708324e-10
-1.0888449797976636e-10
-1.0119032922559728e-10
-9.357197251433883e-11
-8.703018641113455e-11
-8.049091939342745e-11
-7.491914885727401e-11
-6.92874129354795e-11
-6.452536919757061e-11
-5.964923105986705e-11
-5.555379572601594e-11
-5.129615456569713e-11
-4.773665734462551e-11
-4.397054053186822e-11
-4.0824023565075456e-11
-3.7427761121656186e-11
-3.457400648626272e-11
-3.1426043832347853e-11
-2.874210309893701e-11
-2.571516637543778e-11
-2.3069077324554974e-11
-2.0023342058963463e-11
-1.726664388658922e-11
-1.404148025229941e-11
-1.1000155255239448e-11
-7.405516701578109e-12
-3.89061679490834e-12
1.7879346958753537
1.6190898435808905
1.3376512110320158
0.9713353986093094
0.5403488879876802
0.07528654640094928
-0.3953663065241941
-0.839770813332019
-1.2299415745548083
-1.539713360618271
-1.7492676402959433
-1.8442807961252576
-1.8183923677632448
-1.6725293320814074
-1.4155569858312405
-1.063340556084379
-0.637846677165684
-0.16588925641574107
0.3229123900462326
0.7974810326447243
1.2279380241402502
1.5866643500635949
1.8510027449880064
2.0036264967907376
2.0347882663690418
1.941691830428994
1.7299629446925744
1.4119177206027147
1.0071730935892496
0.539949308284185
0.03899035289907173
-0.46573811886559013
-0.9434490948326294
-1.3659382053324214
-1.7078442121637447
-1.9496359694762087
-2.0773151715366116
-2.084584114936449
-1.9717376106112128
-1.7468281552987834
-1.4237322914554882
-1.0223877514041955
-0.5662597367752537
-0.081946553287025
0.4035586987333396
0.863474510413354
1.2737268420940653
1.613353955384099
1.8663887144654594
2.0217708504059853
2.074415886882514
2.024534945272804
1.8778977779720505
1.644654791409708
1.3389801001721502
0.9776298759132923
0.5792532243128591
0.1629721806185865
-0.2523431886211669
-0.6492248597934338
-1.0121407199425587
-1.3282241118906175
-1.5875014134294367
-1.7831680262933671
-1.9115068480381947
-1.9717775711129633
-1.9659053106452307
-1.8981094863886827
-1.7744798050552064
-1.602485297969248
-1.390551795551971
-1.1475705999497992
-0.8825614144539964
-0.6042601337485026
-0.320910688028178
-0.03996851578145749
0.23197241195611662
0.4893587322793227
0.7276354076845395
0.9433278072960365
1.1339173413177164
1.2978562612712996
1.4343967229187529
1.543568066422504
1.6259899932836634
1.682836545903157
1.7156558915186353
1.726337595346105
1.7169528421378988
1.6897342417637464
1.6469429210009348
1.5908642528257138
1.523702840643222
1.4475936000572622
1.3645222656473406
1.2763490248810996
1.1847504620857225
1.0912520526401959
0.9971869492371959
0.9037336450659038
0.8118872523533298
0.7224991476598174
0.636257030524976
0.5537240825771061
0.47532487086301056
0.4013822956843253
0.33210716196262513
0.2676318518469401
0.20800204573072642
0.15320658776250917
0.10317036447513486
0.057780225589178384
0.016878422180083077
-0.019715285829109853
-0.05220995254457237
-0.08082485461169188
-0.1057957124477053
-0.12735923021978443
-0.145759240827415
-0.1612339617670119
-0.174022028328979
-0.1843520560746626
-0.19244850016052048
-0.19852314417295772
-0.20278071858343666
-0.20541197670680977
-0.20659901279623494
-0.20650963148909554
-0.20530231962676304
-0.20312166092352155
-0.20010293111448024
-0.19636835185781482
-0.19203129379158496
-0.18719320135831588
-0.1819474014457605
-0.17637656333530302
-0.17055612123137348
-0.16455216089894842
-0.1584244724477483
-0.1522247777973846
-0.1459994357537686
-0.1397879427568875
-0.13362531588348336
-0.12754081399057157
-0.12156002616960619
-0.11570377199157272
-0.10998992349190165
-0.10443245229920291
-0.09904301278247983
-0.09383011089079031
-0.088800474935022
-0.08395832639588291
-0.07930656318005859
-0.0748461168159871
-0.07057697110883947
-0.06649759332077669
-0.06260580909755971
-0.058898297650165576
-0.05537134174565333
-0.05202037875106824
-0.04884064244960301
-0.04582676321640534
-0.04297331649029743
-0.04027446643315611
-0.03772443409011328
-0.03531717972278346
-0.03304680204464077
-0.030907255076396738
-0.028892688355078053
-0.026997194684312078
-0.02521509988478604
-0.023540738237758603
-0.021968699165132884
-0.020493627516701637
-0.01911043353067127
-0.01781411541256378
-0.016599938020367102
-0.015463275438983683
-0.014399763046184264
-0.013405158010532813
-0.012475468712649734
-0.011606831293496182
-0.010795619818092015
-0.010038337179668351
-0.009331708888694699
-0.008672586800117931
-0.008058028978799677
-0.007485214864291762
-0.006951513295087565
-0.006454407859856802
-0.005991554848726199
-0.005560717662940984
-0.005159816194102924
-0.00478686927683316
-0.004440036769846222
-0.004117569139171151
-0.0038178433222780645
-0.003539318623465916
-0.003280567278920428
-0.0030402359316011964
-0.0028170716767223583
-0.002609888461437672
-0.002417589273022267
-0.0022391368793994977
-0.002073572723048544
-0.001919991482444675
-0.0017775571506672644
-0.0016454809556363827
-0.0015230350312077337
-0.0014095332861517285
-0.0013043430152053302
-0.0012068683535232222
-0.001116560124025198
-0.0010329015559831106
-0.0009554166216331173
-0.0008836577350709141
-0.0008172127942806673
-0.0007556946099920678
-0.0006987468379980885
-0.0006460349174497177
-0.0005972510517357893
-0.0005521064622081611
-0.0005103355532518996
-0.0004716893109683311
-0.0004359387687683362
-0.00040286940139274666
-0.0003722839908988354
-0.00034399788484458174
-0.00031784134847762324
-0.00029365557220584714
-0.00027129458377388995
-0.0002506219045169767
-0.00023151208501582255
-0.00021384792229496572
-0.00019752167362317586
-0.00018243275795940239
-0.00016848869499464962
-0.00015560322394194215
-0.00014369700841031124
-0.00013269611423268537
-0.00012253251516816395
-0.00011314287900215392
-0.00010446890425630412
-0.00009645637040175201
-0.0000890553316051231
-0.00008221939267918373
-0.00007590578231268802
-0.00007007482144060138
-0.0000646898953142687
-0.00005971708539382468
-0.00005512505694394928
-0.000050884829410689024
-0.00004696959391864378
-0.00004335460046200469
-0.00004001691768112079
-0.00003693541813351026
-0.00003409049099825049
-0.000031464109250824725
-0.000029039504445732433
-0.00002680130184604916
-0.000024735165137392858
-0.000022827987500483552
-0.000021067512985154687
-0.000019442573198698685
-0.0000179426910942564
-0.000016558354411090007
-0.00001528060678728006
-0.00001410135035848746
-0.000013012928373161112
-0.000012008450458384477
-0.00001108137028188727
-0.000010225827948914433
-9.436225706205584e-6
-8.70758276126067e-6
-8.03511154825828e-6
-7.414580977081693e-6
-6.841895369944975e-6
-6.313462766714709e-6
-5.825778285553667e-6
-5.375794645855494e-6
-4.960511399248423e-6
-4.577345292941599e-6
-4.223726552633475e-6
-3.897467106753919e-6
-3.5963648747022338e-6
-3.3185682149027474e-6
-3.0621889755803552e-6
-2.825661823844492e-6
-2.6073666477692377e-6
-2.4059816763429217e-6
-2.220115677280705e-6
-2.0486539942129934e-6
-1.8904008613063693e-6
-1.7444176691795545e-6
-1.6096756123201677e-6
-1.4853856532539281e-6
-1.3706616294708848e-6
-1.264841519891165e-6
-1.1671610625054112e-6
-1.0770660414028419e-6
-9.938964027365932e-7
-9.17189377237032e-7
-8.463740288791307e-7
-7.810651092924768e-7
-7.207679292191408e-7
-6.651629096466208e-7
-6.138206295923717e-7
-5.664770959265446e-7
-5.227587911602146e-7
-4.824487313816037e-7
-4.4522131361308023e-7
-4.108992703621005e-7
-3.791980970051811e-7
-3.499740433702801e-7
-3.2297788674932315e-7
-2.980941267106337e-7
-2.7510385813916083e-7
-2.5391535599583167e-7
-2.3433579469613676e-7
-2.162934255770735e-7
-1.9961788351659892e-7
-1.8425417206633366e-7
-1.7005129505906935e-7
-1.5696827332019618e-7
-1.4487083777487314e-7
-1.3372970784727286e-7
-1.2342508294314767e-7
-1.139374165116239e-7
-1.0515944451188449e-7
-9.707969101772772e-8
-8.960177510495866e-8
-8.272088415007591e-8
-7.63501043449349e-8
-7.049009673731675e-8
-6.506220109656357e-8
-6.00715475131517e-8
-5.544668846459164e-8
-5.119637563759311e-8
-4.72554806442434e-8
-4.363566281816212e-8
-4.027734500923888e-8
-3.719449359313538e-8
-3.4332422024722207e-8
-3.1706899310063714e-8
-2.926756045418345e-8
-2.7031554285008104e-8
-2.4952346517043058e-8
-2.304811218158506e-8
-2.1275723689612187e-8
-1.9654087290331974e-8
-1.8143115202260347e-8
-1.676219955945788e-8
-1.5473974353520293e-8
-1.4298114288212236e-8
-1.3199698898020251e-8
-1.2198517665553834e-8
-1.1261855227616759e-8
-1.0409478057547085e-8
-9.61066611565145e-9
-8.885050385041917e-9
-8.20372265010941e-9
-7.586087235073954e-9
-7.004886786309823e-9
-6.479225715260252e-9
-5.983355904486756e-9
-5.536023617698469e-9
-5.112864939324429e-9
-4.732222301096963e-9
-4.371005190213607e-9
-4.047116962255683e-9
-3.738641911707579e-9
-3.463017704526923e-9
-3.199415291664074e-9
-2.9647871064575393e-9
-2.7393115157951956e-9
-2.5394418928903126e-9
-2.346292339042118e-9
-2.1758078631760945e-9
-2.0099729722125378e-9
-1.864218465579462e-9
-1.721339182897629e-9
-1.596248353599841e-9
-1.47249531047725e-9
-1.3644739206249517e-9
-1.256435421784176e-9
-1.1622531983273709e-9
-1.0668300774015536e-9
-9.835175988703564e-10
-8.978211218153287e-10
-8.225677664384789e-10
-7.438165289768635e-10
-6.738652410443542e-10
-5.992765747531254e-10
-5.318106642445159e-10
-4.584814039684333e-10
-3.904978111325956e-10
-3.1526852023011034e-10
-2.4343334409307247e-10
-1.627628746824191e-10
-8.370698505163534e-11