1.63375300718726
1.6355899349492704
1.638584121922366
1.6427000445201767
1.6478507260142004
1.653943978159989
1.6608586414327482
1.6684648403029514
1.676612561763023
1.685144738449156
1.6938910110496948
1.7026773418621246
1.711322455869493
1.7196452490952656
1.727462715259065
1.7345956969260385
1.7408676460068724
1.7461090211911663
1.7501565174436533
1.7528563325836095
1.754063674661514
1.7536450961730743
1.7514781946646145
1.7474532002229777
1.7414728426723036
1.7334533584869993
1.7233245194611184
1.711030194542952
1.6965285308626445
1.6797921670132108
1.6608085387245373
1.639579798941027
1.616123197271516
1.5904707254325485
1.5626694999692203
1.5327811245018592
1.5008819945373422
1.4670623535573444
1.4314264397402363
1.3940912121534368
1.3551862723471073
1.3148522489463939
1.2732404512413154
1.2305109233355647
1.186831819823047
1.1423771714322257
1.0973260114033616
1.0518599293047566
1.0061620163220935
0.9604143173696761
0.9147966983926483
0.8694843327310686
0.8246466172251161
0.7804448406193903
0.7370312819611705
0.6945472019091185
0.6531222434088139
0.6128728597988582
0.5739021049168628
0.5362985680552617
0.5001365938360072
0.4654757406168779
0.43236141833609504
0.40082483343840986
0.37088398512003773
0.3425440154682547
0.31579846927001776
0.29062993942408766
0.26701147738319564
0.2449074135985726
0.2242748052707607
0.20506431821196902
0.1872216128516328
0.1706881931101591
0.15540265536526335
0.14130143604822612
0.1283198758320102
0.11639282521255845
0.10545550263892833
0.09544394210288824
0.0862956459525127
0.0779498779555041
0.0703481274890419
0.06343426476231054
0.057154842774766866
0.05145913871364516
0.046299324320915394
0.041630419994828326
0.037410364298709024
0.033599906355151435
0.030162602565583098
0.027064669818637928
0.024274933313089393
0.02176465901132804
0.019507471737035962
0.01747918099783121
0.01565768392607596
0.014022794589949384
0.012556142253346243
0.01124101087054842
0.010062239741090122
0.009006077142697968
0.008060087785506976
0.0072130224693762865
0.006454734746440257
0.005776067016108056
0.005168777388052366
0.004625441646807178
0.004139390356344286
0.0037046255273374155
0.0033157674103463683
0.0029679843827702746
0.0026569485445085135
0.00237877722414825
0.0021299963400830575
0.0019074919395911402
0.0017084802583913216
0.0015304678012929064
0.001371227078275976
0.0012287638746928268
0.0011012977294138481
0.0009872352008326063
0.0008851542599450844
0.0007937825190685937
0.0007119848252251576
0.0006387455713593023
0.0005731588840389959
0.0005144142764214741
0.00046178892399631715
0.0004146360420572288
0.00037237883159334326
0.0003345010710289148
0.0003005423907438316
0.00027009066000624227
0.0002427783133394589
0.00021827619022903082
0.00019629069059849338
0.00017655878866518212
0.00015884583936110958
0.00014294154036110826
0.0001286582476833531
0.00011582770307776544
0.0001042997465187274
0.00009393966134175832
0.00008462719504988666
0.00007625440317032765
0.00006872490875334389
0.00006195214905417474
0.00005585881918537638
0.000050375444403446596
0.000045439965322753586
0.00004099657363152317
0.0000369954057033374
0.000033391591671765685
0.00003014503169030285
0.000027219618024737288
0.000024583074026522523
0.000022206316718909973
0.00002006334309513863
0.00001813070695350436
0.00001638744067771154
0.000014814625120682863
0.000013395337783333918
0.00001211429860144005
0.00001095783758053993
9.913602601002682e-6
8.970541224969129e-6
8.118659259478743e-6
7.349012732218559e-6
6.653508067404953e-6
6.024901213942356e-6
5.45663199473237e-6
4.94282812902483e-6
4.478167693753405e-6
4.057886362580781e-6
3.67766303235886e-6
3.333629044630701e-6
3.022272933071493e-6
2.740450730215078e-6
2.4853065241037714e-6
2.254283208054906e-6
2.0450561298401755e-6
1.8555438342875893e-6
1.6838525726496522e-6
1.5282867314104121e-6
1.3873023643581278e-6
1.2595171074978753e-6
1.1436712187955593e-6
1.0386368573734897e-6
9.433853796652074e-7
8.569959178821952e-7
7.786278974605229e-7
7.075288903625369e-7
6.430114961107697e-7
5.844604738518575e-7
5.313132751472517e-7
4.83066477963665e-7
4.392593795336666e-7
3.9947976790802464e-7
3.6335008231615686e-7
3.3053256542061366e-7
3.007175805122569e-7
2.7362819151259956e-7
2.4901029413026857e-7
2.266366719963266e-7
2.06298655108332e-7
1.87809700034107e-7
1.709983356324382e-7
1.5571131360239e-7
1.4180764027302967e-7
1.291613413382665e-7
1.1765641082386242e-7
1.0718923094726275e-7
9.766429632234051e-8
8.899632674805408e-8
8.110664722199144e-8
7.392502825341347e-8
6.738662108354886e-8
6.14335569506832e-8
5.601235268219285e-8
5.107529728788765e-8
4.657825631038505e-8
4.248187123664327e-8
3.874970209432107e-8
3.5349262479016625e-8
3.225044921616593e-8
2.9426433317122443e-8
2.6852333380053643e-8
2.450598051553671e-8
2.236679877738928e-8
2.0416460034641355e-8
1.8637940305010488e-8
1.7016078686873403e-8
1.5536783181202637e-8
1.4187506123381353e-8
1.2956577063053026e-8
1.1833605638396689e-8
1.0808922453664316e-8
9.873919004099062e-9
9.020580345011842e-9
8.24177048992128e-9
7.530843084065798e-9
6.881879647857959e-9
6.289366519784648e-9
5.748392388740942e-9
5.25438151341513e-9
4.8032561680849804e-9
4.3912176257525356e-9
4.0148784209904145e-9
3.671083842590127e-9
3.357018283389835e-9
3.070061058958265e-9
2.807870558286571e-9
2.5682691166425124e-9
2.3493081937365887e-9
2.149177805470195e-9
1.9662555297213054e-9
1.7990366636470942e-9
1.646169484420328e-9
1.5064028632525672e-9
1.3786098828490956e-9
1.2617501209643156e-9
1.1548834423253084e-9
1.0571445756583532e-9
9.677486502900102e-10
8.859760416543116e-10
8.111710072231484e-10
7.427350753942806e-10
6.80119947857552e-10
6.22827963011157e-10
5.704002688313705e-10
5.224231109747958e-10
4.785121385992039e-10
4.3832345452961255e-10
4.015347935614904e-10
3.6786043213560277e-10
3.3702987205718507e-10
3.088058439874217e-10
2.829610371418013e-10
2.5929854793080085e-10
2.376271162248879e-10
2.1778347053423982e-10
1.9960646224288136e-10
1.8296084425632647e-10
1.6771063481126214e-10
1.5374393963275996e-10
1.4094582529309147e-10
1.292238573939586e-10
1.18480718909099e-10
1.086401902691695e-10
9.961970974485369e-11
9.135656686942176e-11
8.378056888842457e-11
7.684025782543158e-11
7.047581863250912e-11
6.464516334541706e-11
5.929719219865978e-11
5.439761654697467e-11
4.9902663322846987e-11
4.5784532423812205e-11
4.200561702153184e-11
3.8543511531068786e-11
3.536580502279146e-11
3.24545732163964e-11
2.978178924683511e-11
2.7333247805044708e-11
2.5084626460093945e-11
2.3024802479899044e-11
2.1132588547535434e-11
1.9399413264435166e-11
1.7806747188078286e-11
1.634812682686693e-11
1.5007280268618375e-11
1.3779481860467195e-11
1.2650381118748798e-11
1.1616681454894702e-11
1.0665671406697346e-11
9.795225899053324e-12
8.99403498353367e-12
8.260930362966562e-12
7.585803657506702e-12
6.9682644047587815e-12
6.3992372882351525e-12
5.878960661954909e-12
5.399250096543685e-12
4.960848765145396e-12
4.556343010113029e-12
4.1868777481257795e-12
3.845708473156037e-12
3.5342962636964677e-12
3.2464796607191572e-12
2.9839649496284176e-12
2.7411006380767837e-12
2.5197794917611592e-12
2.3147978454763663e-12
2.128186439841065e-12
1.9551364947780844e-12
1.7977767619553094e-12
1.6516481427655003e-12
1.518944571469518e-12
1.3955179437268946e-12
1.2836005061801743e-12
1.179321954336296e-12
1.0849309495955816e-12
9.968064276710694e-13
9.171957143312435e-13
8.427023411198781e-13
7.755580038260945e-13
7.125694970255487e-13
6.559414693883776e-13
6.026654504932736e-13
5.549100172047971e-13
5.098352851070678e-13
4.69566721081097e-13
4.3141889886512e-13
3.974687837446779e-13
3.65172999809957e-13
3.3655598105346997e-13
3.092054606167045e-13
2.8509043505209984e-13
2.6192005798831303e-13
2.416059063146894e-13
2.219699378231339e-13
2.0486508418093575e-13
1.88218410539542e-13
1.7382359416742567e-13
1.5970590068502898e-13
1.475996422730838e-13
1.3562205755216064e-13
1.2544838194297794e-13
1.1528218416009686e-13
1.0674022566238417e-13
9.810726456260318e-14
9.094243282829031e-14
8.360696671335562e-14
7.760339074863411e-14
7.136507142588065e-14
6.633906700459914e-14
6.102682716698207e-14
5.682114791399404e-14
5.2287753437697243e-14
4.8766386233216526e-14
4.488340774917428e-14
4.192665534788178e-14
3.8579584624889335e-14
3.607913671169812e-14
3.3162316630303006e-14
3.1015935938450254e-14
2.842687698877923e-14
2.653220584051961e-14
2.4164710281254913e-14
2.2411514332340386e-14
2.014679614276009e-14
1.8406675373980975e-14
1.610131235372479e-14
1.421347926330934e-14
1.168251615316816e-14
9.433710609785315e-15
6.427976701748575e-15
3.543975038138218e-15
-1.6571304249615362
-1.6509250829367954
-1.640673093096108
-1.62638513894719
-1.6081451437163927
-1.5860157585702053
-1.5600819273670379
-1.5304064447451773
-1.4970497458604672
-1.4600414273040798
-1.4193914505459928
-1.3750721296386326
-1.3270268275989918
-1.2751609492290297
-1.2193510515609962
-1.1594439420388716
-1.095267316419126
-1.0266357400859603
-0.9533626919180911
-0.875271741951615
-0.792209067186346
-0.70405780347381
-0.6107496460563242
-0.5122802185766113
-0.40871820302549283
-0.30021961721843493
-0.18703296138444445
-0.06951049407642296
0.051891910634699154
0.17660806185794914
0.3039678290687391
0.4331961010504785
0.5634258173344766
0.6937030224388079
0.8230062844869174
0.9502574833885116
1.0743465440796371
1.194146724199943
1.3085427634155737
1.4164486104253633
1.5168363893142107
1.608753889147306
1.691351341018934
1.7638957509198225
1.8257925152590275
1.8765939301001489
1.9160132272795045
1.9439253679137733
1.9603721202942197
1.965554441048416
1.959828569723758
1.9436906864453631
1.917765386515995
1.882784569240852
1.8395707627689586
1.789013048249794
1.7320482791981835
1.6696370937757485
1.6027460133011724
1.532326232292024
1.4592989663272062
1.384538891333655
1.3088641604775408
1.2330253471937171
1.1577005349582254
1.0834896630258257
1.010914242946671
0.9404162977199655
0.8723617077578266
0.8070425499155983
0.7446828475125751
0.6854430337397
0.6294269179819646
0.5766871361395262
0.5272323527556247
0.48103281841756007
0.438027107410817
0.3981271923381435
0.3612242960907395
0.3271931568728415
0.29589680704294413
0.26718990777834334
0.2409224381527668
0.21694212032514584
0.19509711077708775
0.17523762070784937
0.1572177582114971
0.14089648736009625
0.1261387891845665
0.11281611067053761
0.10080700703299275
0.08999722070486793
0.0802799483732717
0.07155566930858502
0.06373215577109367
0.05672414608952285
0.05045319143091811
0.04484724581907628
0.03984041881014586
0.03537253423448593
0.03138883842202579
0.027839562698254505
0.024679620845139607
0.02186819735329005
0.019368455590254706
0.017147164152940236
0.015174428256044745
0.013423359700015723
0.011869837693915261
0.01049222337106625
0.009271152035098896
0.008189290274168941
0.007231158943316413
0.006382929283177182
0.005632274391323907
0.0049681999670357245
0.004380921235311266
0.0038617237261021177
0.003402862336474347
0.002997447696598586
0.0026393640974040128
0.002323177343984982
0.0020440685033959174
0.0017977595944605113
0.0015804604314511948
0.0013888089790876628
0.0012198289229195499
0.0010708819871754318
0.0009396342147183574
0.0008240179791981195
0.000722205285289866
0.0006325775934532563
0.0005537047442021411
0.00048432104977663985
0.0004233087006441273
0.0003696788644974268
0.0003225586494251904
0.0002811761905550706
0.00024485042506482553
0.00021297934551947604
0.00018503199097854559
0.00016053920909202412
0.00013908738923781194
0.0001203112080982267
0.00010388872921390422
0.0000895357140097445
0.00007700179124065545
0.00006606600167332747
0.00005653380405414914
0.00004823359068773275
0.00004101434673595749
0.00003474292899334012
0.00002930223502653741
0.000024589081225439556
0.000020512769591070412
0.000016993435862716465
0.000013960926362980555
0.000011353514481857283
9.117019275100712e-6
7.203810298631314e-6
5.572114745818119e-6
4.185247756604774e-6
3.011066663448004e-6
2.0213774002495177e-6
1.191503615960241e-6
4.998304381291267e-7
-7.253662974559109e-8
-5.421209724322816e-7
-9.23345696931512e-7
-1.2287997317288555e-6
-1.4694535774019668e-6
-1.654860881419595e-6
-1.7933309262919259e-6
-1.892080262333883e-6
-1.957371140965701e-6
-1.994624601939191e-6
-2.0085320299820965e-6
-2.0031385928996423e-6
-1.981933523851318e-6
-1.947910845745549e-6
-1.9036427575436965e-6
-1.8513230430064055e-6
-1.7928269886453873e-6
-1.7297416703285627e-6
-1.6634150915333972e-6
-1.5949765981972149e-6
-1.5253773512030312e-6
-1.4554033820237824e-6
-1.3857090659922653e-6
-1.3168247546316181e-6
-1.2491845676243292e-6
-1.1831300875739425e-6
-1.1189335165187882e-6
-1.0567985679882803e-6
-9.968798212462171e-7
-9.392816724756644e-7
-8.840745533760502e-7
-8.312925913079182e-7
-7.809472281148271e-7
-7.330240748600682e-7
-6.874943638237504e-7
-6.443113566779744e-7
-6.034199813438417e-7
-5.6475305491628e-7
-5.282393926721958e-7
-4.938000323589884e-7
-4.6135505141840176e-7
-4.3081992236007024e-7
-4.0211123333159404e-7
-3.751432612552882e-7
-3.4983275800725336e-7
-3.2609579570688265e-7
-3.0385175423428155e-7
-2.8302046909206947e-7
-2.635255344524761e-7
-2.4529176646055023e-7
-2.2824791841171817e-7
-2.1232445974396806e-7
-1.9745578549163315e-7
-1.8357830236042288e-7
-1.706322026466094e-7
-1.585598427968486e-7
-1.473071420295575e-7
-1.368222349447004e-7
-1.2705654674636286e-7
-1.1796369923992858e-7
-1.0950030752534307e-7
-1.0162511767744534e-7
-9.429956381735546e-8
-8.74871155895806e-8
-8.115362943328868e-8
-7.526688439817252e-8
-6.979675707573603e-8
-6.471492514312475e-8
-5.999489165626076e-8
-5.561183683335774e-8
-5.1542514158485904e-8
-4.776523220572935e-8
-4.425964217521971e-8
-4.100683293428304e-8
-3.798902714344554e-8
-3.518977409434935e-8
-3.259356942798934e-8
-3.018613173789756e-8
-2.7953958993994338e-8
-2.5884676224294175e-8
-2.3966540098219695e-8
-2.2188846281498038e-8
-2.0541392173001044e-8
-1.9014933732366415e-8
-1.760061507863502e-8
-1.6290465711925986e-8
-1.5076804548548354e-8
-1.3952769493610995e-8
-1.2911702487397683e-8
-1.19477043349371e-8
-1.1055006456175563e-8
-1.0228544743529105e-8
-9.463322929832855e-9
-8.755000028800382e-9
-8.099249548164461e-9
-7.492355775134302e-9
-6.930572456672953e-9
-6.410723827544961e-9
-5.929565846227703e-9
-5.484388431923049e-9
-5.072381874995835e-9
-4.6912372567413044e-9
-4.338520240235319e-9
-4.012267097809809e-9
-3.7103677255296553e-9
-3.431155103195449e-9
-3.1727990575828273e-9
-2.9338873332594895e-9
-2.7128313512495527e-9
-2.5084373803036514e-9
-2.3193252943743217e-9
-2.144488607601143e-9
-1.9827270217828747e-9
-1.8331943280458112e-9
-1.6948453509415865e-9
-1.5669709290819048e-9
-1.4486597023838036e-9
-1.3393195662215602e-9
-1.238154609862287e-9
-1.144672596800603e-9
-1.0581772430902695e-9
-9.782614132340332e-10
-9.043148246561756e-10
-8.360027662382045e-10
-7.727892276273496e-10
-7.144010484383049e-10
-6.603663966521832e-10
-6.104643426159002e-10
-5.642785478923642e-10
-5.216323312491733e-10
-4.821573765682164e-10
-4.4571441959501925e-10
-4.119767396520176e-10
-3.80836647451993e-10
-3.5200348926997833e-10
-3.2539615883742716e-10
-3.007553133424687e-10
-2.7802216744002493e-10
-2.5696459708319896e-10
-2.3754250201162726e-10
-2.1954745520006358e-10
-2.0295494268255098e-10
-1.8757720265210265e-10
-1.7340266892750217e-10
-1.6026163384616878e-10
-1.4815323476286925e-10
-1.3692356831861229e-10
-1.265805686837083e-10
-1.1698419707125513e-10
-1.0814956653602334e-10
-9.994882933859151e-11
-9.240290644019017e-11
-8.539469613608167e-11
-7.894976737286633e-11
-7.296051563274685e-11
-6.745617819557083e-11
-6.233756729736451e-11
-5.763676277668646e-11
-5.326205780047088e-11
-4.9247680256174207e-11
-4.5508592619862734e-11
-4.20805882148732e-11
-3.8884593907438814e-11
-3.595748115923318e-11
-3.322552800915566e-11
-3.0726277886656957e-11
-2.839082563130203e-11
-2.625704945884356e-11
-2.426039446320197e-11
-2.2438795076075233e-11
-2.0731638480591953e-11
-1.917668649515304e-11
-1.7716910515376006e-11
-1.63897130813117e-11
-1.5141335273015773e-11
-1.4008669380250573e-11
-1.294094904238351e-11
-1.1974435497216387e-11
-1.1061110121309108e-11
-1.0236507757509915e-11
-9.455140627984884e-12
-8.751743279634844e-12
-8.083166067982365e-12
-7.483287360400776e-12
-6.911123894208623e-12
-6.399657075985866e-12
-5.909916469878104e-12
-5.473958359967276e-12
-5.0546874051799345e-12
-4.683217113459448e-12
-4.32420328802949e-12
-4.0078077193250115e-12
-3.700325429133606e-12
-3.43096473457098e-12
-3.1675584617771498e-12
-2.938365586430607e-12
-2.712664528483756e-12
-2.517773837903271e-12
-2.3243333895897418e-12
-2.1587340659876265e-12
-1.9929001441624836e-12
-1.8523106343675177e-12
-1.7101033858903377e-12
-1.590863674258709e-12
-1.4688775491175016e-12
-1.367856422533158e-12
-1.2631739407988248e-12
-1.1776887124025258e-12
-1.0878055066467967e-12
-1.0155518683355008e-12
-9.38310732159448e-13
-8.773004984751413e-13
-8.108322036054488e-13
-7.593366713198828e-13
-7.020051975282675e-13
-6.58501637241658e-13
-6.088511467709522e-13
-5.719695063430433e-13
-5.286698120503111e-13
-4.971359562490534e-13
-4.589222699528913e-13
-4.314928683910027e-13
-3.9709410273348813e-13
-3.724764033544721e-13
-3.405239894399635e-13
-3.1727087379063607e-13
-2.861765723418766e-13
-2.625430248018291e-13
-2.3032899936622715e-13
-2.0406977296331925e-13
-1.6812656885455348e-13
-1.3620700506533738e-13
-9.296572838545794e-14
-5.1439019064692715e-14
2.1061482411326264
2.079154616154468
2.0340183906878635
1.971369972362716
1.8915860633894415
1.7953833773793055
1.6834871753572984
1.5568745251705536
1.4165950861312335
1.2639131700705617
1.1001870428024083
0.9269595824913991
0.7458645951580022
0.5586844740746416
0.36727023356581645
0.17357586604945596
-0.020413421072675533
-0.21266327560209544
-0.4011553115681183
-0.5838798856105368
-0.7588941588393127
-0.9243207535307111
-1.0783977356399805
-1.2194793907847683
-1.3460773119267835
-1.4568607560745213
-1.5506886564713784
-1.6266081982676794
-1.6838782435175355
-1.721965659788757
-1.740561060134122
-1.7395728741220258
-1.7191363233001984
-1.6796052199028308
-1.6215547531212045
-1.5457706718079636
-1.4532459341708057
-1.3451665315584578
-1.222901630821192
-1.0879851206681612
-0.9420988212105679
-0.7870491109868922
-0.6247432470339556
-0.4571612266885179
-0.2863262170423102
-0.11427297952229098
0.056985390807923385
0.22548991931193757
0.3893694303422171
0.5468704308222111
0.6963873739800077
0.8364863020496234
0.965928060169869
1.0836826136886015
1.1889425515362075
1.2811262805147345
1.3598806918139614
1.425073111136593
1.4767837233126149
1.515287815701932
1.5410400613127688
1.5546498617689928
1.5568605690345878
1.5485213803469442
1.530564891069873
1.5039789673698627
1.4697857063436086
1.4290161276046163
1.3826928469377417
1.331809503236339
1.277318468102615
1.2201159042542151
1.1610348663471084
1.1008359771302236
1.0402054935712068
0.9797509173200266
0.9200030905572378
0.8614156732107578
0.8043701021450114
0.749177745982175
0.6960865613577193
0.6452848126955452
0.5969084156294688
0.5510453054713644
0.5077426938908376
0.46701141483244835
0.4288325734460691
0.3931614387756599
0.3599331916515381
0.3290661375625688
0.3004664409121257
0.2740305854359936
0.24964910993060271
0.22720834686767463
0.20659325375334825
0.187688520348342
0.17038062972338927
0.1545584510351643
0.14011467604541078
0.1269460182088065
0.11495416398109391
0.10404568903067138
0.09413264716261259
0.08513229762002633
0.0769674337449542
0.0695659963024153
0.06286122290496841
0.0567912039816316
0.05129891471599962
0.04633175424195825
0.04184150543142561
0.03778388474289156
0.03411846193039113
0.030808237732521993
0.027819545298641796
0.025121665299940792
0.02268672319684951
0.02048934595481046
0.018506563743370008
0.01671750879339646
0.015103326264053028
0.013646913463959357
0.012332842038335491
0.011147134434031973
0.010077197904864105
0.009111634439185794
0.008240186086192978
0.007453574360787902
0.0067434558505458245
0.006102287199637889
0.005523289712138343
0.005000336275434924
0.004527923620652869
0.00410107789368792
0.003715333291047822
0.0033666533684081784
0.0030514148882523876
0.0027663423367903926
0.0025084959645514824
0.0022752173419210557
0.0020641207241576384
0.0018730478026896826
0.0017000616694805523
0.0015434092109792431
0.0014015170767644474
0.0012729604150924323
0.0011564603644926635
0.001050858046028576
0.0009551131934907453
0.0008682825008945828
0.0007895190879610166
0.000718054455693657
0.0006531985504879122
0.000594324709639716
0.0005408701415065803
0.0004923233501201926
0.000448224892199809
0.0004081568589857057
0.0003717438053355431
0.0003386439404082629
0.00030855015114062534
0.0002811826140511499
0.000256289856475277
0.0002336425517170286
0.00021303457768929158
0.0001942777987694438
0.00017720309392473403
0.00016165596247962627
0.00014749750321078848
0.00013460070910027513
0.00012285138591516204
0.0001121450239712142
0.00010238764989645234
0.00009349318234619185
0.00008538421440889429
0.00007798977581989256
0.00007124604613563667
0.00006509445888418331
0.00005948234747302289
0.000054361337375973414
0.000049687927955647836
0.000045422127616780465
0.00004152797547654148
0.000037972381739105165
0.00003472559355868231
0.00003176020897552942
0.000029051591482246377
0.00002657703092524083
0.000024316111276469883
0.0000222499961249974
0.00002036175402839101
0.000018635749742549654
0.00001705793132011641
0.00001561531117314225
0.000014296218830403476
0.000013089858395169964
0.000011986530591309147
0.000010977255248496191
0.000010053965974421815
9.209188038938293e-6
8.436208717797894e-6
7.728802410587871e-6
7.0813794179238875e-6
6.488751361100597e-6
5.946260884634729e-6
5.449581486053481e-6
4.99483038223456e-6
4.578397736944416e-6
4.197044694251969e-6
3.847757735276325e-6
3.5278336657286063e-6
3.234755463463323e-6
2.9662658098737313e-6
2.7202613242742306e-6
2.4948560498842047e-6
2.2882914248612343e-6
2.098990972074095e-6
1.9254837423487117e-6
1.7664513120833679e-6
1.620662762496521e-6
1.487014959189161e-6
1.3644774107577233e-6
1.252126688434916e-6
1.1490997457792027e-6
1.0546232333096038e-6
9.679740643655183e-7
8.885042880045931e-7
8.15607859823025e-7
7.487416551806944e-7
6.873975522292863e-7
6.311200957090435e-7
5.79483126416472e-7
5.321045424008195e-7
4.886268177923312e-7
4.487292523134115e-7
4.121118154836818e-7
3.785052261249049e-7
3.476576377456177e-7
3.193428464158007e-7
2.933494015549315e-7
2.694872025057215e-7
2.4757867765489593e-7
2.2746399664185427e-7
2.0899401113634407e-7
1.9203428033285996e-7
1.7645950999035354e-7
1.6215656320370083e-7
1.4902017149722304e-7
1.369550803985408e-7
1.2587283834064828e-7
1.1569320690754189e-7
1.0634186078189823e-7
9.775117534784874e-8
8.985869455782445e-8
8.260739356311557e-8
7.594479170844865e-8
6.982277475129818e-8
6.419724769101093e-8
5.902758969819748e-8
5.4276756544271885e-8
4.9910431386950687e-8
4.589749952862261e-8
4.2208949509847585e-8
3.881865408368599e-8
3.570206849707935e-8
3.2837261173996084e-8
3.0203449474428266e-8
2.7782231848117508e-8
2.5555995628672366e-8
2.35093095372927e-8
2.1627233087075077e-8
1.989683444217498e-8
1.8305426679940426e-8
1.6842181282119673e-8
1.5496312746912983e-8
1.425876252323153e-8
1.312035020811798e-8
1.2073506634627366e-8
1.1110407068576595e-8
1.0224735512356516e-8
9.409812873134439e-9
8.66037742445702e-9
7.970718806826828e-9
7.336462061052273e-9
6.7527164989542484e-9
6.215852843506388e-9
5.7216744350117e-9
5.267178831025301e-9
4.84875745911904e-9
4.4639345863539304e-9
4.109600365251089e-9
3.783721413990954e-9
3.483611202854617e-9
3.207607623287993e-9
2.953383805935332e-9
2.7195890263077484e-9
2.5042023138485536e-9
2.3061338671111836e-9
2.123623189566426e-9
1.9557988879254124e-9
1.801122540244566e-9
1.6589053447087301e-9
1.527798476495965e-9
1.4072655557061587e-9
1.2961198705328798e-9
1.1939520550664116e-9
1.099714238099978e-9
1.0131026752806322e-9
9.331886170489236e-10
8.597559348012201e-10
7.919782808024052e-10
7.297119928446989e-10
6.722189373258511e-10
6.194151785133577e-10
5.70638747840569e-10
5.258547285933055e-10
4.844670750789584e-10
4.464808966041756e-10
4.11357355485923e-10
3.791340402392831e-10
3.4932189781389815e-10
3.219846689378035e-10
2.96676754407552e-10
2.734827489582732e-10
2.5199510121625344e-10
2.3231482927049508e-10
2.1406780668741e-10
1.9736777570786813e-10
1.8187007551371053e-10
1.6769808984225702e-10
1.5453322676943813e-10
1.4250594840809565e-10
1.3132081231177316e-10
1.2111323347820793e-10
1.1160840476620962e-10
1.0294493703241754e-10
9.486648859464457e-11
8.751341920797804e-11
8.06459756266891e-11
7.440508028487302e-11
6.856594061049671e-11
6.32690746036108e-11
5.830323499321869e-11
5.380775217497048e-11
4.9583689985277706e-11
4.57685623054583e-11
4.217466463101984e-11
3.893719461840001e-11
3.587873231966329e-11
3.313176750727984e-11
3.0528331038689825e-11
2.8197903344980526e-11
2.598122957072948e-11
2.4004554494398982e-11
2.211668458496963e-11
2.044046509883549e-11
1.883218279202943e-11
1.741117126284233e-11
1.6040678550826624e-11
1.4836457160119543e-11
1.3668251017119551e-11
1.2648197177355337e-11
1.1652116475307644e-11
1.0788524817216784e-11
9.938941230588534e-12
9.208277994804494e-12
8.483408593081575e-12
7.865677818827843e-12
7.247000288347563e-12
6.725204143426739e-12
6.196958243909995e-12
5.75663622742331e-12
5.305397219200542e-12
4.934230848452837e-12
4.548542256804357e-12
4.236013227103243e-12
3.906067419884126e-12
3.643158060721675e-12
3.360513664249114e-12
3.1394387531929207e-12
2.89676381935002e-12
2.7107223061187726e-12
2.5015511889906334e-12
2.344484915611549e-12
2.162974739967747e-12
2.029318448807258e-12
1.8699874181634766e-12
1.7543896983253601e-12
1.61181363240288e-12
1.5088011393948584e-12
1.3772355606702569e-12
1.2807816500366486e-12
1.1536629745914399e-12
1.0566050122867575e-12
9.258637473908134e-13
8.190881546827534e-13
6.741767131208017e-13
5.454597312224028e-13
3.720402875820497e-13
2.055568090734542e-13
-1.0038469315404146
-1.0079262859055078
-1.0106664413756647
-1.0119369771111086
-1.0082191338839763
-0.996924418142458
-0.9742695880160358
-0.9372269747730387
-0.8825032091316449
-0.8077911379641205
-0.7111652416294811
-0.5919356429355592
-0.45020453984189795
-0.28741707894809604
-0.10596051170987217
0.09053727997955331
0.29761411746721717
0.5098782089634608
0.7214242161920363
0.9258841958664747
1.1168309388795243
1.2879134869832254
1.4332132268731246
1.5474050160777746
1.6260316287732226
1.6656416726899765
1.663956874037527
1.6199532334842268
1.5339094192854945
1.4074148800422557
1.2433026403953378
1.0455844643918626
0.8192847641271916
0.5703162805313454
0.3052418209558521
0.031113157198321643
-0.2448068753419973
-0.5152147425192911
-0.773049594078746
-1.0116446732245248
-1.2249841851831949
-1.4078104559178193
-1.5558277450231957
-1.665745927778164
-1.7354130084267987
-1.763784845939382
-1.7509786942455887
-1.698169163725931
-1.6075669262855627
-1.4822523395155545
-1.32609478595725
-1.1435451611232341
-0.9395199477527277
-0.7191798400696428
-0.48780653779723765
-0.25059551021056947
-0.012551621805178272
0.22168082255158708
0.4478845454839104
0.6623878997082083
0.8620844687977463
1.0444969619073547
1.2077513581568573
1.3505923140648364
1.4723213628129017
1.572776446403198
1.652248062594823
1.7114379679696032
1.7513677031711505
1.7733304493186095
1.7788039697494582
1.7694062696275072
1.7468210584908397
1.7127636748667256
1.668923018798884
1.6169403046395896
1.5583679523035412
1.494660789892589
1.4271500489163087
1.3570448565037567
1.2854182697707106
1.2132161502809118
1.1412518699119156
1.070219662948417
1.000694927143212
0.9331495902813088
0.867955523100495
0.8054000792050247
0.7456908115176316
0.6889699710514317
0.6353193396533404
0.5847730070768161
0.5373216345895537
0.49292323365058954
0.4515065412033503
0.41297979766865356
0.3772331574888548
0.3441456292471758
0.3135865888913056
0.2854211273909452
0.25951080611317345
0.23571768346727442
0.2139044762258882
0.19393752757964444
0.175686533783313
0.15902668801614378
0.14383811223760207
0.13000737522784306
0.1174267440166544
0.10599523737217847
0.0956177851186565
0.08620594404273091
0.07767702981516472
0.06995459263099404
0.0629675666060636
0.05665057800234093
0.05094314117562777
0.04578985275708327
0.04113965121680048
0.03694593530033978
0.0331658955151107
0.02976058373997203
0.026694318828971816
0.023934725903506274
0.021452214214080452
0.019219998536652058
0.017213644922656934
0.015411082300036153
0.013792210348758327
0.012338906401888906
0.0110346890713193
0.00986472349996109
0.008815534272993782
0.007875010716521068
0.007032162872885913
0.0062771276694943085
0.005600962175720236
0.004995650927691422
0.004453931223551418
0.003969301577139732
0.0035358743836055107
0.0031483853099197154
0.0028020692325574953
0.00249267030182664
0.0022163375923574032
0.0019696355644817374
0.0017494563626980941
0.001553030416129014
0.0013778527637169666
0.0012216935710374298
0.0010825362524546692
0.0009585877231214266
0.0008482264294804592
0.0007500121970353767
0.0006626425750008345
0.0005849621789586351
0.0005159260075867764
0.00045460821295035663
0.0004001712618432348
0.0003518740946171711
0.0003090461854488174
0.0002710950733609898
0.00023748452911183843
0.00020774145983728037
0.00018143751929375516
0.0001581954009618371
0.00013767333666595498
0.00011957080268578708
0.00010361544249645456
0.0000895682170870484
0.0000772123634605452
0.00006635802455275638
0.00005683291856403082
0.00004848648613237264
0.00004118199855089167
0.000034800260625549014
0.00002923293006964581
0.000024385814143200875
0.000020173209446305637
0.00001652082930075326
0.000013361003997689717
0.000010635274188387968
8.290317390406765e-6
6.280240597519392e-6
4.563120359825213e-6
3.1030255531978525e-6
1.8670763290866113e-6
8.272256158187536e-7
-4.2242728059411946e-8
-7.631474898344045e-7
-1.3555398253199497e-6
-1.8363280544935168e-6
-2.2210917971919864e-6
-2.5228763721522464e-6
-2.753739044439821e-6
-2.9236935334619093e-6
-3.0420286547074265e-6
-3.116385426553289e-6
-3.1538821602288358e-6
-3.1603084929160724e-6
-3.141085743515649e-6
-3.1005638879682116e-6
-3.0428415916103e-6
-2.9711536834025777e-6
-2.8885715635651557e-6
-2.7974701313974157e-6
-2.7001261363649883e-6
-2.5982547765793007e-6
-2.493520918950039e-6
-2.3871367202512416e-6
-2.280298408915929e-6
-2.1738372973216916e-6
-2.0685929287776806e-6
-1.9651107574003793e-6
-1.8639608642355323e-6
-1.7654763894497293e-6
-1.6700256655149636e-6
-1.5777862043006962e-6
-1.4889769447105421e-6
-1.4036632333796825e-6
-1.3219549068902597e-6
-1.2438382674198796e-6
-1.169344888719799e-6
-1.0984070847719253e-6
-1.0310016216161246e-6
-9.670256148875114e-7
-9.064187271907019e-7
-8.490568157355541e-7
-7.948556814175056e-7
-7.43680126498449e-7
-6.954318832843482e-7
-6.499720391936186e-7
-6.071953986021603e-7
-5.669644935161783e-7
-5.291723121772562e-7
-4.936863420966314e-7
-4.6040132530214937e-7
-4.2919198058849327e-7
-3.9995721093860995e-7
-3.7258032687583136e-7
-3.469659308036717e-7
-3.230066163463428e-7
-3.006135822231798e-7
-2.796889160952453e-7
-2.6015084289820236e-7
-2.41910818387766e-7
-2.2489419007925516e-7
-2.0902142745876862e-7
-1.942248647769893e-7
-1.8043348365173557e-7
-1.675863133671426e-7
-1.5562025894039196e-7
-1.4448065409601645e-7
-1.3411169525208646e-7
-1.2446457310949606e-7
-1.1549013167226587e-7
-1.0714494479991115e-7
-9.938587044848067e-8
-9.217438721700163e-8
-8.547275841725086e-8
-7.924689945660031e-8
-7.346390497061726e-8
-6.809367980735108e-8
-6.310761603841461e-8
-5.8479187492468384e-8
-5.418359263579628e-8
-5.01974843145255e-8
-4.6499419839800705e-8
-4.306887320935657e-8
-3.988735573115506e-8
-3.6936836963289644e-8
-3.420141830600382e-8
-3.166527076240294e-8
-2.9314760490435277e-8
-2.7135995848605647e-8
-2.511731825787106e-8
-2.324653751073224e-8
-2.151371373759943e-8
-1.990814832914732e-8
-1.842139358078412e-8
-1.7044056553105637e-8
-1.576898229864648e-8
-1.4587919345935e-8
-1.3494830483898999e-8
-1.2482461110327757e-8
-1.1545738530060396e-8
-1.0678277996600065e-8
-9.875837508427896e-9
-9.132790854619036e-9
-8.445610098385547e-9
-7.809330188327668e-9
-7.221035808447577e-9
-6.676338034233248e-9
-6.172846096363098e-9
-5.706673054308282e-9
-5.275876350272616e-9
-4.877006464618397e-9
-4.50850299784119e-9
-4.167297693463635e-9
-3.852155242907773e-9
-3.5603398527271616e-9
-3.2908920740946262e-9
-3.041366205026072e-9
-2.811036247214953e-9
-2.5977098241524282e-9
-2.4008579072342376e-9
-2.2185095600866713e-9
-2.0503013868567865e-9
-1.894456249020982e-9
-1.7507495031412658e-9
-1.6175738507412777e-9
-1.4948203765550364e-9
-1.38103085955709e-9
-1.276192420318027e-9
-1.1789779213289598e-9
-1.0894537022302433e-9
-1.0064081118297604e-9
-9.299723709766921e-10
-8.59036790786786e-10
-7.937852700638876e-10
-7.331983505062995e-10
-6.775022416448693e-10
-6.257575326433968e-10
-5.782239540110407e-10
-5.340332965763692e-10
-4.934713760830429e-10
-4.5573349383678894e-10
-4.2112527600642053e-10
-3.888988398346089e-10
-3.5937434143754676e-10
-3.3185487970176693e-10
-3.0667071092660306e-10
-2.831708236956106e-10
-2.6169187175875887e-10
-2.416242822461789e-10
-2.2330802414881134e-10
-2.0617106519436378e-10
-1.905541365190891e-10
-1.759193262325483e-10
-1.6260602491362913e-10
-1.5010743363927808e-10
-1.3875988275634132e-10
-1.2808503567397744e-10
-1.184147679480339e-10
-1.092968633997041e-10
-1.0105762373097262e-10
-9.326887853040607e-11
-8.625046965975815e-11
-7.959642939524031e-11
-7.361945046670597e-11
-6.793412572130451e-11
-6.284547512055275e-11
-5.798718451176161e-11
-5.3656216548144544e-11
-4.9504034348473103e-11
-4.58192752018076e-11
-4.226999605109387e-11
-3.913633787352884e-11
-3.610188340633781e-11
-3.3438187031423205e-11
-3.0843390130587216e-11
-2.858043678531534e-11
-2.6361148185318314e-11
-2.4439889026511564e-11
-2.2541358901080456e-11
-2.0911418396548734e-11
-1.9286912043345918e-11
-1.7905307218541142e-11
-1.651491957022324e-11
-1.5344962193006098e-11
-1.4154600333221154e-11
-1.3164953163464895e-11
-1.2145459688074945e-11
-1.1309321059965098e-11
-1.0435713765362935e-11
-9.730106947082781e-12
-8.980912013961708e-12
-8.386056950307189e-12
-7.742713311866035e-12
-7.241458167458586e-12
-6.687769858651814e-12
-6.265058057724013e-12
-5.786668602161644e-12
-5.429013154949949e-12
-5.012870765593646e-12
-4.707800758173673e-12
-4.341574269276975e-12
-4.07700718339859e-12
-3.748398601906772e-12
-3.511874742116679e-12
-3.2077528584731204e-12
-2.985441744018124e-12
-2.690688769858726e-12
-2.4660376052928304e-12
-2.16195226732493e-12
-1.913787395598826e-12
-1.575816782025551e-12
-1.2756360838579819e-12
-8.703085205756452e-13
-4.811343732052411e-13
-2.5741748276433936
-2.456265972897955
-2.2662463208643606
-2.009432349250262
-1.6954664456198087
-1.3348684531833304
-0.9403477571438847
-0.5249931161153152
-0.1027257119917517
0.31301807138354965
0.7091394711437166
1.0738620172619047
1.3966574387792987
1.6689269337110544
1.883886032957822
2.0369623737938745
2.1255974483642843
2.1493999709105354
2.109870779107328
2.01036945495367
1.8557958779447774
1.652434782951932
1.4076353290085168
1.1295921340217407
0.8270573483059467
0.5091012794523772
0.18487675721367147
-0.13661586816811983
-0.4467074661641788
-0.7372808911438155
-1.000898011458409
-1.2310036158651545
-1.422007365800872
-1.5694667996389389
-1.670124685697921
-1.7220596317233736
-1.7246696986469188
-1.6787710933283573
-1.5865119701735644
-1.4513973766378843
-1.2781186320168125
-1.0724905566392546
-0.8411942090861562
-0.5916305983464707
-0.3315953868497347
-0.06907666218202141
0.18809781013707105
0.4324713945547583
0.657284389019555
0.8566386231966218
1.0257433339184694
1.1609881144495033
1.2600736137120823
1.3219711008404254
1.3469310579342988
1.336337282616411
1.292615312944934
1.2190141314598348
1.1194561223701343
0.9982922500617625
0.8601407462483067
0.7096599413800255
0.5514149435812964
0.38969948803539667
0.22845382384780147
0.07114941862063363
-0.07923618697031136
-0.22027399743601545
-0.35005962270280916
-0.4672200421611888
-0.570855913019762
-0.6605176278931046
-0.7361307368157042
-0.7979576587954266
-0.8465205256013564
-0.8825611457008485
-0.9069711227108653
-0.9207579711499989
-0.9249877666490818
-0.9207610752038176
-0.9091696817837763
-0.8912828869374474
-0.8681173953147558
-0.8406326638146469
-0.8097117316776491
-0.7761634642699348
-0.7407116851523562
-0.7040020285216391
-0.666596865873289
-0.6289847533279069
-0.5915790576393921
-0.5547284300639217
-0.5187175371116973
-0.48377746092301993
-0.450087415774544
-0.41778438592508416
-0.38696510522903077
-0.3576945653193673
-0.3300078370897339
-0.30391731228464947
-0.2794141579373925
-0.2564743050146082
-0.23505946561598776
-0.21512197066355965
-0.196605362619191
-0.17944822770625146
-0.16358442049329594
-0.14894604966043465
-0.1354634084362222
-0.1230672680263126
-0.11168858967406355
-0.10126026489994379
-0.09171667801281232
-0.08299501290736777
-0.07503472391560202
-0.06777850863735405
-0.06117173303124278
-0.055163150666512874
-0.04970431658659574
-0.04475011650318068
-0.04025819405625806
-0.03618933920126738
-0.03250694533831569
-0.029177294456280263
-0.026169054201262115
-0.023453488011518836
-0.021003997368218445
-0.018796277861965333
-0.016807908374804593
-0.015018468419420105
-0.013409173584194682
-0.01196296525399259
-0.010664190070759102
-0.009498669991672778
-0.008453422568810293
-0.007516716982184518
-0.006677831452074945
-0.005927099201552096
-0.005255699147710973
-0.004655694541669666
-0.004119853135108825
-0.0036416803913064634
-0.003215265512186854
-0.0028353105166215517
-0.0024969987831983884
-0.0021960208799444852
-0.0019284625884703692
-0.0016908280890174563
-0.0014799447545990802
-0.0012929841075603786
-0.001127380989444834
-0.000980852581586655
-0.0008513298562746108
-0.0007369748738565846
-0.000636122696885701
-0.0005472971253676731
-0.00046916150494774454
-0.00040053303019705813
-0.0003403410998110607
-0.0002876402982858346
-0.0002415751463116922
-0.00020139185916014592
-0.00016640851062918433
-0.00013602565885503345
-0.00010970108942055336
-0.00008695939413347594
-0.00006737058558786363
-0.00005055871047189626
-0.000036183736327522036
-0.000023949277433093992
-0.00001358724699704533
-4.8647702016619175e-6
2.4288263003200476e-6
8.475843189329372e-6
0.000013441243134326141
0.000017467154238652135
0.000020682233873631042
0.00002319678353580979
0.000025110699207300262
0.000026509138496222696
0.000027469274637694613
0.000028056460959893174
0.000028329971714714765
0.000028339613078116188
0.000028130605414543954
0.00002774059411865802
0.000027203803842104188
0.00002654840646151348
0.00002580005751999268
0.000024979582421278573
0.000024105988264315415
0.000023194432982188953
0.000022258791367313893
0.000021309875276155827
0.00002035762052754114
0.000019409529465813105
0.00001847253520363486
0.000017551640773537155
0.000016651508576486233
0.000015775273053606822
0.000014925895936568682
0.000014105131843456942
0.00001331468379411939
0.000012555303384161447
0.000011827775846026061
0.00001113213849507479
0.00001046852023568017
9.836463814646028e-6
9.235640963530894e-6
8.665265651784591e-6
8.124702915834636e-6
7.6129617900395305e-6
7.129213210930616e-6
6.672352633059032e-6
6.241440137810876e-6
5.835323926689405e-6
5.453013845751197e-6
5.09335800366436e-6
4.755359292240485e-6
4.4378983136242426e-6
4.140001089878618e-6
3.860602314202262e-6
3.5987712609743374e-6
3.353510110821148e-6
3.1239440653449295e-6
2.909150145234727e-6
2.7083166546217345e-6
2.5205984243022686e-6
2.345250036919483e-6
2.1815039920598834e-6
2.028681476434684e-6
1.8860903717604413e-6
1.7531168177134388e-6
1.6291403738893e-6
1.5136091641617716e-6
1.4059698468825629e-6
1.3057287358584653e-6
1.2123945337282262e-6
1.1255274875024012e-6
1.0446931036300436e-6
9.695011066879883e-7
8.99568585564729e-7
8.34550275420692e-7
7.741097864179853e-7
7.179425156784019e-7
6.657537866514866e-7
6.172755142868756e-7
5.722502375488819e-7
5.304425032495963e-7
4.916279090025703e-7
4.5560003535161883e-7
4.2216373416100223e-7
3.9113832178112276e-7
3.623544504798337e-7
3.3565417470013167e-7
3.1089083262311486e-7
2.879265108042675e-7
2.666344408841366e-7
2.4689431317267654e-7
2.2859676138232243e-7
2.1163691124664194e-7
1.9592058522779265e-7
1.8135641670139093e-7
1.6786345793307412e-7
1.5536214245282275e-7
1.4378302423310052e-7
1.3305682955962902e-7
1.2312409412446523e-7
1.1392451008267564e-7
1.0540726141467688e-7
9.751984114044348e-8
9.021891451092924e-8
8.345875487155382e-8
7.720248955408301e-8
7.141028005920374e-8
6.60508274406808e-8
6.108940282144182e-8
5.649950803536295e-8
5.225084556308107e-8
4.832104659592311e-8
4.468365491429462e-8
4.131984871617899e-8
3.820650042967411e-8
3.532783087550324e-8
3.266359624281468e-8
3.0200623696460416e-8
2.7921167503717304e-8
2.581428427216338e-8
2.3864392293558975e-8
2.2062452398083798e-8
2.0394757799651092e-8
1.8853893240513626e-8
1.742777682829736e-8
1.6110375879043133e-8
1.4891017286487197e-8
1.3764843373419273e-8
1.2722403123336829e-8
1.1759835528348455e-8
1.0868750438393252e-8
1.004613044784274e-8
9.284507090628222e-9
8.581575319131035e-9
7.930668221617085e-9
7.330080691813778e-9
6.7738436992224426e-9
6.260755889025313e-9
5.785456643766067e-9
5.347166144667854e-9
4.9410549719492e-9
4.566694649387504e-9
4.2197203022881694e-9
3.899994939413612e-9
3.603560681242194e-9
3.330521042289144e-9
3.077275427642939e-9
2.8441244979110274e-9
2.6277819829909146e-9
2.4287088650671578e-9
2.243896049833554e-9
2.0739336169188e-9
1.91605750005268e-9
1.7709604474881035e-9
1.6360955766402154e-9
1.5122359790204945e-9
1.3970278146649844e-9
1.2913057006542197e-9
1.1928878851268647e-9
1.1026546900660662e-9
1.0185782397514653e-9
9.415712975115207e-10
8.697440121622016e-10
8.04030506158716e-10
7.426651336361221e-10
6.865941515430714e-10
6.341640505514164e-10
5.863255787068155e-10
5.415268027289924e-10
5.007166621951947e-10
4.624355395974476e-10
4.276254074853774e-10
3.9491082596566004e-10
3.652226091197062e-10
3.3726232488530593e-10
3.119462563938462e-10
2.8804664652101345e-10
2.664625670068654e-10
2.460313267161928e-10
2.276326892356272e-10
2.1016404732966217e-10
1.9448425092161488e-10
1.7954633815656798e-10
1.6618705230905107e-10
1.5341111023554234e-10
1.4203230081380273e-10
1.311034632625436e-10
1.214148723392627e-10
1.1206429074549628e-10
1.0381815873890752e-10
9.58162752421285e-11
8.880112351049405e-11
8.19519239623975e-11
7.598724304612114e-11
7.012334648716662e-11
6.505505665025205e-11
6.003351740216996e-11
5.573008685275055e-11
5.1428803381938645e-11
4.777792571971025e-11
4.409256426170844e-11
4.099830943951511e-11
3.783966237440476e-11
3.52200260182536e-11
3.251173430599342e-11
3.0296518442149494e-11
2.797309409915344e-11
2.610205769672928e-11
2.410714660529723e-11
2.2528367276247848e-11
2.0813193651913954e-11
1.9481580837049848e-11
1.8003511891939846e-11
1.6879407061018042e-11
1.5600568801767716e-11
1.4648357205312374e-11
1.3534217417029917e-11
1.2720856760469574e-11
1.1738667108642704e-11
1.1032007941919764e-11
1.0148958710946579e-11
9.515683782807496e-12
8.696565914002255e-12
8.099503298226353e-12
7.303583936060802e-12
6.698040492098907e-12
5.874725628558685e-12
5.2033256740536086e-12
4.285989508000719e-12
3.4713045439176006e-12
2.3689367758266608e-12
1.310358902111246e-12
-2.6933473866364324
-2.4917250005643234
-2.1673848846382846
-1.7388287353187584
-1.229639446703767
-0.6679081711706393
-0.08434127813100396
0.489519918473699
1.0229520782913224
1.4880759317748427
1.8610464471456065
2.12379167922919
2.264455721785948
2.278506987565214
2.1682704418699354
1.9432718161503482
1.6188834440863322
1.215985676149273
0.7589383252790948
0.27481731840937274
-0.208940557828588
-0.6653667569038791
-1.0702447301766036
-1.4026400948422897
-1.6467589691514566
-1.7919003402710492
-1.833659570727177
-1.773175658124645
-1.617621287752551
-1.378794100302065
-1.0730073296165337
-0.7192299770858701
-0.3386234187818103
0.04746783474705357
0.41802886564443165
0.7542147795744617
1.0396310620698503
1.2617495093149436
1.4117674853008488
1.4854629571729565
1.4825764861277606
1.4071089915104908
1.266303690024513
1.070512389691981
0.8319533525783689
0.5643463577654352
0.28166428846706804
-0.0022496389056642528
-0.27473800854078506
-0.5245595791204559
-0.7426216182572651
-0.9219671398280982
-1.058141796087152
-1.1489355402924613
-1.1944271971259424
-1.1965492676125757
-1.1589107511400882
-1.0862911486259332
-0.9843618859011198
-0.8592155935592618
-0.7170914736023625
-0.5640171968057677
-0.40560652287901533
-0.24684906304326296
-0.09200570310067917
0.05545841707247407
0.1928900786082262
0.31840366130054937
0.43083839723777995
0.5296457296641044
0.6148220618902229
0.6867683948385952
0.7462270741422735
0.7941438338785846
0.8316260919096339
0.8598247041334282
0.8799202876170054
0.893030859760375
0.9002243821795121
0.902450915826639
0.9005749712433648
0.8953269943801095
0.8873477113361197
0.8771528171357049
0.8651822419587294
0.8517726957137969
0.8372065556020994
0.82168841814896
0.8053902839804957
0.788429808709225
0.770910156258225
0.7528988720400057
0.7344619989427315
0.7156433159665766
0.6964930592487755
0.6770477143174609
0.6573540513169973
0.6374498267437485
0.6173839471734637
0.5971984315264264
0.5769454695651641
0.5566709044246191
0.5364288324527049
0.5162667473256336
0.4962381893946477
0.4763895819810103
0.45677131067613075
0.4374261955884891
0.41839927684646105
0.39972780783584255
0.38144994508581104
0.3635961144026173
0.34619674865626665
0.3292748658084
0.31285296200104046
0.2969466418552803
0.2815707515807591
0.2667339122925605
0.25244396417263526
0.23870326874463116
0.22551352698863664
0.212871733547312
0.20077442667971482
0.189214194298546
0.17818341014966382
0.16767120725963075
0.15766675178528228
0.14815661332159646
0.13912762497301945
0.1305645918566972
0.12245278288730486
0.11477592876681236
0.1075183877056067
0.10066339239989948
0.0941949284834202
0.08809619669418034
0.08235123935115674
0.07694358934976679
0.07185767648090474
0.06707763929957995
0.06258853973333116
0.05837531744346636
0.05442383797142071
0.05071997212724843
0.04725049994183562
0.04400230001154901
0.04096312878838377
0.03812090679398069
0.03546439030070419
0.03298254298937386
0.03066511485187874
0.028502089272178364
0.026484182006678222
0.024602354868864165
0.0228482459028076
0.02121374188761492
0.019691349294039123
0.018273818725786733
0.016954464919605075
0.015726837029353746
0.014584994775890956
0.013523219174461861
0.012536250942531307
0.01161903688529087
0.010766935808617841
0.00997549632227885
0.009240634764247618
0.008558440665331978
0.007925330554458574
0.007337877759230921
0.006792945415504887
0.006287537661864591
0.0058189147084358244
0.005384462824645457
0.00498179392086706
0.004608632032604094
0.004262899524721833
0.003942618045313118
0.003645983167707912
0.0033712780272799896
0.0031169379640237386
0.0028814752685624367
0.0026635351717363464
0.00246183031491765
0.0022751892475172102
0.0021024994039448948
0.0019427491107311206
0.0017949780003953754
0.0016583133931601206
0.0015319272086895795
0.0014150674698787502
0.0013070208887771438
0.0012071401388818535
0.0011148113932542463
0.001029477924756798
0.0009506119639371607
0.0008777351116999511
0.0008103939633389841
0.0007481777535046206
0.000690697262040751
0.0006376000553275106
0.0005885522504240241
0.0005432516686809391
0.0005014120880873666
0.0004627745833879242
0.00042709394335883286
0.00039414843561638935
0.00036372810658266285
0.00033564317795773513
0.00030971398307085604
0.00028577817493783666
0.00026368208414599887
0.0002432868949585534
0.00022446123739357395
0.0002070864674784061
0.00019105033023625548
0.00017625146251563348
0.00016259398461583038
0.000149991328756855
0.0001383616354342267
0.000127630997240984
0.00011772955207126267
0.0001085942203919905
0.00010016540140355345
0.00009238927175261127
0.00008521500296297927
0.00007859668078326261
0.00007249097284514717
0.00006685872017785866
0.0000616629933316052
0.00005687040091677937
0.000052449480519086136
0.00004837176330560302
0.00004461045310642773
0.000041141281060850454
0.00003794143238038547
0.000034990220589483354
0.000032268226832044376
0.000029757819408203555
0.000027442475142346955
0.000025307166558067648
0.00002333783887820914
0.00002152168425022189
0.0000198467514757794
0.000018302124143819717
0.000016877643255450117
0.000015564003893884485
0.000014352573579439191
0.000013235420162416448
0.000012205211063860865
0.000011255183383203733
0.000010379111198079038
9.571227401409498e-6
8.82624798718021e-6
8.139253843919625e-6
7.5057624769391605e-6
6.921576863088699e-6
6.382896383213946e-6
5.886138865321618e-6
5.428083650092315e-6
5.005672098025771e-6
4.616176708075136e-6
4.256984622947623e-6
3.9257875861551e-6
3.6203523344088677e-6
3.338726928720007e-6
3.0790013615777856e-6
2.839526448075158e-6
2.6186674876699843e-6
2.4150324647441186e-6
2.2272211808439347e-6
2.0540600018513465e-6
1.8943485086391874e-6
1.7470984500760113e-6
1.6112796407873523e-6
1.4860611441237739e-6
1.3705578690733488e-6
1.2640723225262271e-6
1.1658431178794203e-6
1.0752859079601935e-6
9.91744810771564e-7
9.147313689544804e-7
8.43679719282466e-7
7.781826265154009e-7
7.177510689735247e-7
6.620465683545485e-7
6.106457309496821e-7
5.632682441293339e-7
5.195467986590706e-7
4.792502504459082e-7
4.4205925156499163e-7
4.077841852635971e-7
3.7614674962780335e-7
3.469923672502773e-7
3.200778940855915e-7
2.952782847436626e-7
2.7238053837237194e-7
2.512844681031484e-7
2.318029443801921e-7
2.13856674262997e-7
1.9728075924704873e-7
1.8201343833700374e-7
1.6790894100863113e-7
1.5492018842192043e-7
1.4291789180828885e-7
1.318672399726288e-7
1.2165316824223764e-7
1.1225108841630705e-7
1.0355823277797979e-7
9.555850569860991e-8
8.815979045461084e-8
8.135302048051632e-8
7.505532332069027e-8
6.926342464760873e-8
6.390249313492054e-8
5.897400234585413e-8
5.4410132226746886e-8
5.0216223280890544e-8
4.6330584397947844e-8
4.276168074146076e-8
3.945319344526506e-8
3.641608771200837e-8
3.359876723646095e-8
3.101417243428747e-8
2.8614871070095597e-8
2.6415338559602266e-8
2.4371825985212144e-8
2.249997526302018e-8
2.0759306340614036e-8
1.9166319884865906e-8
1.7683446828454464e-8
1.6327790276821496e-8
1.5064382566027247e-8
1.3910716453792406e-8
1.2834157359044984e-8
1.1852411712050992e-8
1.0934944967384565e-8
1.0099532347939998e-8
9.317536475682522e-9
8.606682740678761e-9
7.940053905182415e-9
7.335229042972565e-9
6.766856179537087e-9
6.2522902404544526e-9
5.767608641921733e-9
5.329880019744898e-9
4.916491634284971e-9
4.544176868444154e-9
4.191527322879114e-9
3.874903213063513e-9
3.574007070206941e-9
3.3047972716392706e-9
3.0480043036491233e-9
2.8191637489613717e-9
2.599960088484275e-9
2.4054915727302423e-9
2.2183305202794985e-9
2.053128634055753e-9
1.8932866800620244e-9
1.753004992057179e-9
1.6164592718359469e-9
1.4973972702482306e-9
1.3807212298802719e-9
1.2797280473315663e-9
1.1800025720602738e-9
1.0943949524435864e-9
1.0091326054690421e-9
9.366249341710114e-10
8.637052856030342e-10
8.023498049848877e-10
7.399641013101125e-10
6.880996768551998e-10
6.347033179086494e-10
5.909113097067572e-10
5.451827622420665e-10
5.082486910342781e-10
4.690535734305513e-10
4.3793334498695657e-10
4.042924593309048e-10
3.780819169491472e-10
3.491419704690272e-10
3.270484648819266e-10
3.0205408886765393e-10
2.833685591208525e-10
2.6163396514747864e-10
2.4570166979658397e-10
2.2657982650906222e-10
2.1276728563463758e-10
1.9561377361935276e-10
1.8326857904800462e-10
1.6739616381504453e-10
1.5579493824582886e-10
1.404132109029685e-10
1.286909260512858e-10
1.1282282934788048e-10
9.987360493269298e-11
8.223695287644018e-11
6.657265253943658e-11
4.5419968165121016e-11
2.51102501318195e-11
0.42063787460023727
0.3769905261194815
0.2667859616030645
0.13349498759327347
-0.02318320540205999
-0.17913302685775592
-0.32593377940126267
-0.444619376357931
-0.5269767052362847
-0.5611507119162737
-0.5445267254206435
-0.4746530349015846
-0.3569977474246316
-0.19866971746050394
-0.012570741586975073
0.18717353921925917
0.3836536280203902
0.5604164924044197
0.7016312617421101
0.7940094547650853
0.8279152230556583
0.7978341726600292
0.7037898877641081
0.550276119092036
0.34757081832298237
0.10922445364080235
-0.1468508651420676
-0.4020106925030123
-0.6358603282673653
-0.83047621339483
-0.9691182282610448
-1.0404330951765413
-1.036517795864317
-0.9565699576995894
-0.8040503330339345
-0.5894699993372371
-0.32665136279993473
-0.0346505673548575
0.266596127179091
0.5549262731696452
0.8104164509608307
1.0141537570455694
1.1522493950292876
1.2142779364107075
1.1963987332711417
1.09919279881269
0.9297123464604634
0.6987199546784377
0.42178665047979
0.1161972656348779
-0.19855395641544452
-0.5037821780133686
-0.7812876771536841
-1.0159007800854147
-1.1949713976083731
-1.3101867765550372
-1.3566942571659444
-1.3341436060175482
-1.2454593400858323
-1.097242003414731
-0.8983501428346876
-0.6598986569620958
-0.39386530208682075
-0.11293556896778541
0.17067935070484305
0.44536011366173317
0.7009401555217618
0.9286835115915401
1.1218023281002087
1.275276235549242
1.3860724907612032
1.4528448998522296
1.4759395053516635
1.457035912783748
1.3990283669199706
1.3056714108247482
1.1814125745438213
1.0310882707717395
0.8597612053381783
0.6724914320699995
0.47420782853509047
0.2695602963032635
0.06283544140999753
-0.14211756530248496
-0.34192971282005397
-0.5337274995985082
-0.7151433254026689
-0.884289234724299
-1.0397462611956592
-1.1805126321088855
-1.3059824673874272
-1.4158815655540165
-1.5102435530016027
-1.5893428288872948
-1.6536735853509403
-1.7038861400122662
-1.740771827313341
-1.7652061953407319
-1.7781408863055275
-1.7805551442678167
-1.7734545167448434
-1.7578307688466601
-1.7346664805337753
-1.704902667359521
-1.6694479990690956
-1.6291530419726015
-1.5848227577587688
-1.5371961727439734
-1.4869609211681023
-1.4347372031752348
-1.381093330418719
-1.3265329775647872
-1.2715109116357344
-1.2164227172695403
-1.1616201086146982
-1.1074024835587604
-1.0540314085004316
-1.0017235134897926
-0.9506638975952486
-0.9010000077853983
-0.8528538348493516
-0.8063165225757924
-0.761459314286573
-0.7183287175955944
-0.6769562244650198
-0.6373539143093777
-0.5995230114891192
-0.5634498499493612
-0.5291133563518172
-0.49648132677443435
-0.46551693571188213
-0.436175293047666
-0.40840908258674
-0.38216537834470415
-0.35739051398172916
-0.33402714361207464
-0.31201843764854514
-0.2913053764461295
-0.27183036021240375
-0.25353472503550234
-0.23636184576925015
-0.2202548641721404
-0.20515935477630698
-0.1910212545245955
-0.17778915305001675
-0.16541241268824522
-0.15384313660623636
-0.14303446759188357
-0.13294228021910925
-0.1235236464843911
-0.11473829173173496
-0.10654721506300559
-0.09891394306277569
-0.09180329296224882
-0.08518245325843968
-0.07901987784382307
-0.07328621834463311
-0.06795333781230564
-0.06299511594166858
-0.058386571423518066
-0.054104558073199444
-0.0501269855342076
-0.04643342168193347
-0.04300440201655538
-0.03982195144187072
-0.03686897336631045
-0.03412970203506531
-0.031589163049818625
-0.029233565802979432
-0.027049827812794226
-0.025025915427099317
-0.023150425037928222
-0.02141287905065592
-0.019803357681689174
-0.018312756194526894
-0.016932461589039983
-0.015654576261114807
-0.014471634458350166
-0.013376796801143004
-0.012363601905141098
-0.011426135589134325
-0.010558813548610659
-0.009756528553022961
-0.00901446049772095
-0.008328204446161636
-0.007693604790597335
-0.007106866611869897
-0.006564411044344515
-0.006062972097287325
-0.005599470648846675
-0.0051710985904554665
-0.004775209170584113
-0.004409390080207494
-0.004071368132133324
-0.003759072695555633
-0.00347055293351131
-0.0032040328129994446
-0.002957839334064721
-0.0027304501847921834
-0.002520431583022766
-0.002326479509246206
-0.0021473659483047347
-0.0019819745148779346
-0.001829254029841604
-0.0016882492501474357
-0.0015580608447532188
-0.0014378718511343887
-0.0013269132306982297
-0.0012244865961058957
-0.001129934627478967
-0.0010426605466172705
-0.0009621027646107214
-0.0008877515195805052
-0.000819127204878692
-0.0007557945350242177
-0.0006973440727327862
-0.0006434042422827597
-0.000593625634266937
-0.0005476911458677922
-0.0005053026954477127
-0.00046618973440141316
-0.00043009805037366684
-0.0003967968648683215
-0.0003660694447839281
-0.0003377189732427315
-0.0003115607249563972
-0.00028742687432067025
-0.0002651600214813811
-0.0002446170812082689
-0.00022566397396519422
-0.00020817872107441353
-0.00019204713908465228
-0.000177165250947034
-0.00016343584294658474
-0.00015077028776091101
-0.0001390858415427732
-0.00012830696258689644
-0.00011836324215428227
-0.00010919029181803545
-0.00010072821559112461
-0.00009292212967936271
-0.00008572109566786618
-0.00007907832821596709
-0.00007295051969465875
-0.0000672977841758027
-0.00006208331318957143
-0.000057273098063522545
-0.00005283586455706564
-0.0000487426100885527
-0.000044966772051307836
-0.00004148361163359303
-0.00003827057676007439
-0.00003530655997693925
-0.00003257242230877173
-0.000030050148976087494
-0.000027723505110773017
-0.00002557710983172262
-0.000023597198810474585
-0.00002177063439570968
-0.000020085753541378372
-0.000018531329193389103
-0.000017097485152702848
-0.00001577462177322878
-0.00001455438199073952
-0.000013428552492455092
-0.000012390067450449416
-0.000011431894675928202
-0.000010548065598537723
-9.732554482951935e-6
-8.980324931483728e-6
-8.286208990979672e-6
-7.645961960309768e-6
-7.055147128767637e-6
-6.5101919719523926e-6
-6.00728331893984e-6
-5.543419145848464e-6
-5.115318150152352e-6
-4.7204623237557785e-6
-4.356024203342043e-6
-4.019896243836781e-6
-3.7096384001483243e-6
-3.423491044930983e-6
-3.159345007255478e-6
-2.915735400528723e-6
-2.6908357872790716e-6
-2.4834308172653887e-6
-2.2919357951913646e-6
-2.1153464868761156e-6
-1.952285030322873e-6
-1.8019256594311828e-6
-1.6630676112404252e-6
-1.5350358507625263e-6
-1.4167813821108185e-6
-1.307756342250467e-6
-1.2070419157187284e-6
-1.1141974060969986e-6
-1.0284157782133249e-6
-9.493465196286256e-7
-8.762786864959902e-7
-8.089375384851919e-7
-7.466948410364015e-7
-6.893394001972132e-7
-6.363142717183416e-7
-5.874614411937082e-7
-5.42285506381803e-7
-5.006728460340627e-7
-4.6218127357928656e-7
-4.2673411807155964e-7
-3.9393529273147464e-7
-3.6373877603868527e-7
-3.357884957311995e-7
-3.100637493486653e-7
-2.8624327147916273e-7
-2.6432717300041536e-7
-2.440245351822634e-7
-2.2535247708753318e-7
-2.0804660333125235e-7
-1.9213783103797174e-7
-1.773850075320487e-7
-1.6383014313490394e-7
-1.512525098721628e-7
-1.3970293531096498e-7
-1.2897869267775595e-7
-1.1913751482450215e-7
-1.0999258922579874e-7
-1.0160695083692793e-7
-9.380790165696047e-8
-8.666243738714654e-8
-8.001042010201019e-8
-7.392168681235538e-8
-6.824731475438061e-8
-6.305905079240199e-8
-5.821802155362215e-8
-5.3797111438123624e-8
-4.966648393322881e-8
-4.589952328344859e-8
-4.237454849987817e-8
-3.9164919773118104e-8
-3.615634270897124e-8
-3.342172564108096e-8
-3.085348824542824e-8
-2.85237402581196e-8
-2.6331025662403026e-8
-2.434637715173566e-8
-2.247394438084239e-8
-2.0783462010667662e-8
-1.918422793762089e-8
-1.7744506059506165e-8
-1.6378337823697144e-8
-1.5152384085157204e-8
-1.3985070659436666e-8
-1.2941356911811257e-8
-1.1943733174675654e-8
-1.1055387097629264e-8
-1.0202587727774855e-8
-9.44670423728085e-9
-8.717528118073474e-9
-8.074582737758014e-9
-7.450951422320863e-9
-6.904300429802917e-9
-6.370796647947335e-9
-5.906251049470105e-9
-5.449725294254597e-9
-5.055187575565647e-9
-4.664422558232923e-9
-4.32957675867167e-9
-3.995000969947152e-9
-3.7110479587068015e-9
-3.424490800565749e-9
-3.183921739907343e-9
-2.9384036841182568e-9
-2.7348055561436977e-9
-2.5243575730039117e-9
-2.352245332684939e-9
-2.171752420626022e-9
-2.026422813011125e-9
-1.871486820170613e-9
-1.7488891472201445e-9
-1.615706194668212e-9
-1.512325290760936e-9
-1.3975729243570667e-9
-1.310319233815556e-9
-1.2110478475001826e-9
-1.137148666202093e-9
-1.050670623024124e-9
-9.875551038246535e-10
-9.113231011807125e-10
-8.564912464497262e-10
-7.879545017674105e-10
-7.388166809501419e-10
-6.75238961987678e-10
-6.289068888325369e-10
-5.671235382363223e-10
-5.201252253473094e-10
-4.5620603782895644e-10
-4.0408469901826117e-10
-3.3285444413854975e-10
-2.695958547490059e-10
-1.839853337710621e-10
-1.0177479337170741e-10