0.00005334051750339077
0.00021333847894900964
0.000479514131760821
0.0008513042809929155
0.0013277810801775622
0.0019078503861161933
0.002590116111663935
0.0033729955344569793
0.0042546357791363966
0.005232995998557869
0.0063057892906986605
0.0074705470611615326
0.008724575527864226
0.010065008749330275
0.011488774188023352
0.012992637671793069
0.014573174857765159
0.01622681005904913
0.017949791755620677
0.019738226666425735
0.02158805828613765
0.023495097387039175
0.025455003128411938
0.027463311125610516
0.0295154170515369
0.03160660339314652
0.033732025660652025
0.03588673889170905
0.03806568660948699
0.04026372799266874
0.04247562959041189
0.04469609384238169
0.04691975329502111
0.04914120084785435
0.05135498586842187
0.05355564619988422
0.05573770520421876
0.05789570524770508
0.06002420438368793
0.06211781079663272
0.06417117763268676
0.06617903778030373
0.0681361953177886
0.07003756006859596
0.07187813428177131
0.07365304662373677
0.07535753302991663
0.07698697015280362
0.07853684978137054
0.08000281220381196
0.08138061412534732
0.08266616285715081
0.08385547820573037
0.08494472880309066
0.08593018893244844
0.08680827861945056
0.08757551675789922
0.08822856676047001
0.08876418763342347
0.08917928703002936
0.0894708720881804
0.0896361116418319
0.08967228867357684
0.08957687321305846
0.0893474781461835
0.088981943937939
0.08847829923444564
0.08783485793967719
0.08705018547918326
0.0861232078733211
0.08505318363813284
0.08383982328937453
0.08248326561417905
0.08098420453082487
0.07934386693746691
0.07756414216555252
0.07564755697945495
0.07359740124136406
0.07141769419727674
0.06911329876457921
0.0666898723719127
0.06415396187238655
0.06151293227775233
0.05877503501504307
0.055949309166364695
0.053045617781410336
0.05007451874626783
0.047047267043651315
0.043975655897772484
0.04087198686424842
0.03774888593889107
0.03461924755319503
0.03149603421545044
0.0283922041596108
0.025320506085307528
0.022293402667435094
0.019322873470324405
0.016420347272745932
0.013596525898022467
0.010861337150549818
0.008223790113885429
0.005691957590847186
0.0032728697100933464
0.0009725305992632465
-0.0012041474733494558
-0.0032532931662971024
-0.005172103894648399
-0.0069587650467420594
-0.008612446348934509
-0.010133199064407296
-0.011521930185836379
-0.012780287330276327
-0.01391062107043687
-0.01491586735989401
-0.015799507581428847
-0.01656545683374026
-0.017218029103089734
-0.01776183707583824
-0.018201766813933914
-0.018542891600026867
-0.01879045734155676
-0.018949810030722634
-0.019026390500160955
-0.019025672985276774
-0.018953166284491438
-0.018814359972940176
-0.018614728645952303
-0.018359682544444172
-0.01805457221856935
-0.01770464138455398
-0.01731503063065815
-0.016890731758686977
-0.016436590567865093
-0.015957263257228235
-0.015457219431613189
-0.014940701999902967
-0.014411732096235388
-0.013874074156687656
-0.013331244397093382
-0.012786482443174763
-0.012242764488624625
-0.011702782184372533
-0.01116896084420947
-0.010643445508443723
-0.010128123801170898
-0.009624618380946474
-0.009134313456306187
-0.008658352352560543
-0.008197666346538738
-0.007752975858573522
-0.007324820179317372
-0.006913560814257322
-0.006519410795147095
-0.006142438895454288
-0.005782597471575601
-0.0054397265541383626
-0.005113579474565127
-0.004803826150337685
-0.004510076060602106
-0.004231880333529662
-0.00396875190140836
-0.0037201662363531957
-0.003485578721672205
-0.0032644240576253053
-0.00305613102822382
-0.0028601207134207954
-0.0026758189152702354
-0.0025026533760507436
-0.0023400641661747625
-0.0021875001314326757
-0.002044427549785448
-0.0019103260273005572
-0.0017846957135643883
-0.0016670528454302434
-0.0015569357807520064
-0.0014539003599356947
-0.0013575249820787943
-0.0012674059223324852
-0.0011831616381656127
-0.0011044281494676526
-0.0010308627285391411
-0.0009621394218647518
-0.0008979522471499757
-0.0008380109118011378
-0.0007820436145130492
-0.0007297929959437083
-0.0006810186210240496
-0.0006354931819042931
-0.0005930047199499157
-0.0005533530892961035
-0.000516351963892136
-0.00048182556135898904
-0.00044961046988355066
-0.0004195526259562452
-0.00039150898782353504
-0.00036534475656334016
-0.00034093491667832573
-0.0003181616873824185
-0.0002969159463306436
-0.0002770948965505442
-0.0002586033858931575
-0.0002413517744453659
-0.0002252571597669625
-0.00021024142961265335
-0.00019623240116705567
-0.000183162044296082
-0.00017096754163305924
-0.00015958966823998415
-0.0001489737783853752
-0.00013906832831087353
-0.00012982579480097487
-0.00012120132864636936
-0.00011315360953622297
-0.0001056436187424195
-0.00009863543443209671
-0.00009209511301568296
-0.00008599142863536541
-0.00008029485351470035
-0.00007497824509414759
-0.00007001591656883537
-0.00006538427490971043
-0.0000610609735655658
-0.00005702550440389532
-0.00005325842529242582
-0.0000497419088045861
-0.00004645903807905115
-0.00004339431496386298
-0.00004053301817195988
-0.000037861673382090596
-0.00003536746827666149
-0.00003303868696391393
-0.00003086417700274387
-0.000028833750367018676
-0.000026937698033012448
-0.000025167159565295664
-0.000023513681270816348
-0.00002196955635109143
-0.00002052742301470239
-0.000019180577010890656
-0.000017922606445452977
-0.00001674767838188234
-0.000015650207427890173
-0.000014625117969262273
-0.000013667543883442626
-0.000012773067853964417
-0.000011937449834253506
-0.000011156844774252815
-0.000010427557700903805
-9.746241079474176e-6
-9.10967459651648e-6
-8.514943272580745e-6
-7.959240236746538e-6
-7.440026606261267e-6
-6.954855725000894e-6
-6.501515727367157e-6
-6.077873885565772e-6
-5.6820026787697545e-6
-5.312043052856361e-6
-4.966314722619531e-6
-4.643197294779485e-6
-4.341225441219202e-6
-4.058986974154735e-6
-3.7952034387496564e-6
-3.548644358385914e-6
-3.318193712537759e-6
-3.1027796870950484e-6
-2.901427420711458e-6
-2.7132037096398495e-6
-2.537256325426377e-6
-2.3727732327475352e-6
-2.2190086955207785e-6
-2.0752566735396397e-6
-1.9408638580364884e-6
-1.8152170086723606e-6
-1.697742978110791e-6
-1.5879098516139305e-6
-1.4852139427057264e-6
-1.3891946895164513e-6
-1.299408522499043e-6
-1.2154575689220785e-6
-1.1369502107991867e-6
-1.063543742633159e-6
-9.948913565760468e-7
-9.306989877803211e-7
-8.70658383252583e-7
-8.145184661001616e-7
-7.620040515116971e-7
-7.12902157852724e-7
-6.669658485436998e-7
-6.240160119630178e-7
-5.838297157402813e-7
-5.462580781056073e-7
-5.110984247685888e-7
-4.782289780041412e-7
-4.4746400258188715e-7
-4.187061523589613e-7
-3.917836826755801e-7
-3.666214041680588e-7
-3.4305893101601897e-7
-3.2104130810710155e-7
-3.004171475313105e-7
-2.8115011988129406e-7
-2.6309570408109853e-7
-2.462348662546813e-7
-2.3042801598130218e-7
-2.1567233363694862e-7
-2.0183138621381901e-7
-1.8891771219998346e-7
-1.7679639768833802e-7
-1.654946859612468e-7
-1.548776528764694e-7
-1.4498677944304288e-7
-1.3568569050247384e-7
-1.2702980643322927e-7
-1.1887992743907185e-7
-1.1130527369536578e-7
-1.0416249607885266e-7
-9.75346225296723e-8
-9.12728624962898e-8
-8.547419918122406e-8
-7.998312581286099e-8
-7.491086186595183e-8
-7.009391187946614e-8
-6.565814255524001e-8
-6.143078740446685e-8
-5.7552896361168283e-8
-5.384112575406926e-8
-5.0452370826442906e-8
-4.71913692142402e-8
-4.423164722406712e-8
-4.136463474417832e-8
-3.878140285986347e-8
-3.6258624558815223e-8
-3.400595716535929e-8
-3.178379731118101e-8
-2.9821562650456724e-8
-2.786177109118192e-8
-2.6154911176437952e-8
-2.4423925834330864e-8
-2.2941828271197824e-8
-2.141018221852232e-8
-2.0126130462879255e-8
-1.876793448357081e-8
-1.7658627727393924e-8
-1.6451114817144403e-8
-1.5496250460192404e-8
-1.4419379415630723e-8
-1.360128573156494e-8
-1.2637392112487405e-8
-1.194070888358856e-8
-1.1074199388367408e-8
-1.0485599878379703e-8
-9.702684346140032e-9
-9.21063255099959e-9
-8.499089166527224e-9
-8.093627064719671e-9
-7.4425952027846895e-9
-7.115158615005628e-9
-6.514956969087437e-9
-6.258215733366e-9
-5.700182406225662e-9
-5.507900471817833e-9
-4.984252066833889e-9
-4.851166563184612e-9
-4.354872999682905e-9
-4.276589787022371e-9
-3.8012635540720555e-9
-3.774167448553513e-9
-3.3139659935688732e-9
-3.3351424640333347e-9
-2.8846811361292936e-9
-2.9518505373065922e-9
-2.506123825664895e-9
-2.6175844920440104e-9
-2.171896382332621e-9
-2.326477391855322e-9
-1.8763781466273745e-9
-2.073399090112298e-9
-1.6146277605133117e-9
-1.8538662619858413e-9
-1.382298535423835e-9
-1.6639631901023376e-9
-1.175562945669644e-9
-1.5002733715701492e-9
-9.910483005456305e-10
-1.3598190360999106e-9
-8.257779423615839e-10
-1.2400081209702771e-9
-6.771221445727067e-10
-1.1385879586900657e-9
-5.427520663661591e-10
-1.053606217385964e-9
-4.2060297737577955e-10
-9.833740297802808e-10
-3.0883720557784025e-10
-9.264360682533049e-10
-2.0581219003445713e-10
-8.815065751203054e-10
-1.0975648507461378e-10
-8.450945411089107e-10
-0.00008334599630980249
-0.0003332975260687987
-0.0007481010191118657
-0.0013257093123567095
-0.0020627690850918683
-0.0029553687805992804
-0.003998567633542289
-0.005186848472453617
-0.0065138423362230075
-0.007972663900929012
-0.009555728908085455
-0.011255023408881747
-0.013061969493891261
-0.014967648319003535
-0.016962690355462065
-0.01903746222908268
-0.02118196827898661
-0.02338600854088107
-0.025639085204137806
-0.02793053905288427
-0.030249459102088247
-0.032584805414583196
-0.03492532311802349
-0.03725965963232828
-0.03957628545498356
-0.04186361292406597
-0.04410992572826437
-0.0463035043090892
-0.0484325643543119
-0.050485391110621856
-0.05245028474350053
-0.05431570276514818
-0.056070207833590464
-0.05770261490028192
-0.059201935517012805
-0.060557524812666186
-0.061759016239571494
-0.0627964634934221
-0.06366026109283777
-0.06434127788340159
-0.06483076172051852
-0.06512046386859546
-0.06520252977685752
-0.0650696167904022
-0.06471477675241998
-0.06413157214262229
-0.06331395915916022
-0.06225640895274037
-0.060953801316679865
-0.05940155768229764
-0.05759555537135491
-0.055532277519013774
-0.053208756291191574
-0.05062274240649471
-0.04777268343271671
-0.044657912835988745
-0.0412786671817209
-0.037636292317089266
-0.033733301496797735
-0.029573594645163653
-0.02516255803386877
-0.02050729116724204
-0.015616746909061181
-0.010501958356792277
-0.00517621500862659
0.00034472228951305133
0.006042419680482584
0.011895586594890614
0.017879868688236374
0.023967725232296507
0.030128248971981596
0.03632714653919221
0.04252662996728724
0.048685552390626705
0.05475942449937452
0.060700761772438085
0.06645927891583843
0.07198249768645161
0.07721615892154486
0.08210511811968357
0.08659398575552
0.09062830058662881
0.09415536588511948
0.09712564145607666
0.09949369194867545
0.10121968573328292
0.10227032141867154
0.10262027639645048
0.10225294137430305
0.10116163608074524
0.09934997097932935
0.0968326528710175
0.09363531628049362
0.08979478278940373
0.08535826356645003
0.08038301083960382
0.0749348810779562
0.06908741430090945
0.06291984996049936
0.056515772067100165
0.049960766868088244
0.04334085784612065
0.03674006468046576
0.030238902215032136
0.023912126702450156
0.017827573428768756
0.012044350250619364
0.0066122366206032845
0.001570508792612425
-0.0030519726215442714
-0.007237232196288731
-0.010977396365787538
-0.014274506896913565
-0.017139153133311467
-0.01958978691821184
-0.021650973531177828
-0.023352436593787374
-0.024727177011025298
-0.02581049662627098
-0.026638227870329465
-0.027245953802227166
-0.02766753776469657
-0.027934686925333716
-0.028075887992466707
-0.028116371985012892
-0.028077471492769766
-0.02797695890078225
-0.02782876414092045
-0.027643595461783074
-0.02742890859770218
-0.02718968814393982
-0.026928544272704292
-0.026646533661068835
-0.026343273769384026
-0.02601770703190985
-0.025668154749816565
-0.025292964995795614
-0.02489046618124589
-0.024459476335964497
-0.023999150284900208
-0.023509357487423728
-0.022990440552828846
-0.02244348695948628
-0.02187002875420063
-0.021272240437635394
-0.020652611787491733
-0.02001410267165767
-0.019359816304522857
-0.018693135277314317
-0.018017414698743302
-0.01733611552852172
-0.01665252875092896
-0.015969914427793587
-0.015291261035580046
-0.014619432720381673
-0.013956962933498629
-0.013306208515323907
-0.012669173815477854
-0.012047668244932433
-0.011443155794008111
-0.01085691210676677
-0.01028989420368535
-0.009742893439759896
-0.009216420813747617
-0.008710852935125479
-0.008226329179590753
-0.007762888697845303
-0.0073203766008171234
-0.006898570899274761
-0.006497095729325688
-0.006115537818543022
-0.00575336542590744
-0.005410034457502922
-0.005084912286555985
-0.004777373995795974
-0.004486730581023279
-0.004212316008101759
-0.003953419515042869
-0.00370936427325511
-0.003479443624004359
-0.003262992158128381
-0.00305932577994017
-0.0028678059932993956
-0.002687783704299964
-0.0025186574470150284
-0.0023598208316182095
-0.0022107153738367435
-0.002070781479261118
-0.0019395064678591437
-0.0018163789673012701
-0.0017009326519663332
-0.00159270390027782
-0.0014912717028226893
-0.0013962184246348664
-0.0013071662787232903
-0.001223741024570353
-0.0011456053517463099
-0.0010724253411784305
-0.0010039010600701305
-0.0009397356104067199
-0.0008796631996345611
-0.0008234206026767699
-0.0007707729408109294
-0.0007214873883284411
-0.0006753568648684397
-0.0006321758244850974
-0.000591762043995083
-0.0005539343395719803
-0.0005185326141833613
-0.0004853973552980311
-0.0004543880881468218
-0.000425364517141502
-0.00039820351651429837
-0.0003727817872704705
-0.0003489915049462668
-0.0003267243722336089
-0.0003058860324934772
-0.00028638140740914315
-0.00026812797472190535
-0.00025104228856035935
-0.00023505221170348783
-0.00022008452393910846
-0.00020607619097573064
-0.0001929629739989002
-0.00018068981091226945
-0.0001692003464425828
-0.00015844649494740378
-0.0001483788178000476
-0.0001389553308633272
-0.00013013266181462945
-0.00012187416012130005
-0.00011414177260685919
-0.00010690350932680934
-0.00010012598034009177
-0.00009378126685591417
-0.00008784006688389802
-0.00008227801711582994
-0.00007706939908028335
-0.00007219295375333459
-0.00006762610425989415
-0.00006335030136054776
-0.00005934572277454072
-0.00005559618420228718
-0.00005208427890455376
-0.000048795886308445204
-0.000045715718287029734
-0.00004283145481454039
-0.00004012966641931916
-0.00003759960375700001
-0.00003522946837803177
-0.000033009880872419964
-0.000030930474358566137
-0.000028983064119594884
-0.00002715854039750981
-0.000025449759905320174
-0.000023848717132826395
-0.000022349176543277622
-0.000020944103071364487
-0.000019628052076363433
-0.000018394841671018753
-0.00001723971614698561
-0.000016157244052846527
-0.000015143269510352822
-0.000014193021647685004
-0.000013302866423542548
-0.000012468614809955382
-0.00001168708652684992
-0.000010954605407638433
-0.000010268385287484213
-9.625202661988818e-6
-9.022613391470366e-6
-8.457793584802866e-6
-7.928595662374398e-6
-7.432549194901311e-6
-6.967762969524492e-6
-6.5320795887703855e-6
-6.123829458161169e-6
-5.741132733116909e-6
-5.382510563709761e-6
-5.046329859730441e-6
-4.731275544908316e-6
-4.435934361443124e-6
-4.159131237792474e-6
-3.899649175526301e-6
-3.6564321744791245e-6
-3.428439099993395e-6
-3.2147145672622045e-6
-3.014375556652181e-6
-2.82655091787293e-6
-2.6505002770621548e-6
-2.485422316357729e-6
-2.3307060009159485e-6
-2.1856068609967475e-6
-2.0496319552458583e-6
-1.9220819444272688e-6
-1.8025720743014406e-6
-1.6904379484379484e-6
-1.585394669005022e-6
-1.4868033795600114e-6
-1.3944720389360743e-6
-1.3077787399608884e-6
-1.2266187266526973e-6
-1.1503789802897962e-6
-1.0790373123411669e-6
-1.0119823789965214e-6
-9.492709300978355e-7
-8.902863590201521e-7
-8.351617406407557e-7
-7.832685182163186e-7
-7.348141927812073e-7
-6.891521613555644e-7
-6.465631766079013e-7
-6.063764851505323e-7
-5.689457459505634e-7
-5.335702492058323e-7
-5.00676670967496e-7
-4.695285334830849e-7
-4.406265093873129e-7
-4.13192571867041e-7
-3.878029295895109e-7
-3.6363198573330097e-7
-3.413337742006436e-7
-3.200290838780432e-7
-3.004524513335703e-7
-2.8166516098448953e-7
-2.6448542254423103e-7
-2.4790845956581803e-7
-2.3284036544502038e-7
-2.1820365055173885e-7
-2.049967706207612e-7
-1.9206253235080183e-7
-1.8049699954336362e-7
-1.6905586386539642e-7
-1.589388140874072e-7
-1.4880634710722138e-7
-1.3996841464089246e-7
-1.3098208372606067e-7
-1.232747701914789e-7
-1.1529129032689223e-7
-1.0858444998038497e-7
-1.0147735670326911e-7
-9.565694430149938e-8
-8.931457127252228e-8
-8.428072789742556e-8
-7.860430580858982e-8
-7.426987497948195e-8
-6.917204345350429e-8
-6.546079276130597e-8
-6.086410833719818e-8
-5.770962843912354e-8
-5.3545284540030744e-8
-5.088977023524708e-8
-4.709660836647609e-8
-4.4890055290202396e-8
-4.1413506990197534e-8
-3.9612516903123426e-8
-3.6403746813371796e-8
-3.49710510960748e-8
-3.198631064128493e-8
-3.0890014353624084e-8
-2.8089838931455815e-8
-2.7302797478508676e-8
-2.4651468217202972e-8
-2.4150812196960457e-8
-2.161583244612236e-8
-2.138264006698347e-8
-1.8934187985199396e-8
-1.8952922311594016e-8
-1.65635772326835e-8
-1.682186460388605e-8
-1.4466134380316002e-8
-1.4954520862137612e-8
-1.2608517946839301e-8
-1.3320149792512109e-8
-1.0961356082645389e-8
-1.1891754743090903e-8
-9.498523385132054e-9
-1.0645591824330661e-8
-8.197203073400921e-9
-9.560921016266073e-9
-7.037102859396463e-9
-8.61949126917256e-9
-6.00034623018904e-9
-7.805321592253509e-9
-5.070990053547833e-9
-7.104430741793388e-9
-4.235073294154865e-9
-6.504638202566302e-9
-3.4801037335977314e-9
-5.995302679085254e-9
-2.794932118128594e-9
-5.567097059042897e-9
-2.169726084163588e-9
-5.212033999581585e-9
-1.5957017133079672e-9
-4.923103442370177e-9
-1.064906090504509e-9
-4.694060726641976e-9
-5.686474127205251e-10
-4.507237206867888e-9
0.00007394133345240504
0.0002956293066610831
0.0006623093529494283
0.001170781460713154
0.0018158304600465224
0.0025914343988703613
0.0034900607262170987
0.004503429216794181
0.0056221269864515895
0.006836203397067976
0.00813493750278188
0.009507341963978375
0.010942006255040352
0.012427535785695406
0.013952424888759845
0.015505440037730042
0.017075491637794735
0.018651964732738224
0.020224568426868542
0.021783617098459166
0.023319843952584723
0.024824637683910328
0.02628981311412332
0.02770781101676438
0.029071424267068328
0.030373971349036324
0.031608981010370185
0.03277035239797845
0.033852004941414646
0.034848039924365914
0.035752365312956946
0.03655887480562784
0.03726105964291103
0.037852221736359666
0.03832508611927963
0.03867206451848579
0.03888488288813062
0.038954910539341095
0.03887281688817193
0.038628978726683236
0.03821317861493242
0.037615098820286755
0.036824070471349855
0.035829657002563145
0.03462145823873076
0.03318977900322044
0.03152548596227825
0.02962074883318767
0.027468940640973494
0.025065430417117274
0.02240751029304397
0.01949521058647465
0.016331230740483284
0.0129217411094229
0.009276289877383511
0.005408551307010705
0.001336177877015267
-0.0029185475003328906
-0.0073289457294199115
-0.01186342788412818
-0.01648584645137396
-0.021155160852633158
-0.025825933609369682
-0.030448211737508054
-0.0349681911851305
-0.039328344440031575
-0.04346826923053817
-0.04732508263328872
-0.050834458369717166
-0.053931292306730584
-0.05655091503864467
-0.05863001152700124
-0.060107971083028365
-0.06092801482638003
-0.06103861447674481
-0.0603947473658264
-0.05895928191572601
-0.056704245782613724
-0.053612045408034235
-0.04967660538653768
-0.044904269523933636
-0.03931465643073367
-0.03294108750936726
-0.0258310116699476
-0.018045826816668897
-0.00966075889550157
-0.0007639890528083642
0.0085440721043381
0.01815237292119358
0.027940537104340902
0.03778110927122753
0.04754136672245064
0.0570860818188766
0.06627965637959152
0.07498918850848614
0.08308669499188584
0.09045221907146014
0.09697586994648047
0.10256068652417144
0.10712421951325797
0.11060087955012086
0.11294281950533117
0.1141215445131623
0.11412791859410389
0.11297289523259077
0.11068656701002356
0.10731797986480199
0.10293325613845819
0.097614570404729
0.0914574902026666
0.08456929997518735
0.0770658026026062
0.06906926322943215
0.06070498187364507
0.05209917562883944
0.043375655448705544
0.03465396396018096
0.0260464625995322
0.017656992148614666
0.00957860367078498
0.0018929186173771272
-0.005331368221025984
-0.012038365470560827
-0.018185699601601622
-0.023743679404855243
-0.028695324829685176
-0.03303496424598976
-0.03676775328348379
-0.03990790831390892
-0.04247792910177543
-0.04450668816595078
-0.04602856772108499
-0.0470816023489138
-0.047706703839479114
-0.04794600536436337
-0.04784229124561338
-0.04743762962212979
-0.046773063014231384
-0.045887557499922994
-0.044817956638144224
-0.04359822850272699
-0.042259647499831535
-0.04083029090830032
-0.039335392441613666
-0.037797026992774665
-0.036234574355737244
-0.034664531190673475
-0.033101028773420665
-0.03155571997518382
-0.030038306380406
-0.028556460713664758
-0.027116332036403568
-0.025722477042850467
-0.024378324486987978
-0.023086099971440666
-0.02184724077019278
-0.020662307215923152
-0.019531346222301873
-0.018453788064884246
-0.017428761385133967
-0.016454977473718265
-0.015531001897688745
-0.014655129933305925
-0.013825620819086285
-0.013040568344660549
-0.012298103656510663
-0.011596264680229295
-0.010933172819837524
-0.01030690423716721
-0.00971564499028266
-0.009157566447165448
-0.008630962586751157
-0.008134131120455716
-0.007665495932152567
-0.007223494884227594
-0.006806689740473435
-0.006413661162742763
-0.006043107954488819
-0.005693749402695771
-0.005364415286948175
-0.005053955475957802
-0.004761321847411952
-0.004485484885904427
-0.004225508435430342
-0.003980472946386068
-0.0037495438173781068
-0.003531900882555723
-0.0033268009778687066
-0.0031335132377997925
-0.0029513764275981183
-0.0027797396177886157
-0.002618014753621112
-0.002465622286335942
-0.002322039397262528
-0.0021867501853021836
-0.0020592899173231182
-0.00193919939657115
-0.0018260655744243336
-0.001719479750337314
-0.001619074849190479
-0.0015244871294055639
-0.0014353904040402727
-0.0013514609583100703
-0.0012724089693125708
-0.0011979463587822186
-0.0011278156449742705
-0.0010617604789147138
-0.0009995521423728684
-0.0009409625379656195
-0.0008857885294772033
-0.0008338271752769688
-0.0007848980904744913
-0.0007388207328793233
-0.0006954349507386761
-0.0006545801454339871
-0.0006161141576200504
-0.0005798941448379238
-0.0005457939452549104
-0.000513686523529546
-0.00048345994008050383
-0.00045500122960551425
-0.0004282110946100655
-0.00040298909211865756
-0.00037924715958567235
-0.0003568959972186095
-0.0003358575255213819
-0.00031605235891272
-0.0002974112864730171
-0.000279863742114455
-0.00026334839164263954
-0.00024780251336559833
-0.00023317176787190943
-0.00021940040854707399
-0.00020644030615354109
-0.00019424191574377728
-0.00018276262111411305
-0.00017195838906340467
-0.00016179149672477277
-0.0001522228092766943
-0.00014321894576420387
-0.0001347451240441947
-0.00012677181549847896
-0.00011926810433751089
-0.00011220787956113433
-0.0001055636593065942
-0.00009931236407461093
-0.00009342956112686062
-0.00008789485975873992
-0.00008268653371553872
-0.00007778657741365601
-0.0000731756663669255
-0.00006883791025932217
-0.00006475611543734115
-0.00006091626788883799
-0.00005730306352123005
-0.00005390415308636785
-0.000050705907344038584
-0.000047697453956609446
-0.00004486664809860399
-0.00004220392789751853
-0.00003969846321940434
-0.00003734185589634605
-0.00003512443878729697
-0.00003303884780901264
-0.00003107644422018483
-0.000029230782958850558
-0.00002749413405719
-0.000025860870004442166
-0.000024324062991964946
-0.000022878813129539277
-0.000021518899780574175
-0.000020240072015843673
-0.000019036731161992258
-0.00001790520600090998
-0.000016840443916544984
-0.00001583929273007404
-0.00001489717770931281
-0.000014011412080445054
-0.00001317783883683671
-0.000012394189685790448
-0.00001165667089732008
-0.000010963391634883448
-0.000010310872377426331
-9.697564812058543e-6
-9.120259483320777e-6
-8.577719612567415e-6
-8.066966206587224e-6
-7.587047446009309e-6
-7.1351788043775544e-6
-6.7106710409855186e-6
-6.310901025677575e-6
-5.935423180568035e-6
-5.5817457045389426e-6
-5.249650648951791e-6
-4.9367501568402685e-6
-4.643040659399156e-6
-4.36621274177368e-6
-4.106466841608168e-6
-3.8615483777925525e-6
-3.6318534980825256e-6
-3.41516032866084e-6
-3.212054565613871e-6
-3.02032619293169e-6
-2.8407467256811663e-6
-2.671097986757958e-6
-2.5123353125107315e-6
-2.3622130837612926e-6
-2.2218699850591074e-6
-2.089014832551712e-6
-1.964971149519185e-6
-1.847383680742053e-6
-1.7377641088608018e-6
-1.6336749774864789e-6
-1.536820883984527e-6
-1.4446642148860402e-6
-1.3591087472704594e-6
-1.2774988032628782e-6
-1.2019448511200778e-6
-1.1296550664205968e-6
-1.0629559148095714e-6
-9.9890061870499e-7
-9.400425036115457e-7
-8.832607487835923e-7
-8.313476421505624e-7
-7.809884395701837e-7
-7.352287484987574e-7
-6.905386432602117e-7
-6.502326139969054e-7
-6.105442827761658e-7
-5.75074090567823e-7
-5.397963252803993e-7
-5.08616584461813e-7
-4.772253868021941e-7
-4.4985459140628586e-7
-4.2188553703516456e-7
-3.9789901773345675e-7
-3.7293998692615986e-7
-3.5196332715599645e-7
-3.2964870014267496e-7
-3.1135205394783117e-7
-2.9135706534870497e-7
-2.754500499298884e-7
-2.5748604487602414e-7
-2.4371345759026295e-7
-2.2752351892787056e-7
-2.1566134482455446e-7
-2.0101655063099763e-7
-1.9086840397283575e-7
-1.7756452879032822e-7
-1.6895853420004356e-7
-1.5681289430334084e-7
-1.495990529451018e-7
-1.3844808253014588e-7
-1.324961258026969e-7
-1.221928154036701e-7
-1.1738982200043409e-7
-1.0780175670149304e-7
-1.0405037149760789e-7
-9.505786422514594e-8
-9.227470191397328e-8
-8.376892155002077e-8
-8.188319501397254e-8
-7.376508425526704e-8
-7.271749821706705e-8
-6.489591709127271e-8
-6.463725903479566e-8
-5.7028309513525366e-8
-5.751883722913895e-8
-5.0044331176220484e-8
-5.1252905617507376e-8
-4.383974509793187e-8
-4.574285522321352e-8
-3.8321862905382896e-8
-4.090363064419986e-8
-3.3408879484110335e-8
-3.6660050888965904e-8
-2.9028226305477538e-8
-3.294578568997208e-8
-2.5115503746433983e-8
-2.9702542461312855e-8
-2.1613411903257322e-8
-2.6878807204075105e-8
-1.8471169495793025e-8
-2.4429448554399873e-8
-1.5643716531749546e-8
-2.231450975027374e-8
-1.309078915025417e-8
-2.0499327948994855e-8
-1.077662872958936e-8
-1.8953255712200462e-8
-8.669359202734487e-9
-1.764983547260167e-8
-6.7401462293877094e-9
-1.656561442333486e-8
-4.963483710592571e-9
-1.568040786664029e-8
-3.316185518711832e-9
-1.4976114223375622e-8
-1.7727485313046133e-9
-1.4398346491806704e-8