-7.467972754662357e-9
-2.1112919969301315e-7
-1.1265009842634185e-6
-3.5415184801703625e-6
-8.636995299779773e-6
-0.000017849864909151055
-0.000032956006453249896
-0.000055992032571603775
-0.00008927712219863677
-0.00013538409438114448
-0.00019710564121962432
-0.00027747559953876684
-0.00037967885982999723
-0.0005071268737659982
-0.0006633082272226348
-0.000851923516661018
-0.0010766725259639448
-0.0013414537404006124
-0.0016500835463247694
-0.0020065653174037015
-0.0024147358506256527
-0.002878608410876559
-0.00340194167842769
-0.00398866053342444
-0.004642343126696241
-0.005366722629863005
-0.006165088666617029
-0.007040872806954886
-0.007996961502847774
-0.009036367781607801
-0.010161453975437208
-0.011374691839048294
-0.012677794664593827
-0.014072567842389472
-0.015559951295266841
-0.017140962221782883
-0.01881565003377696
-0.02058413256585998
-0.022445466729834745
-0.02439877875876483
-0.02644205450752384
-0.0285733632840983
-0.030789572087665622
-0.033087661284024836
-0.03546336710916731
-0.037912585953517576
-0.040429949261569814
-0.04301031163547935
-0.04564726196590043
-0.04833468910787718
-0.05106523283374317
-0.053831919621432724
-0.05662655695568243
-0.05944143090718583
-0.06226764750440465
-0.06509688331676555
-0.06791967809863134
-0.07072722950457157
-0.07350964194081518
-0.07625775677427037
-0.07896136325698182
-0.08161105606372059
-0.08419641521930789
-0.08670788343896102
-0.08913492313632762
-0.09146790678838336
-0.09369626029203433
-0.09581036037708969
-0.0977996747558698
-0.09965466138540083
-0.10136491691547893
-0.10292107322255653
-0.10431296643379004
-0.10553152642207006
-0.10656697892560983
-0.10741072336549569
-0.10805358002747213
-0.10848765042047583
-0.10870461993236491
-0.10869759288343145
-0.10845945846035492
-0.10798468973147327
-0.10726777719123323
-0.10630497765453314
-0.10509281586311886
-0.10362976597476758
-0.10191481806825278
-0.09994907265507322
-0.09773436633641512
-0.09527475914708271
-0.09257521273993595
-0.08964295197457749
-0.08648619022311275
-0.08311535061006815
-0.07954183631335243
-0.07577910293511789
-0.07184147650334252
-0.06774507582193567
-0.06350668634219608
-0.059144538875807784
-0.05467725244856344
-0.05012448221184263
-0.045505947674855635
-0.040841966917854196
-0.03615258736565782
-0.03145802479496579
-0.026777911704896424
-0.02213165801583173
-0.017537827377964724
-0.013014432419813758
-0.008578442880387841
-0.004246022870386171
-0.000032167812222528044
0.004049114180624457
0.007985045498196463
0.011763955399218028
0.01537541605320243
0.01881018014638556
0.022060223486123885
0.025118746380788096
0.02798013489916019
0.030640025505617518
0.033095193687632335
0.035343677311385345
0.03738459751141827
0.03921833262999329
0.040846273346714895
0.04227103705752242
0.043496158139532184
0.044526332815856974
0.04536704644097714
0.046024841151767616
0.04650688464644049
0.04682125647870195
0.04697646603024609
0.0469817570921625
0.04684658552744967
0.046580944802706206
0.04619481537935204
0.04569851547985889
0.04510213416976222
0.0444159117252376
0.04364966678889586
0.04281320953389846
0.0419157706582801
0.04096644864629945
0.0399736453143114
0.038945546426916146
0.037889565581143425
0.03681285570374117
0.03572176065200327
0.03462235396929859
0.03351989587808158
0.032419395181058866
0.03132506833372793
0.030240920479727637
0.02917020290550931
0.028116009739285925
0.0270807301417027
0.02606665800302084
0.025075435538266938
0.024108674228051557
0.023167386918526756
0.022252619146520835
0.02136486728768719
0.020504720208604738
0.01967226139529831
0.01886772154434061
0.018090862906627286
0.017341643956297476
0.016619584393537862
0.015924443423416996
0.0152555639836891
0.014612566444891506
0.013994670679194852
0.013401407181711443
0.012831915591211265
0.01228567535355233
0.011761779260487354
0.011259685849802773
0.010778466457884012
0.010317581594215733
0.00987609991727458
0.009453500846386086
0.009048863776309705
0.00866169920655772
0.008291106412692876
0.007936635388711236
0.007597411095552835
0.007273028530444871
0.006962641576933317
0.00666589353893865
0.006381968522246
0.006110559802010535
0.005850881572933305
0.005602677557860756
0.005365190872277483
0.0051382153287342055
0.004921021070060734
0.004713451079591283
0.004514800145831356
0.004324959151615816
0.004143244840040313
0.003969594526504609
0.003803344040794958
0.00364447558412888
0.0034923411246659255
0.003346966206909293
0.003207715977027336
0.003074657844044059
0.002947167206647778
0.0028253519643291316
0.002708594908385659
0.002597043186407023
0.0024900842065548605
0.0023879032704634574
0.0022898897212403845
0.0021962660779107327
0.0021064210336329305
0.0020206135492630895
0.0019382291787352398
0.0018595627102050024
0.0017839941601431033
0.0017118536879044295
0.0016425134585811613
0.0015763387008402635
0.0015126914907455573
0.001451971973436514
0.0013935299657238222
0.0013378005198038452
0.0012841190812236615
0.001232955737503785
0.001183629499831658
0.0011366457513959228
0.00109130504565011
0.00104814844855708
0.0010064560632284671
0.0009668051473558022
0.0009284533832223745
0.0008920148466075262
0.0008567228423140427
0.0008232290040267803
0.0007907403083351288
0.0007599467966780951
0.0007300271650749223
0.0007017108196824616
0.0006741462147844391
0.0006481031829250481
0.0006226979598318633
0.000598741968885114
0.000575317228245356
0.0005532780178980813
0.0005316701109832855
0.0005113920101652677
0.0004914511816657521
0.00047279181661055784
0.00045438097218489926
0.00043721009326587354
0.00042020368007732525
0.0004044020962242944
0.00038868508581491626
0.00037414369637457125
0.0003596106602265317
0.0003462295750957834
0.0003327838441585322
0.0003204715838926215
0.00030802448418189434
0.00029669725257683543
0.0002851674097109525
0.000274748432077693
0.00026406113830096715
0.00025448005930001527
0.00024456669716093997
0.00023575903265640483
0.000226556550069545
0.00021846318799014362
0.0002099136199131695
0.00020248036559096134
0.00019453039800651598
0.00018770755989376596
0.00018030813219668335
0.00017405014425717598
0.00016715608651723078
0.0001614211639351077
0.00015499086584363806
0.00014974069101613593
0.0001437357996235529
0.0001389352356892091
0.0001333203793163056
0.00012893720872844002
0.00012367974467880643
0.00011968443057070412
0.00011475421449461252
0.00011111968279231602
0.00010648885775225894
0.00010319029818242926
0.00009883310165421103
0.00009584778596540504
0.00009174037316907324
0.00008904748904546351
0.0000851677711509115
0.00008274827043115338
0.00007907576631670388
0.00007691222626430006
0.00007342792662694287
0.0000715044231114366
0.00006819066583759845
0.00006649265738888997
0.00006333301319337177
0.00006184723498879773
0.00005882640242021066
0.00005754076934759426
0.00005464447833778712
0.00005354799635564344
0.00005076291956714262
0.00004984560465332151
0.00004715927594357042
0.00004641207998981902
0.00004381281937148805
0.00004322756243425707
0.00004070440696824441
0.0000402737153432604
0.000037816355447212535
0.000037533605081416735
0.000035132325784984956
0.000034991590581620335
0.00003263721729893503
0.000032633221912254676
0.000030317070339934755
0.000030445147091689
0.000028158976874657518
0.000028415026456746805
0.000026150998295520056
0.000026531453951795727
0.000024282089851551372
0.000024783884761484223
0.000022542031149395684
0.000023162568757348394
0.000020921362218887773
0.00002165848927747191
0.000019411324681436075
0.00002026330679779681
0.000018003807600545876
0.000018969307091437966
0.000016691297628067418
0.00001776935350795051
0.00001546683309324097
0.000016656843034508092
0.00001432396171213153
0.000015625665830443427
0.00001325670162127916
0.000014670167953094674
0.00001225950546564856
0.000013785117014871699
0.000011327227292164912
0.000012965670535627713
0.000010455092022403555
0.00001220734677199576
9.638667295925318e-6
0.000011505997826322773
8.873837494061419e-6
0.000010857784850897648
8.156779768680398e-6
0.000010259155180997067
7.483941915038642e-6
9.706821242719611e-6
6.8520219424483896e-6
9.197741096188677e-6
6.257949207548813e-6
8.729100482695082e-6
5.698866985269773e-6
8.29829625889954e-6
5.1721163642862485e-6
7.90292110858036e-6
4.675221362516389e-6
7.54074943121303e-6
4.205875166219788e-6
7.209724317357224e-6
3.76192740395651e-6
6.90794552377494e-6
3.341372375273568e-6
6.633658373348575e-6
2.942338158946101e-6
6.385243506690885e-6
2.563076531676167e-6
6.161207420386493e-6
2.2019536347697276e-6
5.96017373188391e-6
1.8574413303682433e-6
5.7808751150689185e-6
1.5281091941257634e-6
5.622145855865526e-6
1.2126170907072914e-6
5.482914950201004e-6
9.097080528636102e-7
5.362197844390963e-6
6.181866964899452e-7
5.258970053654964e-6
3.359579327405925e-7
5.164589217700173e-6
1.4025233078072117e-8
3.879110160111366e-7
2.0704087961875406e-6
6.4743426035600045e-6
0.00001571917268356749
0.00003226304427948756
0.000059140015650277345
0.00009958765947016304
0.00015728279545592708
0.0002359180368800939
0.0003394919025619479
0.0004718088923096654
0.0006368668987479362
0.0008382616739554729
0.001079707330715746
0.0013643272013119914
0.0016953373617834692
0.002075204509094424
0.002506517009512564
0.00299098813821081
0.003530534262897407
0.004126099699609446
0.004778957617720997
0.0054893315971179125
0.006257931896404801
0.0070843489157715635
0.007968835596565905
0.008910449424258041
0.009909090675956364
0.01096337209488254
0.012072922067147886
0.013235964275790987
0.014451894238459847
0.015718554722657548
0.017035093094600027
0.018398921804668286
0.01980886258487952
0.021261784860627565
0.022756041135361543
0.024287779922766872
0.025854675001894614
0.02745191366406429
0.029076221283556088
0.030721530553328564
0.032383302231475945
0.03405388659195192
0.035727141221899024
0.03739350180017128
0.03904489802389231
0.04066955638820672
0.04225721501947665
0.04379368553259312
0.04526636597286441
0.04665859133146953
0.04795544039028024
0.04913790471527099
0.050188979859750175
0.0510876808300106
0.0518154012975966
0.05234980038854659
0.052671406177185354
0.05275739523691529
0.05258840971071001
0.05214224829401779
0.05140086021574872
0.05034396456995005
0.04895617951833131
0.0472205857409519
0.04512594426799605
0.04266021824037479
0.039817826772793066
0.03659313601997902
0.032987688380794876
0.02900366843985438
0.02465103662786872
0.019940968555554932
0.014892811427377509
0.009527488742573793
0.0038741893623627436
-0.0020362730232422483
-0.00816513013670994
-0.014472350086128677
-0.02091075003322245
-0.027432726076345084
-0.03398486899288623
-0.040514692017200676
-0.046965773847148576
-0.05328440276291333
-0.05941522379502359
-0.06530767144693927
-0.07091204675418362
-0.0761855679788109
-0.08108875838344139
-0.0855909159294568
-0.08966666560874956
-0.09330064682038501
-0.09648408567092225
-0.09921853097446663
-0.10151233853523627
-0.10338335636332696
-0.10485528400985872
-0.1059593089776002
-0.10673040018850913
-0.10720801576024176
-0.10743249237499047
-0.1074450568589475
-0.10728455832701499
-0.10698709604504916
-0.10658338387286595
-0.10609833133680382
-0.1055493116247363
-0.10494598848864449
-0.10428967461522348
-0.10357358682472695
-0.10278334316393045
-0.10189767385205405
-0.10088994175363299
-0.09972917219209718
-0.0983823317664372
-0.09681540766439943
-0.09499608279576278
-0.09289452923391986
-0.09048609941373259
-0.08775151571411105
-0.08467926249187191
-0.08126494783381537
-0.07751321040889315
-0.07343617174313401
-0.06905482890810291
-0.06439666606347556
-0.059496647395129595
-0.05439417638591045
-0.049133899902691125
-0.04376226730479941
-0.03832839030750668
-0.03288045546878133
-0.027466859067364627
-0.022132677297935388
-0.016921229271387457
-0.011870731629107397
-0.007016360442471549
-0.0023871349140252357
0.001991527308942135
0.006100720549982395
0.009925063496401418
0.01345547087031154
0.01668582430073062
0.019615691195899707
0.02224675072667408
0.024585544299182055
0.026639741916827345
0.028420994187852884
0.029941103525855474
0.031215027601474345
0.032256996351132106
0.03308369684751388
0.03371035558562743
0.03415411831661984
0.03443010002901974
0.03455496176420325
0.03454291880145247
0.03440950981208584
0.03416754654160386
0.033831068020734295
0.03341121151108096
0.032920344734488446
0.03236783688020025
0.03176436383360089
0.03111755861776534
0.030436487503850473
0.029727160596982563
0.028997179850300002
0.0282510920694419
0.027495212832920866
0.026732805653629288
0.025969088420715318
0.025206223657510234
0.024448516266738433
0.02369720070403499
0.022955840539854045
0.022224898930023326
0.021507351855846867
0.020803028558936818
0.020114451357832023
0.0194409327732352
0.018784655618913754
0.018144513425430962
0.01752244513343785
0.016917005172787374
0.01632996760226018
0.0157596118547914
0.01520761161381223
0.01467202181806182
0.014154467976360422
0.013652819558094671
0.013168695848946773
0.012699810347731566
0.012247809673874432
0.01181027305599517
0.01138890122937358
0.010981154541049342
0.010588809230192462
0.010209217091215484
0.009844247016547077
0.009491148553047397
0.009151897108271594
0.008823643107628131
0.00850847982279936
0.008203459185166226
0.00791080179010364
0.0076274597453921894
0.007355789037359068
0.00709263909017011
0.006840508350612819
0.0065961395028271905
0.006362179835021721
0.006135260295195356
0.005918182948349099
0.005707461267956331
0.005506057774086656
0.005310362133657411
0.005123502889350109
0.004941739087231195
0.00476837086270251
0.004599519425255001
0.004438662163126643
0.0042817748912082855
0.004132518067733771
0.003986714252384929
0.0038482130005026826
0.0037126754808650114
0.003584146622933275
0.003458117809255082
0.0033388359027605474
0.003221613853483036
0.003110907324369265
0.003001841937203977
0.0028990893498552087
0.002797578708260742
0.002702205204640582
0.0026076921033484804
0.002519166030146605
0.002431134695062761
0.0023489644286511973
0.0022669374361561196
0.0021906684080815744
0.0021142038038044378
0.002043415724092078
0.0019721043376588593
0.0019064086114014694
0.001839871559721607
0.001778908888147114
0.001716795259486376
0.0016602334173752653
0.0016022181259451077
0.0015497499046296709
0.0014955317059846796
0.001446873012571868
0.0013961726694527385
0.0013510607712347638
0.001303619359721454
0.00126181126425453
0.0012173886101421488
0.0011786595711312483
0.0011370328074058935
0.0011011749470974993
0.0010621371829159728
0.0010289582222678126
0.0009923173157964141
0.0009616394041020766
0.0009272168301774814
0.0008988754667351578
0.000866505272807662
0.0008403483130846396
0.0008098761559653743
0.0007857628959503356
0.0007570451532706756
0.0007348454854956894
0.0007077484357866306
0.0006873420715991456
0.0006617411376019985
0.0006430168904139922
0.0006187959403811736
0.0006016510648936879
0.0005787017675175547
0.0005630413505333534
0.0005412625789758121
0.0005269989779712918
0.0005062962591600018
0.0004933485843529734
0.0004736335899607401
0.0004619272267461265
0.00044311730244491496
0.00043258347111634196
0.0004146012011373129
0.00040517655052387766
0.00038794935458532265
0.00037957558745844517
0.000363035347556001
0.000355658874878689
0.0003397415896506294
0.00033331321188932793
0.0003179586762390524
0.0003124332889788108
0.0002975847970930635
0.00029292112008838473
0.0002785251896523764
0.0002746855161605548
0.0002606916327688151
0.00025764159900374653
0.00024400197840006557
0.00024171035052640918
0.00022837971799781216
0.00022681819593378254
0.0002137535807178909
0.00021289661721125966
0.000200057161561227
0.0001998817954672316
0.00018722857664636478
0.00018771427940715959
0.0001752101438996289
0.00017633867814158434
0.00016394808694180334
0.00016570337635354372
0.00015339226056476776
0.00015576027016269092
0.00014349589611302877
0.00014646452240670526
0.00013421536536691842
0.00013777433528222116
0.00012550996148982086
0.00012965073976435953
0.00011734169553564099
0.00012205739986178744
0.00010967510790021725
0.00011496043123794956
0.00010247709284095215
0.00010832823247257402
0.00009571673586850273
0.0001021313286832112
0.00008936516247031514
0.00009634222611914276
0.0000833953977637168
0.00009093527724512654
0.00007778223592295453
0.00008588655516523907
0.00007250211888576665
0.00008117373710250821
0.00006753302353133989
0.00007677599599946324
0.00006285435680195097
0.00007267389985639571
0.00005844685822010361
0.00006884931798814038
0.000054292509115733764
0.00006528533403902484
0.00005037444820432726
0.00006196616487408878
0.000046676893063762974
0.000058877085347825255
0.000043185066979703895
0.000056004358138044334
0.0000398851308431557
0.00005333516855160214
0.00003676411975217357
0.00005085756379938068
0.00003380988403239495
0.000048560396553593384
0.0000310110341504084
0.00004643327232318143
0.000028356889499059384
0.00004446650048771123
0.00002583743063835497
0.00004265104885049141
0.00002344325475185238
0.000040978501064237336
0.000021165534214928392
0.000039441017197668796
0.000018995977824879437
0.000038031296914103935
0.00001692679471750892
0.00003674254515127682
0.00001495066073267156
0.00003556844029259644
0.00001306068698092536
0.000034503104406706464
0.000011250390564140258
0.00003354107564695666
9.513667138249704e-6
0.00003267728229533981
7.844765480852013e-6
0.00003190701886319568
6.2382634532047045e-6
0.000031225923526031365
4.689044697694583e-6
0.00003062994728778463
3.192198346545812e-6
0.000030114706805283762
1.7380265151245213e-6
0.00002963607358896725
-7.12879765820361e-9
-2.1143474620814428e-7
-1.108646203770348e-6
-3.4881269857750915e-6
-8.424492879882684e-6
-0.000017312933346592836
-0.00003163853308518598
-0.00005328701291314195
-0.00008400576485745215
-0.0001260612362462693
-0.00018134232077548986
-0.0002524351709358675
-0.000341316392982437
-0.00045090627939853344
-0.0005832960207353083
-0.0007418270034194064
-0.0009287927814369853
-0.0011480782619772449
-0.001402275404084494
-0.001695904672656963
-0.002031885579887256
-0.002415355993729674
-0.0028494463273200732
-0.0033397113399406286
-0.003889170436503826
-0.004503371267781331
-0.005184677157121288
-0.005937990340773164
-0.006764288499817651
-0.007667044869551888
-0.008645035713038011
-0.00969950110051763
-0.010826260154851431
-0.012023656579408808
-0.013284025526455771
-0.01460245958582282
-0.01596766861603701
-0.017371584435151053
-0.018799643493858962
-0.02024122371959478
-0.021679362322140846
-0.023101989934498517
-0.024491076644242455
-0.02583460172894749
-0.027115105337154808
-0.028322311611976365
-0.02944105569296211
-0.030464467271768016
-0.03138124512782872
-0.032189308117130916
-0.032882402014932956
-0.033464133839116623
-0.0339339155887974
-0.0343013118668363
-0.03457134804562521
-0.03475911601068088
-0.034874496466311224
-0.03493698003134321
-0.03495987274713469
-0.03496529885559066
-0.03496797558500786
-0.03499037146152721
-0.035046153746427104
-0.035155485280844154
-0.03532826856036252
-0.03557957746521572
-0.0359128469662444
-0.03633545325912729
-0.036842024585387934
-0.03743019942456686
-0.038084254256432554
-0.03879107553047246
-0.03952430335130461
-0.0402605380267211
-0.04096417346110583
-0.041603814407587245
-0.042137913019185645
-0.042531296409879765
-0.042741626260563624
-0.04273583608079535
-0.04247732017672326
-0.04194197548317204
-0.04110591641492596
-0.03996073535023054
-0.038501464066539204
-0.0367406403504538
-0.03469622370355878
-0.032404107195948474
-0.029905763194053844
-0.027258978011596557
-0.024525152034288948
-0.02177824641396125
-0.019091867513800362
-0.016546662969532732
-0.014217538037170392
-0.012179968260405218
-0.010497867965316548
-0.009229438565206268
-0.008416282199533547
-0.008089429327058006
-0.00826022716080377
-0.008927065544017945
-0.010068366711892762
-0.011650269989915847
-0.013621741482039039
-0.015923139877390868
-0.01848312073506249
-0.021227669441904472
-0.024078181461960068
-0.026960303040358007
-0.029802406697162852
-0.03254349569129028
-0.03513131278610298
-0.0375286694356616
-0.03971062636945342
-0.04166887864575016
-0.043407777685758625
-0.04494676636149515
-0.04631538396562891
-0.04755410202121725
-0.04870876517487743
-0.04983043313546614
-0.05096988102279835
-0.05217714450269973
-0.05349669753315064
-0.05496731696993928
-0.056618392772191134
-0.05847051669004113
-0.06053312212682161
-0.06280593313360511
-0.0652778594386209
-0.06792919589722593
-0.07073148466039358
-0.07365018997769945
-0.07664512628770306
-0.07967327278632844
-0.08268935912881316
-0.08564851826210869
-0.08850669651597687
-0.09122293901453897
-0.09375940932002383
-0.0960832195568814
-0.09816596787754196
-0.09998513186277456
-0.10152313215582397
-0.10276838278941365
-0.10371395322966842
-0.10435840720586326
-0.1047041627944251
-0.10475825679187335
-0.1045305011860853
-0.10403429322364761
-0.10328464758591487
-0.1022991440691263
-0.10109588827595448
-0.09969465827548735
-0.09811482022587471
-0.09637670841087344
-0.09449950035197624
-0.09250284409295316
-0.090404681766612
-0.08822312447127297
-0.08597420381286419
-0.08367398735374384
-0.08133623323687114
-0.07897473652461487
-0.0766008611786877
-0.07422610809576928
-0.07185950008569032
-0.06951036471739927
-0.06718555039856094
-0.06489242026595686
-0.06263588024325795
-0.06042158347307652
-0.05825275383119389
-0.05613360340965156
-0.0540659371444162
-0.05205278843975689
-0.050094792222877105
-0.048194045898619066
-0.04635023929208965
-0.044564749770741756
-0.04283651822787369
-0.04116638847400844
-0.03955271873603663
-0.03799597638772185
-0.03649407446777656
-0.03504723356320344
-0.033653032662245265
-0.03231155060409588
-0.031020120233506136
-0.029778762330432907
-0.02858463157785991
-0.027437756337299255
-0.02633516440356308
-0.025276942426944907
-0.024260028839918655
-0.023284607162468024
-0.02234755285988646
-0.021449175224636314
-0.02058630427027077
-0.01975939636711424
-0.01896524660286474
-0.01820447386739889
-0.017473843415758396
-0.016774147655662833
-0.016102122934563208
-0.015458742878862997
-0.014840712694898929
-0.01424919254577049
-0.013680851901676281
-0.013137041116744049
-0.01261438758982073
-0.012114434418083441
-0.011633759330256174
-0.011174100048914452
-0.010731976133026
-0.010309321472628159
-0.009902588325693143
-0.00951390820126379
-0.009139656491421644
-0.008782163870444833
-0.008437719008279953
-0.008108853521297869
-0.007791759307513435
-0.007489171032429971
-0.007197173643554194
-0.006918707362913118
-0.0066497399207564
-0.006393420051641194
-0.006145587933536546
-0.0059096042529962825
-0.005681171238980033
-0.005463865473854509
-0.005253240776768645
-0.005053094087656307
-0.004858820278036375
-0.0046744416341667145
-0.004495183450452222
-0.004325298878062841
-0.0041598328921302035
-0.004003275561064719
-0.003850480663119946
-0.0037061817696791973
-0.0035650304253340356
-0.0034320108247675564
-0.0033015610575634026
-0.0031789235965590476
-0.0030583116446089853
-0.0029452341438260814
-0.0028336677422421343
-0.0027293965801299313
-0.0026261488203711183
-0.0025299930713216495
-0.002434396791524253
-0.0023457228725224056
-0.00225716553537507
-0.0021753923199299054
-0.0020933113366067495
-0.002017905695729777
-0.0019417841582253183
-0.0018722568914753082
-0.0018016196774426542
-0.0017375218009580025
-0.0016719320189848052
-0.0016128513784204764
-0.0015519071234118222
-0.0014974653034223616
-0.001440796694714622
-0.0013906461984044094
-0.0013379126755325601
-0.0012917343506479602
-0.0012426222034604515
-0.0012001228920661927
-0.0011543430048799167
-0.0011152533981445868
-0.0010725391880563114
-0.0010366118663088797
-0.0009967173990370135
-0.0009637250419664209
-0.0009264233089801253
-0.0008961570598067361
-0.0008612384027031017
-0.0008335063733339844
-0.000800777041517491
-0.0007754029461024272
-0.0007446837772504208
-0.0007215056824162061
-0.0006926308937245415
-0.0006715000759340523
-0.0006443161568231374
-0.0006250960563074171
-0.0005994607539667136
-0.0005820260182150842
-0.0005578074070338179
-0.0005420430151000814
-0.0005191186433253269
-0.0005049191041488107
-0.0004831752108695361
-0.0004704438291184933
-0.000449774624914807
-0.0004384228291682927
-0.0004187298360131588
-0.00040867656294104346
-0.00038986800693790395
-0.00038103913751197615
-0.0003630293906893543
-0.00035535723344208255
-0.0003380663002206384
-0.00033148911834910013
-0.0003148421630039847
-0.00030930374046003544
-0.00029323065147214685
-0.0002886798961412304
-0.0002731148851703556
-0.0002695054648605472
-0.0002543866963945159
-0.0002516767054816515
-0.00023694595547991867
-0.00023509760985928623
-0.00022069994998286221
-0.00021967930755404475
-0.00020556281393344553
-0.00020533951882673287
-0.00019145500213566647
-0.0001920020508317522
-0.00017830280656772594
-0.00017959633365708972
-0.00016603791096762085
-0.00016805699351573163
-0.00015459698027859355
-0.0001573234594435129
-0.00014392128305988508
-0.00014733960078567814
-0.00013395634274892203
-0.0001380533932422489
-0.00012465161695742486
-0.00012941661121080626
-0.00011596020065480558
-0.00012138454359468332
-0.00010783855377450147
-0.00011391573222176741
-0.00010024624874034316
-0.00010697173040441295
-0.00009314573820046631
-0.0001005168799810131
-0.00008650214020717513
-0.00009451810580288073
-0.00008028304003844697
-0.0000889447257160922
-0.00007445830716845785
-0.00008376827525094548
-0.00006899992599701983
-0.00007896234587788708
-0.00006388184001373104
-0.0000745024355606247
-0.00005907980695026331
-0.00007036581036375644
-0.00005457126531220406
-0.00006653137662469727
-0.000050335210846339145
-0.00006297956331691508
-0.00004635208241596763
-0.00005969221268599206
-0.000042603656459809084
-0.00005665247972564511
-0.000039072948847364863
-0.000053844738420438377
-0.00003574412445934966
-0.000051254495793574904
-0.000032602413328687856
-0.00004886831204966823
-0.000029634033138665533
-0.000046673726690675345
-0.00002682611694852566
-0.00004465919028548981
-0.00002416664682263984
-0.00004281400100755009
-0.000021644391897880146
-0.00004112824649440608
-0.000019248851059424793
-0.00003959274961470148
-0.00001697019996020276
-0.000038199018252810983
-0.000014799241430251676
-0.00003693919891433465
-0.000012727359947541112
-0.000035806033926526535
-0.000010746479159391164
-0.000034792821579780724
-8.849022406037381e-6
-0.00003389337938819086
-7.0278761024987e-6
-0.00003310201002247534
-5.276354320392758e-6
-0.000032413458327684754
-3.588078525824227e-6
-0.00003182218058421328
-1.951385403426366e-6
-0.00003127823660828521