8.778922562956584e-14
-2.403734554011085e-11
-2.677341421455039e-10
-1.4745596551530428e-9
-5.595530927887779e-9
-1.6641568874416158e-8
-4.1840020249499916e-8
-9.292624651601615e-8
-1.877792312804359e-7
-3.520685400772673e-7
-6.21353684283961e-7
-1.0429910023288908e-6
-1.6786838943271287e-6
-2.606548017946075e-6
-3.924106915606676e-6
-5.750412855672513e-6
-8.229490095938966e-6
-0.000011532409155730537
-0.000015861183280325588
-0.000021450691290305265
-0.000028573027355194115
-0.0000375391575948151
-0.00004870370621961094
-0.0000624662112789878
-0.00007927630156164914
-0.00009963438776880715
-0.00012409714795688756
-0.00015327745601483706
-0.00018785005640745205
-0.0002285504996193054
-0.0002761808601083603
-0.00033160742800844144
-0.00039576631929100724
-0.0004696596741564371
-0.0005543610356052017
-0.0006510098344012125
-0.0007608164770403293
-0.0008850549560778411
-0.0010250676889568887
-0.0011822561743823304
-0.001358085749074344
-0.001554074301469244
-0.0017717972457362103
-0.0020128743832856567
-0.002278975508978348
-0.002571805556780709
-0.0028931113284511307
-0.00324466505347142
-0.0036282727469820783
-0.004045756244979577
-0.004498963646189273
-0.004989749751151441
-0.0055199889227666695
-0.006091553672317814
-0.006706330095222989
-0.007366194125545247
-0.008073029481866379
-0.008828700874534563
-0.009635074147641512
-0.010493985489670652
-0.011407263197008
-0.012376691727645264
-0.01340403425725971
-0.014490990249866642
-0.015639217755827113
-0.016850283087170577
-0.018125681661763864
-0.01946677841789823
-0.02087482600672017
-0.022350894834719044
-0.02389588763283518
-0.025510458561553977
-0.027195023727337685
-0.02894966969470655
-0.030774160437473275
-0.032667836898001616
-0.034629622143069166
-0.03665791522718269
-0.03875059785819391
-0.04090492757812717
-0.04311755079878696
-0.045384401911474775
-0.047700728789436084
-0.05006100549647111
-0.05245897688260566
-0.054887592692400664
-0.057339077353304714
-0.059804892191978036
-0.06227583472658429
-0.06474203328466688
-0.06719307709357027
-0.06961804402846074
-0.07200565886755877
-0.07434435064442427
-0.07662243218286974
-0.07882817927710944
-0.08095002080675505
-0.08297662852273381
-0.08489710445066835
-0.08670106815656105
-0.08837882740569489
-0.08992144991472731
-0.09132090465085665
-0.09257010735820488
-0.09366302333991582
-0.09459468014225195
-0.09536122760161844
-0.09595991623649269
-0.09638911585355389
-0.09664826342378544
-0.09673784655402749
-0.09665932884959177
-0.09641510807673276
-0.09600842938556146
-0.09544332934927215
-0.09472454751248681
-0.09385746653850456
-0.09284803048948527
-0.09170268845498972
-0.09042832442771827
-0.08903220790384332
-0.0875219362163651
-0.08590539179160733
-0.08419069443155475
-0.08238616218413523
-0.08050026915972505
-0.0785416059359105
-0.0765188383903086
-0.07444066426982147
-0.07231576999648608
-0.07015278201786596
-0.06796022092780218
-0.065746448686571
-0.06351962184566429
-0.06128763785852809
-0.05905809096800575
-0.05683822202467818
-0.05463488126700211
-0.052454486100650975
-0.050302994542089315
-0.0481858744317057
-0.0461080900059132
-0.04407408440738938
-0.04208778014591527
-0.04015257499623576
-0.038271355449510484
-0.03644650455017154
-0.034679926154699545
-0.032973062198070405
-0.03132692482367958
-0.02974212006454895
-0.028218884691742115
-0.02675711328901235
-0.025356396884801836
-0.024016050757716633
-0.02273515241832268
-0.0215125680502031
-0.02034698804055316
-0.019236950597458804
-0.018180873669940728
-0.017177074883150054
-0.01622379925692613
-0.015319235104879071
-0.014461537413165365
-0.013648839730920365
-0.012879273396485104
-0.01215097570536332
-0.011462105378893007
-0.010810847447471055
-0.010195425466992432
-0.009614103622193537
-0.009065196233102722
-0.008547067589723074
-0.008058139277229396
-0.007596888220059994
-0.007161852310090556
-0.006751627082633349
-0.006364870071324249
-0.006000296473186844
-0.005656682588162437
-0.0053328607639102545
-0.005027722213767012
-0.004740211469665935
-0.004469328813921261
-0.004214124413430054
-0.003973700550030648
-0.0037472055621566914
-0.0035338360162005564
-0.003332830543058802
-0.0031434720586437847
-0.0029650815516796035
-0.002797020434477885
-0.002638684313969416
-0.002489505533090421
-0.0023489469383156263
-0.002216504656457479
-0.0020917018578636404
-0.001974091802124691
-0.0018632515856679512
-0.0017587854819375737
-0.0016603186545328793
-0.001567500812121364
-0.0014799998628483547
-0.001397505900958201
-0.0013197247743861797
-0.0012463824183018546
-0.001177218305133586
-0.0011119901396268556
-0.0010504671587039218
-0.0009924352028470398
-0.0009376898318876031
-0.0008860417883585611
-0.0008373098943374381
-0.0007913269236905841
-0.0007479322443163731
-0.000706978117804055
-0.0006683220507169949
-0.0006318335420275153
-0.0005973861063719098
-0.0005648644916307319
-0.0005341563363164523
-0.0005051598818110525
-0.00047777522517100104
-0.0004519125527848794
-0.00042748294886949754
-0.00040440717965128345
-0.0003826060166647622
-0.0003620096029919854
-0.0003425472491377257
-0.0003241574153766293
-0.0003067769364658887
-0.00029035165675688
-0.000274825038303738
-0.00026014948809764996
-0.0002462743022326225
-0.0002331577274306147
-0.00022075419183121574
-0.00020902714589814033
-0.0001979355281000771
-0.00018744743334022073
-0.00017752575928648603
-0.0001681427536562972
-0.00015926478423245537
-0.00015086781967242006
-0.00014292126330445691
-0.00013540442563819127
-0.00012828935886288013
-0.00012155838291585571
-0.00011518585420408792
-0.00010915681096165288
-0.00010344760606297751
-0.00009804574148326728
-0.00009292929116984002
-0.00008808799872100908
-0.0000835014121157373
-0.00007916132326782712
-0.00007504853196898455
-0.00007115671076974554
-0.00006746771075932394
-0.00006397694028794826
-0.00006066712017187892
-0.00005753527012590734
-0.000054564815629155335
-0.00005175428159175582
-0.00004908764743361649
-0.00004656485348973475
-0.000044170294820705445
-0.0000419052521867347
-0.00003975440870270545
-0.00003772032390222427
-0.00003578785056069497
-0.000033960777447419566
-0.00003222401643476845
-0.00003058254702967538
-0.0000290212362531899
-0.00002754622596311842
-0.00002614223990047866
-0.000024816563199202347
-0.000023553682424672506
-0.000022362015536343984
-0.000021225721669582052
-0.00002015434919832842
-0.000019131642403190485
-0.00001816828520878198
-0.00001724752170301058
-0.000016381183630362063
-0.00001555193095513367
-0.00001477276230557114
-0.000014025670369827578
-0.000013324846243032192
-0.000012651532378595404
-0.000012021144228570914
-0.000011414090699533004
-0.000010847049636751167
-0.00001029951221950597
-9.789462759659945e-6
-9.29538917035178e-6
-8.836632275645136e-6
-8.390589357891197e-6
-7.978013750240449e-6
-7.575122460703159e-6
-7.204143295929896e-6
-6.840020630501729e-6
-6.5065247326662505e-6
-6.177231838117254e-6
-5.877528776083596e-6
-5.579524567601501e-6
-5.310302939542176e-6
-5.0404026295557385e-6
-4.798690990155982e-6
-4.554028993717651e-6
-4.337160923302307e-6
-4.115157665471253e-6
-3.920740533656934e-6
-3.7190727405894035e-6
-3.544959769515269e-6
-3.3615338650022025e-6
-3.2057991360248097e-6
-3.0387274118032704e-6
-2.8996435034319733e-6
-2.7472227643527025e-6
-2.6232407412827333e-6
-2.4839331624191655e-6
-2.3736646641689907e-6
-2.246080621798789e-6
-2.1482818312677777e-6
-2.0311644990842122e-6
-1.944721790845945e-6
-1.8369333117698218e-6
-1.7608504062217223e-6
-1.6613594741963677e-6
-1.5947459357640403e-6
-1.5026166360142056e-6
-1.4446775798171778e-6
-1.359059356122397e-6
-1.309086233919339e-6
-1.229204861277281e-6
-1.1865672168504821e-6
-1.1117166760991944e-6
-1.0758547694693027e-6
-1.0053899251560247e-6
-9.758081370693885e-7
-9.091381357651276e-7
-8.853990718565632e-7
-8.21981383432972e-7
-8.03700608666628e-7
-7.430356422246735e-7
-7.298769800408029e-7
-6.715032147693736e-7
-6.631745559965157e-7
-6.06664129594778e-7
-6.029137001010139e-7
-5.478684084209295e-7
-5.484814492448033e-7
-4.945291104344031e-7
-4.993249316460479e-7
-4.461160776390001e-7
-4.5494544926285327e-7
-4.0215030624185727e-7
-4.1489315287506225e-7
-3.621988823064812e-7
-3.78762255355469e-7
-3.258704222310912e-7
-3.4618672175683386e-7
-2.928109692453006e-7
-3.1683639388598097e-7
-2.6270029610823176e-7
-2.904135006942832e-7
-2.352485757689909e-7
-2.6664951816923503e-7
-2.1019338082589398e-7
-2.453023428274103e-7
-1.872969800266313e-7
-2.26153746446676e-7
-1.6634389955730228e-7
-2.0900708575089995e-7
-1.4713872558031687e-7
-1.9368523938495834e-7
-1.29504121061584e-7
-1.8002875152923984e-7
-1.1327903585791036e-7
-1.678941590578021e-7
-9.831709227488445e-8
-1.5715248707966138e-7
-8.448512559510159e-8
-1.476878936732522e-7
-7.166186754141867e-8
-1.3939645063087478e-7
-5.973675458657469e-8
-1.3218504569849401e-7
-4.860885198081978e-8
-1.2597039581755677e-7
-3.818587927673176e-8
-1.2067815811475982e-7
-2.8383322315229112e-8
-1.1624207525402086e-7
-1.912318223622772e-8
-1.1259966676596601e-7
-1.030470169812742e-8
-1.0946465357986309e-7
-1.15588626478217e-13
3.070954282112782e-11
3.4110416086803973e-10
1.8815018546334157e-9
7.143909861731467e-9
2.1278309241655445e-8
5.3577152072979544e-8
1.1923551334836313e-7
2.414883192961206e-7
4.5401099811739236e-7
8.037507727786486e-7
1.35399860922099e-6
2.1879861831349192e-6
3.412685386232436e-6
5.1632534200478355e-6
7.607607738322875e-6
0.000010951761824706948
0.00001544515252912638
0.000021386792801581073
0.000029131179914130448
0.00003909499387867385
0.00005176319588497722
0.00006769574627802636
0.00008753325102721506
0.00011200291712243052
0.00014192289139662562
0.00017820649588326474
0.00022186431419450844
0.00027400574743269057
0.00033583802412772817
0.0004086643625284743
0.0004938794645525175
0.0005929640928129247
0.0007074772510338753
0.0008390477423814293
0.0009893640579626867
0.0011601643582897557
0.0013532259310780725
0.0015703558434747942
0.0018133824860307433
0.0020841496667082676
0.002384513023916148
0.0027163403860303668
0.0030815155610385316
0.0034819472600978577
0.003919581908670365
0.004396422337110362
0.00491454988100525
0.005476152498565271
0.006083554707197692
0.006739252987729002
0.007445950246687372
0.008206594498118551
0.009024412708908513
0.009902946923850351
0.010846080610655302
0.011858064622450721
0.01294352748507998
0.014107481830311984
0.015355308434434969
0.016692732034368402
0.018125767466435024
0.01966065237709518
0.021303742982160832
0.02306139077853081
0.024939776133793518
0.026944717790840168
0.029081435947552504
0.03135428845910451
0.033766462585499125
0.03631964150867864
0.039013636369642335
0.041846001446150326
0.04481163525402721
0.04790238151123695
0.05110664807480333
0.05440905085572389
0.05779011844285686
0.061226052796928436
0.06468860018943208
0.06814500993450745
0.07155815271123947
0.07488675100473531
0.0780858088949706
0.08110716138105031
0.08390024309027538
0.08641295814439733
0.08859276133680373
0.09038779070342136
0.09174817131105686
0.09262728954864384
0.09298316934248443
0.09277971455996971
0.09198796527267848
0.09058710750532428
0.08856540696929607
0.08592079531903349
0.08266130902387542
0.07880511261308819
0.0743803405886869
0.06942450518293429
0.06398373858616059
0.05811163975307971
0.051868022831431056
0.04531736157749923
0.03852724310768695
0.03156664485954873
0.02450434765365369
0.017407309278598026
0.01033929266136493
0.0033595735739920278
-0.0034780130657023935
-0.010125870350930693
-0.016543066437195282
-0.02269558277893697
-0.028556218199859196
-0.03410434514538449
-0.03932539593526741
-0.04421027080403626
-0.048754578051041574
-0.052957881238301224
-0.05682288352129142
-0.06035469581709506
-0.0635601276096762
-0.06644711151846867
-0.06902420252423927
-0.07130022575440444
-0.07328401454726866
-0.07498427927962081
-0.07640955264374909
-0.07756822587535499
-0.07846863096659538
-0.0791191659045627
-0.07952843252396566
-0.0797053738796039
-0.07965939853067455
-0.07940047329896889
-0.07893919027678965
-0.07828678633920041
-0.07745513754291738
-0.07645670327807123
-0.07530445594603744
-0.0740117664582722
-0.07259229112117158
-0.07105982428846293
-0.06942816896878815
-0.06771098297061394
-0.06592165708352231
-0.06407317587551023
-0.06217802053077795
-0.060248057717733595
-0.0582944762109094
-0.056327709472677984
-0.05435740809681643
-0.052392395485618345
-0.0504406729816785
-0.048509403885890395
-0.04660494512830755
-0.04473285279912194
-0.04289793306512466
-0.041104261945185704
-0.03935524838924658
-0.03765366167038668
-0.03600170056611311
-0.034401022953893814
-0.032852816414675655
-0.03135782601690511
-0.02991642307928652
-0.028528628456260915
-0.027194177457453082
-0.025912537067328392
-0.024682966034918055
-0.023504525321125097
-0.022376133124935887
-0.021296568459043055
-0.020264521390421914
-0.019278590034704304
-0.018337326602772364
-0.017439228320198518
-0.016582780035754672
-0.01576643966295147
-0.01498867816408987
-0.014247960115931373
-0.013542781871889517
-0.012871647805157113
-0.012233107400474213
-0.011625727650641965
-0.011048129757358863
-0.010498958066528168
-0.009976916980599793
-0.009480736726523468
-0.009009211006362393
-0.008561159805515306
-0.00813546824016342
-0.007731046535445667
-0.0073468704704826625
-0.006981938587416433
-0.0066353145879590745
-0.00630608177447465
-0.005993387715069778
-0.005696395868493459
-0.005414332806652681
-0.005146436932316563
-0.0048920085290748375
-0.004650355444998281
-0.004420846226658048
-0.004202852612313288
-0.0039958059999966105
-0.0037991365664519438
-0.0036123333181546135
-0.0034348796293445865
-0.003266317126631187
-0.0031061774181743705
-0.0029540500688045456
-0.0028095102729752495
-0.0026721911855327562
-0.0025417072726239224
-0.0024177312740171937
-0.0022999129483485922
-0.0021879609558504718
-0.0020815566963919914
-0.001980441416079625
-0.0018843248182962135
-0.0017929777140754328
-0.0017061350681916196
-0.0016235945305066073
-0.0015451135596061896
-0.001470514192129883
-0.0013995738666140363
-0.0013321368073646134
-0.0012679981507896488
-0.0012070223425759657
-0.0011490201456664242
-0.001093874473116979
-0.0010414098339224655
-0.0009915260487461676
-0.000944059664118329
-0.0008989260244504463
-0.0008559721601197515
-0.0008151277157169623
-0.0007762487897561167
-0.0007392782486769248
-0.0007040799672158875
-0.0006706090872160196
-0.0006387360773233786
-0.0006084275281301127
-0.0005795594173942008
-0.0005521090665607136
-0.0005259569637042551
-0.0005010905425377481
-0.00047739387828754594
-0.0004548639886679752
-0.00043338767948396196
-0.0004129711064925741
-0.0003935030076473198
-0.0003749983065652491
-0.0003573469251370896
-0.00034057225418161145
-0.0003245646948097611
-0.000309355868303249
-0.00029483598725611434
-0.0002810447262780334
-0.00026787147302250646
-0.0002553638333206867
-0.0002434097595915669
-0.00023206471847239722
-0.000221214637843315
-0.00021092282319813
-0.00020107260552835194
-0.00019173515309428777
-0.0001827906400057324
-0.00017431816477970816
-0.00016619419375353079
-0.00015850586486729955
-0.0001511253908769722
-0.00014414809842818198
-0.00013744140315459578
-0.00013110900843398837
-0.00012501298772889217
-0.00011926564748139373
-0.00011372316988965956
-0.00010850672801845704
-0.00010346605643757819
-0.00009873149538363595
-0.00009414576603200057
-0.00008984871271636601
-0.00008567546492926462
-0.00008177574499419476
-0.00007797649769692745
-0.0000744377335925638
-0.00007097760263822106
-0.0000677668512938541
-0.00006461420461136723
-0.00006170163038191962
-0.0000588277764290378
-0.000056186355932661085
-0.000053565262599274126
-0.00005117051820322024
-0.000048778558677970544
-0.000046608318212631
-0.000044424041643353086
-0.00004245822099111651
-0.00004046214506106708
-0.000038682552189241685
-0.00003685697577627097
-0.000035247133619346175
-0.000033575967275474984
-0.000032120953463675516
-0.00003058956615430384
-0.000029275868608134373
-0.000027870949029054303
-0.00002668633502662085
-0.000025395766116242308
-0.000024329164259537237
-0.00002314190953812316
-0.000022183303056167754
-0.00002108930377585366
-0.00002022963367440589
-0.000019219715599251032
-0.00001845079387451949
-0.000017516582810558528
-0.00001683101317513237
-0.000015964858383255126
-0.000015355965200419153
-0.000014550869787686131
-0.000014012633429612641
-0.000013262191412518381
-0.000012789190116467281
-0.000012087529221663166
-0.000011674886430181892
-0.00001101661600810581
-0.000010659952728694049
-0.000010040116537993044
-9.735508418199794e-6
-9.149541716266744e-6
-8.89348032666685e-6
-8.337170518230061e-6
-8.126528275183616e-6
-7.595979634849347e-6
-7.427978101350467e-6
-6.919578969351998e-6
-6.7917606136345345e-6
-6.302153975911675e-6
-6.212356322453877e-6
-5.738412653994659e-6
-5.684745375296655e-6
-5.223537800928452e-6
-5.204361933119745e-6
-4.753143600172505e-6
-4.767052842787987e-6
-4.32323620131071e-6
-4.369040497606191e-6
-3.930178093258094e-6
-4.006888554468176e-6
-3.5706555639662704e-6
-3.677471248436916e-6
-3.2416490834882847e-6
-3.3779452181772952e-6
-2.9404066846078757e-6
-3.105724188337998e-6
-2.6644194808665255e-6
-2.858455799819572e-6
-2.411399659467424e-6
-2.6340007601632655e-6
-2.179260380999388e-6
-2.4304135495930056e-6
-1.966097427964889e-6
-2.2459255150602108e-6
-1.7701727061811127e-6
-2.0789287144110027e-6
-1.58989918103783e-6
-1.927961990888228e-6
-1.4238269024061826e-6
-1.7916978646962099e-6
-1.2706308589217932e-6
-1.66893073169483e-6
-1.1290993194200492e-6
-1.5585662968246426e-6
-9.981235294889698e-7
-1.4596115912297456e-6
-8.766884374600746e-7
-1.3711664632143742e-6
-7.638639209099887e-7
-1.2924153615689898e-6
-6.587972713945998e-7
-1.2226202693649284e-6
-5.607057822331539e-7
-1.161113800574394e-6
-4.688705050987593e-7
-1.1072934165821298e-6
-3.826300130172899e-7
-1.0606159064018955e-6
-3.013752231324426e-7
-1.0205923310658933e-6
-2.2454446379049e-7
-9.867833651465167e-7
-1.5161510973654075e-7
-9.587663363920137e-7
-8.187170083155296e-8
-9.343184012746151e-7