1.793818666670907e-6
0.000025066602444552324
0.00008661148912581007
0.0002057208781782698
0.0004014415099238483
0.0006925301492652831
0.0010973400595585567
0.0016338792292068362
0.002319654803815409
0.0031717276893275395
0.004206545771379706
0.00544001391835854
0.006887319610617484
0.008563022936311912
0.01048087399513261
0.012653925449262771
0.015094340645613987
0.01781353060158945
0.020821951713783354
0.024129268578565784
0.02774414010484805
0.03167440913345598
0.03592687570983257
0.04050751402758071
0.045421231536596544
0.050672113274246144
0.05626316538604641
0.06219658641820119
0.0684734937223036
0.0750942207782027
0.08205802486542024
0.08936340899612472
0.09700780920183677
0.1049879392284581
0.11329945585520715
0.12193732419206031
0.13089545966940705
0.14016711163773707
0.14974448108519312
0.15961912031405617
0.16978152608617197
0.18022155346388855
0.19092798495110244
0.20188895713163274
0.21309150743480149
0.22452201294152038
0.23616571759153138
0.24800718338196878
0.26002980204972403
0.27221625975416114
0.28454803838823167
0.2970058955910476
0.3095693617278655
0.3222172375878681
0.33492709359201683
0.3476757876775967
0.36043897333415736
0.373191639873393
0.38590763539200984
0.3985602308408916
0.4111216629678265
0.4235637223683771
0.4358573199414184
0.4479730975304566
0.45988101956973243
0.471551003172007
0.4829525346411771
0.4940553141268649
0.5048288947391926
0.5152433353678257
0.525268858449666
0.5348765034046862
0.5440377978301673
0.5527254033499716
0.560912794236686
0.5685748873597951
0.5756877220123927
0.5822290660815618
0.5881780911765758
0.5935159480964731
0.5982254321816691
0.6022915225494083
0.6057010338424254
0.6084431154345927
0.6105088873059468
0.6118918973356623
0.6125877407212394
0.6125944753791307
0.6119122259391998
0.6105435589505785
0.608493073809911
0.6057677407305365
0.6023764818414759
0.5983304756067012
0.5936427316952244
0.5883283657336998
0.5824041714525106
0.57588886943899
0.5688026796725408
0.5611675475186019
0.5530067192884367
0.5443449482847466
0.5352080756364092
0.5256232189105838
0.5156183602511034
0.5052225199159732
0.4944653536274077
0.48337731325865163
0.4719892551214424
0.4603325897340378
0.4484389023592186
0.4363400932093212
0.4240680108438113
0.4116545833366344
0.3991314642756593
0.3865301545643264
0.3738816600532696
0.3612166031531044
0.34856489097438353
0.33595581617555764
0.3234177352038287
0.31097815899152037
0.2986634425226063
0.28649886799242197
0.2745083491588484
0.2627145119119484
0.25113841908432305
0.23979965533040332
0.22871607953180412
0.2179039217642023
0.2073775705495843
0.19714968906034258
0.18723104301315593
0.17763064111898688
0.16835560660345403
0.1594113436800385
0.15080145211001345
0.14252791785696517
0.1345910665267065
0.12698977310836315
0.1197214472586249
0.11278225473818473
0.10616712577963694
0.09986997978415946
0.09388374757579582
0.08820059111608455
0.08281193115153787
0.07770865487776236
0.07288114199935426
0.06831945505088569
0.06401335881259639
0.05995248998488466
0.05612636687816435
0.052524537022920564
0.04913657581222913
0.045952212203018046
0.042961316382898615
0.040154004882693564
0.037520618315011155
0.03505180796506815
0.03273850523057132
0.030571992137542615
0.0285438643664944
0.026646088231617727
0.024870959190738482
0.023211147715541107
0.021659655034542476
0.020209850086693945
0.018855424007509197
0.017590420060997355
0.01640918810260553
0.015306409070553889
0.014277050382411813
0.013316386266519833
0.012419954794674509
0.011583575064708277
0.01080330635184065
0.010075462922559307
0.009396575605908708
0.008763404828126016
0.00817290476171451
0.007622235017499684
0.007108727420177684
0.0066298966751858895
0.006183409739584119
0.005767095690187437
0.005378917602870752
0.005016981780572708
0.0046795120174210085
0.004364858295701169
0.004071473289148183
0.0037979206026362167
0.0035428533578527183
0.0033050220248493863
0.0030832549300708646
0.0028764657122514175
0.0026836355950191704
0.002503820488734343
0.002336134875808423
0.0021797585732929925
0.0020339220872580732
0.001897913046993783
0.0017710628942822417
0.0016527529980398508
0.001542402554377367
0.0014394743897146553
0.0013434639576482311
0.0012539048385394856
0.0011703587290809775
0.0010924206467469821
0.0010197098173479258
0.0009518745933367167
0.00088858415344105
0.0008295331444747403
0.0007744341152878091
0.0007230218923577672
0.0006750466777683202
0.0006302781693952775
0.0005884992594333375
0.0005495099104191313
0.0005131213969951566
0.0004791599493170079
0.0004474614863169666
0.00041787503822656976
0.0003902579246184986
0.0003644789678498807
0.0003404140736668181
0.00031794924735238737
0.00029697653871722205
0.00027739687262628743
0.00025911632382164554
0.00024204877332573057
0.00022611248177832486
0.00021123258298382864
0.0001973379273397607
0.0001843634235220008
0.00017224712616985694
0.0001609324363979203
0.0001503654102179971
0.00014049682823556885
0.00013127970335428705
0.00012267122968405984
0.000114630469909053
0.00010712019309517841
0.00010010472374668624
0.00009355167786277677
0.00008742995716806924
0.00008171139244166375
0.00007636886770623614
0.00007137787953831972
0.00006671477715168107
0.00006235824610235978
0.000058287651223608973
0.000054484452861818224
0.00005093064051765614
0.000047610089500542163
0.00004450707391852909
0.00004160757141207547
0.00003889784482538065
0.00003636570248085355
0.00003399913846249634
0.000031787555722265974
0.000029720455416302075
0.000027788629997911985
0.000025982892481433998
0.00002429524656654085
0.000022717647063077743
0.000021243154020543027
0.00001986471583543248
0.000018576314319384132
0.000017371762236060962
0.000016245846234480257
0.000015193130724696664
0.00001420910563701585
0.000013288988644961667
0.00001242888477875029
0.000011624579049994009
0.00001087271505419182
0.000010169570037982602
9.512259774402715e-6
8.897488042864995e-6
8.32278525084892e-6
7.785224171172421e-6
7.282700016234186e-6
6.812604100287796e-6
6.37315334681309e-6
5.9620133050048215e-6
5.577685398862973e-6
5.218070436870534e-6
4.881922281098735e-6
4.567342637218086e-6
4.273310251617999e-6
3.998097358047178e-6
3.7408839882753175e-6
3.5000859811766123e-6
3.275064532910384e-6
3.0643551350974277e-6
2.867483089375815e-6
2.683082140189964e-6
2.5108273427803554e-6
2.34943148014156e-6
2.1987074070166638e-6
2.0574295928915523e-6
1.925538874034568e-6
1.8018556318171873e-6
1.6864407741880927e-6
1.5781461467300982e-6
1.4771465327328656e-6
1.382311897861151e-6
1.2939262577789983e-6
1.210865255428189e-6
1.1335189091059027e-6
1.060756823311811e-6
9.930730869201493e-7
9.293201133340061e-7
8.700953343738859e-7
8.142232383986168e-7
7.624049992675803e-7
7.134267314393985e-7
6.6809481545777e-7
6.251467068301509e-7
5.85496477155591e-7
5.478226864271764e-7
5.131505693183959e-7
4.800894948508847e-7
4.497802997852355e-7
4.207527065998213e-7
3.942685508923272e-7
3.687671947934062e-7
3.4563782800056346e-7
3.23218386307427e-7
3.0303273881086217e-7
2.833058828758374e-7
2.657046808597334e-7
2.4832914322737807e-7
2.329984588433552e-7
2.1767497091977563e-7
2.0434058553654695e-7
1.9080657469940478e-7
1.792290565211742e-7
1.6725400617493392e-7
1.5722440886093493e-7
1.466057980890146e-7
1.379419055933451e-7
1.2850165342775045e-7
1.2104469767007045e-7
1.1262605062736419e-7
1.0623784886690492e-7
9.870265162935609e-8
9.326310626615638e-8
8.648941164946328e-8
8.189432830540037e-8
7.577429848693972e-8
7.19334849907547e-8
6.63715509573604e-8
6.320715839950991e-8
5.811840206362552e-8
5.556348290673973e-8
5.087221390937015e-8
4.8869465735695706e-8
4.450796935123184e-8
4.3008643910719336e-8
3.891607575619847e-8
3.7879034762221605e-8
3.400044497449788e-8
3.3391340416563e-8
2.9676809984520566e-8
2.946737931057354e-8
2.587125187419507e-8
2.6038710180115914e-8
2.2518910258941988e-8
2.304543224686887e-8
1.956285407757256e-8
2.0435131052461157e-8
1.6953091094660024e-8
1.8161958383812328e-8
1.4645701163991706e-8
1.6185826572663383e-8
1.2602076721240857e-8
1.4471703534025021e-8
1.078825612396636e-8
1.2988996467994682e-8
9.174339953107818e-9
1.1711011609643836e-8
7.73397938353312e-9
1.0614483178207477e-8
6.443925406424507e-9
9.679161110600333e-9
5.28363486010131e-9
8.887449916628942e-9
4.234924386890462e-9
8.224095631716165e-9
3.281664335464443e-9
7.67590836650515e-9
2.4095113972865745e-9
7.231520886396089e-9
1.6056358333895385e-9
6.880889925733909e-9
8.562136836753937e-10
6.596774950936311e-9
-4.670984437808187e-6
-0.0000652603182034358
-0.0002252837397606396
-0.0005344553271948559
-0.0010413055532313017
-0.001792924531361311
-0.0028345536345550097
-0.004209486628380733
-0.005958701506635422
-0.008120646697115251
-0.010731000785840753
-0.013822395182503366
-0.01742431704982466
-0.021562780923852522
-0.02626037814512666
-0.03153590365410077
-0.03740455386080598
-0.04387751245562195
-0.05096229870528708
-0.05866231436241301
-0.06697734455903126
-0.07590306584037976
-0.08543170142403979
-0.09555148733956564
-0.10624748220896708
-0.11750098396100267
-0.12929049111270474
-0.1415910564625862
-0.15437539220910418
-0.16761313988132562
-0.18127210619541903
-0.19531742130266397
-0.2097128872790064
-0.22441999107972282
-0.2393993445386269
-0.2546095159215971
-0.2700085408593489
-0.285552538588017
-0.3011972785278962
-0.3168965550787904
-0.3326038049869626
-0.348270227854265
-0.36384646436806833
-0.37928046730576104
-0.3945192683956356
-0.409506624310665
-0.42418491773682304
-0.4384926216530767
-0.4523663949534412
-0.4657384229561544
-0.4785387765672504
-0.4906926945625774
-0.5021232753912707
-0.512748765406167
-0.5224856428168292
-0.5312459652010656
-0.538940886216014
-0.5454780965046424
-0.550765787500465
-0.554710194749057
-0.5572199926255426
-0.5582039214797301
-0.5575755659418447
-0.5552510206182925
-0.5511539761888481
-0.5452133553898235
-0.5373686076420313
-0.5275672293942589
-0.5157701507185832
-0.5019490423086552
-0.4860916666492491
-0.4681988681524867
-0.4482897573617276
-0.42639828128885215
-0.40257811254705067
-0.3768987053030915
-0.34944977412503125
-0.32033675935319805
-0.2896848051542123
-0.2576335887573315
-0.22434074528467324
-0.18997605885842472
-0.15472433242157016
-0.11877899287930496
-0.08234446310562475
-0.0456292921984326
-0.008848146650318698
0.027785368083270444
0.06405692900335057
0.0997587743413123
0.13468793520155484
0.16865338438683025
0.20147406440611015
0.23298567756183575
0.26303830860317473
0.2915026509999219
0.3182670551893126
0.34324302743570767
0.3663615825819145
0.3875779058560558
0.40686694745893964
0.4242272002814551
0.4396755397418534
0.453250139945141
0.4650046348269223
0.47501027084927605
0.48334954289284904
0.49011775976914385
0.4954163845846315
0.49935426141309225
0.5020409531004877
0.5035879286297091
0.5041022246945477
0.5036879059912643
0.5024403636413194
0.5004483209499448
0.49778901274386494
0.49453091431328594
0.490729925925126
0.486432865904797
0.48167463520410136
0.47648236494982193
0.4708733900581696
0.46485981255252484
0.4584470058301094
0.45163827909124155
0.4444335902159408
0.4368339905139211
0.4288402512175195
0.4204568281325289
0.41169019148910496
0.40255215564561747
0.3930578170837398
0.3832282141808854
0.37308789184369945
0.36266696069086696
0.35199839343020645
0.34111962145911484
0.33006971410662334
0.3188906769716417
0.3076246703619247
0.2963151629904541
0.28500432005381465
0.27373413081544484
0.262544053955009
0.2514721925029302
0.24055323796431377
0.2298197229987298
0.21930026620994497
0.20902089933415993
0.19900358653735695
0.1892676015033021
0.17982827946846436
0.17069840981671255
0.16188717404918992
0.15340151865431956
0.14524523465938388
0.1374202804140848
0.12992596510658821
0.1227601987376539
0.11591875038700104
0.10939641086187596
0.10318630476651346
0.09728095870699416
0.09167165332152037
0.08634939583802508
0.08130430375394714
0.07652648480132501
0.07200544790858379
0.06773089636205228
0.06369216424831368
0.059878930092877085
0.056280678468509385
0.05288734195488021
0.04968878830813037
0.046675398518438084
0.043837580130491084
0.041166288718854645
0.03865256783812439
0.036288020568832895
0.03406437630869798
0.03197391829308517
0.0300090771136044
0.02816281937235144
0.026428267495184322
0.02479905397881189
0.02326896678782228
0.021832273029403524
0.02048338899862358
0.019217176571971535
0.018028636799500737
0.016913181843664297
0.015866350906284438
0.014884060148782614
0.013962339677184467
0.013097563554096841
0.012286206539075773
0.011525056031609596
0.010810987269387413
0.010141158815518131
0.009512804945594554
0.008923416103822569
0.008370547253387985
0.007851984569882026
0.007365568584231675
0.006909348247761389
0.006481417760133618
0.006080059027740715
0.005703591132763647
0.005350502111215643
0.005019310085775171
0.004708685204957083
0.004417321529133933
0.004144049898520925
0.0038877197260816544
0.003647303497937398
0.003421787687739697
0.003210269535295846
0.0030118563558937986
0.0028257551916879083
0.0026511798437870446
0.0024874339449419713
0.002333825093419208
0.002189741853667959
0.0020545744187554175
0.0019277860070979341
0.0018088395255876283
0.001697263794767406
0.0015925857256168816
0.0014943917741486908
0.0014022651823166012
0.0013158430347577116
0.0012347581472711472
0.0011586920724262293
0.001087321252018609
0.0010203662923966095
0.0009575420261073028
0.0008986033563801424
0.0008432989000118044
0.0007914136786157882
0.0007427260402211544
0.0006970474551528067
0.000654182436613082
0.0006139656814890903
0.0005762247303810582
0.0005408146781230172
0.000507583331881353
0.00047640370139878603
0.000447141430643195
0.00041968526509710366
0.0003939165473715368
0.00036973784616569684
0.0003470443203288318
0.00032575068364213376
0.0003057642545336746
0.0002870104191267108
0.0002694071963922265
0.00025288935336287657
0.00023738432412304618
0.0002228351240227537
0.00020917746975710036
0.00019636163164932192
0.00018433061136224383
0.00017304106321034023
0.0001624423936734594
0.00015249687829337074
0.00014315955199966675
0.00013439764330150516
0.0001261711303351672
0.00011845160956407192
0.00011120339716030817
0.00010440194576522531
0.00009801537445888397
0.000092022544827894
0.00008639490554050684
0.00008111433668181379
0.00007615519718122335
0.00007150204492828369
0.00006713177735100018
0.0000630313335740553
0.00005917981958168924
0.00005556629792514739
0.000052171789190378865
0.00004898725625199803
0.00004599537231523637
0.0000431888078046712
0.00004055165423235765
0.00003807812334203967
0.000035753515593865225
0.00003357344165961303
0.00003152422209960464
0.00002960274591550264
0.00002779618314863339
0.000026102599228761285
0.000024509858958397074
0.00002301711919883989
0.000021612798906645773
0.000020297076360335754
0.000019058795466350795
0.000017899099869443298
0.000016807138962458165
0.000015784978227634848
0.000014821961566442704
0.000013921044117477093
0.000013071660130048053
0.000012277632579587346
0.000011528387592682342
0.000010828604170809275
0.00001016760583899232
9.550924688295042e-6
8.967691103029011e-6
8.424295743824584e-6
7.909587171919518e-6
7.4308287743277345e-6
6.976499815923395e-6
6.554758167300927e-6
6.153627581419e-6
5.782189362076437e-6
5.427924813568748e-6
5.100875493162737e-6
4.78789271346472e-6
4.5000222809688215e-6
4.223395759918309e-6
3.970114923227057e-6
3.725499600361499e-6
3.5027663536986654e-6
3.28632820021364e-6
3.0905832111963358e-6
2.8989385559146504e-6
2.7270479584001494e-6
2.5572094256208447e-6
2.406415047012635e-6
2.2557444057610742e-6
2.1236190512529465e-6
1.989785207310571e-6
1.8741941860640646e-6
1.7551366773207315e-6
1.6542032294786616e-6
1.5480995365627054e-6
1.4601747683813145e-6
1.3654117982087478e-6
1.2890480448831139e-6
1.2041969052229242e-6
1.1381246024159178e-6
1.0619180206539303e-6
1.0050250432543155e-6
9.363380254060368e-7
8.876513871854622e-7
8.254833528243696e-7
7.8415379097244e-7
7.276135901070705e-7
6.929011494655206e-7
6.411932147259848e-7
6.124554637222352e-7
5.648678622425031e-7
5.415487089728039e-7
4.974423917879631e-7
4.790630543134758e-7
4.3786259897766505e-7
4.2401294297109524e-7
3.8519781985297913e-7
3.755296697870829e-7
3.3862676592219206e-7
3.3284734153364866e-7
2.9742444549680447e-7
2.9529100058192965e-7
2.6095082709447403e-7
2.6226578814789497e-7
2.2864061361904012e-7
2.3324786836417355e-7
1.9999452450150116e-7
2.0777554773474358e-7
1.7457124150357055e-7
1.8544237269595964e-7
1.5198083619566056e-7
1.6589058641253122e-7
1.3187833586047955e-7
1.4880544884062353e-7
1.1395846357690581e-7
1.33910137960131e-7
9.795105215490032e-8
1.2096165101529024e-7
8.361641894957257e-8
1.0974644077931747e-7
7.074226044572131e-8
1.000774320424076e-7
5.9139864443321595e-8
9.179059659794344e-8
4.864138648260508e-8
8.474290368060354e-8
3.90973706809309e-8
7.88092600268851e-8
3.0374349816659e-8
7.388112479987468e-8
2.235303073465745e-8
6.986424005709107e-8
1.4925989505747505e-8
6.667450030749831e-8
7.974569677549033e-9
6.406505172763374e-8
-6.214845758147475e-6
-0.0000872657296000532
-0.00030111569979169456
-0.0007143181162557474
-0.001391309620497962
-0.0023948941372627123
-0.0037847429067190737
-0.005618191347690987
-0.00794868898701813
-0.01082653781426774
-0.014297412738792621
-0.018403093452236594
-0.023180084634290866
-0.028660334025978458
-0.03486997047407004
-0.041829988040841155
-0.049555123761217325
-0.05805448266623536
-0.06733058396547421
-0.07737990019915418
-0.08819210859112216
-0.09975051736883864
-0.11203156666507329
-0.12500511458836608
-0.13863423749763412
-0.15287534604869407
-0.16767833642082866
-0.18298650127183813
-0.19873708085121314
-0.2148609255414586
-0.2312834891797057
-0.2479241898309202
-0.26469787870714556
-0.28151383627444315
-0.29827774147716807
-0.3148902341227673
-0.3312494035808065
-0.3472488484115468
-0.36278070374215876
-0.37773313716404394
-0.3919939407614818
-0.40544741861811456
-0.4179785823070442
-0.4294694081259928
-0.4398036910721171
-0.4488626754335388
-0.4565306375451306
-0.46268991654585495
-0.46722730542184526
-0.470028524275919
-0.47098549755891356
-0.46999031577649875
-0.4669434612786127
-0.4617472937901716
-0.45431525716659227
-0.4445649002002977
-0.43242805485352376
-0.41784337007420935
-0.40076740324576476
-0.3811666069741086
-0.3590292263911522
-0.3343566434816574
-0.3071759298898866
-0.2775304259745578
-0.24549276681562623
-0.21115455744796258
-0.17463967145944026
-0.1360928810419081
-0.09569322329670073
-0.053641453376884134
-0.010173282436365467
0.034454456903434454
0.07995087612437198
0.12600623217294793
0.17227943900580384
0.21841467237568962
0.2640294247816073
0.3087324959552127
0.3521126307915748
0.3937578114771513
0.4332444479423588
0.4701578106745299
0.5040816638101617
0.534619594016804
0.5613848926500993
0.5840224516683052
0.6021986202213743
0.6156232607065526
0.6240392344151074
0.6272441472291423
0.6250790661118666
0.6174494420368335
0.6043126314471555
0.5856974711739831
0.5616901840620389
0.5324521049792992
0.49820359620797605
0.45923949460708113
0.41591075993809584
0.36863734082950356
0.3178874371000398
0.26418767382094627
0.2081000808727573
0.1502297190804062
0.09119975868999024
0.031657002711682265
-0.027754245807700452
-0.0863880076873315
-0.143622991558578
-0.19885874697929712
-0.2515410717210695
-0.30115732913386173
-0.3472596516353316
-0.389458285996933
-0.42744148307355123
-0.4609659692832572
-0.48987275441769573
-0.5140742511045019
-0.533565735132876
-0.5484091775987255
-0.5587406633041253
-0.5647515533079143
-0.5666926873685815
-0.564853937370134
-0.5595663768040107
-0.5511815219458449
-0.5400727728067378
-0.5266156263430537
-0.5111895686805253
-0.49416030507123954
-0.47588296411005515
-0.45668699882721187
-0.4368811436765837
-0.41674120314246316
-0.3965167855075561
-0.37642180710228773
-0.35664269738812354
-0.33733117479701974
-0.3186134211235536
-0.30058455320119365
-0.28331820515345707
-0.26686211563429785
-0.25124760684672487
-0.23648579269808692
-0.22257656097040857
-0.20950503911531776
-0.19724982772084157
-0.18577949905298394
-0.17505996306765534
-0.16505089296152473
-0.1557122102179725
-0.14700041873362163
-0.1388742661293694
-0.1312910217942115
-0.12421141024384477
-0.11759589372765095
-0.1114089868064329
-0.10561560895575148
-0.10018488608182158
-0.0950866308273124
-0.0902947239496767
-0.08578376635075742
-0.08153211675681592
-0.07751874442386697
-0.07372598307808555
-0.07013659951897028
-0.06673630930288317
-0.06351106536222319
-0.060449369243517195
-0.05753977569861274
-0.054773024468855
-0.05213975134662617
-0.049632459169333135
-0.04724342261720079
-0.04496651273418787
-0.04279528116267929
-0.040724649645687776
-0.038749158998685466
-0.03686453320773124
-0.03506607879970178
-0.033350131992689484
-0.0317125949292989
-0.030150273592527126
-0.028659538397999264
-0.027237560092380562
-0.025881083310439163
-0.02458756730089201
-0.023354062147039365
-0.022178260853023005
-0.02105746896338769
-0.019989574243809392
-0.01897210137497507
-0.01800310517056351
-0.01708030286525977
-0.016201896504244053
-0.015365776103518426
-0.014570276526963001
-0.013813445460545649
-0.013093739776210924
-0.012409352846765856
-0.01175885507599478
-0.01114057559684714
-0.010553191331830362
-0.00999515857659665
-0.009465254644427972
-0.008962055244338768
-0.008484432467920092
-0.008031074232505913
-0.007600942086506608
-0.007192829313373358
-0.006805781762929226
-0.0064386915047882996
-0.0060906836408088395
-0.005760742660539104
-0.005448067957560489
-0.005151730274559665
-0.004870998428583156
-0.004605023453303108
-0.004353138832454648
-0.004114570144959458
-0.0038887109195506
-0.0036748557672807367
-0.0034724537982087356
-0.003280863392185174
-0.003099584956785369
-0.002928035639902314
-0.0027657630595437164
-0.0026122384025954516
-0.002467052621611468
-0.0023297264904775976
-0.0021998906386201
-0.0020771112546848994
-0.0019610552115485232
-0.0018513302155524617
-0.0017476361748812084
-0.0016496186888304868
-0.0015570077132048194
-0.0014694833804370145
-0.0013868029235104035
-0.0013086779021139147
-0.0012348902655856036
-0.0011651801391155357
-0.0010993518283183518
-0.0010371713935453926
-0.0009784633278855316
-0.000923017214694157
-0.0008706757464089116
-0.0008212498233243323
-0.0007745985187779303
-0.0007305520344366678
-0.0006889841665072531
-0.0006497425817219036
-0.0006127142871188193
-0.0005777627451329522
-0.0005447867986087189
-0.0005136641893662721
-0.000484304347532991
-0.0004565979197902751
-0.0004304637909873694
-0.0004058042684737612
-0.00038254666580448787
-0.00036060382735329035
-0.00033991056553258226
-0.0003203892484234909
-0.0003019813460093552
-0.0002846178375060641
-0.0002682460892073978
-0.00025280487132329815
-0.00023824675862198056
-0.0002245175744785168
-0.00021157448110735645
-0.00019936969462786767
-0.0001878644027554073
-0.00017701662339486023
-0.00016679106080336122
-0.00015715100800232313
-0.0001480642248586547
-0.000139498810853703
-0.00013142516359937635
-0.0001238157725879338
-0.00011664329326026506
-0.00010988423774487921
-0.00010351317321034241
-0.0000975103108566185
-0.00009185181345904322
-0.00008652130752795869
-0.00008149626195600233
-0.00007676347169193868
-0.00007230144550228424
-0.00006809993375393297
-0.0000641382388196527
-0.00006040888383804749
-0.000056891735637406806
-0.00005358193711982884
-0.000050459705240685646
-0.000047522675219035324
-0.00004475121227902514
-0.00004214534133516129
-0.00003968538455844285
-0.000037373676426772304
-0.00003519031216216362
-0.000033139878492384566
-0.000031202066435517105
-0.00002938367611654415
-0.00002766382262258775
-0.00002605150076928895
-0.00002452507952778002
-0.00002309574820280274
-0.000021740962083814462
-0.00002047412187761154
-0.000019271601733347807
-0.000018149047076526517
-0.00001708158103254524
-0.00001608714658795155
-0.000015139442852688562
-0.000014258777643718303
-0.000013417249538142739
-0.00001263761666302858
-0.000011890193829634473
-0.000011200290937219989
-0.000010536249568778247
-9.926049972042876e-6
-9.335862930290266e-6
-8.796474253600756e-6
-8.271676088433215e-6
-7.795214388420097e-6
-7.3282830169493876e-6
-6.907760217082278e-6
-6.492010714493879e-6
-6.121235927170612e-6
-5.750725813265104e-6
-5.42421651457135e-6
-5.093662072248549e-6
-4.806565323898583e-6
-4.511267118186911e-6
-4.259290029193741e-6
-3.99506634704861e-6
-3.7744145407033754e-6
-3.5375418514761184e-6
-3.3448641869323226e-6
-3.1320248186937728e-6
-2.964364393638378e-6
-2.7726000367230494e-6
-2.627351941187736e-6
-2.4540213556745256e-6
-2.328892974147834e-6
-2.1716354610270253e-6
-2.0646137673209003e-6
-1.921315660095168e-6
-1.830636351705334e-6
-1.6994025824581587e-6
-1.6235238182937155e-6
-1.5026511411632647e-6
-1.4402304968523837e-6
-1.3281831887606068e-6
-1.2780565575645963e-6
-1.1734460867606216e-6
-1.1346096021744363e-6
-1.0361767697612336e-6
-1.0077706763681892e-6
-9.143684150084497e-7
-8.956634344256364e-7
-8.062404909589984e-7
-7.966246685339741e-7
-7.102137426942695e-7
-7.091828602941931e-7
-6.248877200233262e-7
-6.320348773688051e-7
-5.490197118311165e-7
-5.640275087550447e-7
-4.81506751298083e-7
-5.041406311469804e-7
-4.213699921941632e-7
-4.5147255088403525e-7
-3.677402574272301e-7
-4.0522569134047386e-7
-3.198449097388777e-7
-3.6469537653647296e-7
-2.769979726327136e-7
-3.292601582302129e-7
-2.3858901639774735e-7
-2.98371249112583e-7
-2.0407537936441184e-7
-2.7154582986812807e-7
-1.7297328884795278e-7
-2.4835836427573795e-7
-1.4485151535969955e-7
-2.284348515501536e-7
-1.1932519683809946e-7
-2.114473657771835e-7
-9.604974934742517e-8
-1.9710852164953748e-7
-7.471669020307679e-8
-1.8516808025314141e-7
-5.5048819755826085e-8
-1.754076307014513e-7
-3.679613818992746e-8
-1.676309774483959e-7
-1.9678257020129872e-8
-1.6123767207701682e-7