-0.08737008244874904
-0.08713902595714117
-0.08675388357176138
-0.08621971435863288
-0.08554048608741185
-0.08472256697559832
-0.083772653985939
-0.08269913618698833
-0.08151092453298579
-0.08021821074503767
-0.078831651698248
-0.07736284245803626
-0.07582368104030629
-0.07422667826499592
-0.07258443126357955
-0.07090983173241995
-0.06921561534272798
-0.06751450508418391
-0.06581882117607499
-0.06414058411111176
-0.062491178219386975
-0.060881432174026445
-0.05932133353476859
-0.057820099919228554
-0.05638594357988276
-0.05502614292418774
-0.05374685643069026
-0.052553201188321665
-0.05144911482303731
-0.05043744503877311
-0.049519857124053594
-0.04869693610285586
-0.047968136144487875
-0.0473318949319659
-0.04678562015455864
-0.04632581414229898
-0.04594809174619735
-0.045647312206645856
-0.045417622206260194
-0.04525259132291837
-0.045145273881567596
-0.04508834412360896
-0.045074170631515344
-0.04509494742155928
-0.045142775075312676
-0.0452097842137568
-0.04528821793952774
-0.04537054446946671
-0.04544953598493465
-0.045518367512248574
-0.045570687747332236
-0.045600701552120766
-0.04560322876400024
-0.04557376794475702
-0.04550853965046986
-0.04540452939337184
-0.04525951241185165
-0.04507207427198712
-0.04484161492591485
-0.044568346070222656
-0.0442532732787601
-0.04389817019525025
-0.04350553878896632
-0.04307856167408794
-0.04262104201050728
-0.04213733662538759
-0.04163227864196984
-0.04111109547603972
-0.040579318742775775
-0.04004269241827703
-0.03950707574633575
-0.0389783476980607
-0.038462309297101975
-0.03796459082757518
-0.03749056010151389
-0.037045238585037436
-0.0366332216205022
-0.03625860878756091
-0.03592494103548793
-0.03563514928290158
-0.035391511961741756
-0.03519562426176298
-0.035048377928547286
-0.034949951873841346
-0.034899814401246024
-0.03489673431342261
-0.03493880422652092
-0.035023469950798594
-0.035147572315390146
-0.03530739156754754
-0.03549870422730829
-0.035716838579775756
-0.03595674253393755
-0.03621304597051071
-0.03648013537743689
-0.03675221883468013
-0.03702340330613313
-0.03728775834657832
-0.03753939229567037
-0.03777251132101651
-0.0379814913199414
-0.03816092959203271
-0.03830570992930922
-0.03841104495411295
-0.03847253257753367
-0.03848618775014877
-0.03844848910080545
-0.03835639944242157
-0.03820740189464453
-0.03799950890746225
-0.037731287486950565
-0.03740185673740181
-0.03701090196988874
-0.03655866086978473
-0.0360459263513384
-0.03547402153404269
-0.03484479133026117
-0.034160566585924125
-0.03342414467182514
-0.03263874351571112
-0.03180797198612274
-0.03093577515250845
-0.03002639599527044
-0.0290843140224645
-0.028114200705659113
-0.02712085440883287
-0.026109152754088875
-0.02508398747823359
-0.024050217466118143
-0.02301260744638635
-0.021975785522799874
-0.020944189425458396
-0.019922031946548076
-0.018913257762452007
-0.017921519286223413
-0.016950145974925813
-0.016002131902247405
-0.01508011815907165
-0.01418639214528613
-0.013322882388748026
-0.012491168378134474
-0.011692486068954832
-0.01092774620110716
-0.010197548062901763
-0.009502203746986185
-0.008841757448582727
-0.008216013013675758
-0.0076245561196411175
-0.007066782693293775
-0.006541921670106485
-0.006049062301494743
-0.005587175699461315
-0.0051551395990448315
-0.004751757460090576
-0.00437577980421091
-0.004025920179231658
-0.003700872680473255
-0.00339932453161486
-0.0031199697885984346
-0.0028615186280270535
-0.0026227075062146997
-0.002402305470868162
-0.002199121214637838
-0.00201200685096925
-0.0018398623789999853
-0.0016816374109587145
-0.0015363335758362658
-0.0014030046761955308
-0.0012807575237746309
-0.001168750958726002
-0.0010661955500908327
-0.0009723518471137382
-0.000886529305957152
-0.000808084073219991
-0.0007364174275693672
-0.0006709733281831066
-0.0006112365925901573
-0.0005567303823120735
-0.0005070142795655159
-0.0004616818312013932
-0.000420358638337037
-0.00038270003833912704
-0.00034838928282552716
-0.00031713540537912444
-0.00028867153378168357
-0.00026275296726494093
-0.00023915564701158142
-0.00021767444969541844
-0.00019812182479907121
-0.0001803262996011043
-0.00016413128137022785
-0.00014939376157209168
-0.00013598327431387872
-0.00012378078329045164
-0.00011267778397007516
-0.00010257535479545598
-0.00009338338871419038
-0.0000850197896971406
-0.00007740981869764234
-0.00007048541711436217
-0.00006418465263657718
-0.00005845115246606692
-0.00005323363542358169
-0.00004848543927069734
-0.000044164126666926425
-0.000040231092600853345
-0.000036651233127417265
-0.00003339262059680251
-0.000030426225454247224
-0.000027725648562219564
-0.000025266887639885875
-0.000023028117460849865
-0.000020989493705310075
-0.000019132973157989667
-0.000017442148822863297
-0.000015902103435971625
-0.000014499270644018387
-0.000013221316187077213
-0.000012057020770742409
-0.000010996184173114054
-0.000010029526153156956
-9.148609507024427e-6
-8.345755963257168e-6
-7.613984869181459e-6
-6.946941538138236e-6
-6.338848801287091e-6
-5.784445704874676e-6
-5.2789496296461e-6
-4.8180035983848155e-6
-4.39764705662504e-6
-4.014270352570997e-6
-3.6645926000420813e-6
-3.3456221435948587e-6
-3.054640197449925e-6
-2.7891663162744845e-6
-2.546946730804152e-6
-2.3259240163006153e-6
-2.1242292340741504e-6
-1.9401551311120926e-6
-1.7721513530322999e-6
-1.6188006248813554e-6
-1.4788164305509638e-6
-1.3510217205681178e-6
-1.2343485601922294e-6
-1.127818988765447e-6
-1.0305462273608439e-6
-9.417173789344423e-7
-8.605958596770819e-7
-7.865056823066674e-7
-7.18834835825422e-7
-6.57020937878399e-7
-6.00555337626911e-7
-5.489699588840383e-7
-5.018419421049495e-7
-4.587815293980332e-7
-4.194370957127656e-7
-3.8348395097245875e-7
-3.5062963865988273e-7
-3.206035501737502e-7
-2.9316239220524096e-7
-2.6808052476372207e-7
-2.451555178583154e-7
-2.241991381066817e-7
-2.0504293099118403e-7
-1.875297920798549e-7
-1.7151952410014744e-7
-1.5688093799044682e-7
-1.434973447080813e-7
-1.3125913894204352e-7
-1.200691943442547e-7
-1.0983588905487704e-7
-1.0047838024600906e-7
-9.192003587325616e-8
-8.409357032119382e-8
-7.693485118921378e-8
-7.038788265320342e-8
-6.439895977572388e-8
-5.8921490134474765e-8
-5.391047124373579e-8
-4.932714420125226e-8
-4.513377242347049e-8
-4.1298123655886026e-8
-3.778853044383131e-8
-3.4578198942558965e-8
-3.16405334375976e-8
-2.895327206726378e-8
-2.6494059328640622e-8
-2.4244410159211165e-8
-2.218551576276282e-8
-2.0302038548412376e-8
-1.8578137823196696e-8
-1.7001098905655382e-8
-1.555756628965867e-8
-1.4237010877181654e-8
-1.3028159146548959e-8
-1.192230291928659e-8
-1.0909913886354834e-8
-9.983800665384119e-9
-9.135898767800578e-9
-8.36027993888271e-9
-7.650108301083852e-9
-7.000507119714062e-9
-6.405672444855539e-9
-5.861602526273444e-9
-5.363360807689952e-9
-4.907673239182388e-9
-4.490332961146724e-9
-4.108670742073414e-9
-3.759094131845918e-9
-3.4394361966031624e-9
-3.1466223275202737e-9
-2.878902360088099e-9
-2.6336385997371716e-9
-2.409426306581888e-9
-2.2039968469506434e-9
-2.0162314016460264e-9
-1.8441734757972515e-9
-1.686940553251906e-9
-1.5428404988310077e-9
-1.4111857371032563e-9
-1.2905083633445523e-9
-1.1802812745278012e-9
-1.0792270699734605e-9
-9.869504082644125e-10
-9.023360273485613e-10
-8.250964451659488e-10
-7.542546632233943e-10
-6.896111725428361e-10
-6.303071256749436e-10
-5.762144543819315e-10
-5.265755037372341e-10
-4.81319914729619e-10
-4.3977691142244924e-10
-4.0192245118647235e-10
-3.671605426682975e-10
-3.3550401923162035e-10
-3.0642144242099497e-10
-2.799547108777535e-10
-2.55628271715421e-10
-2.3350663802105995e-10
-2.1316278965081024e-10
-1.9467853767739464e-10
-1.7766914707990228e-10
-1.6222935632202077e-10
-1.480113977138974e-10
-1.3511935480646677e-10
-1.2323789226816725e-10
-1.1247751300971852e-10
-1.0255143863222148e-10
-9.357421216260601e-11
-8.528429284856823e-11
-7.779833906274732e-11
-7.087719777302097e-11
-6.463809551175761e-11
-5.886181354160386e-11
-5.3664912712692596e-11
-4.8845990456938865e-11
-4.451996778279495e-11
-4.0501424028073926e-11
-3.690288106919573e-11
-3.355330648832629e-11
-3.056224119421273e-11
-2.77716515421675e-11
-2.5287661863248008e-11
-2.2964021327968184e-11
-2.090312224335862e-11
-1.8969428271428012e-11
-1.7261382661975484e-11
-1.5653221009080608e-11
-1.4239300724224704e-11
-1.2902794009610647e-11
-1.1733900725388009e-11
-1.0623985835760163e-11
-9.659072272491428e-12
-8.738051914146845e-12
-7.942792985153784e-12
-7.1791147930139775e-12
-6.524785520620902e-12
-5.892008590564781e-12
-5.354531303811968e-12
-4.830444930007118e-12
-4.3895724158259055e-12
-3.955435205906221e-12
-3.5940390878613703e-12
-3.233908403120549e-12
-2.9373429100099203e-12
-2.6374644996210327e-12
-2.3929746356587056e-12
-2.1411999742437527e-12
-1.9373393608530555e-12
-1.7225328587497668e-12
-1.5485493117261064e-12
-1.3599381644503367e-12
-1.2050730660967305e-12
-1.0314774122805832e-12
-8.841061776874603e-13
-7.129645270908524e-13
-5.594833028720052e-13
-3.75639737113439e-13
-2.0010324681549937e-13
0.02241799307341589
0.022021489470070293
0.021347840371701333
0.020418686449714958
0.01923957142252385
0.017828219434769754
0.016198194194167525
0.014370274358812508
0.01236343016588181
0.010201483541839876
0.007907023274484642
0.005505877262183412
0.003022557778843297
0.0004835035569544008
-0.0020865362619649146
-0.004662022097073167
-0.00721958474285484
-0.009736039212431958
-0.01219083610737138
-0.01456439883489753
-0.01684014501234774
-0.0190030329345437
-0.02104120173005063
-0.022944651598977583
-0.02470654064817058
-0.026321953941540327
-0.02778889567978386
-0.029107127835548294
-0.030278902780712203
-0.031307873411704976
-0.03219961876434104
-0.03296064283757304
-0.03359875036862267
-0.03412215957300471
-0.034539784442376736
-0.034860486538954245
-0.03509331280710647
-0.03524690383642401
-0.03532972282582602
-0.03534962422780884
-0.035314092305629666
-0.03522995784780105
-0.03510364691973038
-0.03494101806342262
-0.034747606901614846
-0.034528545425082366
-0.03428877909694363
-0.034033026046809876
-0.033765942044216124
-0.03349208167809253
-0.033215993103696766
-0.032942154757907044
-0.032674994399625984
-0.03241879104208262
-0.03217762827169174
-0.03195526811428724
-0.03175506290014885
-0.031579821612634625
-0.031431713774674304
-0.03131215598164977
-0.03122174264089111
-0.031160178935043678
-0.031126265864681955
-0.03111789602184284
-0.031132105619735045
-0.031165133586862487
-0.0312125345044647
-0.0312692837909733
-0.03132992738058852
-0.03138870104105638
-0.03143968004225746
-0.03147687335183461
-0.03149433320031183
-0.03148618779925042
-0.031446678233185324
-0.031370106758528096
-0.03125078581270243
-0.031082900515827114
-0.03086037821281396
-0.030576688920771516
-0.030224668355928686
-0.029796302948038984
-0.029282558836976783
-0.028673213051700952
-0.027956750399487546
-0.027120305287509642
-0.02614968468667988
-0.02502947410088675
-0.023743227491131207
-0.022273767142578144
-0.020603552992292124
-0.018715173278185712
-0.016591870816217817
-0.014218184875105538
-0.011580576667890932
-0.008668149273277647
-0.005473285332715734
-0.001992347217983684
0.0017737776491294477
0.0058191047710906725
0.010132205950906371
0.014695867229514924
0.019487031247267066
0.024476762594511384
0.029630536400587527
0.03490854854985219
0.04026636133343159
0.04565554545338954
0.05102464027945944
0.056320061194313396
0.06148728051523084
0.06647188690209736
0.07122085299983674
0.07568360280792764
0.07981321230525733
0.08356733328714352
0.08690917919364644
0.08980817312949824
0.09224060323133426
0.09418990582256988
0.09564692733990651
0.0966098124861893
0.0970838722982544
0.09708110940621284
0.09661975107437513
0.09572349617354887
0.0944208158857859
0.09274403955937381
0.09072854659255156
0.08841181636755728
0.08583263122044851
0.08303020089938723
0.0800434730353281
0.07691041186135016
0.07366747760469458
0.070349101751248
0.0669873595690252
0.06361164871356095
0.06024854725672965
0.056921675009278416
0.0536517073842127
0.050456382152155387
0.047350628285865275
0.04434667461361307
0.04145425098990425
0.03868075715641048
0.03603149833592404
0.03350987947854617
0.0311176456205873
0.02885507570757152
0.026721207246578883
0.024714012899145366
0.02283059736463425
0.021067347628163712
0.019420096749895355
0.017884244486548507
0.016454887474168563
0.015126910891852504
0.013895087565760649
0.0127541436808351
0.011698830950187533
0.01072397049047894
0.00982450279071276
0.008995514134640056
0.00823226902684071
0.007530223296046641
0.006885043180326385
0.006292608723593144
0.0057490230910844636
0.005250609245645035
0.004793912393860885
0.004375692303836499
0.0039929211504445995
0.0036427732702313718
0.0033226201212605065
0.0030300187895253494
0.0027627053191846642
0.0025185828944581223
0.0022957144287355275
0.0020923110410288877
0.0019067245084154016
0.0017374364258162624
0.0015830509129721346
0.0014422846778306196
0.0013139602135732666
0.001196996866661576
0.0010904046490595014
0.0009932763307615921
0.0009047819166266647
0.0008241617304853717
0.0007507215560992911
0.0006838266480156567
0.0006228975050487058
0.0005674047258745748
0.0005168653656333254
0.0004708385472261318
0.0004289223430193526
0.00039075005248588953
0.0003559875484936525
0.0003243301358263955
0.0002955003029389127
0.00026924508222749525
0.0002453341518610564
0.00022355762622293106
0.0002037244573944192
0.0001856605921382637
0.00016920762808957625
0.00015422128147083122
0.0001405702585632823
0.0001281349857157013
0.00011680666193805463
0.00010648620951775843
0.00009708347843355406
0.00008851638194726776
0.00008071022790162775
0.00007359700899926107
0.00006711483990129773
0.00006120737656480423
0.000055823341411816763
0.00005091605012041804
0.000046443010019033626
0.00004236553617506799
0.0000386484106301012
0.000035259572567492376
0.00003216982808785496
0.00002935260172661631
0.000026783688223190854
0.00002444105476087871
0.000022304627652451736
0.000020356136442632803
0.000018578929658596243
0.000016957853398507376
0.000015479091314603044
0.000014130071552971283
0.000012899326981853413
0.00001177642538547817
0.000010751846649126683
9.816931975685165e-6
8.963775315951003e-6
8.185188098234627e-6
7.474602667864546e-6
6.8260496211001395e-6
6.234071409134085e-6
5.693709867602747e-6
5.20042846212691e-6
4.75010802052576e-6
4.338976361236036e-6
3.963610580967563e-6
3.6208730243156827e-6
3.30791876678256e-6
3.0221370619461937e-6
2.761162898319651e-6
2.5228232065121313e-6
2.305151566494309e-6
2.1063385770202374e-6
1.9247489543287783e-6
1.7588755644191368e-6
1.6073582907229502e-6
1.4689413105300766e-6
1.3424932224335575e-6
1.2269672144831564e-6
1.1214220361611642e-6
1.0249847603199636e-6
9.368722623522779e-7
8.563563227958653e-7
7.827853409267333e-7
7.155515618486933e-7
6.541128052142591e-7
5.979616310991967e-7
5.466469088131372e-7
4.997447610675266e-7
4.568798344309541e-7
4.176978821951255e-7
3.818866282498666e-7
3.4914986642209427e-7
3.1922783446617566e-7
2.9187272213728107e-7
2.6686849250655777e-7
2.440077031564309e-7
2.2311072887959155e-7
2.0400381057712675e-7
1.8653764720306007e-7
1.705665955552709e-7
1.5596661059748746e-7
1.4261552664183918e-7
1.3041033434562053e-7
1.192484800250105e-7
1.0904447504100116e-7
9.971215534503529e-8
9.118062493411997e-8
8.337742236507942e-8
7.624380472042922e-8
6.97187718640042e-8
6.375370112288287e-8
5.8297183595851916e-8
5.33090226943986e-8
4.874583994024361e-8
4.457445276351269e-8
4.0758210004513145e-8
3.726976605919112e-8
3.407810878913645e-8
3.1160748332864284e-8
2.8491402372140705e-8
2.605161877570174e-8
2.3819085206529145e-8
2.1778705301528388e-8
1.9911501463836962e-8
1.820516456544674e-8
1.6643520475916975e-8
1.521657335306481e-8
1.3910508035128873e-8
1.2717246897422336e-8
1.1624961695966655e-8
1.0627163748745958e-8
9.713700179032238e-9
8.87939685623986e-9
8.115515258220784e-9
7.417967201655112e-9
6.779209734110222e-9
6.196050216441768e-9
5.661957775486308e-9
5.174476786820222e-9
4.7279344743415225e-9
4.320480293928677e-9
3.947170262624858e-9
3.606649172907161e-9
3.294593176612536e-9
3.0100511744544516e-9
2.7492280723865376e-9
2.511501098833773e-9
2.29352699753515e-9
2.0949484314677815e-9
1.912809179499589e-9
1.7469651958983399e-9
1.5947926411139346e-9
1.4563175828219823e-9
1.3292024163208141e-9
1.2136076202371467e-9
1.1074428115575405e-9
1.0109734087531305e-9
9.223232223465982e-10
8.418383320877534e-10
7.678287379767987e-10
7.007012275994121e-10
6.389282063215002e-10
5.829608169507047e-10
5.314136328979366e-10
4.847687956532365e-10
4.4176579245747763e-10
4.029068981091306e-10
3.670417703941864e-10
3.346840217082637e-10
3.0478085235986483e-10
2.7785013447344806e-10
2.529257664284638e-10
2.3052422644589987e-10
2.097567719073214e-10
1.9113401276542864e-10
1.7383649828375598e-10
1.5836547070853417e-10
1.439637800130717e-10
1.311206058213329e-10
1.1913501889749207e-10
1.0848210377757193e-10
9.851184483394742e-11
8.968374306785281e-11
8.1394045364583e-11
7.408562603044951e-11
6.719690105382095e-11
6.115343781604104e-11
5.543220246066806e-11
5.0441069353396954e-11
4.5692339653009526e-11
4.157604511868603e-11
3.76369502478357e-11
3.424728251629205e-11
3.0981689522564655e-11
2.8194779285247665e-11
2.5488748181428285e-11
2.320088011178459e-11
2.0958791057887558e-11
1.9082814358176617e-11
1.722402378066276e-11
1.568622342987786e-11
1.4142113614112434e-11
1.2879407607166047e-11
1.159069346717064e-11
1.0548015564334114e-11
9.462160948491818e-12
8.589870729464305e-12
7.658441515796542e-12
6.909569806130414e-12
6.0853071568454434e-12
5.412388977726658e-12
4.6457158976474565e-12
3.996875909759259e-12
3.2314447580609164e-12
2.5452968348919232e-12
1.7124186510318134e-12
9.163760498011605e-13
0.11733664830835538
0.11649384420450064
0.1150888512472429
0.11314112712233677
0.1106657904201568
0.10768729900345297
0.1042312701550839
0.10032995896054454
0.09601754007727518
0.09133325935298238
0.08631806354427361
0.08101664387208934
0.07547474046938252
0.06974054264738506
0.06386239380498135
0.0578897817981925
0.05187132374935997
0.04585548907627202
0.03988881529566265
0.03401646468091027
0.028280658714372887
0.022721146622891666
0.01737386394708468
0.012271375027010686
0.007441766884417028
0.0029091126889274166
-0.0013073907286318032
-0.005192907328033801
-0.008737581230352807
-0.01193595480931517
-0.014787357601176616
-0.017295260229492175
-0.01946745819358749
-0.021315378085458504
-0.022854092210046476
-0.02410160377350768
-0.02507873479207499
-0.025808421862648905
-0.02631552114738383
-0.02662614572744038
-0.02676742773469708
-0.02676692299429326
-0.026652362853335044
-0.02645114359915899
-0.02619009118772476
-0.025895043975518374
-0.0255906445258437
-0.02530001654130303
-0.025044590943813342
-0.024843872876326913
-0.02471530516752821
-0.02467411923464802
-0.024733237706232102
-0.024903203392443833
-0.02519212327112578
-0.025605671143127035
-0.02614707599217841
-0.026817195080787837
-0.02761454954202991
-0.0285354643480697
-0.029574152008150438
-0.030722913495679984
-0.03197226690060661
-0.033311199161292916
-0.034727330913623435
-0.036207203493156974
-0.037736465051712215
-0.03930017199087819
-0.04088297606545751
-0.0424694156704523
-0.04404408067256789
-0.04559186833586517
-0.047098103481642464
-0.04854873758703649
-0.04993040759207471
-0.051230565466493745
-0.05243746969317159
-0.05354024587906325
-0.05452881945715474
-0.05539392375804861
-0.056126998069774905
-0.056720174558407395
-0.0571661785110906
-0.05745833523854246
-0.05759051466229331
-0.05755719966362998
-0.05735351159122524
-0.056975369862178986
-0.05641961720138536
-0.05568427699624489
-0.05476876924195183
-0.053674241142796474
-0.0524038324895058
-0.05096302345351839
-0.04935987973040854
-0.0476053382742349
-0.045713346882315646
-0.04370100199993393
-0.04158850139883051
-0.03939906311443375
-0.037158635962455555
-0.0348955647765949
-0.03264004827172988
-0.030423566558757952
-0.028278130049058124
-0.026235539219621844
-0.024326518789418057
-0.022579923165691816
-0.02102188362454677
-0.019675093790088315
-0.018558104378054413
-0.01768481498906922
-0.017064028440518707
-0.01669923946268403
-0.016588514106874362
-0.016724611550376176
-0.017095195304199916
-0.017683264901912733
-0.0184676490220584
-0.019423673322480343
-0.020523843621488763
-0.02173864465888156
-0.0230373013020694
-0.024388594470777607
-0.025761590643202117
-0.027126373361457276
-0.028454651531276853
-0.029720331529166998
-0.030899945600886863
-0.0319730229248744
-0.03292231331331838
-0.033733948734532546
-0.03439746846955976
-0.03490579053452492
-0.03525506848569719
-0.03544451197972157
-0.03547612058616709
-0.03535440329222541
-0.035086040681388764
-0.03467955494679226
-0.03414494967018862
-0.03349337643717915
-0.03273679322273149
-0.031887663355700556
-0.030958661743311012
-0.02996242935029313
-0.02891134375823956
-0.027817339921808005
-0.02669174999840571
-0.025545190712547388
-0.02438746839842932
-0.023227525822551953
-0.022073402527128787
-0.020932229631045917
-0.01981023272302009
-0.018712761601239924
-0.017644322567086812
-0.01660863057366294
-0.015608659045845024
-0.014646703705661172
-0.013724440238381387
-0.01284299145369628
-0.01200298561633778
-0.011204621064392626
-0.010447720401519655
-0.009731788896643606
-0.009056061750636887
-0.008419554380607545
-0.007821101530095739
-0.007259398854445882
-0.006733033742691335
-0.006240518503456708
-0.005780313468112531
-0.005350852603709402
-0.004950559854032479
-0.004577868263505075
-0.00423123067110857
-0.0039091334984891965
-0.0036101029170818905
-0.0033327144031326354
-0.0030755954114401363
-0.0028374316821678748
-0.0026169673202639204
-0.00241300869117411
-0.0022244226540114116
-0.0020501387302485365
-0.001889146090540446
-0.001740494536969577
-0.0016032907090838425
-0.001476698293992575
-0.0013599338017843317
-0.0012522663116567273
-0.0011530130717215467
-0.0010615390033531006
-0.0009772523044972526
-0.0008996038668276029
-0.0008280830028849799
-0.0007622168789415
-0.0007015664419705752
-0.0006457259326187844
-0.0005943190554710286
-0.0005469986086149346
-0.0005034429174593955
-0.0004633555977250584
-0.00042646225706029483
-0.00039251039493599867
-0.0003612663657030812
-0.00033251541020108726
-0.00030605886728389846
-0.00028171432669146036
-0.00025931307231274797
-0.00023870034302775684
-0.00021973298921863164
-0.00020227982711406634
-0.0001862194896553492
-0.00017144085980952197
-0.0001578410973724351
-0.00014532613735425344
-0.00013380887531472865
-0.00012320971797558165
-0.00011345491099340433
-0.00010447713021661078
-0.00009621393724366669
-0.00008860840108152436
-0.00008160766830158702
-0.00007516360618306113
-0.0000692314756965059
-0.00006377058847449427
-0.0000587430721813707
-0.00005411453481385547
-0.00004985291323381406
-0.00004592913934804825
-0.00004231606367973822
-0.000038989118905470535
-0.00003592531132035479
-0.000033103878024043525
-0.00003050533999946847
-0.0000281121499450258
-0.00002590780144559183
-0.0000238774650542225
-0.00002200714869625695
-0.000020284320120842883
-0.00001869711425467074
-0.000017234940581544564
-0.00001588773366160475
-0.000014646544365806132
-0.000013502830208834438
-0.000012449029673854364
-0.000011477889381382348
-0.000010583020996327336
-9.758262578691936e-6
-8.998217777170682e-6
-8.297648987661682e-6
-7.651998712077866e-6
-7.056812393375907e-6
-6.508241960502202e-6
-6.00249641931198e-6
-5.536327719684428e-6
-5.106507364919648e-6
-4.710294829301055e-6
-4.344938608285112e-6
-4.00812748783704e-6
-3.697514597370897e-6
-3.4111518891663068e-6
-3.1470358784768825e-6
-2.9035257349207754e-6
-2.678909501930526e-6
-2.4718062344565242e-6
-2.280751585088952e-6
-2.104584445631188e-6
-1.9420508715732107e-6
-1.792175700696967e-6
-1.6538838626412015e-6
-1.5263574570505944e-6
-1.40867356203303e-6
-1.3001472585999708e-6
-1.1999851119753525e-6
-1.1076146291539783e-6
-1.022352641204642e-6
-9.437216775005999e-7
-8.711325261565298e-7
-8.041880025302554e-7
-7.423790094151739e-7
-6.853761693363837e-7
-6.327387466583374e-7
-5.841946034673495e-7
-5.393613828341661e-7
-4.980152370767774e-7
-4.5982370545474376e-7
-4.2460365166294954e-7
-3.920653005837883e-7
-3.6205980924056185e-7
-3.343339561983354e-7
-3.0876775712364637e-7
-2.8513932726718137e-7
-2.6335293941467557e-7
-2.4321360482835986e-7
-2.2464595787973516e-7
-2.074781240668858e-7
-1.9165180211204692e-7
-1.7701500937615728e-7
-1.6352371878013316e-7
-1.5104309225217137e-7
-1.395410165684128e-7
-1.288974545201012e-7
-1.1909021072758645e-7
-1.1001204811506222e-7
-1.016490019798117e-7
-9.390492620906879e-8
-8.677266142084004e-8
-8.016569123675824e-8
-7.408245817870466e-8
-6.844482530007744e-8
-6.325582174367547e-8
-5.844461919843942e-8
-5.4017977612372895e-8
-4.991145934349807e-8
-4.61348344849573e-8
-4.2629268271450035e-8
-3.9406934816231285e-8
-3.6413925366306535e-8
-3.366430897334663e-8
-3.110852060630535e-8
-2.8762097378106774e-8
-2.657931636283184e-8
-2.457682547292152e-8
-2.2712311125869812e-8
-2.1003233706325665e-8
-1.9410315017244576e-8
-1.795157946017083e-8
-1.659046051832791e-8
-1.5345340337642492e-8
-1.4182083352037007e-8
-1.3119258838087657e-8
-1.2124918231468898e-8
-1.1217677449277055e-8
-1.0367562484833887e-8
-9.593120833292859e-9
-8.866167611798913e-9
-8.205088275151486e-9
-7.583324810140123e-9
-7.019025078000312e-9
-6.48711559446131e-9
-6.005446273650456e-9
-5.5503029468989535e-9
-5.1391899976433714e-9
-4.7496421089593524e-9
-4.3987812602876e-9
-4.0652932415739515e-9
-3.765889719663269e-9
-3.4803208304850955e-9
-3.224867505464763e-9
-2.9802669661896426e-9
-2.7623552189655132e-9
-2.5527875418526795e-9
-2.3669459987849204e-9
-2.1873420389646304e-9
-2.028899041164238e-9
-1.8749289518630353e-9
-1.739895236148758e-9
-1.6078600745489654e-9
-1.4928286603784274e-9
-1.3795678663294028e-9
-1.2816285804074006e-9
-1.1844409518022745e-9
-1.1011073902672214e-9
-1.0176835158167075e-9
-9.468305513554042e-10
-8.751949410911403e-10
-8.150051354208198e-10
-7.534665168425757e-10
-7.023840017904556e-10
-6.494924280071211e-10
-6.061829725560232e-10
-5.606925182758379e-10
-5.240086030576081e-10
-4.848445017459742e-10
-4.5379427137553734e-10
-4.2002336470473246e-10
-3.9374231175049474e-10
-3.645456271890281e-10
-3.4226976214545785e-10
-3.169158841687245e-10
-2.979549361096292e-10
-2.757725571513771e-10
-2.594813880004171e-10
-2.398289656432586e-10
-2.2557480457075735e-10
-2.078045351883516e-10
-1.9492675548406016e-10
-1.7833898852610472e-10
-1.6609682014330793e-10
-1.4987941489402892e-10
-1.3738100963254975e-10
-1.2052573307874613e-10
-1.0662908434219194e-10
-8.781367179516515e-11
-7.098643179737112e-11
-4.841717326604932e-11
-2.668896963937033e-11
-0.0022495502607064234
-0.002478867656494289
-0.0028539100731543566
-0.0033645171583703377
-0.003996306674714766
-0.004731702179311705
-0.0055498797307844
-0.00642778262277851
-0.007340202572921107
-0.008260934876648793
-0.009162881511642813
-0.010019312722319935
-0.010803914560421853
-0.011492094014780416
-0.01206090612569123
-0.012490336506282453
-0.012763055656553305
-0.012865620822500246
-0.012788021231798282
-0.012524756154845962
-0.012074153906585052
-0.011439301503880898
-0.01062714040801021
-0.009649242366546044
-0.008520703623183723
-0.007260778782301967
-0.00589161046339907
-0.0044387463443108875
-0.0029297515139583893
-0.0013946420614448587
0.00013556797262485984
0.0016284803148095693
0.0030517798527497173
0.004372861743348846
0.005560267624433002
0.006583298406356953
0.007413382666704238
0.008023656136417217
0.008390236199581864
0.008491758509107805
0.008310541807932895
0.007832080309793354
0.007046091181548446
0.005945966551984909
0.004529700435480626
0.002799305351110002
0.0007616155708116999
-0.001572329730421808
-0.0041866136719503665
-0.007061096057819131
-0.010170883296739897
-0.013487030878977502
-0.016976172790135295
-0.020601286512519735
-0.02432149914169927
-0.02809292790750989
-0.03186867436202976
-0.03559974517683206
-0.039235233119463975
-0.042723308342690156
-0.046011566951173054
-0.0490480646711991
-0.051781793984821446
-0.054163713897298474
-0.05614729916957678
-0.05768950617522156
-0.058751326725803105
-0.05929862418136992
-0.059302622430296936
-0.05874055021798558
-0.05759600375324498
-0.05585935036133238
-0.05352791974839912
-0.050606138572034345
-0.04710552801254065
-0.04304456566504212
-0.03844849247580812
-0.03334892411952266
-0.027783495162206972
-0.021795265432019248
-0.0154322501235456
-0.008746684290361618
-0.0017945011929028105
0.005365473312600291
0.01267202869115122
0.020062376793338353
0.027472590014470288
0.03483835741552864
0.04209531938549577
0.049179748379010395
0.05602877820597363
0.06258101937261296
0.06877671539196191
0.0745583346975798
0.07987071286398378
0.08466168179434325
0.08888226488158321
0.09248740024578289
0.09543623841649049
0.09769298568122502
0.09922731057904736
0.10001528008937094
0.10003982086098902
0.09929165818659628
0.09776971735379834
0.09548192271250544
0.09244538464896655
0.08868689391912873
0.08424273851658076
0.07915875065860757
0.07348964328373514
0.06729853469141754
0.06065577997349094
0.053637997171631126
0.04632647370619747
0.03880582190428438
0.031162135248101873
0.02348148053788591
0.015848036036260785
0.008342659594747961
0.0010412446122583512
-0.005986419489879776
-0.01267788596927216
-0.01897874988605507
-0.024843377669819654
-0.03023510928831749
-0.035126468695745997
-0.039498901388080265
-0.04334253563011882
-0.04665555375577461
-0.04944362477552835
-0.051719041402406844
-0.05349996236209116
-0.05480944973152241
-0.05567464958682445
-0.056125844417780825
-0.056195673984892974
-0.05591828622637151
-0.05532866687628125
-0.054461938823320594
-0.053352837049631105
-0.05203517697497822
-0.05054148505055825
-0.04890263409497288
-0.047147620982490215
-0.04530335185255746
-0.04339454651074852
-0.04144364786365742
-0.03947082676733765
-0.03749398676457179
-0.03552884175883021
-0.03358898768083277
-0.031686027154822716
-0.02982968277780843
-0.028027946658262592
-0.026287214430755875
-0.02461244217742272
-0.023007285228318176
-0.021474249751394708
-0.020014825151581882
-0.01862962200240693
-0.017318491034617915
-0.016080642769464235
-0.014914749466073164
-0.013819044674523322
-0.012791407037309433
-0.011829440017960952
-0.010930538184643249
-0.01009194868232532
-0.009310821688831366
-0.008584255923847614
-0.00790933550781125
-0.007283162087923929
-0.0067028804943510215
-0.0061657000490591
-0.005668911329813298
-0.0052098990265016555
-0.004786151893739614
-0.00439526921929721
-0.0040349657466137836
-0.003703073483568457
-0.0033975430589319
-0.0031164422680009904
-0.002857955024649839
-0.002620377737404571
-0.0024021167493741215
-0.0022016833760507117
-0.0020176904968232726
-0.0018488468677695922
-0.0016939533418260664
-0.001551896894576267
-0.0014216468026656808
-0.001302248683749377
-0.0011928208495755376
-0.0010925485572447632
-0.0010006806689856669
-0.0009165242348782198
-0.0008394415302125413
-0.0007688450343700971
-0.0007041948737934023
-0.0006449942229877729
-0.0005907871522335791
-0.0005411544506159655
-0.0004957118591277133
-0.0004541062989621206
-0.0004160144597386225
-0.0003811394064028339
-0.00034920948674202094
-0.00031997528511950674
-0.00029320881154710246
-0.0002687007686242017
-0.0002462599849453335
-0.00022571096189910036
-0.00020689351619896935
-0.00018966057481451095
-0.00017387799427450777
-0.00015942257438075836
-0.00014618202519653422
-0.00013405317293740208
-0.00012294204892495463
-0.0001127622638964404
-0.00010343519648137388
-0.00009488851495403303
-0.00008705644586323465
-0.00007987842486758057
-0.00007329942895409023
-0.00006726874039075093
-0.00006174032848157036
-0.00005667171282115531
-0.00005202438274941914
-0.0000477627479956387
-0.0000438545859276192
-0.00004027006933771912
-0.00003698223324929468
-0.000033966071041644084
-0.000031199014005824635
-0.00002866008825009455
-0.000026330401413938903
-0.000024192353862372816
-0.000022230127997148212
-0.00002042894815887993
-0.00001877556884236847
-0.00001725757850043311
-0.000015863883698520332
-0.00001458405267210589
-0.000013408793064414723
-0.000012329331647102931
-0.000011337883791826068
-0.000010427066236490819
-9.590356862122685e-6
-8.821537787241357e-6
-8.115144369473435e-6
-7.465936249717053e-6
-6.869334784802926e-6
-6.320919950670235e-6
-5.816855647956168e-6
-5.3534106175748424e-6
-4.927371253810431e-6
-4.5355848933942155e-6
-4.175359927573888e-6
-3.844030002865536e-6
-3.539341350668924e-6
-3.259036589255044e-6
-3.001229291804749e-6
-2.7640062090138893e-6
-2.5457891781778432e-6
-2.3449546975079787e-6
-2.160183343600152e-6
-1.9900957250608405e-6
-1.8335896263292978e-6
-1.6894914519274578e-6
-1.5568813536175443e-6
-1.434759349534327e-6
-1.3223587211126733e-6
-1.218826055216936e-6
-1.1235232188677474e-6
-1.0357206286647025e-6
-9.54888126503351e-7
-8.804008302623166e-7
-8.118192436133552e-7
-7.486070860884321e-7
-6.904009757329094e-7
-6.367396761037164e-7
-5.873236927074612e-7
-5.417554098871056e-7
-4.997889414032819e-7
-4.6108066211616333e-7
-4.254296502649237e-7
-3.925381478224618e-7
-3.62242927470067e-7
-3.3428524189642016e-7
-3.085334425326051e-7
-2.8476200221938537e-7
-2.6286570577781824e-7
-2.426473526651555e-7
-2.2402383166796424e-7
-2.0682213064489512e-7
-1.9097759925607392e-7
-1.7633791185441378e-7
-1.6285381338082937e-7
-1.5039069908578652e-7
-1.3891212966773345e-7
-1.2829870793030558e-7
-1.1852464003779885e-7
-1.0948360456455635e-7
-1.0115862747933434e-7
-9.345465343103051e-8
-8.636199282972086e-8
-7.979531872694326e-8
-7.375093519556422e-8
-6.815193588461951e-8
-6.299953386093345e-8
-5.822412991632533e-8
-5.3830935158209995e-8
-4.975670848147716e-8
-4.600989451270033e-8
-4.2532800383042014e-8
-3.933646316222535e-8
-3.6368046228955567e-8
-3.3640642093279095e-8
-3.1105678298436896e-8
-2.8777853534124095e-8
-2.661235215527956e-8
-2.462510374163618e-8
-2.2774614017379197e-8
-2.1077730518191472e-8
-1.9495905970611525e-8
-1.804664548804373e-8
-1.669402634652304e-8
-1.545599514515319e-8
-1.4298975420339197e-8
-1.3241176471293818e-8
-1.2251127409399023e-8
-1.1347152862547108e-8
-1.0499678880478215e-8
-9.727024487554839e-9
-9.001331377343699e-9
-8.340814276762636e-9
-7.719172580911775e-9
-7.154436715905155e-9
-6.621725803995533e-9
-6.13882166140427e-9
-5.6821422589417834e-9
-5.269169657489658e-9
-4.8775144543711464e-9
-4.524318835941555e-9
-4.188292387830693e-9
-3.886206523777694e-9
-3.5977870007874864e-9
-3.3394112584774947e-9
-3.0917477295253197e-9
-2.8707630871767888e-9
-2.6580029877706353e-9
-2.469011868075338e-9
-2.2861541105697975e-9
-2.1245448496921495e-9
-1.967314721444354e-9
-1.8291461211781206e-9
-1.693888696214169e-9
-1.5757916403196952e-9
-1.4593809200888476e-9
-1.3584744858138593e-9
-1.2582358975830983e-9
-1.1720557719381054e-9
-1.0857000000039038e-9
-1.0121373272916836e-9
-9.377037412254967e-10
-8.749527910814626e-10
-8.107609731499262e-10
-7.572742325064617e-10
-7.018822976374265e-10
-6.563317589219795e-10
-6.085003073526244e-10
-5.697438497463923e-10
-5.28404494306116e-10
-4.954563330799239e-10
-4.5968379621710503e-10
-4.3168800124461314e-10
-4.0067477318673474e-10
-3.768808207487745e-10
-3.4991329552024085e-10
-3.2965249955314914e-10
-3.0608733737286927e-10
-2.887487792981069e-10
-2.679879474941731e-10
-2.5299214508663586e-10
-2.34454612964602e-10
-2.212225748017467e-10
-2.0430990337265584e-10
-1.9222431186607493e-10
-1.762762724144606e-10
-1.6463018634243687e-10
-1.4886489388393313e-10
-1.3679135617914484e-10
-1.2022196750230261e-10
-1.0659495063309727e-10
-8.79114550420949e-11
-7.120506901330363e-11
-4.8615946109603436e-11
-2.6856312474605076e-11
0.05963207309371061
0.058413375913433103
0.05641175238252533
0.05363421032078377
0.05011261364352327
0.04587807563695822
0.0409746157792772
0.03544929535530287
0.029358550066018826
0.022762832031878455
0.015729676361960144
0.008330489465017953
0.0006416964594885301
-0.0072572252120863875
-0.015283901425091836
-0.02335421068527913
-0.03138338585845475
-0.03928656546700486
-0.04698058752901775
-0.054384048997338764
-0.06141958108776173
-0.0680134558786335
-0.07409815466474068
-0.07961152256418592
-0.0844994607276911
-0.08871461461052262
-0.09221904628651746
-0.09498244647406755
-0.0969846777695972
-0.09821352052048288
-0.09866701999110818
-0.0983508059683224
-0.0972802219166265
-0.09547729059862275
-0.09297264467695815
-0.08980223823998633
-0.08600912969624552
-0.08164005583313587
-0.07674713466290346
-0.07138442105206658
-0.06560959781409684
-0.059480619866067806
-0.053057448004640316
-0.04639886493687157
-0.039564282245426255
-0.032610781665773414
-0.025594997718767405
-0.018570407256880875
-0.01158926420129006
-0.004700135066807536
0.0020501569080095387
0.008618769066669862
0.014964937888770511
0.021052014107178933
0.02684565501517276
0.032315678867018666
0.03743439214317675
0.04217827403078921
0.04652646425505734
0.05046227434542583
0.05397184436844072
0.05704546444840132
0.059676394015883365
0.0618619686551817
0.06360256687660687
0.06490247666389051
0.06576899433420864
0.06621303308306324
0.06624834603745546
0.06589187411211489
0.0651630981950471
0.06408414178257972
0.06267927055201099
0.060974780967354855
0.058998673567123794
0.05678036641687576
0.054350566457367605
0.05174084262842849
0.04898370560725255
0.04611205957661875
0.04315947681556388
0.04015952376062019
0.03714618960143701
0.034153059513600634
0.031213834843699644
0.0283613137456612
0.02562793395303887
0.023044526554408792
0.020640826839196335
0.01844399403237167
0.016479071569803952
0.014767311121982131
0.013326614279381258
0.012169753219186842
0.011304878471317047
0.010733776354942529
0.010452566338574325
0.010450160908339378
0.010709286125381924
0.011205300258796395
0.011907643220333117
0.012779121220259796
0.013777825016270472
0.014856904789475817
0.015966904897027227
0.017055952697079834
0.01807235968587155
0.018965054270301217
0.019686221428864725
0.020191747760605915
0.020443637025405678
0.020410224804845885
0.020068127966118048
0.01940203123599708
0.01840600204744507
0.01708274166592697
0.015444205216183653
0.01351032230117679
0.011308978064268862
0.008874313988088172
0.006246221983301167
0.003468410862063795
0.0005876221107452292
-0.0023483219212510347
-0.005291361472991036
-0.008194967283690614
-0.01101485437872279
-0.013710411780242685
-0.016245154935572756
-0.018587729218905214
-0.02071203734667891
-0.022597797705481454
-0.024230347705745683
-0.025600797437048038
-0.02670556101213594
-0.02754618827797004
-0.02812870845016311
-0.028463244545791817
-0.02856326594827649
-0.028445092745116016
-0.028127148686430986
-0.02762944952347303
-0.026972929900017116
-0.0261789866802624
-0.02526892853513357
-0.02426361816601547
-0.023183067444290134
-0.02204619666709983
-0.020870575575408248
-0.019672296999107275
-0.018465847596486694
-0.017264079219980598
-0.0160781836110447
-0.01491773758954651
-0.013790752560472175
-0.012703768056507789
-0.01166194825939101
-0.010669200796088267
-0.009728296763857842
-0.008840996243569137
-0.008008173917716613
-0.007229938064684791
-0.006505749541629422
-0.005834526047844139
-0.005214747235252626
-0.004644540205067186
-0.004121767438118933
-0.0036440925997906905
-0.0032090507797033455
-0.002814095749851022
-0.0024566537818229957
-0.0021341546909026936
-0.0018440714609264865
-0.0015839379236184698
-0.0013513767887301609
-0.0011441068621891027
-0.0009599620546343233
-0.0007968908126292669
-0.0006529684255070766
-0.0005263909680523791
-0.00041548286383434645
-0.0003186872113929316
-0.0002345701727512306
-0.00016180913920463042
-0.00009919514551555683
-0.00004561995992635904
-7.740330303956121e-8
0.0000383498639764406
0.00007048950316990369
0.00009709249042953596
0.00011883235134793857
0.0001363176031280849
0.0001500908123760298
0.00016064029664105773
0.0001683988688710435
0.00017375470947647307
0.0001770497397379825
0.00017858964405024033
0.0001786418666868379
0.00017744480801743594
0.00017520547125929168
0.00017210788278270358
0.0001683104334388443
0.00016395358681116262
0.00015915696782552985
0.00015402642800560714
0.00014865093569356946
0.00014310906703466586
0.00013746574972091398
0.00013177824474206088
0.00012609279085410544
0.00012045013661511421
0.00011488212697006066
0.00010941683877191606
0.00010407514475113586
0.00009887549927284448
0.00009383050901306224
0.0000889514095302162
0.0000842446664834635
0.00007971617792862402
0.00007536792502719217
0.00007120192991961669
0.00006721697063463735
0.00006341231997419365
0.000059784535731463615
0.00005633100222134419
0.000053046803908217725
0.00004992808798642697
0.00004696902704448096
0.00004416501838057898
0.0000415097393214987
0.000038998196684164766
0.00003662387675768491
0.000034381656430057184
0.00003226504856792252
0.00003026898475885383
0.000028387155828676742
0.000026614674851724754
0.000024945511780309303
0.000023375044301893594
0.00002189758497673867
0.000020508826632607075
0.000019203459978710668
0.000017977519492008968
0.000016826089168114225
0.000015745554240617816
0.000014731392517797736
0.00001378033676458768
0.000012888248937362034
0.000012052197628238665
0.000011268412432388583
0.000010534280490866215
9.846378192466934e-6
9.202390541618174e-6
8.599217399129821e-6
8.034819135681976e-6
7.506394644374513e-6
7.012156509828563e-6
6.549578073479671e-6
6.117101146694014e-6
5.712449471966026e-6
5.3342718304267305e-6
4.980519314318157e-6
4.6500265206308346e-6
4.340950129209686e-6
4.05229073159049e-6
3.7823902923102368e-6
3.5303970326446034e-6
3.2948194382224717e-6
3.0749364990948846e-6
2.8694060131275413e-6
2.6776223749495486e-6
2.498377010695405e-6
2.3311658074888024e-6
2.1748996001101405e-6
2.029163238651538e-6
1.8929741309921268e-6
1.7659948582214132e-6
1.6473378579804191e-6
1.5367334144620439e-6
1.4333786464253606e-6
1.337062620454834e-6
1.2470578835890639e-6
1.1632043745695485e-6
1.0848418144281885e-6
1.0118540202886117e-6
9.436405378703939e-7
8.801228956897626e-7
8.207539312635671e-7
7.654874600128332e-7
7.138238120034781e-7
6.657443292575839e-7
6.207916922019944e-7
5.789706012350342e-7
5.398615317374643e-7
5.034889004535925e-7
4.6946694502926924e-7
4.378366228957366e-7
4.0824236592458454e-7
3.807389089156114e-7
3.549977221892308e-7
3.3108491835719297e-7
3.086962156056351e-7
2.8790702505761994e-7
2.6843484522938947e-7
2.5036258788134793e-7
2.3342734974919822e-7
2.1771799223039504e-7
2.029892800960665e-7
1.89334689589323e-7
1.7652494550190039e-7
1.6465699318819758e-7
1.5351600523259353e-7
1.4320141543548315e-7
1.3351150438474525e-7
1.2454735757536638e-7
1.1611917561734604e-7
1.0832898424118477e-7
1.009978496993084e-7
9.422813542288078e-8
8.785083648221816e-8
8.19681460343433e-8
7.642015456945314e-8
7.13084589658151e-8
6.648150273419895e-8
6.203993141973104e-8
5.7839879228548255e-8
5.3980746633544974e-8
5.032576668993911e-8
4.6972853960550916e-8
4.3791810558577106e-8
4.0878869860048726e-8
3.8109927909170095e-8
3.557938078285273e-8
3.316879151066005e-8
3.097059635354869e-8
2.88716408776833e-8
2.696230776320411e-8
2.5134378177910403e-8
2.3476111999755582e-8
2.188391220934855e-8
2.044386755104617e-8
1.9056718347258457e-8
1.7806351599040305e-8
1.659758646195667e-8
1.551209256046486e-8
1.4458532395700197e-8
1.3516355182018423e-8
1.2597851720587892e-8
1.1780258326571344e-8
1.0979297235523927e-8
1.0270008142229568e-8
9.571364045568305e-9
8.956231532431927e-9
8.346668144888573e-9
7.813396783315522e-9
7.281406230497142e-9
6.8193098866391265e-9
6.354886039737632e-9
5.954676552063715e-9
5.5491178553346905e-9
5.2027211546932e-9
4.848458980022108e-9
4.5488549314432965e-9
4.239303962892547e-9
3.9803866351693985e-9
3.709814171822859e-9
3.486269584896994e-9
3.249680952533718e-9
3.0568796120757423e-9
2.849917088722853e-9
2.68381878415274e-9
2.5026715601638144e-9
2.3597399615504857e-9
2.2010626510241222e-9
2.078187165508035e-9
1.9390242300617786e-9
1.833446328774932e-9
1.7111594155291366e-9
1.6204001541682073e-9
1.512594709776734e-9
1.4343793451215873e-9
1.3388258312324634e-9
1.2710001412905863e-9
1.18554357227721e-9
1.1259745106384085e-9
1.0484236089373667e-9
9.948739577267662e-10
9.228576034347727e-10
8.728198827133301e-10
8.035931757440058e-10
7.540615582957762e-10
6.842359113611292e-10
6.313853093727973e-10
5.565453742649979e-10
4.952728078657535e-10
4.09426294548126e-10
3.326929486599916e-10
2.2752843379519486e-10
1.26133380187859e-10
0.015084970452611273
0.015455298752460276
0.016165755337178993
0.017114488100071157
0.018305741338901043
0.01968134144462475
0.021217287910008407
0.022855590237047117
0.024557114507218706
0.02626132430772974
0.027921387917866497
0.029476825827081617
0.030879274532754207
0.03207238209974284
0.033011791970538204
0.03364955197662815
0.03395007305406279
0.03387752263719659
0.03340871532063333
0.032522558193723114
0.031210451638363418
0.029467199034256236
0.02729931831350008
0.02471705631324857
0.021740938059758262
0.01839468974042255
0.01471032989861565
0.01072192294840388
0.006469510668828843
0.001993694504545063
-0.0026613054344685355
-0.007452205901905578
-0.01233421595466468
-0.017264700178322007
-0.022201140787512286
-0.027103912377377127
-0.03193450934383089
-0.03665748845138128
-0.04123889250905313
-0.04564747366953521
-0.04985331037884179
-0.05382847178134627
-0.05754587446094935
-0.060979576784319096
-0.06410394819405534
-0.06689378647598422
-0.06932387284858826
-0.07136908390233394
-0.07300438149503746
-0.07420504669988541
-0.07494710837353011
-0.0752077637968894
-0.0749661901290574
-0.07420414329259757
-0.07290703171999585
-0.07106461237463613
-0.06867214867528393
-0.06573106404232128
-0.06224996993284254
-0.058245107184512465
-0.053741028686302546
-0.048770667854188106
-0.04337550080715012
-0.03760513238776106
-0.03151684221175293
-0.025174663628462116
-0.018648322819746068
-0.012011886392699699
-0.005342210329305046
0.001282676891126998
0.007785412971192133
0.014090956743637327
0.02012846700105092
0.02583275442724943
0.031145955437352636
0.0360185693522435
0.040410724228363344
0.04429264752858741
0.047645385484058236
0.05046062695747197
0.0527408063518749
0.05449826766597996
0.05575474260037743
0.05653990032650672
0.05689024887584361
0.05684717323354669
0.05645537049959128
0.05576054730212583
0.054807578585544386
0.0536381214317677
0.052288782325708084
0.05078899739964747
0.049159581857426526
0.04741129437848538
0.04554418422686321
0.04354725406951138
0.041398968168949266
0.039068310933790026
0.03651664149082888
0.03370019905858164
0.030573189985308384
0.027091444732868588
0.02321625784101029
0.01891853426867047
0.01418257073449709
0.009009755935012914
0.0034213033530887497
-0.002539494432713891
-0.008806497697573268
-0.015290695923449478
-0.021881962825782923
-0.02845156701270386
-0.03485642872271268
-0.04094383161705362
-0.04655751062320901
-0.051543622008979176
-0.05575747118085147
-0.05906941121032202
-0.061370801491767865
-0.06257847519005275
-0.06263868509456905
-0.06152912598201985
-0.05926012502863959
-0.055873816765620414
-0.05144251216025587
-0.04606530733184182
-0.03986420809805733
-0.03297900443897397
-0.025562155425900485
-0.017773038899941147
-0.00977272451403573
-0.0017186762501543724
0.006239624127387724
0.013964721554460123
0.02133410567164744
0.02824260267082517
0.03460363763275247
0.040349969024284074
0.04543345122374677
0.0498244028260492
0.05351025250328023
0.056493988570215765
0.058792158063861864
0.060432869211578935
0.06145358475341813
0.06189907832555465
0.061819362815018555
0.06126788279522039
0.06029979199782965
0.05897053729519112
0.057334580263703694
0.055444420622006475
0.0533497646701642
0.05109695992022628
0.04872855409029872
0.046283069020341856
0.0437948650621072
0.041294165685766854
0.03880713620903846
0.036356072585168986
0.03395961210030475
0.03163301269021175
0.02938842921452406
0.027235226915100247
0.02518027481622688
0.023228254313400393
0.02138193784212292
0.019642468651167307
0.018009606487444534
0.016481966361835028
0.01505722313882917
0.01373230546834071
0.012503558071272933
0.01136689241420627
0.010317909708846848
0.009352012978917636
0.008464496002463046
0.007650622809117603
0.006905688607000305
0.006225073019565784
0.005604278963602381
0.005038965534155578
0.004524970222814721
0.004058326611026816
0.003635274508774163
0.003252266739604592
0.0029059709143133003
0.002593268720823643
0.0023112522291984564
0.0020572183112472983
0.0018286616552379354
0.0016232662678275901
0.0014388967791861527
0.0012735884316172836
0.0011255377782818893
0.0009930921317561178
0.0008747403910443363
0.0007691025948870951
0.0006749213362806622
0.000591051822464971
0.0005164541365941179
0.00045018403200765614
0.00039138616087720573
0.000339285709239161
0.00029318261824844605
0.0002524440854657707
0.00021649974402866793
0.00018483500418502565
0.00015698711983599907
0.0001325393138966313
0.00011111764296534775
0.0000923858343361319
0.00007604285248541034
0.00006181836964879668
0.000049470938318700495
0.00003878401772213217
0.00002956466166101655
0.00002164002748712226
0.000014856496341212533
9.076597580514804e-6
4.178487385112602e-6
5.3228883668969574e-8
-3.395435720557708e-6
-6.2535016168133755e-6
-8.596691707059945e-6
-0.000010492614786576174
-0.000012000566029350707
-0.000013173465390785827
-0.000014057508533437419
-0.000014693918034643667
-0.000015118478448057582
-0.000015363127699229614
-0.00001545540425418836
-0.000015419901596423373
-0.000015277650556339745
-0.00001504745593591852
-0.000014745232870854939
-0.000014385241440038464
-0.000013979392405533226
-0.00001353839294220101
-0.00001307103414700599
-0.000012585258779234546
-0.000012087440471906627
-0.000011583382518455224
-0.000011077596682798422
-0.000010574240543502698
-0.000010076402120580613
-9.586982039301052e-6
-9.107988813901576e-6
-8.641371073732847e-6
-8.188327217586623e-6
-7.750092114439115e-6
-7.3272639245921075e-6
-6.920549012214006e-6
-6.530107985023378e-6
-6.156262007525684e-6
-5.798859509438357e-6
-5.457946643332273e-6
-5.133155627968551e-6
-4.824341732328096e-6
-4.530993832497785e-6
-4.25284000982645e-6
-3.989280591388892e-6
-3.7399642100122262e-6
-3.5042433542641982e-6
-3.281722541672835e-6
-3.0717362126614944e-6
-2.873870506757759e-6
-2.687463186136604e-6
-2.512100371000465e-6
-2.347138064323495e-6
-2.192175091235819e-6
-2.0465957106072124e-6
-1.9100199096698502e-6
-1.781866524839437e-6
-1.6617819633432519e-6
-1.5492232107305442e-6
-1.4438659830846493e-6
-1.345206968409904e-6
-1.2529523538024381e-6
-1.1666386293945478e-6
-1.0860023828197841e-6
-1.0106189852611801e-6
-9.402544992463242e-7
-8.745215646206725e-7
-8.132142240346433e-7
-7.559803307716411e-7
-7.026400583429234e-7
-6.528741607549524e-7
-6.06526897734499e-7
-5.633094901660137e-7
-5.230881600765045e-7
-4.856021387895199e-7
-4.5073749048777507e-7
-4.1825904741595456e-7
-3.8807065729074915e-7
-3.599604380847215e-7
-3.338480625169643e-7
-3.0954274412949747e-7
-2.8697814636084137e-7
-2.659825314287507e-7
-2.4650185692281587e-7
-2.2838153913732062e-7
-2.1157827660391682e-7
-1.9595289975576262e-7
-1.8147143825718612e-7
-1.6800854904437593e-7
-1.5553832263238855e-7
-1.4394780153073687e-7
-1.3321799985887022e-7
-1.232470437573681e-7
-1.1402185858717419e-7
-1.0545048217359102e-7
-9.7524854553215e-8
-9.016187363087046e-8
-8.335770385313204e-8
-7.703716207968688e-8
-7.119994367342868e-8
-6.57779440565167e-8
-6.077378349264366e-8
-5.6125686891790176e-8
-5.183867200002088e-8
-4.785662652292145e-8
-4.418650851467743e-8
-4.077727579781418e-8
-3.7637432043239676e-8
-3.4720478776707245e-8
-3.203612593863041e-8
-2.954195148815166e-8
-2.724858112073805e-8
-2.5117254613691223e-8
-2.3159265836985016e-8
-2.1339148542533292e-8
-1.966865481698902e-8
-1.8115286011394068e-8
-1.6691075335794348e-8
-1.5366202070989006e-8
-1.4152832079893925e-8
-1.3023565350840099e-8
-1.1990576783333451e-8
-1.102865850129123e-8
-1.0149892345623824e-8
-9.33105927887624e-9
-8.58406456870713e-9
-7.88749700088906e-9
-7.253017750782573e-9
-6.660862044318707e-9
-6.122393174550915e-9
-5.619348716834303e-9
-5.1627520392622055e-9
-4.73571420390995e-9
-4.348886630182909e-9
-3.986638414445069e-9
-3.659225518664189e-9
-3.352171431206033e-9
-3.075320357810765e-9
-2.8152569404116854e-9
-2.581403408934725e-9
-2.361321488259909e-9
-2.1640063157467275e-9
-1.9779207105185213e-9
-1.8116318612797424e-9
-1.6544348205700573e-9
-1.5144715084246262e-9
-1.3818066392481885e-9
-1.2641624583087735e-9
-1.1523163213094748e-9
-1.0535787727221208e-9
-9.593876888428337e-10
-8.766518095707416e-10
-7.974217345476477e-10
-7.282158242270556e-10
-6.616534146886992e-10
-6.038751013623848e-10
-5.480283193516372e-10
-4.998894062281189e-10
-4.5309618871168693e-10
-4.1307488223447635e-10
-3.739185379183463e-10
-3.407177697002651e-10
-3.0798785303897195e-10
-2.804984691020542e-10
-2.5315591291741614e-10
-2.3042350276767315e-10
-2.0756875336623666e-10
-1.887628119412962e-10
-1.6960558278343857e-10
-1.5398951419535586e-10
-1.3781852387205387e-10
-1.2471866731318883e-10
-1.1086930610799268e-10
-9.964063220983978e-11
-8.74578370835086e-11
-7.744313961201372e-11
-6.623574325047598e-11
-5.67139092285207e-11
-4.569524095353601e-11
-3.5812735775583366e-11
-2.4025524982780858e-11
-1.2775436245282716e-11
-0.06224933201796091
-0.06079637325196816
-0.05820641384553911
-0.0546724958918707
-0.05019497912955026
-0.044892629587934045
-0.03882436219537714
-0.03211639071159381
-0.024864059076267216
-0.01720794285364921
-0.009267849080420044
-0.0011951995373466128
0.006876343134776667
0.014792013897015815
0.02241531310154623
0.029597782122815997
0.03621159081265701
0.04212519262905767
0.04723080082359481
0.051424159857799086
0.05462778923334222
0.05677364416159917
0.05782260101459369
0.05774912464460634
0.05655728858721025
0.054266832396935985
0.05092596824602708
0.04659844237510803
0.04137341978060833
0.035353366896073046
0.02866138082316944
0.021429876418864683
0.013805797846359347
0.005940209311737539
-0.0020081324106794043
-0.009882126251012138
-0.017523917613664952
-0.024783026611708368
-0.03151467279143236
-0.0375865676185141
-0.042877622528964654
-0.04728336030397729
-0.050714749722445766
-0.053102267681130993
-0.05439469483246102
-0.05456192649294817
-0.053593637203330546
-0.05150098098625379
-0.048315079753412156
-0.04408776656996354
-0.038889871200569706
-0.03281114541674435
-0.025958313935560858
-0.018454287443162232
-0.010435930673758243
-0.002052631738184315
0.006536272142930655
0.015163523041226592
0.0236569066954709
0.03184182436530494
0.03954464736400576
0.04659573008990021
0.05283306861500194
0.058105569122280744
0.06227681174838502
0.06522828848782528
0.06686295970015077
0.06710808865542942
0.06591819600613953
0.06327707699157234
0.059199738503762686
0.05373321341220589
0.04695712161913076
0.03898300003052445
0.029953258695205036
0.020038909485780385
0.009436866653206052
-0.0016338493331097801
-0.012936326577737967
-0.02422082079648375
-0.03523017585575461
-0.04570573444699397
-0.055393527338155474
-0.06405052206712467
-0.07145105965368517
-0.07739286482786127
-0.08170315497987664
-0.08424379631191206
-0.08491647225208816
-0.08366634596009682
-0.08048565533896512
-0.0754152458874929
-0.06854598222176003
-0.06001758316554799
-0.050017351446385125
-0.03877592507516938
-0.02656307570105819
-0.013680325072416528
-0.0004539698679734834
0.012775003678554277
0.02565997756917693
0.037860488595313935
0.04905211884776994
0.05893846245175577
0.06726016804895124
0.07380525891043317
0.07841551078194603
0.08099335817175493
0.08150406861493867
0.07997796389400351
0.07650755370391564
0.07124467532346379
0.0643927478151754
0.056199493403279906
0.04694552000138992
0.0369342489750724
0.026478833716015043
0.015891500660677092
0.005471124989069793
-0.004505780560525661
-0.01379477752411504
-0.022189157565845063
-0.02952563818307646
-0.035685860452120306
-0.04059775919909228
-0.044233097286872844
-0.04660513832080037
-0.04776321736876382
-0.047787979434528984
-0.046784413455637455
-0.04487613763398043
-0.04219833256976634
-0.03889238627984464
-0.035099844913707476
-0.030958311965346375
-0.0265970540158974
-0.022134551708692326
-0.01767591732685662
-0.013312063137877915
-0.00911872176314727
-0.005156911420352174
-0.001473145765520257
0.00189924904353197
0.004939201827740775
0.007636166309556857
0.00998887932551225
0.012003570110169887
0.01369271465170016
0.015073419413336968
0.016166358194244997
0.016994453078630418
0.01758207774161837
0.017954070604260776
0.01813521485988243
0.01814956126409097
0.018020151082062775
0.017768595735345116
0.01741498898529027
0.016977680891040285
0.016473322334296013
0.015916773891534137
0.015321232215944171
0.014698224174949093
0.014057775222386649
0.013408451032968463
0.012757539277687226
0.012111112308077248
0.011474203741152489
0.01085087519509543
0.010244376991876839
0.009657209127435031
0.009091261113427737
0.008547862408423746
0.008027900216160502
0.0075318578795282205
0.007059911742139707
0.006611957946428216
0.00618769066585447
0.0057866187514715875
0.005408128113059191
0.005051490050400031
0.004715910582211691
0.004400532322562786
0.004104473327387928
0.003826824202810041
0.003566678694955667
0.00332312745638331
0.00309528223001003
0.0028822674197775083
0.002683239361815887
0.002497376583109277
0.0023238953364996947
0.0021620392039895086
0.002011091805557966
0.0018703662173836222
0.0017392155476583459
0.001617022493182021
0.001503208303758285
0.0013972226887446937
0.0012985515586287281
0.0012067074104053891
0.001121236133622981
0.0010417079440604735
0.0009677234654430045
0.0008989052395271639
0.0008349032382060808
0.0007753869503112531
0.0007200504373187108
0.0006686049793268436
0.0006207837573191943
0.0005763350300516085
0.0005350265039212777
0.0004966390067429048
0.00046097059049540626
0.0004278306655885171
0.00039704387043549763
0.000368444629645488
0.0003418808162628286
0.00031720869853867165
0.0002942964148720127
0.00027301927584076705
0.00025326306771472965
0.00023491967886813875
0.00021789024473419926
0.00020208107031842337
0.00018740662728627212
0.00017378574688373528
0.00016114447825236382
0.00014941252854023615
0.00013852599035110269
0.0001284240081384607
0.0001190513817972723
0.0001103554405508545
0.00010228852900037356
0.0000948050716301015
0.00008786394708281889
0.00008142572812879924
0.00007545494949300696
0.00006991750966759212
0.0000647828372506714
0.000060021442345885365
0.00005560698606243027
0.000051513970454480135
0.00004771971556377589
0.0000442021779225479
0.000040941839283332665
0.00003791964465698705
0.00003511880666240968
0.0000325228549105973
0.00003011735971430585
0.00002788808537305156
0.00002582263680588436
0.000023908709952266398
0.000022135664727130663
0.00002049286633930201
0.000018971187814886885
0.00001756143655721321
0.000016255789540679038
0.000015046299902298533
0.0000139262677723194
0.000012888822104119066
0.000011928229979148096
0.000011038549255403648
0.000010214879061859682
9.452079181168148e-6
8.745964332088663e-6
8.092086504139692e-6
7.4868755151557605e-6
6.926480788263858e-6
6.407860565147407e-6
5.927679862438637e-6
5.483350619266732e-6
5.071982793976872e-6
4.691377626763481e-6
4.339029041131232e-6
4.0130721086737256e-6
3.711332105221984e-6
3.4322301748731164e-6
3.173877560292557e-6
2.934940376799162e-6
2.713776691551709e-6
2.509262235662905e-6
2.3199681495492414e-6
2.1449493815442215e-6
1.9829610478521826e-6
1.8332111898441377e-6
1.6946138180109907e-6
1.5665076269151186e-6
1.447943904311622e-6
1.3383727325140765e-6
1.236964047359635e-6
1.1432627873860032e-6
1.0565414833516101e-6
9.764257520501813e-7
9.022768863756206e-7
8.337890286900194e-7
7.704003145687098e-7
7.118630013264677e-7
6.576817961327217e-7
6.076581584742157e-7
5.613545158077404e-7
5.186139043181258e-7
4.790488430936624e-7
4.4253742544263435e-7
4.087356861342221e-7
3.7755120567819484e-7
3.4867786481639005e-7
3.220479764612865e-7
2.9738837767038294e-7
2.746520583087766e-7
2.5359459345326747e-7
2.341861942101105e-7
2.162075331497121e-7
1.9964310098943097e-7
1.8429552446498315e-7
1.701610727162137e-7
1.5706161116963306e-7
1.4500306336012774e-7
1.3382418611472236e-7
1.2353875613878436e-7
1.1400039121965386e-7
1.0522919613217481e-7
9.709189187931138e-8
8.961362226139145e-8
8.26726884760041e-8
7.629818598170881e-8
7.037867522028835e-8
6.494628812987317e-8
5.989869744420775e-8
5.5270303306890617e-8
5.09668936552175e-8
4.7024493800643685e-8
4.335613891347181e-8
3.9998943107846126e-8
3.687243210187701e-8
3.4014363223023354e-8
3.1350092008919603e-8
2.8917650580218772e-8
2.664764634738035e-8
2.4578083331668837e-8
2.2644314325684478e-8
2.0884067931434015e-8
1.923699755293149e-8
1.7740356116721934e-8
1.6337706216747922e-8
1.5065664643535657e-8
1.3871357911098895e-8
1.279063980312218e-8
1.1773895445094024e-8
1.0856117038220137e-8
9.990677646250756e-9
9.211633093283997e-9
8.47510375996024e-9
7.814154232762203e-9
7.1874376934960276e-9
6.626989289416883e-9
6.093803193940111e-9
5.6188607855633425e-9
5.165325194762518e-9
4.763111204332107e-9
4.377396112983404e-9
4.037024769267806e-9
3.709048910969243e-9
3.4212478908439305e-9
3.142421323017457e-9
2.8992938245190096e-9
2.662297845329293e-9
2.457119108596858e-9
2.255717946881283e-9
2.082761052614598e-9
1.9116405141540744e-9
1.7660269625543435e-9
1.620655821589162e-9
1.4982269354613486e-9
1.3747373375422004e-9
1.2719429453469572e-9
1.1670264332362373e-9
1.0808275653487243e-9
9.916435451030703e-10
9.194260041574978e-10
8.435195111558343e-10
7.830151255791988e-10
7.182405916763797e-10
6.674526808214876e-10
6.118999825856577e-10
5.690289764553203e-10
5.209472653044475e-10
4.843114139858042e-10
4.420249495522508e-10
4.099694530785017e-10
3.7177766746584383e-10
3.4256309650821525e-10
3.0661409559391685e-10
2.7827127527932277e-10
2.4239346975706313e-10
2.125265098671242e-10
1.739965130519523e-10
1.3950917961991714e-10
9.474650618698565e-11
5.1751371258774374e-11