1.8031808409985846
1.8035420389878296
1.8041294999817596
1.8049537207520494
1.8060101078627369
1.8073012264262347
1.808824013089427
1.8105788671664191
1.8125626388541598
1.81477404857256
1.8172090221658763
1.819864403359788
1.8227345273762856
1.825813966002571
1.829094867187779
1.8325690892410338
1.8362260733568763
1.8400545674034767
1.844040906083603
1.848170449920601
1.8524262015428798
1.856790044531076
1.8612416521625263
1.8657595852569677
1.870320463445601
1.8748999629627372
1.8794722258423084
1.884010784076535
1.888488182340071
1.8928768425111457
1.8971488727413484
1.901276875526205
1.9052339117952168
1.9089942465809857
1.9125334325662693
1.9158289801996853
1.9188605217692976
1.9216103878268427
1.924063811033904
1.9262093881644562
1.9280392830882338
1.9295495534620635
1.9307403144386484
1.9316159113388376
1.9321850099882214
1.9324606009980592
1.932459988904151
1.9322046199282013
1.9317199501155007
1.9310350963157827
1.9301825730189728
1.929197775450521
1.928118585439387
1.9269847055474583
1.9258371456035905
1.9247174371275468
1.9236670234993016
1.922726393872949
1.9219344105114693
1.9213274100233924
1.9209385102149819
1.9207967328161923
1.9209263382539863
1.9213460270633609
1.9220683533183358
1.9230990608234153
1.9244366238712842
1.9260717686199895
1.927987183146398
1.9301572642000668
1.9325480275334488
1.935117106156818
1.937813877597693
1.9405797231057207
1.943348372278418
1.946046415035915
1.9485938476953943
1.9509048127640987
1.9528883158083399
1.9544491538692215
1.9554887608325495
1.9559062748179088
1.9555994621870108
1.9544658682733342
1.9524037670235908
1.9493133379714154
1.9450975895431952
1.9396635077300441
1.9329229055857255
1.9247934947272234
1.915199620514006
1.9040732152485242
1.8913543868958695
1.8769922216323296
1.8609452028034181
1.8431818394337545
1.823680900721258
1.8024318556851318
1.7794349164140217
1.754701281859267
1.7282529900913934
1.70012296621704
1.6703546900161743
1.6390020540784616
1.6061288584546058
1.571808490447663
1.536123262430353
1.4991639294110253
1.4610288901050172
1.4218235625986935
1.3816594723352715
1.3406535101589678
1.2989269343518524
1.2566045393133833
1.2138136024108075
1.1706829957134237
1.127342112276786
1.0839199576320353
1.0405440939591313
0.997339751950342
0.9544288344357525
0.9119290918672935
0.8699532282323837
0.828608183509733
0.7879943828847108
0.7482051659258451
0.7093262142056399
0.6714351589496205
0.6346012118832319
0.5988849709051334
0.5643382650244249
0.5310041624157863
0.4989170243427774
0.4681027037979153
0.4385787876002169
0.41035495908955477
0.38343339446448543
0.357809251822174
0.33347117906878526
0.31040188535940894
0.28857871445675765
0.267974253710372
0.24855692842951188
0.23029160736393603
0.21314017951537506
0.1970621223714044
0.18201503112839718
0.1679551251096153
0.1548377090214239
0.14261760254124137
0.1312495225946637
0.12068842982923621
0.1108898289928919
0.10181003315043512
0.09340638551890927
0.08563744749995666
0.07846314963699237
0.07184491283986258
0.06574573861446349
0.060130274488645205
0.05496485464181706
0.05021752086214528
0.045858024554793625
0.041857813956135956
0.0381900076006734
0.03482935734105862
0.0317522020293465
0.02893641443022331
0.026361342374125768
0.024007746118776718
0.021857732738073045
0.019894689027125174
0.01810321351468589
0.016469048703907762
0.01497901389857442
0.013620939465575953
0.012383602669578646
0.011256665742450496
0.010230616125285481
0.009296709423611665
0.008446914842783253
0.0076738635737411305
0.006970799753012025
0.006331534435348528
0.0057504020857894085
0.005222220025399457
0.004742250243695553
0.004306164026544709
0.003910008738996776
0.003550177237945174
0.003223379197706808
0.002926614855681256
0.0026571504191714697
0.00241249567494465
0.002190383012499881
0.001988748436344236
0.0018057137579143086
0.0016395705735492126
0.0014887652068441633
0.0013518852490683288
0.00122764687023202
0.0011148835572688416
0.0010125354515404716
0.0009196399601419467
0.0008353228172242694
0.000758790283060196
0.0006893216646629341
0.0006262628543624363
0.0005690200806658577
0.0005170545722330636
0.00046987734218924043
0.00042704479416612583
0.0003881543721144427
0.0003528409523946564
0.0003207732165541948
0.0002916506973967527
0.00026520075434171805
0.00024117616217820355
0.00021935258775364526
0.00019952662799610764
0.0001815137030716284
0.00016514646553271678
0.00015027303904068483
0.00013675573347114562
0.00012446957011517744
0.00011330124853501664
0.00010314790911742267
0.0000939163066959477
0.00008552176968968766
0.00007788754323932
0.00007094391115712936
0.00006462767778285702
0.000058881424802515403
0.000053653106411017316
0.00004889541790802082
0.00004456548322616185
0.00004062431623794368
0.00003703658341677748
0.00003377014212358666
0.00003079586423732558
0.000028087238447566888
0.000025620243227612613
0.000023373002436493937
0.00002132569810073908
0.00001946027050738949
0.000017760362985292312
0.00001621105921827948
0.000014798853636672301
0.000013511419953843867
0.000012337601946225001
0.000011267208264719393
0.000010291019340841601
9.400604386484551e-6
8.588340951420529e-6
7.847250733576064e-6
7.171028959265069e-6
6.553896208585182e-6
5.990635319483699e-6
5.476456911603492e-6
5.007041949306e-6
4.578419040780946e-6
4.187011150542075e-6
3.829523074124578e-6
3.5029910813982087e-6
3.2046792332569626e-6
2.9321309749411177e-6
2.683073180087754e-6
2.455468907641589e-6
2.2474282389507627e-6
2.05726157060156e-6
1.8833964588609272e-6
1.7244309503186991e-6
1.5790557705959511e-6
1.4461073002948016e-6
1.324494546181975e-6
1.2132514559580805e-6
1.1114681939172846e-6
1.0183425580040707e-6
9.331151513793529e-7
8.551197220430302e-7
7.837218793732498e-7
7.183682226428877e-7
6.5852829954638e-7
6.037424271825646e-7
5.535666295659448e-7
5.076190846893468e-7
4.655278114453889e-7
4.26975700533052e-7
3.916507492470211e-7
3.592896533284275e-7
3.296304116622844e-7
3.0245447157593135e-7
2.7754154539482945e-7
2.5471031388502566e-7
2.3377531349208851e-7
2.1458621219817648e-7
1.969866406304859e-7
1.8085206204432108e-7
1.660504327650498e-7
1.5247869371341855e-7
1.4002515619102972e-7
1.2860464665868323e-7
1.1812252297944624e-7
1.0850850731186802e-7
9.968224582507809e-8
9.158586679489881e-8
8.415100369830225e-8
7.733011708074255e-8
7.106490698448385e-8
6.531643803646934e-8
6.003487249999109e-8
5.518843843406671e-8
5.0734419390985665e-8
4.664700551859521e-8
4.2889480148739107e-8
3.9440993433267785e-8
3.6269889855981064e-8
3.335944347706951e-8
3.0682273816751666e-8
2.8225081084654096e-8
2.596410097921268e-8
2.3888877441723265e-8
2.1978709735393466e-8
2.0225499323828605e-8
1.8611145173857897e-8
1.7129500343765977e-8
1.5764673825259632e-8
1.4512131361038557e-8
1.3357864329232544e-8
1.2298668211650101e-8
1.1322141050391576e-8
1.042617187235542e-8
9.599733130879874e-9
8.841610270830942e-9
8.141954323641867e-9
7.500282680079319e-9
6.9077596482413355e-9
6.364497395393182e-9
5.86253381674878e-9
5.4024615194138695e-9
4.9770737949232e-9
4.587348451798123e-9
4.226734045322043e-9
3.896514323874071e-9
3.59070815267025e-9
3.310839325331654e-9
3.0514248307367412e-9
2.814173796944881e-9
2.594039897550018e-9
2.3928722412361212e-9
2.2060088010860596e-9
2.035401140340134e-9
1.8767267794286222e-9
1.7320087571965221e-9
1.597225829949282e-9
1.474447007443845e-9
1.359919409515639e-9
1.2557370872172855e-9
1.1583872488347802e-9
1.0699718781845638e-9
9.871938859338778e-10
9.121492685931821e-10
8.417355456798747e-10
7.780314635948817e-10
7.181108467374989e-10
6.640261393680403e-10
6.130115315291078e-10
5.670859482350641e-10
5.236300110470571e-10
4.846234265058069e-10
4.4758101336185854e-10
4.144388100511748e-10
3.828350376851589e-10
3.546586384991877e-10
3.2766165742933187e-10
3.0368333875941806e-10
2.8058099601926825e-10
2.6014223141478036e-10
2.403219263475845e-10
2.2285460651729717e-10
2.0578572496995812e-10
1.9079567387772477e-10
1.760140499778038e-10
1.63066310809379e-10
1.5016020993361845e-10
1.3886560966413437e-10
1.2746275171458025e-10
1.1746526899036522e-10
1.0722041737034223e-10
9.818487468612672e-11
8.87675022065101e-11
8.036707821499035e-11
7.144858434339203e-11
6.335159280226506e-11
5.459148392521047e-11
4.644678981946996e-11
3.747716275581022e-11
2.8897787175225967e-11
1.930935043181706e-11
9.908465003673636e-12
1.0726259816034986
1.0712091943280948
1.0688614583341514
1.0656328958999883
1.0615752099966784
1.0567606150939004
1.0512696228244542
1.0451969539734332
1.0386445774050004
1.0317235251501264
1.0245490667507067
1.0172404094673975
1.0099170862241296
1.0026974062373069
0.9956957493254537
0.9890202909222822
0.9827711290096072
0.9770376668361324
0.9718975963271081
0.9674142435620183
0.9636364650195893
0.9605961993499824
0.9583093260405436
0.9567736051309277
0.9559705142596543
0.9558636902808296
0.9564017088724496
0.9575170691610938
0.9591298182760257
0.9611470462492061
0.9634671943988224
0.9659799589925938
0.9685710653335564
0.9711224214961829
0.9735170968323853
0.975639527387895
0.9773804140451031
0.9786367633296152
0.9793164202175612
0.9793377341660986
0.9786334659445995
0.9771498987137536
0.9748499057864004
0.9717113779047982
0.9677293059113462
0.962913463309449
0.9572894386702552
0.9508955905587874
0.9437830517732896
0.9360120539556105
0.9276510111905791
0.9187723857718052
0.9094510339701392
0.8997598446055312
0.8897675875797357
0.8795345966980119
0.8691103964880297
0.8585297161409622
0.8478101796585715
0.8369489279651263
0.8259206422571318
0.8146750186911893
0.8031353588207775
0.7911970910694329
0.7787271115859141
0.7655634860484601
0.7515156664714048
0.736365443095327
0.7198681043382303
0.7017546474867349
0.6817338945563474
0.6594959151838026
0.6347150617330465
0.6070545075808598
0.5761701179642188
0.5417159579889013
0.5033488666293131
0.4607347360436174
0.41355359977169354
0.3615064242059452
0.30432045594929646
0.24175619738734216
0.1736126850789149
0.09973425009059192
0.0200153283893989
-0.06559345487367355
-0.15708139566090257
-0.25437279838123394
-0.357324477810074
-0.4657225036700666
-0.5792815310326624
-0.6976436190008042
-0.8203797295141108
-0.9469909038975972
-1.076912110341611
-1.209515871382098
-1.344118431186153
-1.479985698592568
-1.6163414724330474
-1.7523753293992603
-1.887252423339659
-2.0201227412750367
-2.1501318171974946
-2.2764306371585055
-2.39818650940235
-2.514592844172154
-2.6248794156998403
-2.7283212807165476
-2.8242477507145867
-2.9120498322846746
-2.991187378665216
-3.0611946062933835
-3.1216850794636875
-3.172355045115379
-3.212986088409643
-3.2434462001919515
-3.2636900988273965
-3.273758084005204
-3.273774141927417
-3.2639427444043076
-3.244544947274176
-3.2159333775261127
-3.1785266142116284
-3.132802684485308
-3.079292095571476
-3.018570241543394
-2.9512495359314004
-2.8779712092584857
-2.799397062088327
-2.7162011905577645
-2.6290619172276237
-2.5386539953002525
-2.445641258641496
-2.350669808624068
-2.254361845401428
-2.1573102326473443
-2.0600738364383377
-1.9631737075137243
-1.8670900838757407
-1.7722602545201456
-1.6790772069396693
-1.58788907089446
-1.4989992410667756
-1.4126671694089363
-1.3291096863504848
-1.248502829832881
-1.1709840338517195
-1.096654653656927
-1.0255826848946608
-0.9578056600647794
-0.8933335941911326
-0.8321519743339384
-0.7742246842418005
-0.7194968720065011
-0.6678976726099022
-0.6193428059755024
-0.5737369816179616
-0.530976141160654
-0.490949486121271
-0.45354133003197306
-0.41863273510141125
-0.3861029773119883
-0.3558308095149901
-0.327695568595892
-0.3015781026112358
-0.27736156403928836
-0.2549320489765995
-0.23417912697903345
-0.21499624353356225
-0.19728103745190298
-0.18093555611597018
-0.16586640794689822
-0.15198483522068104
-0.13920674350972945
-0.12745267066133417
-0.11664772855856417
-0.1067215001986492
-0.09760792250182711
-0.08924513700155497
-0.08157533627201921
-0.07454458794209912
-0.06810266189622254
-0.062202842336344814
-0.056801748346162154
-0.051859144597417535
-0.047337764152456066
-0.043203125103969627
-0.03942336155862987
-0.03596905092667703
-0.03281305678051361
-0.029930369565582867
-0.027297963352125455
-0.024894651311520934
-0.022700957169177024
-0.020698985777660155
-0.01887230923608374
-0.0172058522016409
-0.01568579208135539
-0.014299458279695523
-0.013035245521747469
-0.011882525972992983
-0.010831574561928377
-0.00987349277818638
-0.0090001447824516
-0.00820409165141431
-0.007478537058900502
-0.006817270760542299
-0.006214622676213427
-0.005665414471299438
-0.005164920947505971
-0.004708828664791855
-0.0042932036414718286
-0.003914456059540965
-0.003569313375943057
-0.0032547902560796436
-0.0029681662995123584
-0.002706960446531571
-0.0024689126190868297
-0.002251961939995182
-0.0020542316809246375
-0.0018740107211894575
-0.0017097412777306912
-0.0015600031095221105
-0.0014235035791211631
-0.0012990641792301287
-0.00118561254151481
-0.00108217092401939
-0.0009878498409146425
-0.0009018382037221469
-0.0008233982960205964
-0.0007518573084254604
-0.0006866034257271153
-0.0006270785360008633
-0.0005727752348938718
-0.0005232305238305795
-0.00047802356792383036
-0.00043677022769563666
-0.00039912143404642917
-0.0003647584228921008
-0.0003333916134193929
-0.00030475643615359533
-0.0002786126199349098
-0.00025474052172307635
-0.00023294074386483562
-0.00021303088889667885
-0.00019484544219236898
-0.00017823288756809406
-0.00016305580169883276
-0.00014918827683113616
-0.00013651618278210964
-0.00012493485184276123
-0.00011434947201953793
-0.00010467299653910565
-0.00009582663851280449
-0.0000877379735650173
-0.00008034151151090512
-0.00007357696572309024
-0.00006738988189499547
-0.00006173005200175079
-0.00005655218392933077
-0.00005181444141639231
-0.00004747914139271229
-0.00004351140422754686
-0.000039879868148289296
-0.00003655543656720127
-0.00003351200103369727
-0.00003072527444796495
-0.000028173515713820782
-0.00002583643934410878
-0.000023695936389009073
-0.00002173505235192915
-0.00001993870012320776
-0.00001829269930454972
-0.000016784477824082405
-0.000015402166752166118
-0.000014135288047113245
-0.000012973899768595516
-0.000011909268034198285
-0.000010933058226148002
-0.000010037989752244329
-9.217069420047274e-6
-8.464228012299616e-6
-7.773592488934584e-6
-7.140103723982425e-6
-6.558824605432471e-6
-6.0255385519562595e-6
-5.536090926732046e-6
-5.08696816979823e-6
-4.674670235143252e-6
-4.2962703477759186e-6
-3.948816422570701e-6
-3.629871592164577e-6
-3.336942778571278e-6
-3.068002245354783e-6
-2.820941674962311e-6
-2.594075081695401e-6
-2.3856169040941875e-6
-2.194166678488374e-6
-2.0182097907626415e-6
-1.8565843573957137e-6
-1.7080033980023762e-6
-1.5715044047842246e-6
-1.4459917992419696e-6
-1.3306696943548873e-6
-1.2246035881636715e-6
-1.1271368378136868e-6
-1.037470621297699e-6
-9.550646504226022e-7
-8.792345015126317e-7
-8.095370967714644e-7
-7.453845665454451e-7
-6.8641502658598e-7
-6.321221896960094e-7
-5.822119609799636e-7
-5.362470662945807e-7
-4.939899794656568e-7
-4.5506187972925316e-7
-4.192724147172561e-7
-3.862923396713951e-7
-3.559706082601515e-7
-3.2802008333283993e-7
-3.023224347411405e-7
-2.7862634524238714e-7
-2.568406807951202e-7
-2.3674464631431705e-7
-2.1826967966306566e-7
-2.012210406414595e-7
-1.855488653242926e-7
-1.710806982125729e-7
-1.577821288453899e-7
-1.454998016986799e-7
-1.342120422683473e-7
-1.2378190227001876e-7
-1.1419816776059792e-7
-1.0533801865106352e-7
-9.71987969917712e-8
-8.966987990849463e-8
-8.275557199038113e-8
-7.635580962763565e-8
-7.048052756121363e-8
-6.503883035165433e-8
-6.004516961460222e-8
-5.5416635082406014e-8
-5.117126588691932e-8
-4.723312947452084e-8
-4.362307752620837e-8
-4.027129592812594e-8
-3.720080355056164e-8
-3.434717062656233e-8
-3.173504665224612e-8
-2.930475794477857e-8
-2.7082139378066484e-8
-2.5011734631003908e-8
-2.3120195333096825e-8
-2.1355819621793607e-8
-1.974577153699704e-8
-1.8241705025086245e-8
-1.6871046082390098e-8
-1.558846031178902e-8
-1.4421430364102622e-8
-1.3327335606009414e-8
-1.2333547834579142e-8
-1.1399901584784801e-8
-1.0553521884702783e-8
-9.756473246558675e-9
-9.035524376230225e-9
-8.354772980755769e-9
-7.740543832956833e-9
-7.15879521578098e-9
-6.635338557955482e-9
-6.1378406448109394e-9
-5.691545170409761e-9
-5.265692797440766e-9
-4.884917401577348e-9
-4.519913680032801e-9
-4.19467358121805e-9
-3.881238461757347e-9
-3.60293418492136e-9
-3.33305182736652e-9
-3.094233179357993e-9
-2.8609307221533967e-9
-2.655088757637252e-9
-2.4522398311800807e-9
-2.2736204437626016e-9
-2.0957672984073486e-9
-1.939200489837234e-9
-1.7813889194330013e-9
-1.6421280013075008e-9
-1.4997493345964431e-9
-1.3733142955576168e-9
-1.2419485893542215e-9
-1.1239675999343527e-9
-9.992217779390773e-10
-8.852642776239864e-10
-7.625982851428045e-10
-6.479922838046495e-10
-5.225256271080133e-10
-4.0215469349252075e-10
-2.684999348350927e-10
-1.37331828908595e-10
-2.6287893759306526
-2.6159395031736263
-2.594639418465078
-2.5651042881732953
-2.527610497414396
-2.4825169696307414
-2.4302525016351932
-2.3713160982352837
-2.306272312540112
-2.235743965184714
-2.160410472599329
-2.0809959153214033
-1.9982686429035177
-1.913025980055574
-1.8260943765587903
-1.7383115661157524
-1.6505269709579975
-1.5635819924552703
-1.4783106455262394
-1.3955186456291813
-1.3159844341036877
-1.2404377513244915
-1.1695613456747302
-1.1039697459115392
-1.04421202668204
-0.9907514905761575
-0.9439698904123718
-0.9041486908008981
-0.8714751230848561
-0.8460256152704524
-0.827773986287681
-0.8165775180863208
-0.8121874939375436
-0.8142382494048671
-0.8222601399996519
-0.835671762941603
-0.8537953175775418
-0.8758520500907115
-0.9009798569897012
-0.9282318782228092
-0.9565960950143623
-0.9849968848164222
-1.0123162784068749
-1.0373981882750294
-1.0590709093927262
-1.076153632486911
-1.087479688965788
-1.091904853080295
-1.0883307362810153
-1.0757142620877298
-1.053090506329118
-1.0195825975328083
-0.9744231834625253
-0.9169638797142905
-0.8466944363873148
-0.7632507501206339
-0.6664307335441532
-0.5561998506917903
-0.43270268736632667
-0.2962649985018594
-0.14740006981448284
0.013193595267067664
0.1846318227558875
0.36585205183138414
0.555619161083577
0.7525379560148011
0.9550652146463343
1.1615271520772306
1.3701371390734272
1.5790174280529723
1.786221516281197
1.9897589659787769
2.187620974006694
2.3778067698846996
2.558350675798304
2.7273483703801573
2.882983614296071
3.023552648208259
3.147488827895756
3.2533835740710333
3.3400073841700095
3.4063260339340804
3.451516764539915
3.474978797917414
3.4763438809977805
3.4554805619688533
3.412498654894085
3.3477470858439
3.261812183145898
3.155509213319022
3.029874688873336
2.8861519698639904
2.7257780187973784
2.5503636601541984
2.361675423530429
2.161611258373188
1.9521783213491666
1.7354651647697927
1.5136165653939246
1.288803457698333
1.0631961729538797
0.8389336634973514
0.6180967988868098
0.402678685219717
0.19455989530647014
-0.0045181388922462765
-0.19297397879184183
-0.36940772577177766
-0.532616069508823
-0.681607011225909
-0.8156075763500262
-0.9340704480242554
-1.0366734355792486
-1.1233174963423092
-1.1941178872780605
-1.2493939591075613
-1.289652850860007
-1.3155723672646165
-1.3279789475773076
-1.3278257202001318
-1.3161671258143894
-1.2941347331301245
-1.2629111963197601
-1.223706518759944
-1.1777339207826418
-1.126188941449852
-1.0702293156232299
-1.0109586794299477
-0.949411814243404
-0.8865439068025539
-0.8232216683240123
-0.760218260112994
-0.6982100012593064
-0.6377763551869081
-0.5794013283112334
-0.5234774239550399
-0.4703104770335063
-0.42012625643907164
-0.37307738277074665
-0.32925127583307495
-0.2886779171572345
-0.251338031711146
-0.21717070915933293
-0.18608099800414363
-0.15794670941319508
-0.13262491330044596
-0.10995755020112276
-0.08977659736351389
-0.07190836468653411
-0.05617731408094879
-0.04240909570275124
-0.030433146685845396
-0.02008463336173764
-0.011206032269860612
-0.00364819395838478
0.0027288656234772685
0.008055557626301028
0.012452500152815522
0.016030565565133575
0.018891042775126377
0.021125972114795753
0.022818538996119457
0.024043567232644652
0.024868031057069424
0.025351613687958723
0.02554725855456966
0.025501730423053773
0.025256154339730594
0.024846540680645502
0.024304281439294247
0.023656618334442527
0.02292708123298864
0.02213589079811978
0.02130033407677424
0.02043510119019521
0.019552599548917624
0.01866322886689908
0.017775639127277344
0.016896950686534528
0.01603296286212738
0.015188326844926076
0.014366712284086628
0.013570940717921615
0.012803117283508251
0.012064731818454228
0.011356762165857025
0.010679749271107816
0.010033877714673994
0.009419030208718825
0.008834850113390882
0.008280779835798148
0.007756109252769933
0.007260001688701796
0.0067915314216099466
0.00634970019350799
0.005933466333757382
0.0055417541429154575
0.00517347662916774
0.004827539599459796
0.0045028595638285955
0.004198363955623546
0.0039130054034197895
0.0036457591723391973
0.0033956347211914883
0.003161671196136649
0.0029429469693122577
0.0027385738119982666
0.0025477049389387198
0.0023695283298665565
0.0022032736711814073
0.0020482051728597387
0.001903627697837189
0.001768879328232214
0.0016433368959038216
0.0015264084812522218
0.0014175385004927767
0.001316200267011091
0.0012219007475416921
0.001134173276140843
0.0010525820592455451
0.0009767151026428428
0.0009061885216313707
0.0008406397194631052
0.000779731541462379
0.0007231457274056721
0.0006705869358789149
0.0006217764814890529
0.0005764562467435374
0.0005343827067428708
0.0004953307395224631
0.0004590879351119993
0.0004254583108910325
0.0003942568979769599
0.0003653133651859657
0.00033846687314203306
0.0003135696085101302
0.0002904818946391553
0.0002690756365510345
0.0002492296760663782
0.0002308331473738333
0.00021378106423419779
0.00019797758565773323
0.0001833318227881211
0.0001697610141640597
0.0001571865401358513
0.00014553700729555893
0.0001347444586933702
0.00012474736722620263
0.00011548703043743315
0.00010691047291329878
0.00009896701502431432
0.0000916110846612951
0.00008479894987839722
0.00007849144058513755
0.00007265083565735705
0.00006724349547433716
0.0000622368946599151
0.000057602166605931276
0.00005331127358107591
0.00004933946460840572
0.000045662575227920314
0.00004225940029425042
0.00003910911619675057
0.000036193570313119515
0.00003349481897612473
0.000030997335460483036
0.000028685657437853802
0.000026546515489144988
0.00002456658420962588
0.000022734533328881915
0.00002103887701697053
0.000019469949761673902
0.000018017848786100775
0.00001667433687997259
0.000015430873170753447
0.000014280445134729824
0.000013215683269514652
0.000012230624523863257
0.000011318906701164105
0.000010475465546364892
9.694804969737321e-6
8.972630016900863e-6
8.304189241529354e-6
7.685845762052212e-6
7.1134883327962425e-6
6.584042660114005e-6
6.093947925328504e-6
5.6406104952444125e-6
5.2209428386789046e-6
4.832761722836053e-6
4.473386639548281e-6
4.1409845309741805e-6
3.833225003193388e-6
3.548573573120232e-6
3.2850010969474424e-6
3.041227475918746e-6
2.815482866343409e-6
2.6067037256870816e-6
2.4133435004255494e-6
2.234522836443822e-6
2.0688875617152425e-6
1.91571482679446e-6
1.7738163119682053e-6
1.6426020051507783e-6
1.521026668450276e-6
1.408612902422572e-6
1.3044390055545668e-6
1.2081229159268748e-6
1.1188496894996022e-6
1.0363178530504808e-6
9.598048138605782e-7
8.89077101548907e-7
8.234921032565846e-7
7.628736168723988e-7
7.066483825105285e-7
6.546883157529256e-7
6.064803784813078e-7
5.619368082613755e-7
5.205969397578071e-7
4.824066953314019e-7
4.469510326399657e-7
4.142039119726319e-7
3.8379010649210733e-7
3.5570681382783053e-7
3.296136229961734e-7
3.0552689133798733e-7
2.831367166876415e-7
2.624751558783612e-7
2.432591024242802e-7
2.2553337952505255e-7
2.090384725654959e-7
1.9382948781589382e-7
1.796677356119596e-7
1.6661650574800174e-7
1.544555414331761e-7
1.43254543683875e-7
1.328096182045659e-7
1.231953838704951e-7
1.1422251468596212e-7
1.0596929167235294e-7
9.825940013541161e-8
9.117372989734652e-8
8.454762437038467e-8
7.846370105352554e-8
7.27677834676469e-8
6.75434821336298e-8
6.264607337148258e-8
5.815955054307656e-8
5.3947745144320765e-8
5.0094528887407906e-8
4.6471502505722326e-8
4.3162001221685466e-8
4.0044705317851245e-8
3.720207464202815e-8
3.451926234815481e-8
3.207757828554498e-8
2.9768113448991206e-8
2.7670807339195467e-8
2.568221564821245e-8
2.3880732919590194e-8
2.2167959893700337e-8
2.0620609995566968e-8
1.914495563307474e-8
1.7815925155519317e-8
1.6544129290175016e-8
1.5402634204165723e-8
1.4306090233149291e-8
1.3325646502280361e-8
1.2379724193708549e-8
1.1537518799580607e-8
1.0720979438970822e-8
9.997326188018788e-9
9.291815435836442e-9
8.669681825851845e-9
8.059287375924104e-9
7.523880333184607e-9
6.994742815693976e-9
6.533142293562876e-9
6.073108875711302e-9
5.6739391460524126e-9
5.272249954976517e-9
4.925378924588352e-9
4.572376744029304e-9
4.268633775628189e-9
3.955487427890705e-9
3.6863899081213615e-9
3.4048212863086643e-9
3.162299511876171e-9
2.9043033129965052e-9
2.680412086934669e-9
2.437955827182519e-9
2.224559367984805e-9
1.9892491176488493e-9
1.7776633459106634e-9
1.5403576468624875e-9
1.3209304913810339e-9
1.0712815558404933e-9
8.328958920206421e-10
5.589103433303803e-10
2.8999865425928115e-10
0.7482830414802201
0.748236824124215
0.7480845146391757
0.7479071382938155
0.7477004823497229
0.7475089093102963
0.7473460869926921
0.747249305602976
0.747234419837413
0.7473277845275097
0.7475349976225779
0.7478623942466283
0.7482931455094654
0.7488029212802659
0.7493407410442922
0.749841135435133
0.7502085879881434
0.7503275909242695
0.7500501500505149
0.7492046635414282
0.747586251463201
0.7449651034592677
0.7410795095869345
0.7356441162326206
0.7283455521054981
0.7188508592406433
0.7068055691453966
0.6918424236948882
0.6735816897980585
0.6516401523758815
0.6256333822291222
0.5951848735850638
0.5599299135419926
0.5195246528286699
0.4736511742766225
0.4220262271955792
0.36440705862845696
0.300599505084173
0.23046413089087608
0.15392334944475725
0.07096740257129001
-0.018339829566137302
-0.11385547994914494
-0.2153535451538152
-0.3225206414075427
-0.4349538664611613
-0.5521581274142294
-0.6735463540941034
-0.7984388411290531
-0.9260661174215499
-1.05557068903072
-1.1860127960643112
-1.316374843006299
-1.445570152384126
-1.572450216919447
-1.6958163843932685
-1.814429861748063
-1.927026043668883
-2.032326954352342
-2.1290576816240487
-2.2159606814749115
-2.291813529553087
-2.355444270595887
-2.405749486972798
-2.4417096882834177
-2.4624065603891734
-2.4670372952862767
-2.454929854655246
-2.4255551608771255
-2.378539302150913
-2.3136726479563268
-2.230918132819002
-2.130416607117036
-2.0124906359111585
-1.8776457114445069
-1.7265693463233696
-1.5601281061966037
-1.3793621085654044
-1.1854781291697158
-0.9798398882097235
-0.7639576983279852
-0.5394750945249662
-0.3081556027497065
-0.07186633858168469
0.16743751241971824
0.4077315215609028
0.6469392905016684
0.8829531651271694
1.1136528059654844
1.3369273129744814
1.5506946806124013
1.7529248640591284
1.941659673776908
2.1150362294456295
2.2713067159023455
2.408861487933356
2.526247884616942
2.6221919907605646
2.6956154308655544
2.7456545170947195
2.7716736855215123
2.773280543380872
2.750334451571556
2.7029559088662225
2.6315288049722114
2.536702716469284
2.419387610668267
2.280748016092829
2.1221894666671783
1.94534414288849
1.7520490783054208
1.544323691083718
1.3243406517880068
1.0943966387352773
0.856877669647191
0.6142252856736291
0.36889893833663673
0.1233404914399879
-0.12006321305056324
-0.3590142816457185
-0.5913377416008524
-0.8150106916740725
-1.0281898070589337
-1.2292330013885602
-1.4167181623699165
-1.5894554941450594
-1.7464962175878629
-1.887134902253746
-2.0109080681070326
-2.117587024280013
-2.2071674741369285
-2.2798544471112274
-2.3360449400834336
-2.376307284625922
-2.401359413673287
-2.4120453493299694
-2.4093118103937927
-2.394184427939925
-2.367745143887892
-2.33111033960173
-2.285410926979392
-2.2317739399806835
-2.1713065306813237
-2.1050818700720684
-2.034127570819498
-1.9594160964723695
-1.881857545738783
-1.802294261159533
-1.7214974855484921
-1.6401655278216654
-1.5589235550197738
-1.4783245099228641
-1.398851212419641
-1.3209192002214
-1.2448803431950728
-1.171026852765314
-1.0995957188513243
-1.030773263291077
-0.9646998520456651
-0.901474518244754
-0.8411595522771771
-0.7837848659949059
-0.7293522004709634
-0.677839029659209
-0.6292022394750546
-0.5833814701273162
-0.5403022072784371
-0.4998785364650121
-0.46201564853909827
-0.42661202969723216
-0.39356142283491763
-0.3627545070139589
-0.33408037840610816
-0.3074277882719039
-0.2826862164464301
-0.2597467414727661
-0.2385027801542856
-0.21885066107066
-0.20069009886334627
-0.18392453583118845
-0.16846141179398363
-0.15421232990917844
-0.14109317391195927
-0.12902414514179406
-0.11792976983208797
-0.10773884548935103
-0.09838437239304701
-0.08980343944667477
-0.08193710651402321
-0.0747302529040094
-0.06813143075592412
-0.062092693492712826
-0.056569435175918024
-0.05152021151964095
-0.04690657588405758
-0.04269290167846545
-0.03884622232701333
-0.035336060971027115
-0.0321342791835649
-0.02921491767004256
-0.02655405659285138
-0.024129669333664252
-0.021921495890135066
-0.019910910585478364
-0.018080809006329905
-0.016415489724068977
-0.014900554563358169
-0.013522803850882633
-0.012270149361471949
-0.011131522264900504
-0.010096797829343635
-0.009156715041039879
-0.008302812004688208
-0.007527356121477891
-0.006823289075366679
-0.006184166439528162
-0.005604111147709315
-0.005077761432862541
-0.004600231732633488
-0.004167067928570504
-0.0037742147085872754
-0.003417977157428518
-0.0030949936854530605
-0.0028022031115833195
-0.0025368223591005806
-0.0022963182646482906
-0.002078389332595867
-0.001880941593512025
-0.0017020737955904513
-0.001540056720669956
-0.001393321272143484
-0.001260440734541801
-0.0011401212911593334
-0.0010311867837119815
-0.0009325712591802694
-0.0008433058489318839
-0.0007625130030303342
-0.0006893951636769678
-0.0006232303967819906
-0.0005633625830559387
-0.0005091982014868261
-0.00046019780345354466
-0.000415873741488454
-0.00037578272801315184
-0.000339524336016425
-0.00030673447505792504
-0.0002770845188813387
-0.00025027555780894834
-0.00022603803243640083
-0.00020412664402997695
-0.00018432039386807544
-0.000166418052285913
-0.0001502385204460504
-0.00013561677473308324
-0.0001224044822051064
-0.00011046635055206417
-0.00009968094060402838
-0.00008993736340829857
-0.00008113624330097792
-0.00007318671315859969
-0.00006600748998304456
-0.00005952412732816737
-0.00005367017236868748
-0.000048384641135978695
-0.00004361323186590344
-0.000039305994209996134
-0.000035418578478640524
-0.000031910074602705535
-0.000028744280871247838
-0.000025887692255324845
-0.000023310775522566662
-0.000020986089727062276
-0.00001888955728384027
-0.000016998702083857186
-0.000015293908328184035
-0.000013756763935445568
-0.000012371300750898975
-0.000011122432750678126
-9.997172724055325e-6
-8.983156307669977e-6
-8.069831447687353e-6
-7.2470605704394555e-6
-6.5062801129190576e-6
-5.839174197748817e-6
-5.238802315369232e-6
-4.698338757350108e-6
-4.212167174837091e-6
-3.7746807651547564e-6
-3.3813429459975308e-6
-3.0275439110502777e-6
-2.7096270707414766e-6
-2.423798113967298e-6
-2.1671171927080955e-6
-1.9364570660187977e-6
-1.7294612629213489e-6
-1.5435482557802708e-6
-1.3768360363849603e-6
-1.2271895803566627e-6
-1.0931124257259672e-6
-9.728349577800569e-7
-8.651736963542024e-7
-7.686581594807732e-7
-6.823586521639359e-7
-6.0504966389812e-7
-5.360070136908094e-7
-4.7420590640552966e-7
-4.1908833102354054e-7
-3.697940482880074e-7
-3.258991655580056e-7
-2.866784570712198e-7
-2.5181605244913574e-7
-2.2069760408598753e-7
-1.9309403001673742e-7
-1.6848214299128702e-7
-1.4670238415525635e-7
-1.2730661733807018e-7
-1.1019077955247661e-7
-9.496862362953781e-8
-8.158019632851396e-8
-6.969038409602324e-8
-5.92741107400893e-8
-5.003860594586983e-8
-4.1986192931408623e-8
-3.485925838557752e-8
-2.8681477040666605e-8
-2.322451571254741e-8
-1.8528516894745537e-8
-1.4389619250405752e-8
-1.0860496638549254e-8
-7.75782328468001e-9
-5.143638478578499e-9
-2.8519272049236983e-9
-9.515544094324754e-10
7.08828507430955e-10
2.055562233459386e-9
3.227499765291674e-9
4.147806154574813e-9
4.944623325451609e-9
5.539225031480638e-9
6.0505115463226955e-9
6.398878939158891e-9
6.69519819548176e-9
6.8597824224767935e-9
6.996475952577527e-9
7.026126937931808e-9
7.046384551385328e-9
6.979107578694934e-9
6.9164418315832115e-9
6.781617771312905e-9
6.6618555737261644e-9
6.482026502506569e-9
6.3249096190404715e-9
6.1172125622786676e-9
5.937681589717752e-9
5.714997614496803e-9
5.524220020913305e-9
5.296093265280807e-9
5.102284661071059e-9
4.875655579781347e-9
4.684734085418316e-9
4.464522789540149e-9
4.280628776252673e-9
4.070197489195695e-9
3.89610477530309e-9
3.697622830167851e-9
3.535062354604354e-9
3.349792578610437e-9
3.1997054263390227e-9
3.0282269990174036e-9
2.8909602409676284e-9
2.7333400099315697e-9
2.6087959920562486e-9
2.464717645451763e-9
2.3524649903403357e-9
2.2213232998513157e-9
2.1206758596414597e-9
2.0016413195689498e-9
1.9117095432221326e-9
1.803767045528814e-9
1.7234846063133143e-9
1.6254482210061301e-9
1.553575204000883e-9
1.4640795904164792e-9
1.3991819753891125e-9
1.3166493405366119e-9
1.257052835326366e-9
1.1796325770148163e-9
1.123346950328665e-9
1.0488230559544626e-9
9.934308545070882e-10
9.190896252863648e-10
8.61590377234087e-10
7.840379320507888e-10
7.206354337559387e-10
6.355504905162504e-10
5.613663137276224e-10
4.6316898641853363e-10
3.718637801064551e-10
2.533324470179734e-10
1.3738728184341546e-10
2.917716590859915
2.902878188383402
2.8781625653031937
2.8439604939889422
2.8005873671228474
2.7485347976453895
2.68830968643167
2.6205320324623966
2.545836765314857
2.464927513630688
2.378503364816772
2.287292398526594
2.1919922682953796
2.093293385962264
1.9918295078340111
1.8881960256692931
1.7829093227205401
1.676423635969986
1.5690988744865206
1.4612183181689755
1.3529647819920558
1.2444405060130002
1.1356513723845896
1.02652956115981
0.9169251754151198
0.8066315551879795
0.6953832658550084
0.5828833942805811
0.46880649730520696
0.3528267781470564
0.2346243370860057
0.11391286294610259
-0.009552590362562851
-0.13594985975238613
-0.26538212400391364
-0.39785551747492853
-0.533273415637017
-0.6714186469397933
-0.8119509808542388
-0.9543949274901321
-1.098141498738305
-1.2424422871153387
-1.3864162413448344
-1.5290503921291463
-1.669212036339068
-1.805656135798631
-1.937042940139269
-2.0619517218984824
-2.1789034804680414
-2.2863802861423705
-2.3828522912149848
-2.4668015364556535
-2.5367520559679186
-2.59129656655203
-2.629128014467177
-2.649067156187504
-2.650093502557936
-2.6313714632524254
-2.592278358859368
-2.53242660801135
-2.451686368955191
-2.3502012640231547
-2.2284033385404443
-2.087020090355133
-1.9270798288265834
-1.7499083220023108
-1.5571232951771368
-1.3506197951443757
-1.1325534339795982
-0.9053145239441396
-0.6715006547717169
-0.43388066596780894
-0.19535812799934058
0.04107283010197868
0.2723707011292562
0.49549611890724554
0.7074586139210236
0.9053681490823899
1.0864819797678584
1.248254624722746
1.3883812547171108
1.5048425409033275
1.5959411496878624
1.6603381777267212
1.6970797050545747
1.7056219970693236
1.685845627616675
1.6380672727166241
1.5630396359991157
1.4619484580410866
1.3363973450430133
1.188389559479455
1.0202978561051899
0.8348316850200538
0.6349932490400494
0.42403189824969734
0.20538878383289044
-0.017358618567252782
-0.2405597598517206
-0.4605523635056162
-0.6737291136451438
-0.8766000249548201
-1.0658574181005274
-1.2384339786030112
-1.3915606046489848
-1.5228148042860121
-1.6301662562423362
-1.7120107362350832
-1.7671990649820573
-1.7950528784924515
-1.7953740388130903
-1.7684402197504925
-1.7149937320810384
-1.636216947634433
-1.5337016594344797
-1.4094065878798545
-1.2656105931116473
-1.104856600342382
-0.9298938872514889
-0.7436144017324708
-0.5489906372048218
-0.3490111938208735
-0.14662116988432264
0.055336262060789676
0.25417060018232934
0.4473907178403483
0.632741903998063
0.8082370262403261
0.9721771907510084
1.1231658898254469
1.260113016870764
1.3822328895935527
1.489033558508395
1.5803015481372091
1.6560800127780324
1.7166442703419593
1.7624731737503068
1.7942199127040352
1.8126809711280798
1.818766322206782
1.8134696921499622
1.7978413939442268
1.7729625754610951
1.739922805325829
1.6997998244930448
1.6536428695767034
1.6024583952224645
1.54719917895723
1.488755674407377
1.4279502791341199
1.365533464963714
1.3021822178951117
1.2384998519691235
1.17501750510697
1.1121965174943493
1.0504319200467518
0.9900563741885317
0.9313447485013342
0.8745188063304893
0.8197521703046472
0.767175154930987
0.7168796246141382
0.6689235657232299
0.623335525346879
0.5801186826436986
0.5392547008374097
0.5007071844541272
0.4644248838317487
0.43034451432712495
0.39839332457861376
0.3684913113260682
0.340553206242221
0.3144901525988907
0.2902111877205069
0.267624462230531
0.24663830254828945
0.22716205581402782
0.2091068146785487
0.19238596594097498
0.1769156522251319
0.16261509333103974
0.1494068491326627
0.13721697201881997
0.1259751243912644
0.11561460987031091
0.10607238828354194
0.09728902341641836
0.08920862898971152
0.08177876208294058
0.07495032557226951
0.06867742909159746
0.06291726678412117
0.05762996176299129
0.05277843272943059
0.04832823322610809
0.04424741653681504
0.04050637742206608
0.03707772155994552
0.033936114735472755
0.03105816073101758
0.02842226093837224
0.026008502896805806
0.02379853185802389
0.021775450958981608
0.019923705265968084
0.018228993739416426
0.016678165608011677
0.015259143737854535
0.013960832755588376
0.012773053098214754
0.01168646004887326
0.010692487557254821
0.009783277221359311
0.008951630886654422
0.008190948562971395
0.007495188799514848
0.006858814539096517
0.006276760300921052
0.005744385023518144
0.005257445149904272
0.004812053580741195
0.004404657834298879
0.004032004311975474
0.003691120789666053
0.0033792852816462663
0.0030940122046154046
0.002833025208359756
0.002594246435138035
0.002375772763568855
0.0021758676619157355
0.001992940363627672
0.0018255398822761833
0.0016723367023149787
0.0015321185854664428
0.0014037744183495477
0.0012862914950169376
0.0011787412143008796
0.0010802775712795121
0.0009901244419099709
0.0009075750579424789
0.0008319806551777736
0.0007627507423298879
0.0006993429226470897
0.0006412637980578803
0.0005880598025301299
0.0005393186091226747
0.0004946608379038642
0.00045374185584453616
0.0004162442429165664
0.0003818798936316958
0.0003503831425867902
0.00032151309235483536
0.00029504731468025944
0.00027078434279014283
0.0002485378770638391
0.00022813939102857538
0.0002094327809764182
0.00019227704426762556
0.00017654132134357371
0.00016210761276589587
0.00014886616963439078
0.00013671822228421008
0.00012557168148393213
0.00011534385710476188
0.00010595743783420406
0.00009734318259818339
0.00008943615104018221
0.00008217835416959618
0.00007551521166050592
0.00006939815124447207
0.00006378127209164599
0.000058623884971062825
0.000053887363685828246
0.000049537620078684116
0.00004554212778360733
0.00004187232783476163
0.00003850081093698515
0.00003540365080532756
0.000032557732803523205
0.000029943013252330197
0.00002753998368567134
0.000025331855263203587
0.0000233021490882434
0.00002143680558019417
0.0000197218923199703
0.00001814563881189638
0.00001669625419881765
0.000015363888296427343
0.00001413855227481907
0.000013012007202251758
0.000011975781441897798
0.000011022988214425733
0.000010146434024256733
9.340366955822406e-6
8.598670936252673e-6
7.916546630825814e-6
7.2887867799687296e-6
6.7113916654216085e-6
6.179921138071896e-6
5.691046696062503e-6
5.24097615423337e-6
4.826944415718505e-6
4.445707030148142e-6
4.094971756961845e-6
3.771957523589746e-6
3.474768876428033e-6
3.2010170865753034e-6
2.9491395671240576e-6
2.717080086540136e-6
2.5035552017994666e-6
2.306790731443556e-6
2.1257372157935867e-6
1.9588599758296478e-6
1.8053055663995308e-6
1.6637429056749404e-6
1.5334826367359055e-6
1.4133669573962013e-6
1.30284375122918e-6
1.2009028807138026e-6
1.107106891842132e-6
1.0205716562120449e-6
9.409553948022922e-7
8.674816680306185e-7
7.998884048598523e-7
7.374913449833289e-7
6.800946997651191e-7
6.270932484771163e-7
5.783461981806474e-7
5.333162270873356e-7
4.919080517308394e-7
4.536427957171831e-7
4.1846271473949915e-7
3.8593934877368396e-7
3.5604579888798283e-7
3.2839719582905286e-7
3.0299186735158245e-7
2.7948272654948785e-7
2.578886147135825e-7
2.3789527907807987e-7
2.1953812409505747e-7
2.025315108158194e-7
1.8692409901622322e-7
1.724552595070772e-7
1.5918414079111804e-7
1.4687204146054373e-7
1.3558628802744524e-7
1.251074674549033e-7
1.1550915747844265e-7
1.0658896943298733e-7
9.842512876304637e-8
9.08303258406142e-8
8.388610242082144e-8
7.741855326706448e-8
7.151143401314534e-8
6.600279927518445e-8
6.097770869275563e-8
5.628492795229598e-8
5.201007265831878e-8
4.8011537447402096e-8
4.4374881736029965e-8
4.096718898888168e-8
3.787346425527968e-8
3.496866077500037e-8
3.233682650080231e-8
2.986006868167367e-8
2.762115522139676e-8
2.550871976470079e-8
2.360399371236414e-8
2.1801584735363097e-8
2.0180986501475245e-8
1.8642292537565257e-8
1.7263103169927234e-8
1.5948564319953368e-8
1.4774264768959052e-8
1.3650015876089269e-8
1.2649306999582509e-8
1.1686267332656035e-8
1.0832223095288903e-8
1.0005306755861887e-8
9.274636402147781e-9
8.5620606092486e-9
7.934458157309477e-9
7.317128772119838e-9
6.774690032406549e-9
6.235645197339531e-9
5.76233368980075e-9
5.286227280556815e-9
4.8673708981861466e-9
4.439977603029775e-9
4.061777611642925e-9
3.669500802406474e-9
3.3185337033181267e-9
2.9478957575882853e-9
2.6105865585798613e-9
2.247678799684144e-9
1.909721244449602e-9
1.5395878942267988e-9
1.1852947785393615e-9
7.913845581992961e-10
4.0518413473633246e-10
3.9068720442368163
3.853062849651701
3.7636047760660576
3.639755747343515
3.482703943636631
3.294195147478434
3.0761450779342927
2.8308794071706935
2.560905174999038
2.2690398400198846
1.9582442152484827
1.6316991438122697
1.2926697709506456
0.9445530446158943
0.5907616161354511
0.2347542234890522
-0.12006566056832152
-0.4703292168903054
-0.8127908818600391
-1.1443126264742365
-1.4619405725271848
-1.7628908206730811
-2.044614399836083
-2.304782401404241
-2.5413395322507855
-2.7524871588802684
-2.9367258747199747
-3.092835723274421
-3.219908395805294
-3.3173244106293995
-3.3847757516765142
-3.42224014183292
-3.4299950726583437
-3.408589534591579
-3.358850456468883
-3.281852364981357
-3.178917254720426
-3.0515826748271278
-2.901596008210718
-2.7308814639235752
-2.5415296894849195
-2.3357641240019116
-2.1159268324032263
-1.8844446809766828
-1.643812290687119
-1.3965585537709087
-1.1452276632974963
-0.8923465975149911
-0.6404052832029826
-0.3918258137619259
-0.14894291521513908
0.08602420201153312
0.3109898252808506
0.5240262707211176
0.7233790598254232
0.9074868589512023
1.0749927034730709
1.2247585023564276
1.3558713981640471
1.4676522507042993
1.559656574608623
1.63167677735255
1.6837375499732379
1.7160920504794255
1.7292120768216108
1.7237787899588772
1.7006683998488241
1.6609383431288063
1.6058094972144177
1.5366489105076482
1.454949684970127
1.3623113780717355
1.2604186563406017
1.1510203650410167
1.0359078920716263
0.9168936904872865
0.7957900760136501
0.6743877712795762
0.5544356780218122
0.43761987415834075
0.32554482760652415
0.21971327538296212
0.12150941516599098
0.032180237776590674
-0.04717857508560418
-0.1156390565411419
-0.17245138178029062
-0.21705696805765815
-0.24909407989238813
-0.26840646157202763
-0.2750429687406913
-0.269260669030892
-0.25151759195490975
-0.22246959046588885
-0.18295580100840522
-0.13398914667989434
-0.07673478920831542
-0.012494874342583874
0.05731898791081474
0.1312054240218698
0.20760508038578704
0.28492289733697296
0.3615619845091359
0.4359462823210314
0.5065541687280828
0.5719392876443865
0.6307616079345275
0.6818044038605233
0.7240007763405758
0.7564451373527261
0.7784136161496751
0.7893688474729255
0.7889731555644409
0.7770859290470319
0.7537689803016
0.7192763074675367
0.6740515826345405
0.6187106796292638
0.5540318753732301
0.48093217266196986
0.40045149247291145
0.3137245013430891
0.22196075003286855
0.12641431461309546
0.02836236030841151
-0.070924728539011
-0.1702036654256142
-0.26828497136685997
-0.364049675795306
-0.45647062436223956
-0.544623677595112
-0.6277021721535547
-0.7050216395475958
-0.7760269756109096
-0.8402907094332511
-0.8975134215850478
-0.9475164851696347
-0.9902370477715249
-1.0257167769201676
-1.0540931615887141
-1.0755860496716696
-1.0904871083212475
-1.099145863258602
-1.1019589447698082
-1.0993570187210964
-1.0917950472945226
-1.079741058666597
-1.0636681876924439
-1.0440457757800528
-1.0213335235511833
-0.9959750232833318
-0.9683940129114696
-0.938990160761487
-0.9081371808531742
-0.8761805204873496
-0.8434369752429096
-0.8101938590930073
-0.7767097221223733
-0.7432145844849161
-0.7099113834333047
-0.6769768993829961
-0.6445636157352197
-0.6128010343514473
-0.5817977016841355
-0.5516426851194606
-0.5224075883823754
-0.4941480288064216
-0.466905525960353
-0.44070887749234133
-0.41557585399364044
-0.3915144158888567
-0.3685241842384403
-0.3465974737570405
-0.3257205347880339
-0.30587439966819285
-0.28703590747774926
-0.2691783747957141
-0.2522724241929362
-0.23628649806508215
-0.22118751616829174
-0.20694125452456522
-0.19351285824375278
-0.18086710795260402
-0.16896881297549368
-0.1577829864630971
-0.14727514164840472
-0.13741139464324015
-0.12815868358976945
-0.11948481549446724
-0.11135862507891593
-0.10374997937648499
-0.09662989020487647
-0.08997048776458429
-0.08374509804795299
-0.07792819445641137
-0.07249544918802112
-0.06742366997414861
-0.06269083256130023
-0.058276008059602015
-0.054159382037683064
-0.050322176654491686
-0.046746660585545
-0.04341606904431593
-0.04031460771538873
-0.03742737292598689
-0.034740351936652834
-0.032240344861930434
-0.029914963024723247
-0.02775255371472048
-0.02574219781522001
-0.023873638099582255
-0.02213727696003643
-0.020524108651477524
-0.019025717666264087
-0.017634215120309705
-0.016342238105976018
-0.015142890260624783
-0.014029742275048747
-0.012996776575726657
-0.01203838905560998
-0.011149337727303456
-0.010324745665974803
-0.009560053442907519
-0.008851023218575976
-0.008193694737723654
-0.007584390477793008
-0.007019674972636142
-0.0064963609025146165
-0.006011471509719249
-0.005562247507422526
-0.005146112353809117
-0.0047606798552446835
-0.004403722073680569
-0.00407317750268258
-0.003767121394153794
-0.003483774392084349
-0.0032214750777571203
-0.002978688954409806
-0.0027539830241238286
-0.002546035026031159
-0.0023536098723793784
-0.002175569052818926
-0.0020108487712259104
-0.0018584694385187723
-0.001717515365391165
-0.001587144275717849
-0.0014665684232083012
-0.0013550640665648977
-0.0012519538900954898
-0.001156616390258441
-0.0010684694914129976
-0.000986979801159629
-0.0009116473226450782
-0.0008420145431566884
-0.0007776521537499212
-0.0007181679418871436
-0.0006631934376531001
-0.0006123925868649645
-0.0005654492508329413
-0.000522075641347276
-0.00048200060788074965
-0.00044497782022393455
-0.0004107747832719047
-0.0003791807568805236
-0.0003499964439894742
-0.00032304164056001127
-0.0002981455478178655
-0.0002751541479568381
-0.0002539210957931123
-0.00023431481832709219
-0.0002162099451373782
-0.00019949413193112665
-0.00018405999261950285
-0.00016981164869707023
-0.0001566571291754085
-0.00014451464905367392
-0.00013330544618403716
-0.0001229597932643912
-0.00011341024330522147
-0.00010459738052385304
-0.00009646344841037514
-0.00008895784565993831
-0.00008203111292557739
-0.00007564018051681508
-0.00006974269180628248
-0.00006430200987247661
-0.00005928185721877821
-0.0000546510888660938
-0.000050378629568464585
-0.000046438021085575063
-0.00004280263945738788
-0.00003945002432296229
-0.00003635736006404162
-0.000033505595099167554
-0.00003087517183767031
-0.000028449943878778937
-0.0000262131407458782
-0.00002415109086969466
-0.000022249408009518922
-0.000020496527806714602
-0.000018880103654840068
-0.00001739036448251015
-0.000016016708616908967
-0.000014750890300217959
-0.000013583800808629228
-0.00001250849102992277
-0.000011517129759685468
-0.000010603869474112527
-9.761972332690678e-6
-8.986526074169224e-6
-8.271728815836616e-6
-7.613461785354213e-6
-7.006724525624125e-6
-6.44807095389752e-6
-5.933187062159261e-6
-5.459196570103111e-6
-5.022373657665913e-6
-4.620324252241227e-6
-4.249826745619838e-6
-3.908894729940021e-6
-3.5947390387256265e-6
-3.305717521992035e-6
-3.039412112804485e-6
-2.794471010866749e-6
-2.568794814289743e-6
-2.3612762638246502e-6
-2.1700897963235154e-6
-1.994333789317112e-6
-1.8324181897099297e-6
-1.683613991242191e-6
-1.54653387088342e-6
-1.4205934303022818e-6
-1.3045800346104168e-6
-1.1980301536455124e-6
-1.0998818444216505e-6
-1.0097723390485653e-6
-9.2676984460428e-7
-8.505953420274546e-7
-7.804295961544094e-7
-7.160629540189367e-7
-6.567736644183171e-7
-6.024092947674363e-7
-5.52332654595444e-7
-5.064382874208501e-7
-4.641624767911124e-7
-4.254381135153457e-7
-3.897654369248967e-7
-3.5710842814094857e-7
-3.2702310377779156e-7
-2.9949844262833917e-7
-2.741392046155557e-7
-2.5095426122645416e-7
-2.2959105966529992e-7
-2.100740964136249e-7
-1.920882857202205e-7
-1.7567019066940004e-7
-1.6053768679325173e-7
-1.4673644583199472e-7
-1.3401340977333515e-7
-1.2242090893199077e-7
-1.1173157946973806e-7
-1.020023893490504e-7
-9.302874370297637e-8
-8.487058946808721e-8
-7.734355816336468e-8
-7.050922242652051e-8
-6.420122510622188e-8
-5.84816683590562e-8
-5.3200271720630734e-8
-4.841878672081936e-8
-4.4001315011762114e-8
-4.0008558485897826e-8
-3.631751181698743e-8
-3.2987279684073135e-8
-2.99064364239702e-8
-2.7132068046121162e-8
-2.45631652765746e-8
-2.2254478476109896e-8
-2.0114379337145797e-8
-1.8195051477165487e-8
-1.6413320572596488e-8
-1.481864219159744e-8
-1.3335460335965296e-8
-1.2010396906157918e-8
-1.07747545819971e-8
-9.672259095011322e-9
-8.64037419980504e-9
-7.719898586777731e-9
-6.853808451895661e-9
-6.07996534981682e-9
-5.346245613222645e-9
-4.687573662806584e-9
-4.056137293330633e-9
-3.4839228694849004e-9
-2.926851304510762e-9
-2.4139571892056852e-9
-1.9043129119010277e-9
-1.423973027392795e-9
-9.347230026613477e-10
-4.617872587726476e-10
2.0479890380806256
1.981648300731378
1.8719124437361692
1.7211538828855097
1.5319702560821404
1.307912741565771
1.052985261715047
0.7718837570518229
0.469679858591921
0.15191259293655848
-0.17565961058880095
-0.5070383097277646
-0.8361973886075478
-1.1570998663189282
-1.4638842334179594
-1.7508985176010294
-2.0128619194395307
-2.2449019971322772
-2.44268977249638
-2.6024695356478125
-2.721164832361609
-2.796393219342322
-2.826541038526304
-2.810758002443303
-2.748999852152518
-2.6420000672200286
-2.491281047199261
-2.299102515615542
-2.068443512819146
-1.802929130551451
-1.5067871665251775
-1.1847566006460037
-0.842024091588843
-0.4841190077972108
-0.11683593418617955
0.2538779614798598
0.6220076713224129
0.9815843698206255
1.326770545641572
1.6519691223083375
1.95190245076506
2.2217106762027217
2.4570188065420426
2.6540193017523013
2.8095225081934943
2.921019564562879
2.986712783357061
3.0055562465118455
2.9772640874241993
2.9023274506383343
2.7819999462631326
2.6182908482350697
2.413928152124337
2.172328904957878
1.897541247894482
1.594193591936233
1.2674177907656965
0.9227795586461977
0.5661855859660162
0.2037982533097017
-0.15806979453792716
-0.5130528151342043
-0.8548455536379033
-1.1773074834037314
-1.4745790725401107
-1.7411870805744671
-1.9721567503720419
-2.163110819795419
-2.3103696096168482
-2.4110352314592745
-2.4630705914200153
-2.46535961143506
-2.4177559387366907
-2.3211102560700096
-2.1772803716417797
-1.9891182255885083
-1.7604353145909577
-1.4959449931098414
-1.201180927215258
-0.8823946679848711
-0.546429807730725
-0.20058019145835684
0.147571867034587
0.49032564574048926
0.82004578837989
1.1293443782461638
1.4112682013557676
1.6594729265028625
1.868392784949703
2.0333856810410755
2.150864358164166
2.2183929393600588
2.234761863489679
2.200021091127201
2.1154872373535287
1.9837060605653234
1.808388608395807
1.5943047028768051
1.3471543989596069
1.0734036542544145
0.7801065132028028
0.4747024760529831
0.1648120414988161
-0.1419789797206372
-0.4383239056755287
-0.7173166265887753
-0.9726693459286977
-1.1988745829219112
-1.391333621510749
-1.5464598647179142
-1.6617429698441326
-1.7357832395680648
-1.7682861810920825
-1.7600278767715105
-1.7127849528211292
-1.6292407152676855
-1.5128644834037845
-1.367776040151467
-1.198594500125882
-1.0102830896269643
-0.8079902790500748
-0.5968975331500712
-0.38207417367559654
-0.1683477302618439
0.039810533102054894
0.23837881479806766
0.4238583306404942
0.5933234435274716
0.7444514525818074
0.8755302865337761
0.9854484162121824
1.0736667203584958
1.1401773894831686
1.1854504310022844
1.2103730716638832
1.216182807575435
1.2043990901907338
1.176754078029658
1.1351267566921206
1.081480229414887
1.0178056040179888
0.9460715538981957
0.8681820907566092
0.7859409774205671
0.7010245520124428
0.6149609263529112
0.5291167560656747
0.4446893045483563
0.3627046298612207
0.2840195872645208
0.2093282845806418
0.13917081822217434
0.07394486194165974
0.013918176599539343
-0.04075737837243706
-0.09003197355690626
-0.133943459925045
-0.17260388692092735
-0.2061862347228805
-0.23491243361696343
-0.2590420015107065
-0.27886213735429555
-0.2946786122629882
-0.306808103305223
-0.31557134752598237
-0.3212876085546985
-0.32426988881844204
-0.32482126158348584
-0.32323182413798884
-0.31977655583168674
-0.3147136567848649
-0.3082835814953784
-0.30070841838371665
-0.29219177542008895
-0.2829188948140854
-0.2730571138561075
-0.26275646094904503
-0.25215046870958224
-0.24135705195176632
-0.23047950287276772
-0.21960750225340792
-0.2088181736405899
-0.19817712268633847
-0.18773946655379062
-0.177550831812366
-0.16764830641422995
-0.15806135403490998
-0.14881265944898728
-0.13991893750347978
-0.1313916596137149
-0.12323774984422038
-0.11546019176699067
-0.10805861362569576
-0.10102978214106062
-0.0943680845858794
-0.08806592034989946
-0.08211409093575353
-0.07650210209741261
-0.07121847408123784
-0.06625096763727907
-0.061586826899851746
-0.05721294208255537
-0.05311603668916188
-0.04928277864118517
-0.04569992237274677
-0.04235437878759902
-0.039233321457929675
-0.03632422435883006
-0.03361494001818359
-0.031093712555031038
-0.028749234314361247
-0.026570640415943484
-0.024547549210394308
-0.02267004336591496
-0.020928698427422423
-0.019314554445494486
-0.01781913601631978
-0.016434417589799945
-0.015152837609977078
-0.013967259918200244
-0.0128709839898935
-0.011857704259440233
-0.010921517944473694
-0.010056883645011845
-0.009258627844537024
-0.008521903759990065
-0.007842197293687674
-0.007215286817001416
-0.006637249103712841
-0.0061044205039843475
-0.005613403204783392
-0.005161028079268493
-0.004744361481874605
-0.00436066993051917
-0.004007427543038576
-0.003682282616426501
-0.00338306573940651
-0.0031077582666126057
-0.0028545010925008756
-0.002621564972754661
-0.0024073599120858257
-0.0022104072551946607
-0.002029349620995426
-0.0018629246672092373
-0.0017099754927880283
-0.0015694259705457305
-0.0014402915354224618
-0.0013216559760441016
-0.0012126825269430299
-0.0011125920107223862
-0.0010206741559032632
-0.0009362669850467752
-0.0008587682853910176
-0.0007876161438002986
-0.0007223005039492835
-0.0006623447555534496
-0.0006073173189487875
-0.0005568142031517543
-0.0005104705658517445
-0.00046794416205886175
-0.0004289268344862188
-0.0003931287816015947
-0.00036028993994379805
-0.0003301650071263509
-0.00030253468369696956
-0.00027719139293997514
-0.00025395035539644683
-0.00023263595312102416
-0.00021309261491471765
-0.00019517177798965776
-0.00017874256633655005
-0.0001636793075405968
-0.00014987199053647304
-0.0001372142996191909
-0.000125613841168417
-0.00011498066073810223
-0.0001052372312009967
-0.00009630742221544842
-0.00008812624469424282
-0.00008062924497318797
-0.00007376200259066655
-0.00006746992415848397
-0.00006170749319206246
-0.00005642844104589114
-0.000051594748999966366
-0.00004716717570496109
-0.000043114012944631086
-0.000039401950872016086
-0.00003600458986422551
-0.000032893626449740794
-0.000030047124481282838
-0.000027441006082564713
-0.00002505708601374715
-0.00002287485322759744
-0.000020879272813952162
-0.000019052844871353742
-0.000017383178812803275
-0.00001585531724838697
-0.000014459087732412731
-0.000013181680231667372
-0.00001201478160944864
-0.000010947396037326989
-9.972767658193062e-6
-9.081433999159712e-6
-8.267942344924519e-6
-7.5241268368599545e-6
-6.845624129737782e-6
-6.225365426288459e-6
-5.659896993095592e-6
-5.143078889301784e-6
-4.672215888342961e-6
-4.241955120898192e-6
-3.850232894303437e-6
-3.492363889488799e-6
-3.1668092943128003e-6
-2.869450577276641e-6
-2.5991842591284333e-6
-2.35237363709536e-6
-2.128275414359025e-6
-1.923663071340227e-6
-1.7380904582002272e-6
-1.5686808075991973e-6
-1.4152322736358366e-6
-1.2751668564749887e-6
-1.1484827442229835e-6
-1.0328576762858015e-6
-9.28452814275104e-7
-8.331653101249644e-7
-7.47288299679032e-7
-6.689076652792745e-7
-5.984226122961146e-7
-5.340818257869416e-7
-4.76368956833928e-7
-4.2367357029791034e-7
-3.7654573521258167e-7
-3.3349734687778164e-7
-2.951298842616578e-7
-2.600618657672294e-7
-2.289337071082322e-7
-2.004572369748601e-7
-1.753014615108735e-7
-1.522602246322883e-7
-1.3202256031006452e-7
-1.1345473319197531e-7
-9.725873758588242e-8
-8.236509794421521e-8
-6.948295385339245e-8
-5.760013745621482e-8
-4.7428166984258035e-8
-3.8006249818619326e-8
-3.004439315955468e-8
-2.262810765246196e-8
-1.6462732687587307e-8
-1.0675736758681147e-8
-5.965246570926387e-9
-1.4969569607071071e-9
2.0402525820821585e-9
5.445673177420065e-9
8.04128192985102e-9
1.0594128571232169e-8
1.2438302409133775e-8
1.4311011582816185e-8
1.5559419175165396e-8
1.6892974624149597e-8
1.767263218984082e-8
1.8581895371684708e-8
1.899602433575106e-8
1.957415822462647e-8
1.9706209522745535e-8
2.00283356423824e-8
1.994530769547379e-8
2.007151144203604e-8
1.9826665693915422e-8
1.9804443370800285e-8
1.9439500953324445e-8
1.9305722748108586e-8
1.885260760466989e-8
1.863505328819909e-8
1.8117230249908104e-8
1.783573798370345e-8
1.7269178167180902e-8
1.693643076550969e-8
1.633022051570818e-8
1.595217705617969e-8
1.5308769686609553e-8
1.4884732642641711e-8
1.4199823503342647e-8
1.3722111577230616e-8
1.2984095412498131e-8
1.243726876320478e-8
1.1626212542059065e-8
1.0985768610684656e-8
1.0071801339339737e-8
9.302224082446901e-9
8.2432054140481e-9
7.2952063404139476e-9
6.033489513820538e-9
4.840275943887969e-9
3.299059389471457e-9
1.7814334829274115e-9