0.005145096833386831
0.010278903346508494
0.015372951115960376
0.020420899718216885
0.025397854737554442
0.030294911176036353
0.035089546679469376
0.039772403181882035
0.04432269211263279
0.04873140151894791
0.05297929326287533
0.05705816388431264
0.06095028189763856
0.0646485537310116
0.06813675199884432
0.07140909584732368
0.07445086648724013
0.07725773179753749
0.07981648282935404
0.08212432673000208
0.08416956248802256
0.08595099826189696
0.08745844031707802
0.08869234406122976
0.08964402871337793
0.09031563728594182
0.09070001740576163
0.09080103951300482
0.09061310518301238
0.09014185228138553
0.08938326849396845
0.0883447955165942
0.08702403887765164
0.08543026949390935
0.08356273235310581
0.08143253232391857
0.07904055458214598
0.07639971199770162
0.07351249978006323
0.07039357373865907
0.0670469706997128
0.0634889801411246
0.05972507051504908
0.05577301089932802
0.051639551337768146
0.047343745951105146
0.042893442601175356
0.03830875413008509
0.033598418882608165
0.02878336222487297
0.023872994590098773
0.01888880108583161
0.013840647717180661
0.008750332730590341
0.0036279745677510163
-0.0015045453092761697
-0.006637037240317314
-0.011747742847112629
-0.01682655598220556
-0.02185202134717917
-0.026814244365650542
-0.03169222825277346
-0.03647639550501555
-0.04114634460678466
-0.045692906052401755
-0.05009640112684301
-0.05434815582743128
-0.05842934476246151
-0.06233188692196395
-0.06603795763108292
-0.06954019071155712
-0.07282194046873412
-0.07587671525611897
-0.07868926947328976
-0.08125419379298289
-0.08355791390719093
-0.08559636270175804
-0.08735795789364333
-0.08884028142971083
-0.09003410225311786
-0.09093898858901413
-0.09154843511044565
-0.09186433521418572
-0.09188326426027478
-0.09160974223805493
-0.09104371705713937
-0.09019255393604918
-0.08905975540632176
-0.08765562287872757
-0.08598724336579334
-0.08406778114115938
-0.08190775515728878
-0.07952293414590042
-0.0769269229381019
-0.0741376518838962
-0.07117128413928493
-0.06804730865344792
-0.06478377323482429
-0.061401008141387936
-0.05791818073618557
-0.05435569258397245
-0.050733040407659774
-0.047069942535945763
-0.043385477753517976
-0.03969800645018612
-0.036025544370242524
-0.032384549943043274
-0.028791474849321656
-0.02526049234948982
-0.021806152235005365
-0.01844012647128583
-0.015174883780031687
-0.012019529679694184
-0.008984406741712326
-0.006076107120952843
-0.0033028991081143046
-0.0006689921055584014
0.0018193114620923961
0.004160015970676618
0.00634865450163151
0.008385267428318376
0.01026709324886318
0.011996037003752635
0.013570920042098903
0.014995347810223299
0.016269603552923863
0.017398825652161568
0.018384626100121242
0.019233490727600125
0.019948200123033572
0.020536371582720828
0.02100175760751253
0.021352855587708826
0.021594156366695913
0.02173475567272334
0.021779621735265535
0.02173815046997442
0.021615516237787912
0.0214211202083726
0.021160081916182117
0.02084153683874271
0.02047031866703202
0.020055067997393504
0.019600146705969032
0.019113524994211255
0.01859896055145636
0.018063636270232455
0.017510628558381543
0.016946273034030575
0.01637293881976102
0.015796104501943298
0.015217448732279358
0.014641623644905098
0.01406966666926394
0.013505463321765646
0.012949480744826141
0.012404916184432962
0.011871749293627635
0.011352576544801542
0.010846976628621025
0.010357034441203367
0.009882011832628025
0.009423567612773026
0.008980724336914292
0.00855479299248049
0.008144625355375029
0.007751253690003047
0.007373417392344762
0.007011929216355746
0.006665464378707607
0.006334665586214171
0.006018182464955824
0.005716528078345029
0.005428356420945111
0.005154083254173198
0.0048923894392697
0.004643618839358469
0.004406495427752209
0.004181310764345264
0.003966843079185549
0.00376334647220697
0.003569660515171616
0.0033860128823448355
0.003211308416747277
0.0030457564038631627
0.002888328493541689
0.002739221301189865
0.0025974730501231343
0.0024632716416603637
0.0023357203721568603
0.002215001067509496
0.0021002797246508337
0.001991733766365997
0.0018885889508035883
0.0017910192757609376
0.0016983069856758345
0.0016106231451880532
0.001527303046477813
0.001448514982982038
0.0013736438174739944
0.0013028550201296828
0.0012355795970645346
0.0011719800134948046
0.0011115301020599522
0.0010543890719236146
0.001000070415273544
0.0009487298067332873
0.0008999174046271052
0.0008537850715372222
0.000809916824320571
0.0007684604553562006
0.0007290312222641899
0.0006917726194781759
0.0006563287157271098
0.0006228385160689113
0.0005909726531899217
0.000560865489934793
0.0005322121501709267
0.0005051422401117578
0.0004793734667706502
0.0004550306019542522
0.0004318521821177648
0.00040995810076881764
0.00038910611375023326
0.0003694112229565156
0.0003506489266241679
0.00033292934875762145
0.0003160443757900543
0.0003000992910239261
0.0002849011279031896
0.0002705503862199316
0.00025686810903907307
0.00024395008657213533
0.0002316303293060533
0.00022000000551817642
0.00020890513813518315
0.00019843237211681557
0.0001884388677061187
0.00017900685365606275
0.00017000382550910842
0.00016150770921605735
0.0001533956005229831
0.00014574124033207912
0.00013843065077037884
0.00013153350809321263
0.0001249441431109862
0.00011872828899794983
0.00011278801899066956
0.00010718524463168445
0.00010182926250705187
0.00009677828275822685
0.00009194834955323187
0.00008739408970576804
0.00008303785899529377
0.00007893081601972326
0.0000750012288089525
0.00007129689922378696
0.00006775164190173871
0.00006441000924023615
0.00006121102794189989
0.000058196103534529504
0.00005530916896734083
0.00005258858041940754
0.000049982897841834303
0.00004752752018404873
0.00004517537978260359
0.000042959004808186394
0.00004083546822917717
0.00003883450799887653
0.00003691712723977616
0.0000351103481774546
0.00003337891344465634
0.00003174719781376978
0.000030183511319395118
0.00002870964321696303
0.000027297316201731207
0.00002596578950888715
0.000024690060070474317
0.000023486906074146994
0.000022334475635748347
0.000021247108269292927
0.000020205994750456432
0.000019223071627302805
0.00001828247758553139
0.000017393775185261716
0.000016543969379052195
0.000015740270922599467
0.000014972481909602091
0.00001424547661258673
0.000013551797139325435
0.000012893989669188612
0.000012267290745972058
0.00001167191983307716
0.000011105773495360513
0.000010566738757476256
0.00001005534862547316
9.56714476261773e-6
9.105283600496845e-6
8.662941205655698e-6
8.245894765340933e-6
7.844927074545839e-6
7.4684435845632626e-6
7.104798560408549e-6
6.7650432839956745e-6
6.435060489201611e-6
6.128574838288377e-6
5.828946610673594e-6
5.552611354060414e-6
5.280347847881511e-6
5.031349998663647e-6
4.783747699301065e-6
4.559550711552235e-6
4.334164070535434e-6
4.1324810110590395e-6
3.927096888103087e-6
3.7458662847558372e-6
3.5584809108861014e-6
3.395845009067871e-6
3.2246432178889687e-6
3.0789284033371607e-6
2.9222649010331914e-6
2.7919640744183314e-6
2.648346543673655e-6
2.5321032509776632e-6
2.4001771034767283e-6
2.2967712490519807e-6
2.1753058609647657e-6
2.083640844558442e-6
1.971517126623712e-6
1.890608266256923e-6
1.7868074335643653e-6
1.7157715450738805e-6
1.6193649653591413e-6
1.5574109870691438e-6
1.4675510004195984e-6
1.413971560058123e-6
1.3298831709390191e-6
1.2840470010133853e-6
1.2050203563246244e-6
1.1663654796103861e-6
1.091749050650959e-6
1.059776656475118e-6
9.889710578002949e-7
9.632400078940008e-7
8.956923835416222e-7
8.758142826775689e-7
8.110132066660524e-7
7.966479875419008e-7
7.341188231051829e-7
7.249707951989215e-7
6.642714659342115e-7
6.60085786285113e-7
6.008029183562171e-7
6.013624443813928e-7
5.431078392367867e-7
5.482303288069376e-7
4.906377326105192e-7
5.001733596225496e-7
4.4289549776280473e-7
4.5672465593888957e-7
3.9943050318848076e-7
4.174618722228374e-7
3.5983413413903053e-7
3.8200298549112684e-7
3.2373576601934836e-7
3.500024884998673e-7
2.907991248804997e-7
3.2114795086691066e-7
2.6071899204641366e-7
2.951569113024458e-7
2.3321822635631343e-7
2.717740698138403e-7
2.0804506833955213e-7
2.507687496163249e-7
1.8497069982867096e-7
2.3193260541716726e-7
1.6378703540850345e-7
2.1507755123469692e-7
1.4430472208674037e-7
2.000338900340028e-7
1.2635132780986494e-7
1.8664862101290314e-7
1.0976969950880148e-7
1.747839143690733e-7
9.441647532005227e-8
1.6431573067705016e-7
8.016073548500298e-8
1.551325769248656e-7
6.688277743989459e-8
1.4713438046545104e-7
5.4473006604292875e-8
1.4023147723479368e-7
4.283092607546679e-8
1.343436942860895e-7
3.1864212533886304e-8
1.2939946167073732e-7
2.14873737519946e-8
1.2533102434051593e-7
1.1588843927005222e-8
1.2181829883480566e-7
-0.0030423038407659604
-0.006064734725330576
-0.009017337778864558
-0.011889747661450964
-0.014639179846566623
-0.01725242477561835
-0.019692423916105223
-0.021947451446799594
-0.023985494688401422
-0.02579804874801841
-0.02735798668314667
-0.02866086545480958
-0.02968424895719892
-0.03042803839298703
-0.030874133708590015
-0.03102668447474792
-0.030871435190362766
-0.03041646204612651
-0.029650807438291807
-0.028586065941618367
-0.027214070818983437
-0.025549555803162385
-0.023586755418071755
-0.021343269310487096
-0.018815502319737144
-0.016023781656752435
-0.012966606362771697
-0.00966700817431428
-0.006125613063821277
-0.0023681909884262307
0.0016024387864879554
0.0057577575932051825
0.010092737595602263
0.014576203518902039
0.01920102722955303
0.023933629209396567
0.02876505451725386
0.03365975255142877
0.03860738035303266
0.043571007704173194
0.04853946595046449
0.05347513461549871
0.05836663192359157
0.06317635080125007
0.0678932726581798
0.07248043555468704
0.07692764573822493
0.08119907813408184
0.08528565935268799
0.08915301860430293
0.09279331901707823
0.09617379312989803
0.09928780366888636
0.10210420971963308
0.10461744137780954
0.1067979492849485
0.10864107873596335
0.11011885655180076
0.1112274496096909
0.11194054026987124
0.112255153242517
0.1121468657275754
0.11161378663959536
0.11063384152551882
0.10920669033739858
0.1073133199597151
0.1049556905274019
0.10211885816304385
0.09880814354586683
0.0950139910033556
0.09074645441170168
0.08600297267547244
0.08079996577375977
0.07514366887235314
0.06905862659632263
0.06256167943064281
0.05568714177723198
0.04846397945542244
0.04093746487489341
0.033149531111216414
0.02515672558606571
0.017013683599334844
0.008787259374500983
0.000543038068566171
-0.007644385254799948
-0.015701937439703894
-0.023551546348123942
-0.031117780186725518
-0.03832484706760615
-0.045101376557469895
-0.051380558041794096
-0.057102074852177886
-0.062214880375056146
-0.06667629216585595
-0.07045683472397078
-0.07353653316558244
-0.07591124930133643
-0.07758628750686201
-0.0785837225076242
-0.07893353860883384
-0.0786815844407645
-0.0778785934058116
-0.07658857852568839
-0.07487620043142218
-0.07281559940337214
-0.07047665770764276
-0.0679344174400827
-0.0652548010421202
-0.06250484981075553
-0.05973840651928141
-0.0570074118763476
-0.05434792026686624
-0.05179261134787527
-0.049357326607526786
-0.04705481241311193
-0.044881768574566175
-0.04283367445816928
-0.04089217396576417
-0.03904068997460132
-0.037251870225849006
-0.03550360282730365
-0.03376623508842875
-0.03201858289706044
-0.030234707456904167
-0.028399561447311244
-0.026495242936096855
-0.02451601989017655
-0.02245413808711392
-0.020314080939459803
-0.01809814856608868
-0.015819910980368133
-0.013489867603450799
-0.011128117841635017
-0.008750440063836913
-0.006380228374145528
-0.004035301140687106
-0.0017391436486597727
0.000491314455585494
0.00263513881496289
0.004678494712807852
0.006604787570291185
0.008404588542899103
0.01006651513915152
0.011585990672603226
0.01295690974131056
0.014179295284804584
0.015251784291518973
0.01617827545257016
0.016961250627718978
0.017607517601958757
0.018122358358510098
0.01851447089324331
0.018790911486438182
0.01896133222325934
0.019033664876387774
0.019017740727885646
0.018921650155967955
0.018754821060131332
0.01852498101447404
0.018240761303359766
0.017909186756770574
0.01753786448903589
0.017132928973956595
0.016700867947404816
0.01624685552281111
0.01577626209260104
0.015293315095180591
0.014802334840172158
0.014306669954359566
0.013809696632696641
0.013313983141805616
0.012822085921912953
0.012335904389648045
0.011857303517469409
0.011387626331871363
0.010928169054123384
0.010479824051737165
0.01004343034456134
0.009619524342126278
0.009208585515745086
0.008810876101235831
0.008426599020673135
0.008055810932165591
0.00769850705966297
0.007354594617505412
0.007023917066793205
0.006706277121693493
0.006401411084764655
0.00610905242964197
0.005828865256189882
0.005560540914407882
0.0053036982365910436
0.005058006874540428
0.0048230607909129
0.004598522975280471
0.004383977680087176
0.00417909200236351
0.003983451509631465
0.003796734853661034
0.003618536725148066
0.003448552230327114
0.0032863905213103167
0.00313176613687858
0.0029843061582356793
0.002843746109387067
0.0027097330720619196
0.0025820240718809474
0.002460287237090053
0.0023443008753563995
0.0022337544681121906
0.002128446879131003
0.0020280887298317948
0.0019324983798345993
0.0018414070231934979
0.0017546512497983674
0.0016719820280218498
0.001593252801272932
0.0015182333748879977
0.001446792624940343
0.0013787181839720116
0.0013138929437545629
0.001252121329595761
0.001193298867748052
0.0011372457507304139
0.0010838688156238866
0.0010330030283642177
0.0009845652831247424
0.0009384043721752071
0.0008944460703230614
0.000852552105196048
0.0008126560352458393
0.0007746316937792332
0.000738419405229617
0.0007039043420345347
0.0006710326540218046
0.0006397001494792201
0.0006098579362531725
0.0005814118174922063
0.0005543170601233617
0.0005284888808982919
0.0005038859705527814
0.0004804324356989855
0.00045808971356229656
0.0004367903310004733
0.0004164978478442295
0.00039715279251608743
0.0003787202715806946
0.0003611484440791218
0.0003444034307599959
0.0003284406953803798
0.00031322687848951887
0.0002987244646038485
0.0002849001540869289
0.00027172320784426055
0.00025915995547180575
0.00024718622688321327
0.00023576757689761817
0.0002248862315845359
0.00021450658915262347
0.0002046171319993482
0.00019518073906114842
0.00018619204017560455
0.00017761204817774611
0.00016944146101494938
0.00016163909203115783
0.00015421165561748415
0.00014711544266243307
0.00014036315953765003
0.00013390825922716872
0.00012776944161270196
0.00012189701218107862
0.00011631569063390095
0.0001109723287892823
0.00010589771687319363
0.00010103494810332576
0.00009642095768778377
0.00009199477482113188
0.00008779957759111837
0.00008377002291723852
0.000079955653193562
0.00007628644038085615
0.00007281843546840596
0.00006947660672541016
0.00006632368134743725
0.00006327929743037623
0.00006041304877126949
0.000057638907648042926
0.00005503354830542392
0.000052504930530400364
0.00005013704665819743
0.00004783148468817843
0.000045679816663461846
0.0000435768855230556
0.00004162212946727
0.000039703257353280826
0.000037927884964852516
0.00003617618128997061
0.00003456427702941593
0.00003296437643483203
0.0000315014895296247
0.000030039410660552288
0.000028712421077445988
0.000027375438413374527
0.000026172435517843126
0.000024948962784162568
0.000023859135217633158
0.000022738620004320086
0.00002175215580169391
0.00002072498377789846
0.000019832979775114687
0.000018890387567519212
0.00001808476744156853
0.00001721876375173831
0.000016492203584656678
0.00001569549720707095
0.000015041357995196483
0.000014307292946934384
0.00001371955940522972
0.000013042055353323989
0.000012515280410418045
0.000011888779134968134
0.000011418033812252377
0.000010837449914305894
0.000010418277468616284
9.878954153489313e-6
9.507328962433829e-6
9.004997175411756e-6
8.677287290744261e-6
8.208028940386812e-6
7.920962101301258e-6
7.481176473051313e-6
7.231809384540149e-6
6.81818244010388e-6
6.603873036162131e-6
6.213349481317661e-6
6.031731759220183e-6
5.661489484249053e-6
5.5104506106541654e-6
5.157877442770053e-6
5.035537505064014e-6
4.698209765457723e-6
4.602902886972556e-6
4.278566240368589e-6
4.208823995590162e-6
3.895375344772348e-6
3.849911641871514e-6
3.5453826812623055e-6
3.523080255536309e-6
3.2256227433592556e-6
3.2255208488217534e-6
2.93339252155664e-6
2.954676163121216e-6
2.6662281400219763e-6
2.7082181341648204e-6
2.421883103935868e-6
2.4840275183441105e-6
2.198308882510522e-6
2.2801752048337265e-6
1.9936369941607326e-6
2.094905366255654e-6
1.80616296826888e-6
1.926620024475567e-6
1.6343312323153999e-6
1.7738652038517502e-6
1.4767221174375123e-6
1.6353178120917363e-6
1.3320392195710033e-6
1.5097744818119656e-6
1.1990986684485623e-6
1.3961409348651263e-6
1.0768186524049301e-6
1.2934221786886708e-6
9.642103240519265e-7
1.2007141355581743e-6
8.60369473989827e-7
1.1171954975003383e-6
7.64468703579304e-7
1.0421204995627664e-6
6.757504887601156e-7
9.748125784611979e-7
5.935207598026531e-7
9.14658143272871e-7
5.171432531903904e-7
8.611014482875256e-7
4.460340419542938e-7
8.136394751271958e-7
3.7965686893811834e-7
7.71817473681827e-7
3.1751837031486064e-7
7.352249574295866e-7
2.5916452248961495e-7
7.034919908254556e-7
2.041767818749133e-7
6.762859539565073e-7
1.5216845009630405e-7
6.533080153325996e-7
1.0277940465056872e-7
6.342709877955113e-7
5.551858690756157e-8
6.176680548217058e-7
-0.003664482724411446
-0.00728818518277754
-0.010769256065532666
-0.014087872318554663
-0.017159382625423405
-0.019961611551435606
-0.02242594065972044
-0.024538255516406236
-0.02624598974510667
-0.02754771616127703
-0.02840745779723444
-0.028838639379344323
-0.028821673611237306
-0.028385132278142322
-0.027524547485515066
-0.026282383030053605
-0.0246669729061279
-0.022732189567348342
-0.020496010272765708
-0.018020368055032716
-0.01532918758587754
-0.012488637680765509
-0.009524699754022236
-0.006503858407441061
-0.003450402569198892
-0.00042746363402130046
0.00254567099574678
0.005412350672012394
0.008160915906065727
0.010743559120611245
0.013158014898278161
0.015366762369036077
0.017377725759028656
0.019164112676486607
0.020743819154480706
0.022100208294745766
0.023259942755885117
0.024215012728980138
0.0249987532024725
0.025609432567692884
0.02608424858836651
0.026424790904245116
0.026668844593738108
0.026818041469844303
0.026907329152336307
0.02693512580128748
0.02693033144001748
0.026885296210852498
0.026820255908874234
0.026719412550076982
0.026592666076078138
0.026415086481611873
0.026185789357622478
0.025871050997367962
0.02546014053524523
0.0249122948547311
0.024209280487642895
0.023306406275326444
0.02218155101382195
0.020790351164750462
0.019111402259549697
0.017105717997824517
0.014757799905664197
0.012039422811013327
0.008946271300171827
0.0054660634887205035
0.0016104757731410298
-0.002612429394020136
-0.0071712264593903315
-0.012034478510721805
-0.017148880711841105
-0.02245852444841073
-0.027888247818853455
-0.03335898876303371
-0.038776317528430096
-0.0440420860090028
-0.04904797933793663
-0.053683679880459134
-0.057835115156299154
-0.061389344096972685
-0.0642370070730802
-0.0662741121398791
-0.06740802799446745
-0.06755630762377896
-0.06665542994595397
-0.06465675989320654
-0.06153716430875723
-0.05729218381810137
-0.051947645089979864
-0.04555012059218256
-0.03817874664527074
-0.029933076375381146
-0.020944494120945886
-0.011361621765031835
-0.001360985414248575
0.008869793693648553
0.019122096822575155
0.029185028949734983
0.03883594085166895
0.04786070472375674
0.05604397709973514
0.06319065476751663
0.06911490979362052
0.07366249197900156
0.07669738535396174
0.07812473363502495
0.07787392458009423
0.07592209753746858
0.07227257669954597
0.06697916218154275
0.06011910004380434
0.05181862973157018
0.04222006468318987
0.03150932221127224
0.01987713538277958
0.007549469822289159
-0.005256678281369508
-0.018299024228452986
-0.031358807645899114
-0.04420185372256218
-0.056630986560572874
-0.06844185262944404
-0.07947787955938589
-0.08958072137264907
-0.09864680804845134
-0.10657275435136059
-0.11331274056003376
-0.11881968855036645
-0.1231029367848812
-0.12616634682739475
-0.1280659236939525
-0.12884621693660306
-0.12859765102669288
-0.12739260980932263
-0.1253422718990076
-0.12253363665420142
-0.1190856254180118
-0.11508806970980363
-0.11065677512952096
-0.10587520714276527
-0.10084815653250292
-0.09564657803504087
-0.09035947030590818
-0.08504208448915088
-0.07976564861593467
-0.07456898429031797
-0.0695057620582967
-0.06459944562408981
-0.05988784861698833
-0.055381257489984584
-0.05110415559673445
-0.0470563442288663
-0.04325179277867221
-0.03968256865732317
-0.03635485247133736
-0.03325549110816914
-0.03038527902179379
-0.027727957437552495
-0.025280905872250233
-0.023026420226001557
-0.02095998424915023
-0.019063668540629377
-0.017332163031261096
-0.01574814720218806
-0.014306265441373893
-0.012990326378181833
-0.011795396591740366
-0.0107066942196515
-0.009719965791533927
-0.00882194652482142
-0.00800917216350213
-0.007269885787097048
-0.006601422939078454
-0.005993452374978439
-0.005444059422191297
-0.0049442158005602544
-0.0044926736239467
-0.004081567110666832
-0.003710218184862822
-0.0033717804265912896
-0.003066046944326453
-0.0027870541616386666
-0.0025349735033046933
-0.002304599477395615
-0.0020963986585204
-0.0019058129457681914
-0.0017335322255413062
-0.0015755496300066734
-0.0014327180107417334
-0.0013014994747829385
-0.001182860288265517
-0.0010736619380645838
-0.0009749442122081417
-0.0008839095475837259
-0.0008016397087220569
-0.0007256292656030729
-0.0006569774456279412
-0.0005934302733305126
-0.0005360857286181544
-0.0004829074137129177
-0.00043497806245327273
-0.0003904506106906061
-0.0003503823185123753
-0.00031309184538486193
-0.0002796037329142183
-0.0002483825507366881
-0.000220415208945508
-0.00019429547669184616
-0.00017096952202428825
-0.0001491461387552631
-0.00012972902251783341
-0.00011152989034559411
-0.00009540927671661863
-0.00008027142148254184
-0.00006693378693982558
-0.000054384134068182215
-0.000043397512979016264
-0.00003303736126094481
-0.00002403738674414074
-0.000015529821855864525
-8.208389265923592e-6
-1.2680393579781891e-6
4.63594105587408e-6
0.00001025128093990171
0.000014959459140737485
0.00001945570626304588
0.00002315652886354159
0.000026708988769388424
0.000029562855385986773
0.00003232092740111797
0.00003446447535032433
0.00003655557166091662
0.00003810525082311703
0.00003963807501893296
0.000040693144887184124
0.00004176044608393021
0.00004240549735546366
0.00004308639288936277
0.00004339347904542145
0.00004375542012943096
0.00004378586253235269
0.00004388630545259975
0.000043692229534520366
0.000043580056525923054
0.00004320570188334345
0.000042922436682270984
0.00004240527630913769
0.000041986124597865026
0.00004135782413769889
0.00004083256523375719
0.00004011980626504919
0.00003951355929814366
0.000038738747235772994
0.00003807263145484261
0.00003725450439512233
0.00003654620659268226
0.00003570035977380879
0.00003496462472332304
0.00003410396317269619
0.00003335301601314943
0.000032488144277448595
0.000031732055233670035
0.00003087161453359262
0.00003011861354249982
0.00002926957144297365
0.00002852632088801491
0.000027694222142096438
0.000026966050721456866
0.00002615523345255037
0.00002544633834028354
0.000024660120235571697
0.000023973742706716673
0.000023214581026083137
0.00002255315575117151
0.00002182278591005117
0.000021188071374436517
0.00002048762507830586
0.000019880814389308875
0.00001921092179478978
0.000018632738758738242
0.00001799361551226294
0.00001744439645922583
0.00001683591882230268
0.000016315683056641832
0.000015737451191390837
0.000015245961052943485
0.000014697353704705714
0.000014234165466712798
0.000013714385858930061
0.000013278893853238212
0.00001278700878962579
0.000012378481876984642
0.000011913455109541154
0.000011531067973810491
0.00001109178749592595
0.000010734647500716563
0.000010319948980870867
9.98711746846484e-6
9.595803596982325e-6
9.286314940106252e-6
8.917171275563315e-6
8.630047759614802e-6
8.28185584126667e-6
8.016121050185007e-6
7.687668699290093e-6
7.442356488887276e-6
7.13244709120829e-6
6.906611475789316e-6
6.614069536036651e-6
6.4067903524887905e-6
6.1304677975269764e-6
5.940856320335429e-6
5.679635522891694e-6
5.506838738790642e-6
5.259635992140037e-6
5.102839291416625e-6
4.8686063899997035e-6
4.727036361909699e-6
4.504761589458844e-6
4.377686900908309e-6
4.16639579766701e-6
4.0531286667915224e-6
3.8518836491896395e-6
3.7517804549388063e-6
3.5596801865079914e-6
3.472141100977355e-6
3.2883206149464034e-6
3.2127892748425435e-6
3.0364178573205708e-6
2.9723816046880443e-6
2.8026617934958837e-6
2.749650200776218e-6
2.5858162231175503e-6
2.5434011409511007e-6
2.3847172221021194e-6
2.3525113697901796e-6
2.198269875286449e-6
2.1759260483668185e-6
2.0254457675529425e-6
2.0126556896640322e-6
1.865279689463975e-6
1.861773195882941e-6
1.716867188597325e-6
1.722411103199078e-6
1.5793611262913843e-6
1.593758091725245e-6
1.4519688717183226e-6
1.4750570102056653e-6
1.3339497784561554e-6
1.3656010329570782e-6
1.22461193945666e-6
1.26473145276166e-6
1.1233091896141458e-6
1.1718349847505197e-6
1.0294388826381602e-6
1.08634062500459e-6
9.424394095331588e-7
1.0077176927304407e-6
8.617872561367915e-7
9.354730191735045e-7
7.869942129358165e-7
8.69148900324692e-7
7.176063948307055e-7
8.083208957926347e-7
6.532010695371827e-7
7.52595294612224e-7
5.933848029496803e-7
7.016078829722783e-7
5.377914436410241e-7
6.550213320526804e-7
4.860806730576201e-7
6.125240992619257e-7
4.379359097328993e-7
5.738278998715885e-7
3.930624969119331e-7
5.386671091343859e-7
3.51186561130438e-7
5.067966018450439e-7
3.120530005131248e-7
4.779904576380033e-7
2.7542474815502506e-7
4.5204111076538926e-7
2.4108124930101255e-7
4.287578090057259e-7
2.0881704189435459e-7
4.0796522792417437e-7
1.784406959490586e-7
3.895026869198753e-7
1.497736484809217e-7
3.7322338677961135e-7
1.2264967396941458e-7
3.5899296238296934e-7
9.691330298584996e-8
3.466892440861564e-7
7.241993390552235e-8
3.3620089456199563e-7
4.903239063710249e-8
3.274170545044979e-7
2.65468476390154e-8
3.196364775126111e-7
0.001763712041936291
0.0035101490350463297
0.0051961301445414545
0.006813333634686031
0.008325697552074003
0.009723918231270013
0.01097832584374222
0.012082805860419195
0.013013654059464815
0.013769454209339005
0.014332077953867968
0.014705125283544201
0.014875256926966436
0.014850605195923773
0.01462146161634659
0.014199531399372444
0.013577417535522197
0.012769300659765101
0.011768888925536477
0.01059191781407536
0.00923235899265719
0.007706997211599456
0.0060097535404509475
0.004158486735109109
0.0021473135438256153
-4.307952393552427e-6
-0.0023013660022056888
-0.004721943576163872
-0.007269206599559232
-0.009917849319831834
-0.012668352571316153
-0.015491322749924404
-0.018384050428614285
-0.02131285247492679
-0.024271906370567406
-0.027223703844626003
-0.030160070570862917
-0.033040831265347154
-0.03585685659275916
-0.03856703194944466
-0.04116311321658256
-0.04360509175261752
-0.045887596659261724
-0.04797376173080789
-0.04986288929395806
-0.05152295215797911
-0.05295923324654015
-0.05414563402065084
-0.055094020706150715
-0.05578455400206181
-0.05623549898205252
-0.05643283151607936
-0.05640029606760117
-0.05612857546737048
-0.055645401527763226
-0.0549445929829642
-0.05405603432345141
-0.052974892344332614
-0.05173127929913864
-0.050319955741821805
-0.04876948868450939
-0.04707274316016739
-0.04525533920090171
-0.04330723153103969
-0.041250263773505366
-0.03907113586141166
-0.03678784910699001
-0.03438436011637811
-0.031875701422654674
-0.029244610345566302
-0.02650508999833468
-0.02364127161656932
-0.020669144803752437
-0.01757785514955508
-0.014389281503115895
-0.011101887001248452
-0.007747765102147587
-0.00433906081798493
-0.0009220660389035273
0.0024738726849177902
0.005785628960383386
0.008965061717775821
0.011932012098378256
0.014620930096899465
0.016937793292028776
0.018804752943131466
0.02012093797137639
0.020805191594626897
0.020760426947284992
0.01991440399856901
0.018186991900581078
0.015528817758776374
0.01189052716624641
0.007259065918402655
0.0016278783778732873
-0.004969400926177419
-0.012488861688158498
-0.02084531783105268
-0.029943193921521057
-0.03964810050363853
-0.04981919824841535
-0.06028295919253062
-0.07086705711102477
-0.08137566200433306
-0.09162443150749698
-0.10141650718412538
-0.1105777879698865
-0.1189327659683798
-0.12633903059462812
-0.13266223126185564
-0.13780873532350704
-0.14169932393069332
-0.14429910419749373
-0.1455899757235545
-0.14559722514226026
-0.1443612539961402
-0.1419606755324295
-0.13848416912807593
-0.13405025931913575
-0.1287803744053616
-0.12281573875994817
-0.11629272074124143
-0.10935737240733721
-0.10214396299647811
-0.09478766192159097
-0.08740682374086849
-0.08011417475956513
-0.0730030258857985
-0.06615715247986996
-0.0596407470939386
-0.053507034512624556
-0.04779150091199481
-0.04251919864970912
-0.03770063256178762
-0.03333769213977493
-0.029421536921924465
-0.025937134166398618
-0.022862537102265077
-0.020172078171317297
-0.01783653941226617
-0.015825127427811888
-0.014106159268502482
-0.012648004868284296
-0.011420028594290718
-0.010392717555273628
-0.009538714152814818
-0.008832353410240787
-0.008250691006345491
-0.00777265500441741
-0.007380019192510743
-0.00705634249706777
-0.006787864363165811
-0.006562366856834955
-0.006369983237746998
-0.006202079707440036
-0.00605197528451054
-0.005913906498456078
-0.005783659757456241
-0.005657655029210024
-0.005533493308008822
-0.005409174891833315
-0.005283565436229087
-0.005155750242406273
-0.005025423199131131
-0.00489236946048598
-0.004756782384480712
-0.004618861901062457
-0.004479065304128551
-0.0043378063351964345
-0.004195646272414397
-0.004053078362248371
-0.00391066600068669
-0.0037688978960777474
-0.003628280234270103
-0.0034892493394572386
-0.0033522245651077327
-0.0032175668739737396
-0.003085598849585385
-0.0029565993136981055
-0.0028307963615730805
-0.0027083897458667528
-0.002589522253337767
-0.0024743230385753595
-0.0023628620312288583
-0.0022552086760951233
-0.0021513734218263614
-0.0020513774105162443
-0.0019551844914972687
-0.0018627783094424843
-0.001774087723706209
-0.0016890684951503723
-0.0016076244818940151
-0.0015296917377377124
-0.0014551574097567007
-0.0013839445577590926
-0.0013159302913144284
-0.0012510300208811412
-0.0011891160426351973
-0.001130100250191918
-0.0010738541030069404
-0.0010202890808600565
-0.0009692787423955621
-0.0009207364053329415
-0.0008745398181005586
-0.0008306057050307933
-0.0007888174222176378
-0.0007490961297027394
-0.0007113316878784688
-0.0006754503068413158
-0.0006413488480788912
-0.0006089588759285538
-0.0005781844511247342
-0.0005489625659585564
-0.0005212044627290525
-0.000494852472341333
-0.00046982484834680397
-0.00044606905637313094
-0.0004235100875267538
-0.00040210026570703284
-0.0003817709785733165
-0.0003624790877434919
-0.00034416199903722236
-0.0003267807671581737
-0.0003102784213936356
-0.000294619858027412
-0.00027975333186302804
-0.00026564723297748386
-0.0002522546535540826
-0.00023954714043643226
-0.00022748224861248895
-0.00021603436225011777
-0.00020516514548570374
-0.00019485151824985333
-0.0001850589217050534
-0.00017576653159265713
-0.00016694325846375514
-0.0001585702741696558
-0.00015061967495110862
-0.0001430743894252337
-0.000135909440222096
-0.00012910929362968957
-0.00012265166175092336
-0.00011652234843456743
-0.00011070153994445317
-0.00010517619469728626
-0.00009992877997154251
-0.00009494724147232445
-0.00009021615221328803
-0.00008572429390367526
-0.00008145818853795435
-0.00007740731477840483
-0.00007356000357170719
-0.00006990630420576826
-0.00006643623198678799
-0.00006314029076910681
-0.000060010069660399556
-0.000057036421335727064
-0.00005421241118735645
-0.0000515291425987314
-0.0000489810721357222
-0.00004655946356800235
-0.00004426009058685171
-0.000042074293445239676
-0.000039999098987185827
-0.000038025845728020265
-0.00003615275923183863
-0.00003437110292794029
-0.00003268025488970955
-0.00003107133509808544
-0.00002954483629662094
-0.000028091668244537307
-0.000026713409153661418
-0.00002540069548735075
-0.000024156167607202355
-0.000022970128756384493
-0.00002184626416370788
-0.000020774484498059268
-0.000019759510954485033
-0.00001879080313170887
-0.000017874114254670953
-0.000016998395709931045
-0.00001617043418103014
-0.000015378615926395438
-0.000014630768772017343
-0.00001391465713330815
-0.00001323916178163035
-0.00001259136761538807
-0.000011981226136854531
-0.00001139508537223278
-0.000010843989852074612
-0.00001031349106392932
-9.81575418825585e-6
-9.33547312640682e-6
-8.88596724533493e-6
-8.451009031251029e-6
-8.04510978596053e-6
-7.65105637067047e-6
-7.284593925713549e-6
-6.927456525628026e-6
-6.5966699806186346e-6
-6.272846141531937e-6
-5.974344286293558e-6
-5.680580309817236e-6
-5.411304238146608e-6
-5.144660447860638e-6
-4.901852064924734e-6
-4.659670842261019e-6
-4.440842436297034e-6
-4.220721498577421e-6
-4.023629771949575e-6
-3.823396756547371e-6
-3.6460195519254637e-6
-3.463708513720413e-6
-3.304222036440911e-6
-3.1380540886873503e-6
-2.9948156253035537e-6
-2.84317936607636e-6
-2.714708021428219e-6
-2.5761438455622667e-6
-2.4611058121554656e-6
-2.3342901884379506e-6
-2.2314843354031222e-6
-2.115216939346788e-6
-2.0235628877366054e-6
-1.916753482793808e-6
-1.8352791703426728e-6
-1.736937670462122e-6
-1.6647698910957339e-6
-1.5739954338849844e-6
-1.5103499072208607e-6
-1.426322631823422e-6
-1.3704965724690465e-6
-1.2924688093886688e-6
-1.24383219955685e-6
-1.1711217309233463e-6
-1.1291119876762136e-6
-1.0610947013257179e-6
-1.025209597668395e-6
-9.61313900568701e-7
-9.311063809514087e-7
-8.708077351797819e-7
-8.458813905701844e-7
-7.886967334744615e-7
-7.68700858114246e-7
-7.141854204020495e-7
-6.988112762680103e-7
-6.465534041346519e-7
-6.355309883017831e-7
-5.851480681562821e-7
-5.782426853009285e-7
-5.293792390784855e-7
-5.263886887505773e-7
-4.787117088973304e-7
-4.794641774935614e-7
-4.326613047707844e-7
-4.3701202690873825e-7
-3.9078888299672706e-7
-3.986195097287637e-7
-3.526964940599757e-7
-3.639127764544127e-7
-3.180233986037171e-7
-3.3255327431272956e-7
-2.8644288167826183e-7
-3.042355621160192e-7
-2.5765844336751956e-7
-2.786830613891899e-7
-2.3140064145761065e-7
-2.5564541712942106e-7
-2.074255427414185e-7
-2.3489688999043955e-7
-1.85511512382256e-7
-2.16232925309116e-7
-1.6545691767083796e-7
-1.9946899020251868e-7
-1.4707895875850442e-7
-1.844382021939438e-7
-1.302113021556493e-7
-1.709903622680475e-7
-1.1470243396054207e-7
-1.5898973093289884e-7
-1.0041439639329961e-7
-1.4831367043473384e-7
-8.722169697356132e-8
-1.3885203587168446e-7
-7.50098517843407e-8
-1.3050568140823309e-7
-6.367391035694401e-8
-1.231855640157698e-7
-5.311873161586236e-8
-1.1681144175974625e-7
-4.3256328352163886e-8
-1.113117923211604e-7
-3.4006483504909106e-8
-1.0662245740868354e-7
-2.5295674834095322e-8
-1.0268639009664971e-7
-1.705558466011639e-8
-9.944957292971824e-8
-9.19724495291432e-9
-9.665741911086779e-8
-0.007466737259128846
-0.014883906254407874
-0.022127372683260208
-0.02917286701564194
-0.03591600874514294
-0.04232890500984014
-0.04832461225293332
-0.05388363743454049
-0.0589354894792643
-0.06347394810047596
-0.06744458709385182
-0.07085634900513561
-0.07366970429624863
-0.07590858190477366
-0.07754621522972342
-0.07861991001741726
-0.07911284054582816
-0.0790732810503979
-0.07849130537176835
-0.07742357018633428
-0.07586428276255536
-0.07387624501109727
-0.07145570040215843
-0.06867005784907568
-0.0655163752367177
-0.06206595100453096
-0.05831629215166181
-0.05434257695662455
-0.05014302214726469
-0.04579707827562521
-0.041304177153765435
-0.036748419696863474
-0.03213076486891941
-0.027539904419158448
-0.022978053453702962
-0.018537670287948255
-0.014221123002271262
-0.010122895311749376
-0.006243523343076697
-0.0026769179690473714
0.0005809214462484958
0.0034398527685778144
0.005911501100626295
0.007912884803885783
0.009466286333145458
0.01049901440701236
0.011046540962420585
0.011048912234007885
0.010556453704455007
0.009523405671772395
0.008015514424966954
0.006001526770888468
0.003562010784657715
0.0006793896122804733
-0.0025526409697531095
-0.006139831782994237
-0.009977982197424686
-0.01406369563182698
-0.01828560935201436
-0.022634472998788967
-0.026995611560764948
-0.03135762050878918
-0.03560666366954335
-0.0397330792889907
-0.04362810619115751
-0.04728768405093333
-0.050612188418080364
-0.05360668632019834
-0.05618424955024661
-0.05836190102250106
-0.06006807683497165
-0.06133348190152549
-0.06210329629326025
-0.062422163409466214
-0.062251792213864954
-0.0616493357926283
-0.06059112625113696
-0.05914376530220862
-0.05729482852913575
-0.05511607152794149
-0.052602029420466725
-0.049824822476633106
-0.04678162333102268
-0.04354060252972567
-0.04009821022677853
-0.03651581726841874
-0.032787642521243054
-0.028967614106233636
-0.025048570197530016
-0.02107880043866376
-0.0170528825990525
-0.013017295643193748
-0.008972972584985407
-0.004969344458189322
-0.0010184466399683558
0.0028232029376804167
0.006529259623092835
0.01003428907458556
0.013297531860948788
0.01624645214822458
0.018829865709551266
0.020974163952965124
0.022625878672987522
0.02372008512008292
0.024212268964319397
0.024058092626020607
0.023234273397871815
0.02172868460729577
0.019549921631027627
0.016726649792780265
0.01330567419174627
0.009359549832818925
0.004973286661580632
0.00025947119214496964
-0.004665813450985266
-0.009660813357101544
-0.014591891763129113
-0.019304505724550204
-0.023665183146670085
-0.027525724475064198
-0.03077155875310272
-0.03327929931489428
-0.03496958645145989
-0.03575836974781371
-0.03561247490197449
-0.03449536531481218
-0.03242396188814105
-0.02941005752424685
-0.025517284455570173
-0.020799709033704285
-0.015358188340591989
-0.00927787081150225
-0.002683442912976834
0.004322739435522254
0.01160687116349619
0.019063400502217956
0.0265630348764242
0.03400906823378256
0.041287515136702396
0.04831924358716859
0.05501261703450166
0.06131099521297885
0.06714827445018068
0.07249164156625665
0.07730036705637343
0.08156393460154455
0.08526435947467247
0.08840996660120166
0.09100139214852856
0.09306136003025706
0.09460439832192283
0.09566298818768379
0.09626090761156006
0.09643611834710698
0.09621755109818297
0.0956450715033119
0.09474945017026684
0.09356971873818083
0.09213602590319513
0.09048466517681623
0.08864350096871251
0.08664492319055055
0.08451353013680521
0.08227724191248284
0.07995694335792636
0.0775759677767169
0.07515142807701085
0.07270226364787231
0.07024201688196427
0.0677856186285764
0.06534339716776252
0.06292676106177263
0.060543256408951564
0.05820128997881305
0.05590607696226009
0.05366353205776345
0.05147697339938164
0.04935029486477664
0.047285312256317796
0.045284316682174454
0.043347966518554416
0.04147730936817235
0.03967213811044526
0.0379325577428326
0.03625773625276848
0.03464708262751737
0.033099333674902774
0.031613400623635886
0.030187741706436493
0.02882092699578963
0.02751125382641173
0.026257072747329673
0.025056608932782012
0.023908086288577244
0.022809723090944874
0.02175968626072099
0.020756233746488176
0.01979752667577422
0.018881894615566042
0.018007529617594203
0.017172853555879514
0.016376114935746873
0.015615840103633451
0.014890351011652054
0.014198284315071395
0.01353804598685317
0.012908384219400387
0.01230779482160422
0.011735135483049976
0.011188994206309472
0.010668333894724394
0.010171834635231155
0.009698558794560365
0.009247276727968623
0.008817143627926755
0.00840701716845577
0.008016138263281325
0.007643448242029318
0.00728826648114889
0.0069496139022697965
0.006626881143238589
0.006319164480032517
0.006025918813263568
0.005746311525038488
0.005479855076190207
0.005225783804892937
0.00498366138963216
0.0047527851459684125
0.004532764010395489
0.00432295451900522
0.0041230053088989185
0.003932328625124891
0.0037506076389938604
0.0035773070584579924
0.00341213980298666
0.003254620066555245
0.0031044860912474736
0.0029612988401222155
0.0028248177979742113
0.002694648237710951
0.0025705671152840177
0.0024522218049488303
0.0023394032543890162
0.0022317989626114854
0.0021292106522620828
0.002031364195875992
0.0019380691130135663
0.001849088110353759
0.0017642357370198547
0.00168331019599732
0.0016061284914892107
0.0015325231676336442
0.0014623112809400193
0.0013953587417475995
0.001331480399773124
0.0012705747252826636
0.001212452234050852
0.0011570433053197803
0.0011041521052885628
0.0010537404241078403
0.0010056041569124952
0.0009597361475210134
0.000915922177135372
0.0008741859274311273
0.000834301286198665
0.0007963226854185527
0.0007600103949729029
0.0007254496351573193
0.0006923853693403259
0.0006609337726896764
0.000630822837118164
0.0006021999774400851
0.0005747745684844626
0.0005487256650710075
0.0005237423832718435
0.0005000359375655296
0.0004772735346461553
0.0004556991850625388
0.0004349565219179637
0.00041532310175575876
0.00039641729408961674
0.00037855106663043427
0.0003613158043975808
0.0003450588676709304
0.00032934289048536637
0.0003145517240436837
0.00030021743716736934
0.000286761589915719
0.0002736838079433112
0.0002614447029042377
0.00024950951351016633
0.00023837936628840902
0.00022748309362289324
0.00021736392953947226
0.00020741219640097082
0.00019821495925488367
0.00018912183517347313
0.00018076557898556665
0.00017245280618574744
0.00016486396081893986
0.00015726025004676137
0.00015037195457214225
0.00014341234920056838
0.00013716384728684522
0.00013078914101589007
0.0001251252307586389
0.0001192814423684637
0.00011415197926425397
0.000108789871831706
0.00010414931539910546
0.000099223962393316
0.00009503096576932517
0.00009050135378315706
0.00008671839124350509
0.00008254705973550422
0.0000791400874051251
0.00007529280248098716
0.00007223094984428977
0.0000686764048729266
0.00006593169881045613
0.00006264124354721056
0.000060188352508476734
0.00005713574616917469
0.00005495175141726151
0.00005211293691037613
0.000050177124375119
0.00004753002384653226
0.000045823694407118
0.000043348022512089285
0.000041854320661594916
0.0000395314135772982
0.00003823517189231518
0.0000360478314560307
0.00003493543030892876
0.00003286778305896598
0.000031927022165222336
0.000029964388210073184
0.00002918437262728427
0.00002731314746973141
0.00002668418126102634
0.00002489172773472621
0.000024405220396848176
0.00002267976854801645
0.00002232815088845891
0.000020658706639215567
0.000020435352884675572
0.00001881161469518749
0.000018710772954539837
0.000017123054433125913
0.000017139785384077234
0.00001557894422508571
0.00001570906625534983
0.00001416643868811956
0.000014406475960536175
0.000012873817117692136
0.000013220956853277666
0.00001169038314686716
0.000012142434883288553
0.000010606374888257148
0.000011161736849923122
9.612879411110246e-6
0.000010270507205311608
8.701757432513853e-6
9.4611376411753e-6
7.865575923245336e-6
8.726701613742352e-6
7.097542473003906e-6
8.06089444754592e-6
6.391448196707273e-6
7.45797925427595e-6
5.741618117489265e-6
6.912736721693823e-6
5.1428605504045105e-6
6.420421187947398e-6
4.590424799924581e-6
5.976718464641384e-6
4.079960525709418e-6
5.5777101380824825e-6
3.6074829975526537e-6
5.2198380376889506e-6
3.1693392898235087e-6
4.899873990691046e-6
2.762177442849403e-6
4.6148912616773596e-6
2.3829202776794045e-6
4.362240422327568e-6
2.028739722069968e-6
4.139525224889274e-6
1.6970330753386588e-6
3.944580859274416e-6
1.3854035304288661e-6
3.7754544200221973e-6
1.0916389870197631e-6
3.6303896887941826e-6
8.136965326719581e-7
3.5078086212115252e-6
5.49671760551292e-7
3.4061912470530147e-6
2.9695659428423214e-7
3.3174889970151553e-6