3.548835899015504e-6
0.000021292256066651602
0.00007297456500490068
0.00017227290662372898
0.0003363818395630602
0.0005802390606389802
0.0009199887415518765
0.0013705120010137812
0.0019471803389243094
0.0026644363276709434
0.0035368621220614447
0.004578240653038082
0.005802280263090454
0.0072219383458102865
0.008849948558450184
0.01069830432283875
0.012778662228393396
0.015101930291305847
0.017678588647472713
0.020518350084469086
0.023630422782311956
0.027023222649544446
0.030704593955658204
0.03468155998016511
0.03896051223991069
0.043546990330058905
0.04844584737373394
0.05366105284676121
0.059195839986515446
0.06505252742048358
0.07123265307341782
0.0777368118572269
0.08456477981568704
0.09171536613553788
0.09918653068279445
0.10697524925079736
0.11507762715845746
0.12348877701942244
0.13220293062558644
0.14121332865152672
0.1505123326063173
0.16009132582695781
0.16994082684254672
0.18005040080913084
0.1904087752032218
0.20100376055858565
0.21182236901017013
0.2228507428595181
0.23407427614754553
0.24547754924438786
0.25704445336123954
0.26875812907244384
0.28060109350100765
0.2925551804706287
0.3046016700319472
0.316721227841272
0.32889403674887474
0.3410997330384744
0.3533175399879689
0.3655261988060817
0.3777041044111683
0.3898292292902481
0.4018792622275354
0.41383152389478944
0.42566310988667716
0.43735079761396894
0.4488711957286846
0.4602006427808397
0.4713153658662441
0.48219137242825705
0.4928046216204994
0.5031309114549256
0.5131460668003138
0.5228258246472655
0.5321460427220038
0.5410825858232492
0.5496115586165644
0.5577091957136973
0.5653521212896776
0.5725172448144175
0.5791820487493351
0.5853244906761232
0.5909233186012371
0.5959579787905636
0.6004089563008252
0.6042576862788079
0.6074869154150813
0.6100806129489164
0.6120243469430102
0.6133051898669446
0.6139121020312439
0.6138358254959432
0.6130692657727859
0.6116073670147208
0.609447482303806
0.606589222741457
0.6030348064235769
0.5987888743173639
0.593858808535992
0.5882545088966954
0.5819886724589207
0.5750765264779919
0.5675360633647472
0.5593877283000777
0.5506546066372182
0.5413620674567069
0.531537903604474
0.5212119355125164
0.5104161070646057
0.4991840565932822
0.4875511741215761
0.47555414817562736
0.46323099137133017
0.4506205724027353
0.4377626174265126
0.4246972364643802
0.4114649078902207
0.3981060079461841
0.3846607853457369
0.3711689021567469
0.3576694055535825
0.3442002883234047
0.3307984653283752
0.31749936236166343
0.30433690573143174
0.2913431487663606
0.2785482835852819
0.26598031461591615
0.253665101420657
0.2416260875477982
0.22988438175582865
0.2184585480513742
0.20736472969072153
0.19661650250855806
0.18622504203817314
0.17619903776352341
0.16654489930411387
0.15726672483822124
0.1483665383785008
0.13984430210950088
0.13169817403106718
0.12392455187906397
0.11651833921380918
0.10947300813899881
0.10278086227001973
0.09643310647225972
0.09042009676254471
0.08473140735061765
0.07935605993742156
0.07428258096004352
0.06949920545490178
0.06499392010520813
0.06075463941634554
0.05676923258865588
0.05302567192339483
0.04951204348068743
0.04621666925871938
0.04312810297061009
0.04023522859824193
0.03752724345784226
0.0349937362855913
0.03262466014648524
0.030410393366285298
0.02834170488393509
0.026409801219250916
0.024606286687714845
0.022923199291906955
0.021352967905293625
0.01988843958424001
0.01852283545887726
0.017249771545104004
0.01606321470771068
0.014957498650154945
0.013927280970278146
0.012967555644311344
0.012073611895934406
0.011241044181344658
0.010465713344458148
0.009743754854455083
0.009071542522962788
0.008445695541319539
0.007863044884940808
0.007320639538729391
0.006815715602926651
0.0063457019746041106
0.00590819209104497
0.005500949245983842
0.00512188085419011
0.004769043516560146
0.00444061965708553
0.004134922405396736
0.003850374439641515
0.003585512723943098
0.003338969383784875
0.0031094763153074506
0.002895847920365138
0.002696985591692622
0.0025118621403965712
0.0023395261535202835
0.0021790879554996674
0.002029723830847503
0.0018906633716947226
0.0017611935569634921
0.0016406473495621887
0.0015284076236200806
0.001423896886547463
0.0013265810470313294
0.0012359601485661233
0.001151571972519849
0.0010729836806063744
0.00099979524913211
0.0009316319280533665
0.0008681475043171501
0.0008090174945433959
0.0007539422370607925
0.0007026407438466447
0.0006548536223696068
0.0006103375202194079
0.0005688678791681336
0.0005302339129642279
0.0004942411971059652
0.0004607071266043724
0.00042946334583279956
0.00040035163873919014
0.00037322620380984795
0.0003479499342857415
0.0003243965437748909
0.00030244719856203174
0.00028199249974549196
0.0002629294337738909
0.00024516321718953975
0.00022860453513615962
0.00021317125488157785
0.00019878592525957945
0.00018537736514159887
0.00017287839964955795
0.00016122732966099716
0.00015036588319885703
0.0001402405719054015
0.0001308008383091272
0.00012200030500300786
0.00011379510054189392
0.00010614500682097257
0.00009901194819817862
0.0000923610422973848
0.00008615923860080793
0.00008037627760586626
0.00007498346662009262
0.00006995455188731025
0.000065264620659107
0.00006089089057733268
0.00005681172830847801
0.000053007360133138476
0.00004945899853242563
0.00004614947759157736
0.00004306247992668505
0.00004018310016287677
0.00003749716550558544
0.000034991730206416143
0.0000326544839204214
0.000030474179721447353
0.000028440125159823876
0.00002654254604171445
0.000024772155814254958
0.000023120456972769475
0.00002157938506736658
0.00002014154925113947
0.00001879994782376257
0.000017548149084860805
0.000016380075916236234
0.000015290127750616825
0.000014273032251761742
0.000013323908856770578
0.000012438186142957258
0.00001161160704273178
0.000010840210999035953
0.000010120280590213019
9.448388071752784e-6
8.821282780236516e-6
8.23600214653759e-6
7.689698867652768e-6
7.179816958736103e-6
6.703857294549351e-6
6.259619747167045e-6
5.844905295461416e-6
5.457825777753319e-6
5.096440353410049e-6
4.759134887794593e-6
4.444190115243593e-6
4.150233170111752e-6
3.875734351393235e-6
3.6195338240356954e-6
3.380263408453693e-6
3.1569520046595058e-6
2.9483683318382433e-6
2.7537091779730004e-6
2.571858484974304e-6
2.4021630993780098e-6
2.2436030404707055e-6
2.095660033302353e-6
1.9573932003110457e-6
1.828406294771824e-6
1.7078224210084126e-6
1.5953565655196838e-6
1.4901822735972845e-6
1.392116789265374e-6
1.3003718927639553e-6
1.214859727906532e-6
1.1348192264459616e-6
1.060251519842886e-6
9.904125421949163e-7
9.25387799947418e-7
8.644408479647488e-7
8.077381304177944e-7
7.545420599000792e-7
7.050976540635689e-7
6.586579063324885e-7
6.155450289421374e-7
5.749946855647281e-7
5.374058210096065e-7
5.01989116320181e-7
4.692206469574326e-7
4.3827861489556257e-7
4.097174428544706e-7
3.8267542369692675e-7
3.577873283624286e-7
3.3414408896462204e-7
3.12463591104083e-7
2.9178185214827484e-7
2.729033906245729e-7
2.5480157660956554e-7
2.383718282933442e-7
2.2251687988819908e-7
2.0822807117309753e-7
1.9432918480250474e-7
1.819132706724965e-7
1.6971644350231976e-7
1.5894003870915065e-7
1.4822331175045113e-7
1.3888327788216347e-7
1.2945259361451607e-7
1.2137219655380171e-7
1.1305778279909419e-7
1.060833502093892e-7
9.873656817213623e-8
9.273457763151831e-8
8.622517238771301e-8
8.107971884260559e-8
7.52934181824042e-8
7.090401038998671e-8
6.574042776183872e-8
6.202007216952673e-8
5.73908762287537e-8
5.4264410227611623e-8
5.009172303647605e-8
4.7494368222205e-8
4.370936329400842e-8
4.1585469271654496e-8
3.8127145596808335e-8
3.642909893525793e-8
3.3243204041938574e-8
3.193048621213132e-8
2.8968571398887563e-8
2.800694053562741e-8
2.52255310595622e-8
2.4586318223222756e-8
2.194617912249732e-8
2.1605681769570328e-8
1.9071171824484263e-8
1.9010132884543833e-8
1.6548631221448148e-8
1.6751794821647804e-8
1.4333190614932947e-8
1.4788923952753864e-8
1.2385161082637059e-8
1.3085134573640714e-8
1.06698030793986e-8
1.1608726574627363e-8
9.156693696711076e-9
1.0332094253949237e-8
7.819170069349517e-9
9.231215721600792e-9
6.633845270917225e-9
8.285204272074563e-9
5.580184446080229e-9
7.475919672497152e-9
4.640133577116445e-9
6.787627487459705e-9
3.797797122408665e-9
6.20670510837633e-9
3.0391525539341063e-9
5.721382812740985e-9
2.3518029951794877e-9
5.321521841384431e-9
1.7247588357853966e-9
4.9984161300301525e-9
1.1482198203108828e-9
4.744416949389148e-9
6.117700395332239e-10
4.539720893879666e-9
8.274250659012293e-6
0.00004964151114128215
0.00016998825669636077
0.0004008352812981893
0.0007815382890640989
0.0013457266810051167
0.002129280487517516
0.0031644779007932553
0.004484013757099172
0.0061176184067698895
0.008094501631838606
0.010441122165277348
0.013182846231197223
0.016342361909503583
0.01994088580545201
0.02399698254319704
0.028527481778061695
0.03354657210286477
0.039066514550110024
0.04509693256598683
0.0516453711040906
0.058716733074941525
0.0663137144479446
0.07443635523677133
0.08308237166740605
0.0922468014102428
0.10192224926036159
0.11209861411248206
0.12276326216962946
0.13390082804002124
0.145493327811499
0.15752002923890251
0.1699575154346281
0.18277962001783254
0.19595745058353564
0.2094593846189621
0.2232510605925762
0.23729543017027466
0.2515527241149344
0.2659805565103234
0.2805338729885943
0.29516510366889726
0.3098241025564704
0.3244583477079782
0.33901288262615764
0.3534305643527383
0.36765201964119193
0.3816159435413484
0.39525908423489203
0.40851659544636176
0.4213220633305848
0.43360791516706587
0.4453054992204057
0.4563455495538586
0.46665832551889325
0.47617412864335795
0.48482350310153904
0.4925377964778708
0.4992494173808851
0.504892428653218
0.5094028543861477
0.5127192927969645
0.5147832629729373
0.5155398254142759
0.5149379587068627
0.5129311778771255
0.5094779316766016
0.5045422107388738
0.4980939553645883
0.4901096449234457
0.4805727020630074
0.4694740502278533
0.4568124920955409
0.44259521319831296
0.42683810079785967
0.40956615997754425
0.39081372667958686
0.37062475161357844
0.34905285173756184
0.32616141110242713
0.30202341278881395
0.2767213080737724
0.25034657864272575
0.22299933810284417
0.19478759275473534
0.16582656181722344
0.13623763218408572
0.10614741279081956
0.07568641077088585
0.044987867019651843
0.014186213712687282
-0.01658423159215314
-0.047190937413448056
-0.07750450205258073
-0.10740033953164228
-0.1367599365619696
-0.16547241981115912
-0.19343558764924876
-0.22055721540091636
-0.24675571974737048
-0.27196106160398753
-0.2961149137924016
-0.31917104448350614
-0.3410948954366559
-0.36186337960434994
-0.3814638431769584
-0.39989329119289263
-0.4171567997203977
-0.43326628558673647
-0.4482385416657821
-0.46209377142965197
-0.4748535154338575
-0.48653924931540954
-0.49717052251824334
-0.5067639399596932
-0.5153318192493062
-0.5228818230009967
-0.5294163494582773
-0.5349329570394998
-0.5394245504651065
-0.5428805685974625
-0.5452878511685955
-0.546632390021322
-0.5469006087396012
-0.546081353791577
-0.5441672335963398
-0.5411564837919062
-0.5370540155931125
-0.5318728367802648
-0.5256345457093342
-0.5183701075104269
-0.5101196696191445
-0.5009326430690128
-0.49086686578161404
-0.4799880793918873
-0.4683685887792148
-0.4560863229202778
-0.4432232089853121
-0.4298640464414577
-0.4160948261812065
-0.402001633938641
-0.3876691100856667
-0.37317954749008997
-0.3586116252894635
-0.3440397984216278
-0.3295333692667336
-0.31515619976332704
-0.3009661240142926
-0.2870149614505281
-0.27334823001419467
-0.26000540543568407
-0.24701987051673374
-0.23441935071060177
-0.22222602779399
-0.21045708163230584
-0.19912490135147662
-0.1882376722602806
-0.17779962936846141
-0.1678116420989133
-0.1582714693367569
-0.14917430911567053
-0.14051302831992107
-0.13227865764572122
-0.12446058090824716
-0.11704696611059244
-0.11002490835321037
-0.10338079550337732
-0.09710040497165194
-0.09116920749753936
-0.08557242193368796
-0.08029526353783586
-0.07532296292387061
-0.07064096652658333
-0.06623492657892638
-0.06209086160796186
-0.058195124140726674
-0.05453452861221046
-0.051096302853787336
-0.047868189959906396
-0.044838388729794884
-0.04199563506530412
-0.03932913559462011
-0.03682863319551639
-0.034484337131108406
-0.032286976391148005
-0.030227728871827512
-0.02829826544118412
-0.026490680018671366
-0.024797526610097858
-0.023211751592006873
-0.021726725424041044
-0.02033617800760451
-0.019034226356396667
-0.017815313563732046
-0.016674233379473023
-0.015606073069136944
-0.014606235591797287
-0.013670386451362274
-0.012794473977476182
-0.011974680140091598
-0.011207439294675032
-0.010489392842280945
-0.009817406695877875
-0.00918852961205377
-0.008600009560308207
-0.00804925551827527
-0.007533852872414193
-0.007051528451713497
-0.006600165050848547
-0.006177769472009257
-0.005782486235520391
-0.0054125684020444
-0.00506639051889249
-0.004742422002407884
-0.00443923935622859
-0.004155501905843162
-0.003889963317698689
-0.0036414494904810266
-0.003408869399206305
-0.003191194962789649
-0.0029874712339093413
-0.0027967980767071355
-0.0026183397217988996
-0.0024513081020067504
-0.0022949717909340832
-0.002148640857537049
-0.0020116752070993703
-0.001883470828297502
-0.001763467554211782
-0.0016511365870439502
-0.0015459876979982455
-0.001447557925537142
-0.0013554182316421269
-0.0012691632802945302
-0.0011884175671910977
-0.0011128261948432562
-0.0010420604917549124
-0.0009758097092362257
-0.000913786145118183
-0.0008557176958937073
-0.0008013524989493284
-0.0007504522809439427
-0.0007027965310662234
-0.0006581765936306476
-0.0006163993836553997
-0.0005772821776620821
-0.0005406558823805084
-0.0005063604829902695
-0.0004742478733825251
-0.00044417792680780495
-0.0004160208961271534
-0.000389654075692099
-0.00036496377740139727
-0.00034184255840503973
-0.0003201907775319377
-0.0002999143668120688
-0.00028092597060185053
-0.0002631432443049519
-0.00024648957642963007
-0.0002308929012563207
-0.00021628600177519812
-0.00020260582720850944
-0.00018979337352478654
-0.00017779349982842516
-0.00016655438007991138
-0.00015602781638590082
-0.0001461682540722407
-0.00013693359292170007
-0.00012828375500694306
-0.00012018199873731729
-0.00011259302649705146
-0.00010548480914927809
-0.00009882621832352807
-0.00009258937297276626
-0.000086746777865327
-0.00008127420672143925
-0.00007614732664731116
-0.00007134513605602971
-0.00006684605046912059
-0.00006263191768344985
-0.000058683537104178116
-0.00005498527925552959
-0.00005152000664823143
-0.00004827432821104361
-0.0000452328862662781
-0.00004238428123312938
-0.000039714684882328435
-0.0000372144751915197
-0.000034871131773145996
-0.00003267662492560474
-0.00003061954547399856
-0.000028693296363128104
-0.000026887404519653595
-0.00002519656869859347
-0.000023611095672110494
-0.00002212686262108175
-0.000020734815991062414
-0.00001943191226519254
-0.00001820961133646672
-0.000017065865475128813
-0.00001599253338509653
-0.000014988494043190517
-0.00001404590054342374
-0.000013164502200379907
-0.000012336650323158433
-0.000011562920297232954
-0.000010835772255583217
-0.000010156573467956865
-9.517809029984555e-6
-8.921614503365898e-6
-8.36042083501071e-6
-7.83711641750651e-6
-7.3440022348455995e-6
-6.884712821493674e-6
-6.451346397038125e-6
-6.048284642492031e-6
-5.667351676903414e-6
-5.313684633403641e-6
-4.978762840323481e-6
-4.668494728609178e-6
-4.373944723048338e-6
-4.101814962310514e-6
-3.842683990545132e-6
-3.604077098884959e-6
-3.3760148989501063e-6
-3.166881592362697e-6
-2.9660663213262445e-6
-2.7828548094984377e-6
-2.6059279873288935e-6
-2.445522984121513e-6
-2.2895330780243693e-6
-2.1492029165860995e-6
-2.011554497542852e-6
-1.8889042590595324e-6
-1.7673150427246817e-6
-1.6602459332742137e-6
-1.5527073874595037e-6
-1.459380551248934e-6
-1.3641246984202749e-6
-1.2829303419591628e-6
-1.1983998280707493e-6
-1.1279289873955915e-6
-1.0527511006109398e-6
-9.917720430480544e-7
-9.247354709394637e-7
-8.721721741257517e-7
-8.122068869153234e-7
-7.67120681454742e-7
-7.13280594140713e-7
-6.748538779783709e-7
-6.263008779305392e-7
-5.938229551711587e-7
-5.498130478104258e-7
-5.226675547013466e-7
-4.825390982931854e-7
-4.601931369523773e-7
-4.2335599451063506e-7
-4.0535095652302536e-7
-3.712771904845126e-7
-3.572201202758644e-7
-3.2543537222114027e-7
-3.1499177965237237e-7
-2.8506819728923853e-7
-2.779561454847753e-7
-2.495054837832476e-7
-2.4548978123167363e-7
-2.1815806334215896e-7
-2.170458927459649e-7
-1.9050762217674005e-7
-1.9214430276403673e-7
-1.660980515475453e-7
-1.7036364194477303e-7
-1.4452823241866004e-7
-1.5133461007654503e-7
-1.2544500887162475e-7
-1.3473322836717804e-7
-1.085371679955052e-7
-1.2027584092377412e-7
-9.35306103430357e-8
-1.0771358708323076e-7
-8.018349603716578e-8
-9.682899251589946e-8
-6.828248193547503e-8
-8.743169775729097e-8
-5.763894210057623e-8
-7.93555746564973e-8
-4.808618464761295e-8
-7.24556215312014e-8
-3.947630084673579e-8
-6.660547048466299e-8
-3.167824348490585e-8
-6.16957536777271e-8
-2.4575274639853603e-8
-5.763115431969732e-8
-1.8063501473691048e-8
-5.432961113575408e-8
-1.2049549259001e-8
-5.171847540211189e-8
-6.432088824563433e-9
-4.959494622143792e-8
-0.000012614509827251122
-0.00007567762897946821
-0.00025892405470990534
-0.0006098584570834016
-0.0011873827695370119
-0.0020409750292041985
-0.003222705698383574
-0.00477817756410957
-0.006752555441605955
-0.009185316906811552
-0.012113928534304902
-0.015570414112658353
-0.019583881400842242
-0.02417815041550757
-0.029373636921468865
-0.035185682681256394
-0.041626035355788106
-0.04870168131149347
-0.056416038905399375
-0.06476816593445012
-0.07375371969264538
-0.08336444660813147
-0.09358892766318903
-0.10441227749548107
-0.11581667531510653
-0.1277812138414454
-0.1402822079704393
-0.153293144771286
-0.16678476182612162
-0.18072506027090765
-0.1950791500666446
-0.2098092996845335
-0.2248745551607608
-0.24023081273450178
-0.25583023114408654
-0.27162132711065023
-0.28754821475260933
-0.3035507377362951
-0.3195635846888512
-0.33551648534902906
-0.35133326517534885
-0.3669321449643954
-0.3822248101224726
-0.39711686284706565
-0.4115069903236662
-0.425287624421112
-0.43834429691689497
-0.45055656241513914
-0.46179762618592013
-0.47193558045779266
-0.4808333804132725
-0.4883504312071031
-0.4943429694024599
-0.49866601762096735
-0.5011742021994889
-0.5017240645907804
-0.500175312036124
-0.4963934408081699
-0.4902513768466664
-0.48163232756174024
-0.47043172609816336
-0.45656018837958573
-0.4399456311722366
-0.42053617281035294
-0.3983022555315383
-0.3732392961180549
-0.3453696118207318
-0.31474460589822595
-0.2814462790729359
-0.24558872979365387
-0.20731903462263948
-0.16681785844936062
-0.12429951119043872
-0.08001150159547303
-0.034233625100880564
0.012723644592832054
0.06052111362862797
0.10879366672786055
0.1571532665651816
0.20519288434921537
0.25249044967420675
0.298613768991496
0.3431252543634699
0.3855876099827079
0.42556909964522344
0.4626497198701782
0.49642671173833475
0.5265208916999181
0.5525820715377533
0.5742951811301559
0.5913852267634718
0.6036228106399067
0.6108282310903563
0.612875982795968
0.6096975876301479
0.601284656449362
0.5876900495399906
0.56902911213829
0.5454788180397097
0.5172768767222928
0.48471863149947975
0.44815389149466733
0.40798154616943016
0.3646442014680647
0.31862072671583935
0.2704190506647301
0.2205671426849239
0.1696046081471753
0.11807287120198422
0.06650644098361864
0.015423246216122986
-0.03468343634642078
-0.08335349919773774
-0.1301664579545284
-0.17474794417393885
-0.21677378897605287
-0.2559738921376931
-0.29213352317324304
-0.325094352853955
-0.35475297151802176
-0.3810592848328533
-0.4040126474720127
-0.4236581841602985
-0.4400812395737825
-0.4534024172041143
-0.46377119763533975
-0.4713605549485723
-0.4763605799747096
-0.4789734427738563
-0.47940770092388124
-0.47787416973557
-0.47458135348217856
-0.4697325254396497
-0.46352245774046313
-0.4561357641216665
-0.4477448782578944
-0.4385095197593424
-0.4285757160036272
-0.4180761382331505
-0.4071298874238803
-0.3958434104090235
-0.3843107651030731
-0.3726148484168414
-0.36082789777944935
-0.34901281873317985
-0.3372237437068247
-0.32550731478517064
-0.3139031871092959
-0.30244518497642486
-0.2911616934653708
-0.2800766549052442
-0.2692098329368404
-0.25857764904554664
-0.24819332818906673
-0.23806759322959192
-0.22820871338819498
-0.21862308165540145
-0.20931519060720058
-0.20028811815291303
-0.19154345333283787
-0.18308171237131585
-0.17490223279923894
-0.16700353705246432
-0.15938320846751708
-0.15203821500764
-0.1449647763820309
-0.13815865658002285
-0.13161502797396865
-0.1253287384108904
-0.1192941757345146
-0.1135055131577001
-0.10795657604704044
-0.102641068011741
-0.09755244083178079
-0.09268410294602411
-0.088029292886301
-0.08358127144251959
-0.07933319872263764
-0.07527831108848108
-0.07140980187631497
-0.06772098412160815
-0.06420517497320825
-0.06085584520037749
-0.057666507360694466
-0.054630853069024404
-0.051742645009339006
-0.04899584293020964
-0.04638449960642208
-0.04390287649568324
-0.041545343760694645
-0.03930648647858452
-0.037181008823146955
-0.035163831665001345
-0.03325000099290021
-0.03143477768199294
-0.02971355020287678
-0.02808191727325368
-0.026535604872240236
-0.025070542423530566
-0.023682784101623503
-0.02236857913073025
-0.021124297340130167
-0.019946494103132834
-0.018831840070887715
-0.017777181218890138
-0.01677947266726141
-0.015835834250091007
-0.014943488312060646
-0.014099811168478606
-0.013302274753965235
-0.012548494299731252
-0.011836173698738621
-0.011163149690800178
-0.010527340801698324
-0.009926788292546989
-0.009359608526579544
-0.008824030911656264
-0.008318353546015587
-0.007840978358053434
-0.007390369883124869
-0.006965087782766805
-0.0065637486060479
-0.0061850558501666
-0.0058277645667565835
-0.005490709107753483
-0.005172770441246298
-0.004872901709594225
-0.004590098128321664
-0.004323420470579297
-0.004071967425148442
-0.0038348971107912593
-0.0036114017802766074
-0.003400727454257714
-0.003202150862521692
-0.0030149972805425572
-0.0028386196090512666
-0.0026724144837833356
-0.002515803402309263
-0.0023682471700976686
-0.0022292289919822166
-0.0020982673075570033
-0.0019749007742634376
-0.0018586995385488545
-0.001749252044565423
-0.001646174778287265
-0.0015491008457200759
-0.001457688220244813
-0.0013716100424146437
-0.0012905613935888683
-0.001214251277244079
-0.0011424079338836178
-0.001074772474036844
-0.0010111027424445378
-0.0009511685791073772
-0.0008947542350200119
-0.0008416552468800303
-0.0007916793984357892
-0.0007446452029932854
-0.0007003813958638569
-0.0006587270301768551
-0.000619529477243862
-0.0005826461495257551
-0.0005479409769735645
-0.0005152877823711462
-0.00048456519338988837
-0.000455661702790068
-0.0004284689676764323
-0.0004028885983529068
-0.0003788237877456556
-0.00035618788081266927
-0.0003348942681727488
-0.0003148667994897181
-0.0002960278642615764
-0.0002783107238155547
-0.0002616456928347522
-0.00024597447462370355
-0.00023123434630284654
-0.00021737459514016027
-0.00020433859711730282
-0.00019208246411109937
-0.0001805548954837014
-0.00016971815978108785
-0.00015952558207778928
-0.0001499449999122915
-0.00014093373540229346
-0.00013246468085097044
-0.00012449858772290773
-0.00011701295459818144
-0.00010997144831621688
-0.00010335578409238845
-0.00009713207819672281
-0.00009128592660226409
-0.0000857854699321432
-0.0000806198973620788
-0.00007575898519803908
-0.00007119527220936269
-0.00006689981361603567
-0.00006286829394563883
-0.00005907271570394259
-0.00005551174377429202
-0.0000521580203241953
-0.000049013058106663564
-0.00004604984860805154
-0.00004327265220366274
-0.000040654535069848076
-0.000038202434497685624
-0.00003588922965168812
-0.000033724491747889036
-0.00003168066001069414
-0.000029769921731502937
-0.000027964030455684556
-0.000026277796995839133
-0.00002468204790289979
-0.00002319424865560224
-0.00002178405934237068
-0.000020471654165299388
-0.000019225286382860236
-0.000018067916320773634
-0.000016966148150035855
-0.000015945827534941272
-0.000014971662033325482
-0.000014072504491505366
-0.000013210911608747823
-0.000012418888027397272
-0.000011656576855436521
-0.00001095930123625069
-0.000010284517101236835
-9.671057247773804e-6
-9.073403922038484e-6
-8.534113801737036e-6
-8.00439465727386e-6
-7.5307658071582775e-6
-7.060843380952425e-6
-6.645374564715592e-6
-6.228045792463375e-6
-5.864126403708577e-6
-5.493014926420197e-6
-5.174822986724085e-6
-4.844279099995468e-6
-4.566690927532333e-6
-4.271708092996597e-6
-4.030217970410673e-6
-3.766354382017296e-6
-3.5570045306521456e-6
-3.3203177644885037e-6
-3.1396360027680525e-6
-2.9266207189389644e-6
-2.7715654493417716e-6
-2.5791032739056666e-6
-2.447015303808302e-6
-2.272324989534247e-6
-2.160884247982233e-6
-2.001482212920175e-6
-1.9086715585246577e-6
-1.7623342005163356e-6
-1.6864054610742393e-6
-1.5511356567544711e-6
-1.4905813227762258e-6
-1.3645798353293697e-6
-1.3181064726410986e-6
-1.1997456632674376e-6
-1.166253692887936e-6
-1.0540549976098441e-6
-1.0326177680560557e-6
-9.252294999649212e-7
-9.150775119280096e-7
-8.112577877804847e-7
-8.11762881701417e-7
-7.10362083150062e-7
-7.210263809151847e-7
-6.209722550306558e-7
-6.41415743962965e-7
-5.417002027044995e-7
-5.716521737812133e-7
-4.7131810446428567e-7
-5.106095668706326e-7
-4.0874061371834587e-7
-4.5729782451931965e-7
-3.530065159112854e-7
-4.1084607013286997e-7
-3.0326548414652645e-7
-3.704887597328338e-7
-2.587633982805037e-7
-3.3555513189866473e-7
-2.1883202997366451e-7
-3.054556605325293e-7
-1.8287642389124868e-7
-2.796750762801212e-7
-1.5036874836858567e-7
-2.577628921847547e-7
-1.208384399963698e-7
-2.393265366326968e-7
-9.386528370838969e-8
-2.2402424865116496e-7
-6.907309695081202e-8
-2.1156057848106384e-7
-4.612366126448581e-8
-2.0167098300214056e-7
-2.464388437795456e-8
-1.9358948728943602e-7