-1.4123631674535662e-11
-9.736399113870479e-10
-7.538221065476327e-9
-3.141994569006047e-8
-9.562472781516391e-8
-2.372207339237789e-7
-5.113810460845627e-7
-9.940124867755325e-7
-1.785560907604995e-6
-3.0132022242598797e-6
-4.8345592779831645e-6
-7.4392912298155e-6
-0.000011052845738206003
-0.000015937354951954663
-0.00002239554521830748
-0.00003077089390877367
-0.00004145180703850896
-0.00005487101296461734
-0.00007151008564392674
-0.00009189804792474086
-0.00011661626330479286
-0.0001462961949049717
-0.000181624617026892
-0.00022334043249989496
-0.0002722400786002032
-0.000329173256626923
-0.00039504834085772296
-0.0004708268346145368
-0.0005575285538986954
-0.0006562246091989265
-0.0007680421437268922
-0.0008941556622184024
-0.0010357911681255806
-0.0011942157253422385
-0.0013707409607363913
-0.0015667108479088972
-0.0017835047106310841
-0.002022523344074097
-0.0022851918485956284
-0.002572944328160833
-0.002887227070870893
-0.0032294821557764188
-0.0036011516414011686
-0.004003660441051843
-0.004438422252064253
-0.004906822004647243
-0.005410224242473656
-0.005949955304101347
-0.006527314745654427
-0.007143557187146048
-0.007799907163016456
-0.008497540283786882
-0.009237601635915063
-0.010021185606963856
-0.010849357664308954
-0.011723131905194577
-0.012643495753921093
-0.013611384056103694
-0.014627705968268687
-0.015693314238001913
-0.016809033333140575
-0.01797562244934825
-0.019193803751910703
-0.02046421764477533
-0.021787449899308295
-0.023163977832210567
-0.02459419511464875
-0.026078347789178523
-0.027616555753598778
-0.029208738064973067
-0.03085463055160502
-0.032553700671622686
-0.03430516148716353
-0.036107877501332174
-0.037960376345775676
-0.03986074848009097
-0.04180665932588742
-0.04379524734259664
-0.04582314080514264
-0.04788636032181409
-0.04998034570772832
-0.05209987014390557
-0.05423908328536121
-0.05639144460296567
-0.058549788631827686
-0.06070628427402035
-0.0628525266955232
-0.06497952734292001
-0.06707783439420041
-0.06913755504323535
-0.07114850282548005
-0.0731002497157116
-0.0749822945771985
-0.07678413841203495
-0.07849546431538604
-0.08010622556844368
-0.08160682458077602
-0.0829882011671745
-0.08424199669518465
-0.08536062939982969
-0.08633743072175748
-0.08716669611950016
-0.08784378340726191
-0.08836513104253854
-0.08872831275256036
-0.08893202012063084
-0.0889760731643276
-0.08886136932976214
-0.08858985497302592
-0.08816444759026357
-0.08758897736778985
-0.08686809272309307
-0.08600718345680239
-0.08501228086868866
-0.08388997420006725
-0.08264731559967796
-0.08129173962565629
-0.07983098055381706
-0.07827300132650686
-0.07662592691445314
-0.07489798518350883
-0.07309745623061242
-0.07123262417790664
-0.06931173951394697
-0.0673429785936549
-0.06533441460754626
-0.0632939809209862
-0.061229446472904944
-0.0591483798966748
-0.05705812656183271
-0.054965772154503004
-0.052878120568855984
-0.050801657577525035
-0.048742530644282404
-0.0467065148374184
-0.044698996830919165
-0.042724945909532124
-0.04078890471446269
-0.03889496798276398
-0.03704678204845095
-0.03524753305010216
-0.03349995611121319
-0.03180633348861634
-0.030168513099015522
-0.02858791582979526
-0.027065561978909164
-0.025602085981072005
-0.024197768591693758
-0.02285255673118337
-0.021566098938406966
-0.02033776791050162
-0.019166696833403756
-0.018051802410973126
-0.01699182004014342
-0.015985325556838473
-0.015030767732738896
-0.014126487491543804
-0.013270746749107937
-0.012461744372172224
-0.01169764088126074
-0.010976570870123428
-0.01029666349417865
-0.009656051411169085
-0.00905288727019514
-0.008485349467101281
-0.007951655034716284
-0.007450062641580383
-0.006978882379588588
-0.0065364764914749565
-0.0061212665792181745
-0.0057317325459575
-0.005366417728685397
-0.00502392650396093
-0.00470292780005515
-0.004402151759250817
-0.00412039202208689
-0.0038565017743072486
-0.003609395129393886
-0.003378042823557432
-0.0031614729589657374
-0.0029587665505637294
-0.002769057835070654
-0.0025915298214611716
-0.0024254143216527646
-0.0022699876130829206
-0.002124570306398993
-0.001988523193574744
-0.0018612470353769554
-0.00174217864111216
-0.0016307906332686784
-0.0015265877842232857
-0.0014291067961544742
-0.0013379129047451426
-0.0012525996981376994
-0.0011727859867668674
-0.001098115674767392
-0.0010282548876028661
-0.0009628919020577839
-0.0009017345184821775
-0.0008445100505660904
-0.0007909629261207716
-0.0007408547346454907
-0.0006939620390869446
-0.0006500764772914268
-0.0006090027667023558
-0.0005705588547821365
-0.0005345740988100935
-0.0005008894599759889
-0.00046935584108980037
-0.0004398343190890731
-0.00041219462438995066
-0.0003863154068616867
-0.00036208284161471304
-0.0003393909239681808
-0.00031814018759471506
-0.00029823802456699843
-0.00027959750290218406
-0.0002621377083666704
-0.0002457826495441281
-0.00023046161867436383
-0.00021610817338773796
-0.00020266051442610668
-0.00019006053412186957
-0.000178254209392851
-0.00016719070789920267
-0.0001568227952025469
-0.00014710599029754817
-0.0001379989862892848
-0.00012946284767763252
-0.00012146144432402294
-0.00011396068346466866
-0.00010692895712256564
-0.00010033640234524151
-0.00009415536256590516
-0.00008835967001183135
-0.00008292512183748525
-0.0000778287790304639
-0.0000730494584329818
-0.0000685670427940162
-0.00006436299006932954
-0.000060419649530807895
-0.000056720789989958194
-0.00005325091709220143
-0.000049995822349390974
-0.00004694189690812313
-0.00004407670351422833
-0.0000413882821660982
-0.00003886574735763474
-0.00003649858110836489
-0.00003427725805808247
-0.000032192521404650134
-0.000030236038648379825
-0.00002839965597516838
-0.000026676087675354512
-0.0000250581444803294
-0.000023539459915500885
-0.000022113688034222457
-0.000020775270206420603
-0.000019518597599485087
-0.000018338822157908112
-0.000017230979051196105
-0.00001619084586763457
-0.00001521402008965352
-0.000014296830806768478
-0.000013435366089889026
-0.000012626441825675862
-0.000011866573640312443
-0.000011153007775274983
-0.000010482631960398583
-9.85307358742704e-6
-9.261543649534561e-6
-8.706007829479674e-6
-8.183957306918113e-6
-7.69365876531527e-6
-7.232845516519626e-6
-6.8000528457343965e-6
-6.393222517438772e-6
-6.011130322472935e-6
-5.6518966044684524e-6
-5.314513352123538e-6
-4.997252925388932e-6
-4.699302545592355e-6
-4.419062897958686e-6
-4.155898424611473e-6
-3.908316935767639e-6
-3.6758446995917085e-6
-3.4570776026610653e-6
-3.25169066660553e-6
-3.0583506608377206e-6
-2.876870357614897e-6
-2.7059718097778055e-6
-2.5455963852142326e-6
-2.394507181249188e-6
-2.252766665727332e-6
-2.119165898178794e-6
-1.9938824453587556e-6
-1.8757232188267046e-6
-1.7649762381389867e-6
-1.660452966974247e-6
-1.5625484664300864e-6
-1.4700681153722098e-6
-1.383511738385826e-6
-1.3016685246233325e-6
-1.225141832247577e-6
-1.1526949684497715e-6
-1.0850345713577593e-6
-1.0208886772211325e-6
-9.610678700164552e-7
-9.042557327807918e-7
-8.513683320540614e-7
-8.010357263422485e-7
-7.542818380651793e-7
-7.09674160071687e-7
-6.683476510803325e-7
-6.287981443259983e-7
-5.922756063728749e-7
-5.571949900741971e-7
-5.249260213443009e-7
-4.937933507241302e-7
-4.6529199150781e-7
-4.376466014774143e-7
-4.124837911657312e-7
-3.8791819547187084e-7
-3.6571512351751173e-7
-3.4386875218735267e-7
-3.242909983478883e-7
-3.048446734777613e-7
-2.875970443106709e-7
-2.7026810872760714e-7
-2.5509008411874494e-7
-2.396281001975779e-7
-2.262898212158263e-7
-2.1247277499118835e-7
-2.0077150406372347e-7
-1.8840245447912098e-7
-1.7815945757415765e-7
-1.6706357473436513e-7
-1.581213706797835e-7
-1.4814332143835038e-7
-1.4036325845062109e-7
-1.3136489313641685e-7
-1.246250108397086e-7
-1.1648331800639944e-7
-1.1067646497148634e-7
-1.0328176366613493e-7
-9.831393828433243e-8
-9.156827420258278e-8
-8.735716292344608e-8
-8.117289153523752e-8
-7.764658246706388e-8
-7.194510933647326e-8
-6.904096030540111e-8
-6.375162499941408e-8
-6.141526735328517e-8
-5.6474352400318736e-8
-5.465881826919521e-8
-5.000866677928017e-8
-4.867362003551361e-8
-4.42618503178549e-8
-4.3372916333334616e-8
-3.915172134193083e-8
-3.867989741282426e-8
-3.460541865295099e-8
-3.452656341289423e-8
-3.055833034440059e-8
-3.0852715746394035e-8
-2.69531414098339e-8
-2.7605067820913025e-8
-2.373899523394854e-8
-2.473645692116258e-8
-2.0870749440002873e-8
-2.2205149612541564e-8
-1.8308317668148538e-8
-1.9974224287112947e-8
-1.6016086627197633e-8
-1.801102852333622e-8
-1.396240024200172e-8
-1.6286696445527476e-8
-1.2119102880804861e-8
-1.4775724818726136e-8
-1.0461133965586085e-8
-1.3455594778674003e-8
-8.9661691056538e-9
-1.2306440348264309e-8
-7.614301794322004e-9
-1.1310754079997147e-8
-6.387761175993981e-9
-1.0453126814104632e-8
-5.270661749467782e-9
-9.720019513128021e-9
-4.248780646448876e-9
-9.099558682157139e-9
-3.30936060539327e-9
-8.581358936899529e-9
-2.4409328146347195e-9
-8.15636004375014e-9
-1.6331243172037917e-9
-7.816389614072116e-9
-8.741427261638557e-10
-7.535126019204784e-9
-2.8788288603404923e-11
-2.000493645945577e-9
-1.5438719003622412e-8
-6.431096216731519e-8
-1.9527922765646225e-7
-4.834588937557644e-7
-1.0393508992655404e-6
-2.014671996622322e-6
-3.6074999357615737e-6
-6.068110606354826e-6
-9.702437762063577e-6
-0.00001487831615976025
-0.00002202745527227931
-0.00003165269013781424
-0.00004432869753158721
-0.000060710818405794
-0.00008153459556484687
-0.00010762645353962365
-0.0001399018061766998
-0.0001793774129657222
-0.0002271673657526949
-0.00028449639716017337
-0.0003526926402208516
-0.0004332006990886862
-0.0005275698421185187
-0.0006374654194696738
-0.0007646512449633291
-0.0009109980837962582
-0.0010784594862027232
-0.0012690766183077375
-0.0014849477186446812
-0.0017282294428965328
-0.0020011012922905545
-0.0023057647123740977
-0.0026444050560490966
-0.003019190653005423
-0.003432235821507186
-0.0038856027162123725
-0.004381269306784665
-0.004921136775755984
-0.005507006042728058
-0.0061405927097550154
-0.006823514595094231
-0.0075573147791666555
-0.008343460874911193
-0.009183374859454389
-0.010078442761960519
-0.011030048034137258
-0.012039588355324034
-0.01310850766154789
-0.014238315168634354
-0.015430610083806836
-0.016687096876084072
-0.01800959616579181
-0.019400049657359912
-0.020860510569947668
-0.02239313126401991
-0.02400012657707579
-0.02568373680161738
-0.027446157275229068
-0.02928946901155937
-0.031215528043395196
-0.03322585609179102
-0.035321484117314735
-0.037502796825816885
-0.03976932770597116
-0.04211955510927504
-0.04455065193614733
-0.04705823860466119
-0.04963610034183346
-0.052275914038258306
-0.05496695971722687
-0.057695853316419916
-0.060446294811645554
-0.06319885501253637
-0.0659308178016845
-0.06861608209695777
-0.0712251650965831
-0.07372528556783743
-0.07608059362549989
-0.0782524933964123
-0.08020014823087218
-0.08188107608609858
-0.08325194515026872
-0.08426943377062202
-0.08489128223273237
-0.08507735506658189
-0.08479085701389262
-0.08399947828498014
-0.0826766279301237
-0.08080249506525586
-0.07836511494486696
-0.07536115545165363
-0.07179662352796767
-0.0676871978721802
-0.06305841479077531
-0.05794542006595176
-0.05239254429318818
-0.04645243482158133
-0.04018503162049533
-0.03365614940388483
-0.026935976924846415
-0.02009728725590385
-0.0132136812519436
-0.006357684898147158
0.0004009830766872653
0.006997135613222144
0.013371542248003998
0.019472211849014907
0.025255283653796128
0.03068568916613562
0.03573738879264781
0.040393356086952444
0.04464516984351108
0.04849239516494589
0.051941664128795195
0.055005636610045365
0.057701789194063734
0.060051199098606324
0.06207729191681506
0.06380469303490524
0.0652581570837211
0.06646167835871293
0.06743775163694062
0.06820684577845033
0.06878705088122687
0.0691939239873529
0.06944048809130156
0.06953738047328016
0.06949310586418363
0.06931437230683082
0.06900647382394783
0.06857368977563374
0.06801967981607931
0.06734784368532776
0.06656164251052965
0.06566485384561033
0.06466177442468836
0.06355734621439414
0.06235723400848344
0.06106783178499267
0.059696236067810916
0.05825016270315544
0.05673785103182007
0.055167928948156066
0.05354928514006397
0.051890917871853535
0.050201806644464046
0.0484907717516074
0.046766366912729514
0.04503676623083554
0.04330968910080843
0.04159232157422252
0.03989127630615148
0.03821254801990145
0.03656150534880409
0.03494287550924791
0.03336076162971658
0.031818649592356744
0.03031944332045965
0.028865486411560434
0.02745860819588024
0.02610015357784956
0.02479103383716926
0.023531759439082884
0.02232249102581099
0.021163071432762567
0.0200530737763083
0.018991830266554512
0.017978475553454727
0.017011971033228688
0.016091142593884295
0.015214699935662825
0.014381268556119608
0.013589404165717802
0.012837619206684437
0.012124392787287119
0.01144819228909358
0.010807479420200937
0.010200727583762009
0.009626424711426248
0.009083087088624119
0.008569259614683921
0.008083526743215814
0.007624510757630424
0.007190880415646862
0.006781347749542077
0.006394674920679915
0.0060296699685602135
0.005685192296684085
0.005360147712133013
0.005053492885050078
0.004764229945905946
0.004491410191203431
0.004234128441446123
0.00399152620647439
0.0037627859536447108
0.0035471338973484053
0.00334383428354964
0.003152191928943379
0.0029715465937652998
0.002801275364886702
0.002640787162483875
0.0024895250374757736
0.0023469608372419853
0.002212597469769119
0.0020859637386844722
0.001966616612751114
0.0018541362294026875
0.0017481281987046383
0.0016482187659968678
0.0015540571727178977
0.0014653109634889523
0.0013816684209811212
0.0013028339986961874
0.0012285308440257725
0.0011584963357146813
0.0010924847068961155
0.0010302626645700068
0.0009716121232792211
0.0009163258833515931
0.0008642104849488404
0.0008150819211017428
0.0007687686224808212
0.0007251071810158156
0.0006839454753524474
0.0006451383809482063
0.0006085510475497832
0.0005740545708585868
0.0005415294341310562
0.000510861116880161
0.0004819437138166114
0.00045467545530508154
0.0004289625180724849
0.0004047144323205358
0.00038184809984577624
0.0003602830621839588
0.0003399457428343635
0.0003207645506365672
0.00030267436442060633
0.0002856114449645606
0.00026951818174691857
0.00025433778632999595
0.00024001932234813823
0.00022651215228194427
0.00021377127358332052
0.00020175148959422872
0.00019041307635878017
0.00017971564765960305
0.00016962417889214567
0.00016010253430211128
0.00015111987613290992
0.0001426438214227304
0.00013464726681511113
0.0001271011395516815
0.00011998167069181178
0.00011326270417487631
0.0001069234524194795
0.0001009403254489747
0.00009529520568853286
0.00008996675697858963
0.00008493925722590908
0.00008019334522310909
0.00007571545290447526
0.00007148794487148851
0.00006749919496008205
0.00006373307037120365
0.00006017970075684827
0.000056824255848908896
0.00005365845846053449
0.00005066860071117108
0.000047847856566249595
0.00004518347845740084
0.00004266996816852244
0.00004029539168013608
0.00003805547184540572
0.00003593895526017377
0.000033942693925760726
0.00003205599396886812
0.000030276758123008594
0.000028594741467102812
0.00002700883090111436
0.00002550912868929974
0.000024095450725060853
0.000022758152417484058
0.00002149793305135324
0.000020305313780252533
0.000019181841247556125
0.000018118120230554487
0.000017116516856296782
0.000016167642278821036
0.000015274662132155226
0.000014428120285427535
0.000013631969174752271
0.000012876614792155312
0.000012166790223155073
0.000011492695432245804
0.000010859844455504789
0.000010258164794581824
9.693957659018313e-6
9.156812739377692e-6
8.653830427730868e-6
8.174197901683436e-6
7.725832311983889e-6
7.297453499262574e-6
6.897818489103373e-6
6.515114563041331e-6
6.1589669805015145e-6
5.816964331816495e-6
5.499633782888493e-6
5.1938973956804024e-6
4.911223401138757e-6
4.637798042774957e-6
4.3860748862613325e-6
4.141432384763342e-6
3.917359142141615e-6
3.698351408662745e-6
3.498988091745823e-6
3.302805751463885e-6
3.1255342581899844e-6
2.9496692232936157e-6
2.792158156648705e-6
2.6343708500994515e-6
2.494544851903071e-6
2.3528344325999265e-6
2.2288462127178004e-6
2.101424601582221e-6
1.9916307046358686e-6
1.876899082324053e-6
1.7798377044718214e-6
1.676365585465946e-6
1.5907372591037793e-6
1.4972441242595733e-6
1.4218943839257462e-6
1.3372329529825823e-6
1.2711369602595995e-6
1.1942784298590008e-6
1.1365271729275647e-6
1.066548112787118e-6
1.0163363702128892e-6
9.524067833294574e-7
9.090221780424672e-7
8.503951536200903e-7
8.132084982404753e-7
7.592104996833232e-7
7.276673165301816e-7
6.776901852973511e-7
6.513031185123053e-7
6.047962994956605e-7
5.831383521304583e-7
5.396020464107478e-7
5.223005316086322e-7
4.812799578962235e-7
4.680113539071415e-7
4.290910059545745e-7
4.195761708223354e-7
3.823751805043143e-7
3.763752557140717e-7
3.405428204858464e-7
3.3785563885964404e-7
3.0306718801360556e-7
3.0352397423322795e-7
2.6947743137571973e-7
2.729401167659809e-7
2.393527767621924e-7
2.4571146737202796e-7
2.1231700100037564e-7
2.2148792621418422e-7
1.8803367141561895e-7
1.9995725455804202e-7
1.662017535900188e-7
1.8084115096587624e-7
1.4655198505765356e-7
1.6389170669975736e-7
1.2884326016464259e-7
1.4888797615287922e-7
1.128594885859404e-7
1.3563317749242055e-7
9.840718802851236e-8
1.2395233759453833e-7
8.53126026873261e-8
1.1368972730014186e-7
7.341993970700719e-8
1.0470710107496144e-7
6.258916781182834e-8
9.688177587365223e-8
5.2694398280185545e-8
9.010511486575158e-8
4.362236840057336e-8
8.428079077875086e-8
3.527080024198609e-8
7.93239711248306e-8
2.7547231072519403e-8
7.515953546994066e-8
2.036813588005587e-8
7.172190725496584e-8
1.3657351803984275e-8
6.895089509737129e-8
7.325375009917325e-9
6.663205686997564e-8