-7.204851184546682e-6
-0.000028730138349785524
-0.00006446090412892508
-0.00011416816813819401
-0.00017755519160458192
-0.00025423601656155624
-0.00034377380095366956
-0.00044566219408799095
-0.0005593647220828556
-0.0006843015518407063
-0.0008198869440674739
-0.0009655218366609718
-0.0011206268432607835
-0.0012846406039777316
-0.0014570461523259253
-0.0016373746968018986
-0.0018252235463374188
-0.002020264840238746
-0.0022222536553429535
-0.0024310411571712713
-0.0026465720049546723
-0.002868901423823554
-0.0030981815540587873
-0.0033346820155958543
-0.0035787653858814646
-0.003830910918375846
-0.004091679848204491
-0.004361742012192935
-0.00464183214346073
-0.004932779201323669
-0.0052354551991625475
-0.00555080707204145
-0.005879799866444283
-0.006223450941152183
-0.00658276952027767
-0.00695879293536974
-0.007352524601197132
-0.007764971868722444
-0.008197084432520286
-0.008649793187394792
-0.0091239509321221
-0.009620371425266238
-0.010139774033287816
-0.010682821984516214
-0.011250072344287144
-0.011842012289970809
-0.012459015504098326
-0.013101375153356918
-0.013769267491086737
-0.014462780129013338
-0.015181883347315395
-0.01592645220500549
-0.016696245781707777
-0.017490921686141383
-0.01831002321455931
-0.019152984896706686
-0.02001912737479468
-0.020907652791061666
-0.021817647100402984
-0.022748064379589622
-0.023697736323470144
-0.024665344970423293
-0.025649439328266327
-0.026648396579380482
-0.02766044614939251
-0.028683620166722653
-0.029715785799381163
-0.030754586543877523
-0.031797484239989265
-0.03284169355175185
-0.03388423560590269
-0.03492186866117814
-0.03595115564944167
-0.03696839434881116
-0.0379697010801891
-0.03895094356232065
-0.03990784251013635
-0.04083590967179355
-0.04173056804562705
-0.04258709639124407
-0.043400767292205523
-0.044166797819789085
-0.044880502896148526
-0.04553725000223022
-0.04613262351230257
-0.046662379681306654
-0.04712261614454539
-0.047509722214566764
-0.047820546870438
-0.04805233890797869
-0.048202906698182515
-0.04827054312093486
-0.04825417123104093
-0.04815325016319216
-0.04796790252233348
-0.04769879941107372
-0.04734726761868216
-0.04691515428708025
-0.046404914454846825
-0.04581945825651562
-0.04516222168125438
-0.044437001194891995
-0.043648012323234696
-0.04279971786765043
-0.04189687984901975
-0.0409443878603482
-0.039947309895238384
-0.03891072682310995
-0.037839786742321656
-0.03673955023108526
-0.03561505134160767
-0.034471156471632784
-0.03331263329682804
-0.03214402419835172
-0.030969722694773133
-0.0297938607137477
-0.02862039075731773
-0.02745298519059454
-0.02629512165444213
-0.02514999207984807
-0.024020588784920943
-0.022909621063125163
-0.021819599846901908
-0.020752760279173173
-0.019711143568858485
-0.01869652468774022
-0.01771049082971392
-0.01675437403893223
-0.015829326305609116
-0.014936257359861347
-0.014075906776746779
-0.013248787301697314
-0.012455254386034863
-0.011695455280733466
-0.010969396253710354
-0.010276897398857104
-0.00961765751174151
-0.008991214229064532
-0.008397006271672086
-0.007834338254894442
-0.0073024398260218394
-0.006800434326463593
-0.006327394289746036
-0.005882313106052408
-0.005464156401056286
-0.005071835932114892
-0.004704256506524695
-0.0043602914881605784
-0.00403882509467113
-0.0037387290721155844
-0.003458900395669534
-0.003198238843257444
-0.0029556802852496325
-0.0027301750334645515
-0.002520717026362383
-0.0023263229364209673
-0.002146057633872694
-0.0019790141023100995
-0.0018243355994591371
-0.0016811964631365521
-0.0015488213897756962
-0.0014264672187198533
-0.0013134397276577648
-0.0012090764714199446
-0.001112761457167665
-0.0010239090920872089
-0.000941977057607601
-0.0008664513947200241
-0.000796857851252394
-0.0007327481081814409
-0.0006737098307959603
-0.0006193540168960363
-0.0005693239436926697
-0.0005232836004922094
-0.0004809256893949354
-0.00044196109131301254
-0.000406126050131433
-0.0003731726114895091
-0.00034287509673877256
-0.0003150214482956979
-0.00028941908089466934
-0.0002658870648168883
-0.00024426142691233053
-0.00022438810293678562
-0.0002061277489257216
-0.00018934939558992134
-0.00017393482124277698
-0.0001597728441715523
-0.00014676330091090462
-0.00013481191627381545
-0.00012383392488230988
-0.0001137494627608571
-0.00010448686532837882
-0.00009597852885984782
-0.00008816391432622358
-0.00008098583144039957
-0.00007439317458462645
-0.00006833758644069197
-0.0000627759496070495
-0.000057667390882390944
-0.00005297554993115909
-0.00004866588909565893
-0.000044707758521246875
-0.000041071979892035244
-0.00003773272571715504
-0.00003466534860672335
-0.00003184809089546577
-0.000029260134008680388
-0.000026883153228167283
-0.000024699564349440242
-0.000022693937149111268
-0.00002085141892674766
-0.000019159019098048708
-0.00001760419135864646
-0.000016176000787881556
-0.000014863848297623974
-0.000013658530673373451
-0.000012551092693905873
-0.00001153378965712972
-0.00001059905409362868
-9.740369514028776e-6
-8.951340017234772e-6
-8.226483247090107e-6
-7.560392422087559e-6
-6.9484558028367026e-6
-6.386101765982992e-6
-5.86945145109086e-6
-5.394638477413244e-6
-4.958400857931781e-6
-4.557467831924905e-6
-4.189096596647791e-6
-3.850519508159199e-6
-3.5394306919034504e-6
-3.2534875593980578e-6
-2.9907519093379252e-6
-2.7492403294759435e-6
-2.5273239864330565e-6
-2.3233230391056797e-6
-2.1358689396215094e-6
-1.9635384791281356e-6
-1.8051820774181037e-6
-1.659593528657226e-6
-1.5258074411035365e-6
-1.4028011504581145e-6
-1.2897641789528293e-6
-1.1858291417767452e-6
-1.0903158367001685e-6
-1.0024882862679468e-6
-9.217758265625572e-7
-8.475537175857469e-7
-7.793433831906969e-7
-7.166142760965111e-7
-6.589652213688491e-7
-6.0594545795836e-7
-5.572188544513365e-7
-5.124022554478523e-7
-4.7121417536782803e-7
-4.3332876360600786e-7
-3.985104344459311e-7
-3.664819274182694e-7
-3.370461981635525e-7
-3.0996720422596323e-7
-2.8508025438235245e-7
-2.621842825223981e-7
-2.4114174629599316e-7
-2.217812740044482e-7
-2.039880953027781e-7
-1.8761605822192353e-7
-1.725694853233232e-7
-1.587236557854997e-7
-1.459988915147189e-7
-1.342886899816476e-7
-1.2352677486562214e-7
-1.1362213941214176e-7
-1.0451972579832119e-7
-9.614171408791494e-8
-8.84424302182874e-8
-8.135528392288684e-8
-7.484244389953186e-8
-6.884688817251875e-8
-6.333733543541593e-8
-5.8264920536682994e-8
-5.360382786225808e-8
-4.93121510741797e-8
-4.536863002928778e-8
-4.173729960419596e-8
-3.840069151959394e-8
-3.5327916227750494e-8
-3.250465881066495e-8
-2.990436911900443e-8
-2.7515350280866283e-8
-2.5314764671346068e-8
-2.3293086104603334e-8
-2.1430655865024567e-8
-1.9719743404272e-8
-1.8143415523761386e-8
-1.669542307632353e-8
-1.5361171952642834e-8
-1.4135632153809166e-8
-1.3006219620220948e-8
-1.1968903988603592e-8
-1.1012830690386192e-8
-1.0134786147226493e-8
-9.325405086224583e-9
-8.582139019637099e-9
-7.896907852793267e-9
-7.2676997926174846e-9
-6.6875461574245905e-9
-6.154865957742716e-9
-5.663652907805759e-9
-5.212668424459191e-9
-4.796742008280491e-9
-4.414903066466588e-9
-4.062709619081869e-9
-3.739396815324778e-9
-3.44115857793381e-9
-3.167385144490074e-9
-2.914827683637511e-9
-2.6829886397806873e-9
-2.4691090889988545e-9
-2.2727678516098034e-9
-2.0916391804503615e-9
-1.925347678235205e-9
-1.771953555697445e-9
-1.6311002610690125e-9
-1.5011948014844233e-9
-1.3818759028052361e-9
-1.2718645006930768e-9
-1.1707759670360539e-9
-1.077616104474276e-9
-9.919597171104732e-10
-9.13076161487479e-10
-8.404830876404182e-10
-7.736956294174299e-10
-7.121602985098135e-10
-6.556233662611731e-10
-6.034463670660894e-10
-5.555982281789966e-10
-5.113411101554836e-10
-4.708587941188564e-10
-4.3330245052331933e-10
-3.99067250556535e-10
-3.671791287313623e-10
-3.382434176965693e-10
-3.1114809194497953e-10
-2.867107031570269e-10
-2.6366648622833114e-10
-2.430494313055283e-10
-2.2342659409762518e-10
-2.0605670803486354e-10
-1.8932195751460768e-10
-1.7471449914152032e-10
-1.6041422585362156e-10
-1.48160019288855e-10
-1.359092672139521e-10
-1.256628577121769e-10
-1.1513410777286546e-10
-1.0660384505649738e-10
-9.751842592873495e-11
-9.045901034352547e-11
-8.257908782916738e-11
-7.678468032138413e-11
-6.990675063655492e-11
-6.520420346410545e-11
-5.915465764420864e-11
-5.539967122173965e-11
-5.002874828850662e-11
-4.7101132411168165e-11
-4.2279629346806833e-11
-4.008033550127346e-11
-3.5696195571999385e-11
-3.414387932388613e-11
-3.009939974123386e-11
-2.91280674244434e-11
-2.5337125250995654e-11
-2.4894247356208092e-11
-2.1280258940792076e-11
-2.132524553853712e-11
-1.7819271398605912e-11
-1.832161030350794e-11
-1.4861467799320534e-11
-1.5799603776167353e-11
-1.2327718016018413e-11
-1.3688735189541574e-11
-1.0150501041444856e-11
-1.1928828273822509e-11
-8.272817938033211e-12
-1.046968740756142e-11
-6.645655337401893e-12
-9.269126499552153e-12
-5.22755405658535e-12
-8.291277359781964e-12
-3.9826253617651e-12
-7.506449039768812e-12
-2.8801593549062854e-12
-6.890029467284466e-12
-1.893552449217807e-12
-6.4212712303111095e-12
-9.972549249731322e-13
-6.061817248440832e-12
0.000015273598944016743
0.000060712870593227
0.00013542060403654767
0.0002382284780384888
0.00036708686412970456
0.0005199206026559153
0.0006938680741554818
0.0008862008229582161
0.0010935532912178375
0.0013128703388612486
0.0015406411972320071
0.0017738472214465868
0.002009202556309435
0.002244081996211338
0.0024757671211766883
0.002702339378128624
0.002921929908147993
0.003133567578660196
0.003336431857903904
0.0035306497605338155
0.003716552950293228
0.0038954212327727954
0.004068746885541259
0.004238925197079888
0.004408530375669236
0.004580955535412315
0.004759705192796972
0.004948988033302584
0.005153030952216412
0.005376628048287427
0.005624480561048926
0.0059017051008671126
0.006213202948399861
0.0065641298728969805
0.006959297395808117
0.0074036059884278
0.007901480324054778
0.008457267416628113
0.009074707747969887
0.009757300104532109
0.010507810767674682
0.011328607354618351
0.012221208837836265
0.013186591376025644
0.0142247824945758
0.015335142387771492
0.016516005812715444
0.017764942345247448
0.019078449145659686
0.020452192968287198
0.021880755853873484
0.02335786035479438
0.02487616855247692
0.026427490256614897
0.028002633950549943
0.029591596168047414
0.031183461623445645
0.03276657118014027
0.034328468122380884
0.03585604262918612
0.037335522288023934
0.03875259299449801
0.04009243439084145
0.04133982037177573
0.04247920362571671
0.04349480265358931
0.04437074295756866
0.045091140439800295
0.045640308637448314
0.046002849128110625
0.04616393313569356
0.04610940686231232
0.04582615075019445
0.04530220080833259
0.04452717956599761
0.04349242375043681
0.042191468365834366
0.04062015796235322
0.03877715137160691
0.03666398086507299
0.03428553291030645
0.03165001006921084
0.028769336195768592
0.025658973359744684
0.022338201324143624
0.018829748679710077
0.015159908106767822
0.011357958179220078
0.007456097691053936
0.0034886608600028695
-0.0005081166874252963
-0.004497055110173654
-0.008440388108230883
-0.012300827374904401
-0.016041971122945867
-0.019629386851542578
-0.023030979441534757
-0.02621799259577027
-0.029165242303622524
-0.031851943503068296
-0.034261729190879046
-0.036383232307708374
-0.03820984121019815
-0.039740003980641134
-0.040976712095947575
-0.04192753839443238
-0.042603884495898234
-0.04302080565217178
-0.04319609474724887
-0.043149978497102066
-0.042904133904312504
-0.042481354393702306
-0.04190459889883855
-0.04119672117976817
-0.0403796372200974
-0.03947418844026012
-0.03849948413613757
-0.03747293575994034
-0.03640979520722127
-0.03532336109217903
-0.034224699244264065
-0.03312299105207814
-0.03202539668957283
-0.030937495923830348
-0.029863241421484492
-0.028805436137406798
-0.027765723911343104
-0.026745053308049386
-0.025743662776386032
-0.024761494645596425
-0.023798147746879026
-0.02285322223602409
-0.021926228948867865
-0.021016861402070406
-0.02012486457152601
-0.01925024194448625
-0.018393094946496446
-0.01755377923375747
-0.016732729451686842
-0.015930580540093
-0.015147991904066738
-0.014385747720749567
-0.013644591505773261
-0.01292531586178613
-0.012228614363815251
-0.011555167246933415
-0.010905513662005421
-0.010280136374219335
-0.00967935441296545
-0.009103407375688134
-0.008552366531254586
-0.00802621785477585
-0.0075247886626897496
-0.007047827879924002
-0.006594945054116252
-0.006165686323354293
-0.005759482907200029
-0.00537572154951284
-0.0050137000780608705
-0.004672691542355911
-0.004351904997662737
-0.004050543007628109
-0.0037677663344810024
-0.0035027448549200496
-0.0032546252728473672
-0.0030225757753126097
-0.0028057562107480383
-0.0026033569894450604
-0.002414571396603701
-0.002238629332423256
-0.0020747715733944656
-0.001922278972655669
-0.0017804485646824102
-0.0016486188273043554
-0.0015261475644049445
-0.0014124337843444172
-0.0013068973080650164
-0.0012089977582832303
-0.001118215838056602
-0.0010340698607374217
-0.0009560986348759108
-0.0008838759021038483
-0.0008169947531233928
-0.0007550802836136531
-0.0006977754561475304
-0.0006447522335635919
-0.0005956987945252647
-0.0005503293606117677
-0.0005083726687528595
-0.00046958067232341476
-0.00043371817223012365
-0.00040057054221266175
-0.0003699344216107032
-0.00034162459049342115
-0.00031546562977575093
-0.00029129805240396545
-0.000268970840766531
-0.00024834692343083065
-0.0002292965056680416
-0.00021170196796816942
-0.00019545191096332536
-0.00018044554156668752
-0.00016658735983801965
-0.00015379108927078542
-0.00014197493942274557
-0.00013106512971380996
-0.00012099166763317256
-0.00011169150910219494
-0.00010310479762423074
-0.00009517769962486656
-0.00008785905486224097
-0.00008110292075088446
-0.0000748655896021569
-0.00006910787190385647
-0.00006379244063725169
-0.00005888588021699449
-0.00005435632226998408
-0.00005017528421857075
-0.0000463155645233918
-0.00004275289244675964
-0.000039464054159949935
-0.00003642837302764489
-0.00003362604128801738
-0.000031039447867005627
-0.000028651693179805138
-0.000026447779850293194
-0.000024413290718078227
-0.000022535456171638936
-0.000020801977529942774
-0.000019201983547979102
-0.00001772498299309387
-0.00001636172183664231
-0.000015103250915486912
-0.000013941693743282565
-0.000012869416401570597
-0.000011879715546615658
-0.000010966079234209083
-0.000010122803057523773
-9.344331865205664e-6
-8.625811737640942e-6
-7.962503732513437e-6
-7.350277832379952e-6
-6.785091170105204e-6
-6.263429998697983e-6
-5.781845085285311e-6
-5.337347215085065e-6
-4.926993511640643e-6
-4.548241110458344e-6
-4.198578961300561e-6
-3.875844090713829e-6
-3.5778938503439072e-6
-3.302888454061851e-6
-3.048999465904307e-6
-2.81466217532159e-6
-2.59831612053614e-6
-2.398630592200435e-6
-2.2142737685878098e-6
-2.0441140978627753e-6
-1.887014708342573e-6
-1.742013418994977e-6
-1.6081398642222418e-6
-1.4845759100625201e-6
-1.3704931452250965e-6
-1.2651959330312205e-6
-1.1679771263162843e-6
-1.0782452542141303e-6
-9.95396597800065e-7
-9.189283906601386e-7
-8.483249976396204e-7
-7.831591069558251e-7
-7.229904436086689e-7
-6.674557860485393e-7
-6.161790836611624e-7
-5.688517215094351e-7
-5.251524388754242e-7
-4.848190383368092e-7
-4.475769994322971e-7
-4.132036606536866e-7
-3.8146441752303756e-7
-3.5217013878543113e-7
-3.25120261620971e-7
-3.001543349607741e-7
-2.7710081034104123e-7
-2.558234885808649e-7
-2.361756706576177e-7
-2.1804183120963325e-7
-2.012964542427691e-7
-1.8584154509317928e-7
-1.7156967448904128e-7
-1.583977916912298e-7
-1.4623398601910728e-7
-1.3500780366514092e-7
-1.246405632829332e-7
-1.1507260783210164e-7
-1.0623652335192008e-7
-9.808178807975647e-8
-9.055063868334113e-8
-8.360033464328562e-8
-7.718131211042386e-8
-7.12575488762277e-8
-6.578636509332027e-8
-6.073748969270096e-8
-5.607408459379934e-8
-5.177088665188954e-8
-4.779596802793449e-8
-4.412833956464272e-8
-4.074021312012184e-8
-3.761429859374617e-8
-3.4726304039700256e-8
-3.206201771902728e-8
-2.9600294765468536e-8
-2.732951613845806e-8
-2.5231100160655556e-8
-2.3295725609536745e-8
-2.1506918437934614e-8
-1.9857413520811515e-8
-1.833249983214786e-8
-1.6926718915821654e-8
-1.5626752253421215e-8
-1.4428659392143396e-8
-1.3320352685247708e-8
-1.2299358301706727e-8
-1.1354437003697754e-8
-1.0484384319352823e-8
-9.678670262963522e-9
-8.937332018348359e-9
-8.250244697510715e-9
-7.618647031516146e-9
-7.032672462756496e-9
-6.494550057549355e-9
-5.994738688984644e-9
-5.536418997089653e-9
-5.109989934500203e-9
-4.719692886277429e-9
-4.3557869978306214e-9
-4.0234933017397535e-9
-3.712872236514457e-9
-3.430071795929416e-9
-3.164789268176947e-9
-2.9242455430251907e-9
-2.697585290133149e-9
-2.4930785271107844e-9
-2.2993017769683994e-9
-2.1256030497342318e-9
-1.9597906230466524e-9
-1.8123924161879683e-9
-1.6703252197991105e-9
-1.5454097010534882e-9
-1.4235083804533715e-9
-1.3178313513946158e-9
-1.2130368534499573e-9
-1.1238772234649327e-9
-1.0335871605263784e-9
-9.585751665702383e-10
-8.805767155711298e-10
-8.177478448574884e-10
-7.500960790303668e-10
-6.977335109904487e-10
-6.387956847120676e-10
-5.954998351400875e-10
-5.439107705588487e-10
-5.08400864468381e-10
-4.6291746579687237e-10
-4.342405689156705e-10
-3.9379223947223736e-10
-3.7107649338745723e-10
-3.3476043626445234e-10
-3.173457294769573e-10
-2.8430278956672167e-10
-2.7157849490194484e-10
-2.4123081356629186e-10
-2.3272493837374436e-10
-2.0440772702298968e-10
-1.9973266598623488e-10
-1.728909210213788e-10
-1.7173754153825257e-10
-1.4590347252774906e-10
-1.4802883934518186e-10
-1.2272839934187187e-10
-1.2793517539889835e-10
-1.0278397910677693e-10
-1.110012167954023e-10
-8.557977671528261e-11
-9.674776804648453e-11
-7.074874527557156e-11
-8.482213974000566e-11
-5.7838358141277524e-11
-7.489096707330278e-11
-4.660849113224562e-11
-6.668554038818268e-11
-3.6777888972725765e-11
-5.996403981253917e-11
-2.8076999046291558e-11
-5.4544321857005624e-11
-2.035417305673226e-11
-5.029170286670379e-11
-1.3390742645087215e-11
-4.702855190577105e-11
-7.073075719754127e-12
-4.451197313835975e-11
0.00003475617004623569
0.0001388252190214121
0.00031157426741789524
0.0005523361631930096
0.0008596921476480504
0.0012323329065565165
0.0016681900395952647
0.002165360510407002
0.002721205287724824
0.0033333062716367923
0.003998557079709678
0.004714133418983179
0.0054765897268818815
0.006282830150208062
0.007129219113446809
0.008012542487128446
0.00892913655280115
0.009875829826554997
0.010849092403419754
0.011845949215522398
0.012863150099834278
0.01389804555523885
0.014947777034676877
0.016010106846208252
0.01708262811879786
0.018163541553557774
0.019250885212413135
0.02034325242385676
0.021439042895756436
0.02253711815760673
0.02363607732560982
0.024734848866037096
0.025831996395399674
0.02692624804610163
0.028015839672597798
0.02909898542137329
0.03017326733433227
0.031236052605396622
0.032283939567540394
0.03331312835853536
0.03431893348793981
0.03529611514683161
0.03623846795601864
0.037139119993336356
0.03799020605429381
0.038783140820977426
0.03950838326866905
0.04015568952419502
0.04071397320920619
0.041171542671549134
0.04151606027553701
0.041734767936051756
0.04181454666785289
0.04174213357121362
0.041504281093635395
0.041087967401423425
0.040480652294627086
0.039670480640174255
0.03864662809081081
0.03739949331055317
0.03592112105014708
0.034205372860306595
0.032248407522191595
0.030048811947706984
0.02760810996755779
0.024930826064433642
0.02202498442988583
0.018902069821304695
0.015577471756590563
0.012070301570990342
0.008403734256060223
0.004604641393016326
0.0007037879914420441
-0.003264750389543929
-0.007263564723281995
-0.011252725264014203
-0.015189938840836715
-0.019031579874989955
-0.022733004769668105
-0.026249759112892485
-0.029537994180951266
-0.03255577811180383
-0.03526353113522068
-0.03762534496901968
-0.03960933479855122
-0.04118886015614855
-0.04234268815592517
-0.043056014760538275
-0.043320348039055954
-0.043134251973504616
-0.04250288970597006
-0.04143845013251731
-0.03995933467706424
-0.03809027366647832
-0.035861188583156615
-0.03330705216466619
-0.03046650239313404
-0.027381538532733944
-0.02409599491775159
-0.020655187423648382
-0.017104368508715852
-0.013488440878089232
-0.00985050816763933
-0.006231755002673236
-0.0026701824667834688
0.0007992792716980732
0.004145798974337344
0.007342274055932799
0.010366111700248636
0.01319861638543282
0.015825550606580367
0.018236327912364295
0.02042440560962169
0.022386349943954616
0.024122124703158894
0.02563409932563808
0.026927294908070016
0.028008397477291867
0.028886009995360392
0.029569716317158077
0.03007036952753164
0.030399232647139358
0.030568315250885655
0.03058959951444332
0.030475422472777267
0.03023778350618471
0.029888760718363765
0.02943988935023859
0.02890259753808818
0.028287643598439452
0.02760555744686862
0.026866126438868335
0.026078832027152672
0.02525237694078808
0.02439511045624954
0.02351459265415843
0.022618004805900396
0.02171174845689426
0.02080183940576275
0.01989354025168885
0.01899173733045382
0.018100605373320193
0.017223966911236007
0.016364987232721367
0.015526515581359783
0.014710808046719065
0.013919849680664355
0.01315510255840197
0.01241780790022015
0.01170875640490699
0.011028569632903875
0.010377489831569463
0.00975564017201689
0.009162831586027277
0.008598801873880695
0.008063037466727596
0.007554991855695278
0.007073920602898455
0.006619079922437035
0.006189573634204853
0.005784533020040974
0.005402974715937763
0.00504396316087807
0.004706478648629546
0.004389563787312519
0.004092201085669051
0.003813444864567974
0.0035523078484340216
0.0033078799335276806
0.0030792233090335313
0.0028654794102238846
0.0026657721187055726
0.002479304128774227
0.002305267784869303
0.0021429319778657812
0.001991560179155541
0.0018504888706903525
0.0017190523345213878
0.0015966535113442367
0.0014826951054955253
0.0013766436662209331
0.001277966573286765
0.001186190043231979
0.0011008415703518443
0.0010215024784761386
0.000947755406023828
0.0008792319521647863
0.000815564810826805
0.000756430998363778
0.0007015082602849949
0.0006505143128742929
0.000603167168564159
0.0005592207760801674
0.0005184289322253281
0.00048057766434734525
0.00044545241914242665
0.00041286749464333224
0.00038263621966001354
0.00035459771087307455
0.000328589778116286
0.0003044732550137342
0.0002821073861663468
0.0002613719549292253
0.0002421449291108713
0.00022432258770348226
0.0002077992206260105
0.0001924854365897464
0.0001782897300499323
0.00016513513587666133
0.00015294249258354068
0.00014164559358406117
0.00013117599122701944
0.00012147678108223735
0.00011248880478153265
0.00010416319098108446
0.00009644882809046964
0.00008930377447220708
0.00008268388388423532
0.00007655318673966975
0.0000708735618659749
0.00006561418198417855
0.00006074213482551583
0.00005623101729044051
0.000052052418411172594
0.000048183738542451786
0.000044600454749950105
0.00004128323509243495
0.00003821091397744591
0.00003536696484219563
0.00003273312037480866
0.00003029526100850084
0.000028037620823707383
0.000025948144374872053
0.000024013223995752294
0.00002222257323001768
0.000020564446434261244
0.000019030072264479142
0.00001760931156380181
0.000016294689946045842
0.00001507745385639559
0.000013951238566983706
0.000012908485662264008
0.00001194377949093734
0.000011050592237359393
0.000010224319371994698
9.459322064504608e-6
8.751688667973442e-6
8.096547130912438e-6
7.490577113135902e-6
6.929568095712445e-6
6.410704349576195e-6
5.930345934257191e-6
5.486107348154212e-6
5.074840988851387e-6
4.694527914426678e-6
4.342445357850101e-6
4.016886535890305e-6
3.7154952606023645e-6
3.4368304222823642e-6
3.1788523897117154e-6
2.9403458080438223e-6
2.7195444827405607e-6
2.5154246994927055e-6
2.3264563846659295e-6
2.1517787245997076e-6
1.9900655419443783e-6
1.8405941244900247e-6
1.7022145010352882e-6
1.5743211339296767e-6
1.4559161709553182e-6
1.3464932368191746e-6
1.245186270716691e-6
1.1515724619096694e-6
1.0648998340068883e-6
9.84816291851886e-7
9.10668555510054e-7
8.421640076167071e-7
7.787349264168619e-7
7.201388349963022e-7
6.658820319496744e-7
6.157642866157516e-7
5.693559487177954e-7
5.264922610063118e-7
4.867991715731965e-7
4.5014178778123734e-7
4.1619399578832145e-7
3.8484598340324464e-7
3.5581331405973606e-7
3.2900713320219596e-7
3.0417925098565555e-7
2.8125811004664006e-7
2.600269730210335e-7
2.4042877692604074e-7
2.2227424860414077e-7
2.0551811338649583e-7
1.899950848605442e-7
1.756694572412697e-7
1.6239709798377337e-7
1.5015000641803305e-7
1.3880256481729673e-7
1.2833294153142375e-7
1.1863156833449391e-7
1.096817674976714e-7
1.0138812546056155e-7
9.373790160973223e-8
8.664797438964202e-8
8.010881253499998e-8
7.404813328612283e-8
6.845897111458314e-8
6.327837361267719e-8
5.8501318047697727e-8
5.407325730604342e-8
4.999040155374593e-8
4.620566505030424e-8
4.271625916840413e-8
3.9481591357744565e-8
3.6499390366741304e-8
3.373508848732363e-8
3.118638912713844e-8
2.8824028140928448e-8
2.6645818276126872e-8
2.4627222374819657e-8
2.276560185159133e-8
2.104088365555235e-8
1.9449849156563886e-8
1.797644051124242e-8
1.661652711832075e-8
1.535791845580705e-8
1.4195439347805914e-8
1.3120501735186733e-8
1.2126683842480289e-8
1.1208837689061801e-8
1.0359051863855632e-8
9.575552723403135e-9
8.848809947934186e-9
8.180112081020575e-9
7.558465209357932e-9
6.987988382698368e-9
6.455978147431968e-9
5.969632019516997e-9
5.514031838587605e-9
5.099579264425558e-9
4.709304186578803e-9
4.356458287933063e-9
4.021737256151475e-9
3.7216786042445308e-9
3.4342738172714997e-9
3.179523861404784e-9
2.9323586903175217e-9
2.716461150186137e-9
2.5035497689792704e-9
2.320998901397251e-9
2.1371357272958925e-9
1.9833521183234163e-9
1.8240900979811148e-9
1.6950665010579898e-9
1.5566183445261729e-9
1.448939384247476e-9
1.3279793662497388e-9
1.238847093004886e-9
1.1325818163764035e-9
1.0595464495073308e-9
9.655318324750708e-10
9.06558876608036e-10
8.226653317500529e-10
7.760528332877623e-10
7.004657978039216e-10
6.648225196713591e-10
5.959436248029237e-10
5.70075536106316e-10
5.064866976132325e-10
4.893619955060237e-10
4.298202837664435e-10
4.2069377353303167e-10
3.640428913047736e-10
3.623547930725825e-10
3.075973859733735e-10
3.1276446254621607e-10
2.5902666081060515e-10
2.7078428341933124e-10
2.1720777872613454e-10
2.3531126928310077e-10
1.811432680829715e-10
2.0546235021372528e-10
1.4987525376205428e-10
1.8044920981238027e-10
1.2271130541736967e-10
1.5959741456202977e-10
9.904600740768117e-11
1.4229703619503713e-10
7.82281057921342e-11
1.2817433508389148e-10
5.98176003746399e-11
1.167570841498555e-10
4.341708138274539e-11
1.0774200585860585e-10
2.863403518424539e-11
1.00812954861869e-10
1.511770085637085e-11
9.546126213516987e-11
-0.000017254574563398982
-0.00006741302253090817
-0.0001469210821664236
-0.0002508727824851582
-0.00037105964856730926
-0.0004988377726969786
-0.0006227150351927118
-0.0007313448055510951
-0.0008111902403144986
-0.0008495183866737794
-0.0008321794299630087
-0.0007464997236057034
-0.0005791753213360791
-0.0003189914150762858
0.00004518229209438951
0.0005218958644926809
0.0011190345414339616
0.0018415758926188467
0.002693423098837193
0.003675424617085219
0.004787125228930354
0.006025041149885645
0.007384322757927096
0.008857265598787025
0.010434875745238385
0.012105589651010048
0.013856733838066782
0.01567342394900404
0.017539914594666577
0.019438649363871564
0.021351503011439562
0.023258958122117732
0.025141248737441682
0.026977644052855177
0.02874750831818139
0.030429675702440016
0.0320034443815437
0.03344802831963672
0.03474350304978904
0.03587031913836161
0.03681021329677549
0.037545765152990566
0.038061280961446786
0.03834237125165777
0.03837680722863632
0.03815409369764582
0.03766629228841821
0.036907563617441644
0.03587494851886798
0.03456785699582369
0.03298879969164513
0.03114280901779527
0.02903811787855086
0.026685509311531234
0.02409894633044158
0.021294858034195122
0.01829273064044726
0.015114347122985148
0.01178435193004724
0.008329464708374383
0.004779027335958849
0.001164208190557578
-0.002481470970005735
-0.006122935377731242
-0.009723069961146838
-0.013243536188984186
-0.0166443627614892
-0.01988480752542423
-0.022923079650106072
-0.02571728567155813
-0.028225341224407275
-0.03040603798907167
-0.03221919135921954
-0.03362684546767953
-0.03459367232357546
-0.03508829435651456
-0.0350839022580256
-0.03455962283638589
-0.03350126417606985
-0.031902600661356896
-0.029766097283924445
-0.0271039372676457
-0.023938537610426858
-0.02030312309075627
-0.01624183726699502
-0.011809682618874854
-0.0070720655380077215
-0.0021039822085978607
0.003011085519012676
0.008182758751375634
0.013315484418633066
0.018310792752756617
0.023069479406531642
0.02749429832655065
0.031492325736029766
0.03497775362646374
0.03787407988633863
0.04011661911257478
0.04165414707381586
0.04245076680990054
0.04248669210679056
0.04175920005881563
0.04028236120209112
0.03808696002618643
0.03521914639765319
0.031739383472711796
0.027720171805910184
0.02324425234417692
0.018401703363011432
0.013287748722023384
0.007999616854315623
0.002634355943585377
-0.002714143615234753
-0.00795695304763495
-0.013012581111593997
-0.01780811864186618
-0.022280994339723893
-0.02637931964230412
-0.030062851262162724
-0.033302542631612135
-0.036080777757782324
-0.03839025941002387
-0.04023368171525645
-0.04162216478850149
-0.04257458663122228
-0.0431158012167572
-0.04327585286805181
-0.043088195364878755
-0.04258897479519669
-0.041815415735476744
-0.04080529865371359
-0.039595613709344286
-0.03822229377030192
-0.03671917310234917
-0.03511798069578902
-0.03344759105354119
-0.03173424259166799
-0.030001035683157845
-0.028268319272248526
-0.02655337683835207
-0.024870918633930695
-0.023232895563779637
-0.02164903995261027
-0.020126755490841235
-0.018671661128477995
-0.017287517517049603
-0.015976742298531986
-0.014740346285852884
-0.013578401204095732
-0.012489970017797617
-0.01147351853102979
-0.010526832810397764
-0.009647373480102603
-0.008832178977592007
-0.008078166077172958
-0.007382021125758328
-0.006740452823765199
-0.006150075194084621
-0.005607619563320395
-0.005109813402674602
-0.004653558354412564
-0.004235808746850062
-0.003853721854217508
-0.0035045391945239496
-0.0031857143018399928
-0.0028947991297237838
-0.0026295536638794095
-0.00238783899018379
-0.0021677122087194315
-0.0019673270816330723
-0.0017850169556580316
-0.0016192033936374244
-0.0014684692091924002
-0.001331475104912157
-0.0012070244428389733
-0.0010939876511827807
-0.0009913599910478057
-0.0008981933211314223
-0.0008136478444175315
-0.0007369307303018588
-0.0006673426152943191
-0.0006042225362652112
-0.0005469898112732668
-0.0004950947257921467
-0.0004480563114111073
-0.0004054182376207406
-0.0003667829244574117
-0.0003317721211659054
-0.0003000577277308595
-0.0002713265750489352
-0.00024530828311483595
-0.00022174379969874502
-0.00020041058157042549
-0.00018109449089311468
-0.00016361255356580666
-0.00014778785386884217
-0.00013347009766623532
-0.00012051317969321348
-0.0001087937609897187
-0.00009819121688862413
-0.00008860441765004676
-0.00007993379739652336
-0.0000720965057757579
-0.0000650103745049955
-0.000058607585377280404
-0.00005282033475986239
-0.00004759315815137752
-0.000042870108972931035
-0.000038605867173693144
-0.00003475427112889976
-0.00003127832693635936
-0.00002813994459171091
-0.000025308958801580424
-0.00002275393770584175
-0.00002045031313184051
-0.000018372145249069648
-0.000016499448255634792
-0.00001481081305984211
-0.000013290003372685533
-0.000011919346888900473
-0.000010685673183711278
-9.57439120059734e-6
-8.57483591452359e-6
-7.674957336424769e-6
-6.86613474790401e-6
-6.138413725398174e-6
-5.484841290498793e-6
-4.897190989509382e-6
-4.3698678330416935e-6
-3.8960711699394525e-6
-3.47130952685236e-6
-3.0899598660905126e-6
-2.748426647373803e-6
-2.4420581196166227e-6
-2.1679849173314923e-6
-1.9223579846126975e-6
-1.7028956162373679e-6
-1.5064107556458324e-6
-1.331097005320637e-6
-1.1743132062684304e-6
-1.0346374115311338e-6
-9.098789429943455e-7
-7.989245125956846e-7
-6.99956312613752e-7
-6.121093495138878e-7
-5.338728525033845e-7
-4.645800016569176e-7
-4.029750828734987e-7
-3.485497935167793e-7
-3.002585154199873e-7
-2.5771930252228577e-7
-2.200593090004188e-7
-1.869971906360121e-7
-1.5780466204856638e-7
-1.3227816171455585e-7
-1.0980873623416515e-7
-9.025422679080846e-8
-7.310524362815659e-8
-5.8267118199055277e-8
-4.531225437905811e-8
-3.418273893429449e-8
-2.4520573055008207e-8
-1.629498321648605e-8
-9.203976940547969e-9
-3.239434317962565e-9
1.8546125674909847e-9
6.07000073203544e-9
9.624079710515907e-9
1.2495802703245332e-8
1.487148930519826e-8
1.672130110936675e-8
1.820383339712939e-8
1.92842381462158e-8
2.0098047039489805e-8
2.0606259187896365e-8
2.0927431695567142e-8
2.101972478173187e-8
2.098373176359536e-8
2.0779025875293796e-8
2.0491700000454452e-8
2.0082396604590847e-8
1.9624372959706693e-8
1.90808352606635e-8
1.8514143381174946e-8
1.7889467781497157e-8
1.7260202232717583e-8
1.6593653780444542e-8
1.5936617642944544e-8
1.5257199462945308e-8
1.4597421889007893e-8
1.3925780006837665e-8
1.328079973962455e-8
1.26309731199213e-8
1.2013082856169999e-8
1.1395877530356388e-8
1.0813090933325568e-8
1.023416485168751e-8
9.690347075488882e-9
9.153537871011636e-9
8.651059729489588e-9
8.15696169846068e-9
7.696864522449059e-9
7.246385390255215e-9
6.827422678362207e-9
6.418916712782387e-9
6.039240817833631e-9
5.671386127666727e-9
5.32873464103295e-9
4.999107876115332e-9
4.691812085519101e-9
4.3973855867915586e-9
4.122230757684578e-9
3.860266285127532e-9
3.6152865514860254e-9
3.382269462576936e-9
3.165041812451552e-9
2.9588550248871042e-9
2.7674616968978064e-9
2.5846381498419383e-9
2.415365447018568e-9
2.253954716652809e-9
2.105260565203553e-9
1.9629319324950146e-9
1.83297127415732e-9
1.7076334725022732e-9
1.5941016591162728e-9
1.4846194768951996e-9
1.3847932322673275e-9
1.2885081101100928e-9
1.2012817865670734e-9
1.117132255310711e-9
1.0409671854716569e-9
9.678024113613477e-10
9.012567367049276e-10
8.379788565290969e-10
7.802085053855421e-10
7.248296950393274e-10
6.746973658529741e-10
6.261955637493357e-10
5.825892912047335e-10
5.405215020987727e-10
5.03015681215842e-10
4.664434745750849e-10
4.3377797897984164e-10
4.0188409513712613e-10
3.743157101416413e-10
3.4604052904247486e-10
3.2229405025884444e-10
2.9800586499721594e-10
2.7751002337452885e-10
2.561661476604169e-10
2.388899879081982e-10
2.2027554543415437e-10
2.0531171561834095e-10
1.8940307412122703e-10
1.7685514185418313e-10
1.6239772949812333e-10
1.5184734386604295e-10
1.391984132146171e-10
1.3061746642990332e-10
1.1926781667675776e-10
1.1225142353534469e-10
1.0203700801967463e-10
9.617284022460266e-11
8.700627869444646e-11
8.269563399185242e-11
7.427388595681952e-11
7.116583775321263e-11
6.347908050242474e-11
6.123776279284874e-11
5.4059489160366114e-11
5.2886208665826665e-11
4.592857911190265e-11
4.563081477431009e-11
3.9250515867465446e-11
3.966941134042241e-11
3.293792214473977e-11
3.4087461802276786e-11
2.7564113810599185e-11
2.9572811552800895e-11
2.309174868491793e-11
2.5532052909766865e-11
1.9024101044066837e-11
2.1960872028611648e-11
1.5763131544442353e-11
1.946203115639751e-11
1.3368252652887362e-11
1.690909603627053e-11
1.105571479356468e-11
1.4897869023773128e-11
9.233099323907433e-12
1.3245799978518877e-11
7.214060744127179e-12
1.2231952627152707e-11
5.396302974105381e-12
1.1400428190484136e-11
3.979317207614628e-12
1.081358238350267e-11
2.31708942148755e-12
1.0293884525390426e-11