-0.09222811794781356
-0.09200387081918983
-0.09163018229072216
-0.09111274965615353
-0.09045613455300677
-0.08966757014370827
-0.08875469397622487
-0.08772701683657468
-0.08659464390704025
-0.08536907591482448
-0.0840623204386751
-0.08268737620523076
-0.08125754450823489
-0.07978673283423535
-0.07828888856951365
-0.07677819102440733
-0.07526857177752652
-0.07377383657769783
-0.07230725542118398
-0.07088164222021454
-0.06950900674112047
-0.06820061211526667
-0.0669666850991481
-0.06581646630404134
-0.06475797703189537
-0.06379807316850948
-0.06294226717586307
-0.06219479333905753
-0.06155848297183827
-0.06103484588446361
-0.060623995882584526
-0.06032475084987321
-0.06013460446829351
-0.06004984517500301
-0.06006556889825516
-0.06017581536150039
-0.06037361563951323
-0.060651142844270145
-0.06099978752807271
-0.06141031867748918
-0.06187297944631079
-0.06237765357151764
-0.06291397360240501
-0.06347148729781978
-0.06403977041362192
-0.06460858731594638
-0.06516800049199277
-0.06570851951620751
-0.06622119977582651
-0.06669777408109787
-0.06713073368738175
-0.06751343729563697
-0.06784016836109309
-0.06810621704127671
-0.0683079090539903
-0.06844265733326896
-0.06850895934977388
-0.06850641682037296
-0.0684357003874458
-0.06829853761892907
-0.06809764614336233
-0.06783669222551121
-0.06752019568752488
-0.06715346334305577
-0.06674247107385431
-0.06629377811861191
-0.0658143932866078
-0.06531167731041068
-0.0647932011740053
-0.06426664429846528
-0.06373965323439394
-0.06321974330063314
-0.06271416543873792
-0.06222981811819251
-0.06177312907712044
-0.06134998298842516
-0.06096562329802413
-0.06062459951897474
-0.06033069264595624
-0.06008688422751219
-0.05989530709604579
-0.059757236753395664
-0.05967306757886775
-0.05964232568651054
-0.05966366946660418
-0.05973492200465798
-0.05985309381742939
-0.06001443217561657
-0.06021446320633483
-0.0604480550044177
-0.060709475850774415
-0.06099246778062541
-0.061290317459744406
-0.061595936845156546
-0.061901943215378286
-0.06220074365413929
-0.062484620793768916
-0.06274581802020472
-0.06297662760730156
-0.06316947372568003
-0.0633169997656125
-0.06341214637885179
-0.0634482348601981
-0.06341903751899951
-0.06331885398693333
-0.06314257119467277
-0.06288572940946073
-0.06254456902357665
-0.06211608307022377
-0.06159804801443585
-0.06098905957581042
-0.06028854489699782
-0.05949677887406007
-0.05861487562004882
-0.05764478330836996
-0.05658925386054377
-0.05545181560908057
-0.05423672162785443
-0.0529489012581416
-0.051593889337628644
-0.050177759604648965
-0.04870703900543084
-0.04718862788299534
-0.045629705208306955
-0.044037641916502376
-0.04241990397716303
-0.04078396595880387
-0.039137219085432495
-0.037486891925485995
-0.035839969902162885
-0.034203128935267356
-0.032582671396011335
-0.030984476778546717
-0.02941395708650875
-0.02787602649780348
-0.02637507699323012
-0.024914966864821475
-0.023499015394303668
-0.022130008257976518
-0.02081020850240725
-0.019541375627777795
-0.018324789135453923
-0.01716127740789428
-0.01605124973553297
-0.014994731017971278
-0.013991398331725524
-0.01304061783513356
-0.01214148246882232
-0.011292848097155177
-0.010493369676405741
-0.009741534450255197
-0.009035694728617578
-0.008374096742225072
-0.007754908935059236
-0.007176245781891405
-0.006636191138386665
-0.0061328168850935776
-0.005664201369132807
-0.005228443142588005
-0.00482367486573514
-0.004448072665673537
-0.004099866070187801
-0.0037773436467626884
-0.0034788596252151734
-0.0032028365168713206
-0.002947769092526507
-0.0027122246553703063
-0.002494844995989511
-0.0022943449258210537
-0.0021095127555454765
-0.0019392076084101884
-0.001782358879737763
-0.0016379627559066877
-0.0015050810228348032
-0.001382837126342474
-0.0012704146139219925
-0.0011670529912809725
-0.001072046008568297
-0.0009847374987913065
-0.0009045196585545915
-0.0008308289974208072
-0.0007631447141138312
-0.0007009848411343863
-0.0006439047792979547
-0.0005914936877058404
-0.0005433732109588737
-0.0004991941393047179
-0.00045863534225965263
-0.00042140070574700565
-0.00038721827158465786
-0.00035583744615499746
-0.00032702833584634936
-0.00030057921390224713
-0.0002762960362200954
-0.00025400014838797665
-0.0002335279632420683
-0.0002147288878014405
-0.00019746514287208964
-0.00018160988892066814
-0.0001670471681745126
-0.00015367020889006135
-0.0001413814713749279
-0.00013009111120205677
-0.00011971711203569395
-0.00011018388982605056
-0.00010142249701748433
-0.00009336935142547351
-0.00008596649817875638
-0.00007916044869158671
-0.00007290248843424623
-0.00006714761307854243
-0.00006185487183617008
-0.000056986389419278846
-0.00005250773619590523
-0.000048387026040222295
-0.000044595305911172996
-0.000041105720955888976
-0.00003789391731773641
-0.00003493726699986381
-0.00003221527875678514
-0.0000297088762287452
-0.000027400812676560794
-0.00002527499677130718
-0.000023316907708031506
-0.000021512963791127893
-0.000019850935122466316
-0.00001831935077345621
-0.000016907906800894142
-0.00001560690835470363
-0.000014407671243586406
-0.000013301995804690523
-0.000012282560633151542
-0.000011342425447438268
-0.000010475415923117632
-9.675653135209771e-6
-8.937928706796818e-6
-8.257258706105428e-6
-7.629248543487627e-6
-7.0496694537623115e-6
-6.514812758068456e-6
-6.021087277835968e-6
-5.565362727450939e-6
-5.144586590759446e-6
-4.756116531860962e-6
-4.397355423117841e-6
-4.066072759353513e-6
-3.7600566620598364e-6
-3.477424360752604e-6
-3.21629011492176e-6
-2.975064888600218e-6
-2.752139232527957e-6
-2.546172326904164e-6
-2.3557889537107043e-6
-2.1798581204735234e-6
-2.017203328794737e-6
-1.8668710206961302e-6
-1.727853415888968e-6
-1.5993470435365856e-6
-1.480487479112161e-6
-1.3705982395536727e-6
-1.268936801950773e-6
-1.1749341502006055e-6
-1.0879515032557389e-6
-1.0075108074595328e-6
-9.330616425414675e-7
-8.642029565925789e-7
-8.004596541373863e-7
-7.414958708466744e-7
-6.869007804552242e-7
-6.363937043334841e-7
-5.896187032691797e-7
-5.46341813371134e-7
-5.062540152214246e-7
-4.6916088262690557e-7
-4.3479354574016935e-7
-4.0299103320634223e-7
-3.735188678525884e-7
-3.4624437604543734e-7
-3.2096257471981215e-7
-2.975647144672797e-7
-2.7587113523707895e-7
-2.557933019834006e-7
-2.3717332351021552e-7
-2.1993973155066792e-7
-2.0395337310472766e-7
-1.891571757154537e-7
-1.7542813840058544e-7
-1.6272131771732328e-7
-1.509276561335277e-7
-1.4001241530594747e-7
-1.2987859357503526e-7
-1.2050002477806867e-7
-1.117901485713204e-7
-1.0372998510422956e-7
-9.624203314983286e-8
-8.931332311422939e-8
-8.287422855705482e-8
-7.691679232902874e-8
-7.13782470468292e-8
-6.625480166096804e-8
-6.148967586464836e-8
-5.708252710954782e-8
-5.298181282109751e-8
-4.919003081146781e-8
-4.5660231584044766e-8
-4.239723824784954e-8
-3.9358139157288594e-8
-3.6549646814265795e-8
-3.393240863726646e-8
-3.151465794799189e-8
-2.926018782498457e-8
-2.7178441110253036e-8
-2.5235999102623443e-8
-2.3443251584497736e-8
-2.1769258572170525e-8
-2.022513565031766e-8
-1.878215314176329e-8
-1.7451966543314265e-8
-1.6207823325165974e-8
-1.5061762981327916e-8
-1.3988807236650583e-8
-1.3001249152821173e-8
-1.2075707825076599e-8
-1.1224621114669945e-8
-1.0426050972632041e-8
-9.692489695523043e-9
-9.003306833911258e-9
-8.37097438375083e-9
-7.776050835348362e-9
-7.230926411367344e-9
-6.717244199831547e-9
-6.247262425037359e-9
-5.803616796666176e-9
-5.398392845293094e-9
-5.01513761928143e-9
-4.665731325680382e-9
-4.334560326920217e-9
-4.033273694357143e-9
-3.747033106939355e-9
-3.487236442271926e-9
-3.2397636678899917e-9
-3.0157462574099767e-9
-2.801731499828575e-9
-2.6085733301858567e-9
-2.423440670945215e-9
-2.256902201873338e-9
-2.096707397155595e-9
-1.9531348223276497e-9
-1.814477448056583e-9
-1.690721247548019e-9
-1.570669159222588e-9
-1.464014060860814e-9
-1.360038424735036e-9
-1.2681431598121702e-9
-1.1780625599537852e-9
-1.09890802792318e-9
-1.0208403654363591e-9
-9.526850178382965e-10
-8.850060991935703e-10
-8.263475198001356e-10
-7.676553850088233e-10
-7.171971848866252e-10
-6.662813566610045e-10
-6.229046226378842e-10
-5.787195674566816e-10
-5.414582027628866e-10
-5.031003859833281e-10
-4.711197643309796e-10
-4.3780775549487956e-10
-4.1038617550900253e-10
-3.814433173024266e-10
-3.57955793076816e-10
-3.327949875538391e-10
-3.126989421173751e-10
-2.908091290521997e-10
-2.736315681737846e-10
-2.5456546931983793e-10
-2.398911988264877e-10
-2.2325387262494823e-10
-2.1071427591659e-10
-1.9615196063956712e-10
-1.8541376299231652e-10
-1.7260236842971314e-10
-1.6335566381804146e-10
-1.519880814320029e-10
-1.439326603693558e-10
-1.3370376817974114e-10
-1.2653242358572906e-10
-1.1712021889568398e-10
-1.1049716539977276e-10
-1.0153779808967835e-10
-9.506953636552291e-11
-8.61230383713973e-11
-7.931780952587091e-11
-6.981987651461973e-11
-6.203010832046708e-11
-5.122321227749835e-11
-4.156328763651223e-11
-2.8404028343410376e-11
-1.5722014733593593e-11
-0.012663663458822451
-0.012848768990563803
-0.01317001958496855
-0.013610699083948373
-0.014169097096862275
-0.014833708390253582
-0.01559750403604745
-0.01644797111176627
-0.017374921532109677
-0.018364670586231074
-0.01940522309494261
-0.020482366415470264
-0.02158347051251131
-0.022694651754616657
-0.023803711206996526
-0.02489795987821376
-0.025966554658961784
-0.026998756161107522
-0.027985805793930195
-0.028919477125823406
-0.029793582558101845
-0.03060273058417099
-0.031343524016818544
-0.03201346857369704
-0.032611912516572014
-0.033139074940049175
-0.03359677176254571
-0.03398754835578743
-0.03431523478315447
-0.034584178219871475
-0.034799668347705794
-0.034967270749799995
-0.035093159668068585
-0.035183554491453696
-0.03524499087557711
-0.035283859253912496
-0.035306636820225404
-0.035319520975586285
-0.0353286350021491
-0.035339742384887705
-0.035358429902124996
-0.03538988296671517
-0.035439043221088894
-0.035510422351271914
-0.0356082285955181
-0.03573619808380769
-0.035897686536986204
-0.03609550313097531
-0.036331969466663866
-0.03660875005027599
-0.03692688857315164
-0.03728663909565244
-0.037687497223222836
-0.038128044242131086
-0.038605995218516945
-0.03911807216985967
-0.0396600903932845
-0.04022687477306823
-0.04081239901305711
-0.04140975141090128
-0.04201133002891584
-0.04260885240916913
-0.043193595528490614
-0.043756431027217144
-0.04428808553751783
-0.04477917271516625
-0.04522044084410385
-0.0456027686367607
-0.04591736573899934
-0.04615570301098199
-0.04630963892265153
-0.04637126709196849
-0.04633295678860204
-0.04618711909454673
-0.04592617009155996
-0.04554223860352888
-0.04502708199946726
-0.04437177857400359
-0.04356664359573696
-0.04260096345018277
-0.04146296940210996
-0.04013967504715075
-0.03861696434452701
-0.03687958671551757
-0.034911403211842496
-0.032695574783284116
-0.030214987001756982
-0.027452638635875833
-0.024392234083422223
-0.02101874521336626
-0.01731912602115533
-0.013282985768023139
-0.008903347797953402
-0.004177342034563689
0.000893094831355558
0.006300618725689152
0.012031950907294971
0.018067484183065752
0.024381036872037434
0.030939765717997312
0.037704284123660434
0.044628947211657444
0.051662373783960276
0.05874811820546746
0.06582557864269889
0.0728310101387054
0.07969874009767602
0.08636241727498975
0.092756400534988
0.09881709141654249
0.1044843257386588
0.10970261391812097
0.11442235639555565
0.11860082295849826
0.12220303614531931
0.1252023589014146
0.12758094177493215
0.12932985031556005
0.13044904166015397
0.13094703614421294
0.13084046191425028
0.13015334362573266
0.12891631468923542
0.12716564579133482
0.12494226175024697
0.12229065551118254
0.11925785548981065
0.11589236551828914
0.11224321137397064
0.10835901938621743
0.1042872355259704
0.1000734146475838
0.09576066249992532
0.09138916434810537
0.08699585934524476
0.08261420008751948
0.0782740368439656
0.07400157346974465
0.06981941916309269
0.06574669243424953
0.06179919011853943
0.057989588260877835
0.05432767960869273
0.05082062524394214
0.047473219324416296
0.04428815463683466
0.04126628368065893
0.03840687206841458
0.03570783561578296
0.03316596560161145
0.03077713074268176
0.028536466592662787
0.02643853839517515
0.02447749294768985
0.02264718322767493
0.020941284976609777
0.019353386944841112
0.017877076631370222
0.01650600142533048
0.015233928825785972
0.01405478412687961
0.012962690471806529
0.011951988432802638
0.011017260779719531
0.010153338653242666
0.009355315212332618
0.00861854230519137
0.007938636375753422
0.007311468738821381
0.006733166378576805
0.00620009820871425
0.005708872739733726
0.005256322086795752
0.004839497937819895
0.0044556545696319465
0.004102244115709311
0.0037768994583070553
0.0034774294622462757
0.00320180231301745
0.0029481411358282202
0.0027147081306455774
0.002499900817448998
0.0023022371625970165
0.002120352566684458
0.0019529860680952717
0.0017989781059598454
0.0016572578142047805
0.0015268415381369917
0.0014068211860159446
0.0012963634453047356
0.001194699131220467
0.0011011230312162835
0.0010149841753907879
0.0009356862304655519
0.000862678611120091
0.0007954573440775881
0.0007335569393092358
0.0006765516483164424
0.0006240480175390987
0.0005756864707659529
0.0005311344724731358
0.0004900883713079881
0.00045226710745284877
0.000417414261520758
0.0003852922467122195
0.00035568451473261584
0.00032839018006209145
0.00030322634135478393
0.00028002309132212636
0.0002586259183414113
0.00023889106112584007
0.00022068796088431622
0.00020389492506008792
0.00018840160533379705
0.0001741049392488037
0.00016091163366032147
0.000148734357051928
0.0001374942117506526
0.00012711715321533012
0.00011753643751652955
0.0001086892468911805
0.00010051910168646608
0.00009297267407708362
0.00008600215595210586
0.00007956224493101301
0.00007361246158722797
0.00006811429382342644
0.00006303345842552195
0.000058337191509474614
0.00005399645073030777
0.000049983340929976584
0.000046273254427622155
0.0000428424222148105
0.0000396699906606864
0.000036735689646509875
0.00003402184476295467
0.000031511154675842505
0.000029188638498573236
0.000027039515457164876
0.00002505108761095098
0.000023210715556176127
0.000021507637061566456
0.000019931033131711702
0.00001847178343693681
0.000017120617564015956
0.00001586980836548172
0.000014711403667277387
0.000013638858852643422
0.000012645344683759938
0.000011725320579235684
0.000010872914547753619
0.000010083438724000407
9.351837713653582e-6
8.674148027071275e-6
8.04601140242224e-6
7.46407982524302e-6
6.924590634972018e-6
6.424718846286839e-6
5.961211057856056e-6
5.5316868021232985e-6
5.133328467188029e-6
4.764133398681305e-6
4.421657219242695e-6
4.104218392061553e-6
3.809692479892376e-6
3.53667085698139e-6
3.283303593038239e-6
3.0484139705117404e-6
2.8303878101758293e-6
2.628245415618337e-6
2.440575277601011e-6
2.2665650284704313e-6
2.1049775734894614e-6
1.9551425957326786e-6
1.815973265246385e-6
1.686919790728086e-6
1.5670249525828896e-6
1.455841152024725e-6
1.3525231026557214e-6
1.256709781153329e-6
1.167652694591068e-6
1.0850640900675157e-6
1.008279292203631e-6
9.37072482312821e-7
8.708516728639507e-7
8.094433203967036e-7
7.523185716761333e-7
6.993479287712999e-7
6.500574655354908e-7
6.043547182831832e-7
5.618136314506903e-7
5.22372803277963e-7
4.856479763372042e-7
4.5160372466675607e-7
4.198923585651867e-7
3.905000978196982e-7
3.6311131098543163e-7
3.377301787610254e-7
3.1406923611710145e-7
2.9214749053710595e-7
2.7170228101255376e-7
2.527647778120368e-7
2.350942156925396e-7
2.1873166509368005e-7
2.0345573807648167e-7
1.8931548536297274e-7
1.7610671264399644e-7
1.638848236867097e-7
1.5246092187702645e-7
1.418953866828802e-7
1.3201297072906103e-7
1.228778652103626e-7
1.1432703654200388e-7
1.0642750583748502e-7
9.902720133300229e-8
9.219514775037727e-8
8.578914134788311e-8
7.98795168468192e-8
7.433298119636702e-8
6.922059871939307e-8
6.441714757169084e-8
5.999393782326978e-8
5.583308121379062e-8
5.2005731994142764e-8
4.8400685996188494e-8
4.508861017973321e-8
4.1964411307801066e-8
3.90979972400377e-8
3.63898786925638e-8
3.390898335444958e-8
3.156097636813097e-8
2.9413627285458125e-8
2.7377356081697087e-8
2.5518632776917668e-8
2.3752276041806756e-8
2.2143345954695708e-8
2.0610741616044907e-8
1.9218028957905033e-8
1.7887902298692176e-8
1.6682371337951838e-8
1.5527669294249302e-8
1.4484206172293301e-8
1.3481523072568353e-8
1.257840247969249e-8
1.1707484548907617e-8
1.0925909504525072e-8
1.0169227229745269e-8
9.492931853731268e-9
8.83531082988116e-9
8.250217401976e-9
7.678519582724857e-9
7.1724423971309654e-9
6.675290797054554e-9
6.237680357923955e-9
5.805221213978346e-9
5.426943208187029e-9
5.0506404330783625e-9
4.723784679644098e-9
4.396242145293768e-9
4.113957372891519e-9
3.82876516420486e-9
3.585116023209916e-9
3.3367173130805722e-9
3.126560497436815e-9
2.910136122941596e-9
2.7290128679650625e-9
2.540381041616999e-9
2.384423581707451e-9
2.219952453845012e-9
2.0858022705390566e-9
1.942333269018076e-9
1.8270691322314974e-9
1.701849138299888e-9
1.602923033722761e-9
1.493543496611021e-9
1.4087225243383534e-9
1.3130635512052902e-9
1.2403757486067703e-9
1.156552998068849e-9
1.094234742561904e-9
1.0205465482811639e-9
9.669886705266794e-10
9.018601496273418e-10
8.555490411280672e-10
7.974688864541337e-10
7.569175787397321e-10
7.04361625360676e-10
6.680238459185716e-10
6.193570921584865e-10
5.855143634561101e-10
5.388595494806212e-10
5.054670487960827e-10
4.585226147560194e-10
4.229931041291869e-10
3.7277557916038245e-10
3.3167130895707486e-10
2.7414597619273756e-10
2.2273728153247782e-10
1.5232036264744234e-10
8.443310419775099e-11
0.14242710954879084
0.14138095038058768
0.13963782489753573
0.13722724574895553
0.13417285661401315
0.13051213034365894
0.12628444908426378
0.12153884048469991
0.11632706168422563
0.1107079262732549
0.10474234659855283
0.09849603979614155
0.09203557539611384
0.08543015207233862
0.0787482742593495
0.0720589510202586
0.06542884296754264
0.05892309645520758
0.052602898576758636
0.046526092277331725
0.04074512214606851
0.03530753628857577
0.030254324263324785
0.025620383136660967
0.021433252241367134
0.017713596997975617
0.014474339170132019
0.011721190395381352
0.00945216539773485
0.007658177544365552
0.006322909394602793
0.005423465841712122
0.004930564196616367
0.0048092276833453075
0.005019248011377641
0.00551589391217194
0.006250593930223415
0.007171631330814096
0.008224993668178807
0.009355025944643729
0.01050539549545447
0.011619678267445957
0.012642391212944996
0.013519490256164307
0.014199426143210191
0.014633535582388418
0.014777079194929479
0.014589508617568327
0.014035446456212599
0.013084811892843173
0.011713702885455115
0.009904361982450757
0.0076459217362069235
0.004934192584500069
0.0017722352779361657
-0.0018300443736026472
-0.005855525646150748
-0.010280479297394706
-0.015074418372235514
-0.020200901626149105
-0.025617606602902254
-0.031277309434471726
-0.037128161562569664
-0.04311480618667134
-0.04917881856203417
-0.055259900876175314
-0.06129642705821225
-0.06722664387844605
-0.07298924872002004
-0.07852451911490471
-0.08377484950980713
-0.08868573710343652
-0.09320621322740644
-0.0972896309518035
-0.10089394771964022
-0.10398228765251237
-0.10652306102479463
-0.10849030660847513
-0.10986366441263154
-0.11062853381812202
-0.11077594138140724
-0.11030257154548388
-0.10921058437766648
-0.10750758147281199
-0.10520642494638938
-0.10232518935565309
-0.09888701289137222
-0.09492005889844028
-0.09045739752897985
-0.08553696451129118
-0.08020143517139709
-0.07449813354372992
-0.06847883145464793
-0.062199538815216636
-0.055720148564886426
-0.049104037767300025
-0.0424174911014597
-0.03572906586907889
-0.029108762731797657
-0.02262715279430833
-0.01635431773864432
-0.010358793936854903
-0.004706362530618898
0.0005410802066309736
0.0053267540362908075
0.009600051890500743
0.0133176386159078
0.01644428026048443
0.018953662606706473
0.02082885946180529
0.0220627589945594
0.022658086478023347
0.022627383708378537
0.021992565382723914
0.020784462543192734
0.01904195684522089
0.016811159550142972
0.014144222092419733
0.011098267292007101
0.0077340098726211845
0.004114580798000743
0.00030410470414441457
-0.0036334392480831144
-0.00763554363902959
-0.011642148763989715
-0.015596757994221005
-0.019447155358058833
-0.023146232206793908
-0.026652391663636577
-0.029930051595375522
-0.03294972441135658
-0.035688203686924186
-0.038128347420067855
-0.04025899151382762
-0.04207449517097136
-0.04357444919688636
-0.04476306019620973
-0.04564873302229096
-0.046243374911727156
-0.046561929806392996
-0.04662167620562839
-0.04644177926876305
-0.04604264054874695
-0.045445515840808456
-0.04467195541524934
-0.04374351578937889
-0.04268130959214603
-0.041505821311154795
-0.04023656940219118
-0.03889202182767558
-0.03748936101061425
-0.03604448552075465
-0.03457186126695002
-0.03308459081178629
-0.03159433122052422
-0.03011141133452167
-0.028644796908261903
-0.027202237615587394
-0.025790262360968333
-0.024414340726807815
-0.02307889462240687
-0.02178746240305863
-0.020542716546645336
-0.019346622149701044
-0.018200453591828255
-0.017104942160359054
-0.016060287405789953
-0.015066291091615518
-0.014122361064654206
-0.013227630541193268
-0.012380953834053963
-0.011581011228598288
-0.010826296906283813
-0.010115210434603818
-0.00944603781233945
-0.008817031007451886
-0.008226383330483596
-0.007672298607645493
-0.007152962161244954
-0.006666601188993315
-0.006211452570923973
-0.005785815908194224
-0.005388019242580605
-0.005016466038234334
-0.004669599733291216
-0.00434594575993587
-0.00404407567478962
-0.0037626451276661687
-0.003500358154438603
-0.0032560018353264145
-0.0030284111895236827
-0.0028165011156824223
-0.0026192322052058727
-0.00243564043255803
-0.002264804104042881
-0.002105871662912291
-0.001958029911049593
-0.0018205302114229873
-0.0016926580588256018
-0.0015737578972743816
-0.0014632040699659103
-0.0013604244188703714
-0.001264872610531215
-0.0011760506466267605
-0.0010934825386120337
-0.0010167358289939522
-0.0009453965718702205
-0.0008790899430211801
-0.0008174564732942375
-0.0007601718096484403
-0.0007069241425636691
-0.0006574331685050724
-0.0006114286499158349
-0.0005686686211093377
-0.0005289190190105372
-0.0004919711683884065
-0.000457622422641217
-0.0004256929599043528
-0.00039600737530328707
-0.0003684108163248155
-0.0003427514707021741
-0.0003188960671588028
-0.0002967132061647197
-0.00027608825048520166
-0.0002569074492602271
-0.0002390722415236682
-0.00022248412727408066
-0.00020705840613592123
-0.00019270975222151354
-0.00017936540928828492
-0.00016695142918266674
-0.0001554053441402493
-0.0001446630314207456
-0.00013467088275679505
-0.00012537326041944975
-0.00011672418321719427
-0.00010867534166956016
-0.00010118731937266845
-0.00009421813720783819
-0.00008773402831303946
-0.0000816984833217577
-0.00007608259660565123
-0.00007085458643722282
-0.00006598972959550212
-0.00006146033208644416
-0.00005724526863048092
-0.000053320381169651694
-0.00004966763918449912
-0.00004626594467925631
-0.00004309992870756651
-0.0000401511428686089
-0.000037406506858511014
-0.000034849867742365394
-0.00003247011279302284
-0.000030253078936952257
-0.000028189344596257115
-0.000026266472749787107
-0.00002447649495941537
-0.00002280847245035696
-0.0000212556849804134
-0.00001980849523288498
-0.000018461254678809517
-0.000017205457399168433
-0.000016036374596041252
-0.000014946484724255116
-0.000013931847828527139
-0.000012985799573891155
-0.000012105076122773734
-0.000011283760313443139
-0.000010519167343842471
-9.806031962397046e-6
-9.142164794430899e-6
-8.522869983914803e-6
-7.94638158340097e-6
-7.408501622241518e-6
-6.907825582060379e-6
-6.440591369795059e-6
-6.00570251755874e-6
-5.599779010390534e-6
-5.221986481649538e-6
-4.8692802881418905e-6
-4.541048619574848e-6
-4.234541630046799e-6
-3.949336042168786e-6
-3.6829415358060013e-6
-3.4350941038165976e-6
-3.2035322682685828e-6
-2.988126134889238e-6
-2.786816355419641e-6
-2.5995855313409725e-6
-2.424553170079693e-6
-2.261795804897835e-6
-2.1095915036931354e-6
-1.968094800624166e-6
-1.8357246105075123e-6
-1.7126998083107845e-6
-1.5975646807652127e-6
-1.4905907418240546e-6
-1.3904341171184144e-6
-1.2974089463727838e-6
-1.2102713466804134e-6
-1.1293695262335273e-6
-1.0535492099488398e-6
-9.83185372257194e-7
-9.172042341678146e-7
-8.560013158361478e-7
-7.985753284483514e-7
-7.453370494265018e-7
-6.95350636219074e-7
-6.490376379014743e-7
-6.055214516991068e-7
-5.652306040068653e-7
-5.273422548258924e-7
-4.922887084814845e-7
-4.5929604665963664e-7
-4.287976639865511e-7
-4.0006427750334636e-7
-3.7352812443582106e-7
-3.4850075520891847e-7
-3.2541137984942976e-7
-3.0360900344732523e-7
-2.8351826337935846e-7
-2.645226108740462e-7
-2.4704084331659837e-7
-2.3048817364493796e-7
-2.152765301055346e-7
-2.008504869504266e-7
-1.8761427788240436e-7
-1.7503968726773225e-7
-1.6352260287271495e-7
-1.5256008686219656e-7
-1.4253917803604775e-7
-1.3298047653982106e-7
-1.2426179541795862e-7
-1.1592570249292759e-7
-1.083405154328749e-7
-1.0106934891560485e-7
-9.447084634302951e-8
-8.812738043797647e-8
-8.238781801812673e-8
-7.685261780444389e-8
-7.1860832094426e-8
-6.702993700590765e-8
-6.268918627429161e-8
-5.847209661708277e-8
-5.469818404214044e-8
-5.1016110688239575e-8
-4.77357527993235e-8
-4.452009545574149e-8
-4.166950357951177e-8
-3.8860527590827806e-8
-3.6384174305438975e-8
-3.3929859893832045e-8
-3.177940616518074e-8
-2.963444742586436e-8
-2.7767809273322216e-8
-2.5892743191774268e-8
-2.427327946849153e-8
-2.2633727765541156e-8
-2.1229532991327195e-8
-1.979554177865267e-8
-1.8578829972509912e-8
-1.732429405043209e-8
-1.6270861205538324e-8
-1.517302138230053e-8
-1.4261775628482055e-8
-1.3300778698831854e-8
-1.25133283122557e-8
-1.1671840302010407e-8
-1.0992130540133442e-8
-1.0254994483405769e-8
-9.668984714077543e-9
-9.022914537441085e-9
-8.51828723628658e-9
-7.95158920244574e-9
-7.517482013284728e-9
-7.019794501609195e-9
-6.6465455359139444e-9
-6.208586516363026e-9
-5.8874811730173515e-9
-5.500790273552673e-9
-5.2237947349334115e-9
-4.880452878153199e-9
-4.63991455641227e-9
-4.332218108686549e-9
-4.120505899634443e-9
-3.840563192096995e-9
-3.6496092989627684e-9
-3.3888138569262066e-9
-3.2095024911434567e-9
-2.9578173097579904e-9
-2.779141293128449e-9
-2.524099033800366e-9
-2.331969597319122e-9
-2.057250276879901e-9
-1.832792956671969e-9
-1.516178288984897e-9
-1.2332854813668646e-9
-8.43896185605168e-10
-4.683773470671496e-10
0.00568530776463739
0.00509770962229914
0.004122914295633158
0.002780215734211825
0.0010888298710398244
-0.0009238228924681858
-0.0032276059600271543
-0.005786561480156291
-0.008562326941968195
-0.01151256542239841
-0.014593567281329935
-0.017759421500906092
-0.02096416383864752
-0.024161358632214042
-0.02730591171798143
-0.03035388023366808
-0.03326398297269516
-0.03599752210885192
-0.038519592801136385
-0.04079903965561308
-0.042809360010744466
-0.044528645641757965
-0.04594017765083105
-0.047032325621561566
-0.04779884011051534
-0.04823869866418054
-0.04835611097945278
-0.04816031423419379
-0.04766531403451398
-0.04688964058033959
-0.04585585462513017
-0.04459028155532289
-0.04312231565352576
-0.04148415200696468
-0.039709924857272295
-0.03783545839667839
-0.035897276672658796
-0.03393239484802109
-0.03197723977972476
-0.030067504061519028
-0.028237018499964822
-0.026517692607513396
-0.0249383827058464
-0.02352494421608449
-0.022299141310659253
-0.02127883738207626
-0.02047699271179915
-0.019902018405019282
-0.01955690581683849
-0.019439764443668815
-0.01954311941704934
-0.01985464425149471
-0.020356649947564604
-0.021027009047974048
-0.02183884238722232
-0.022761612879388264
-0.023760995681820118
-0.024800101066679438
-0.025839493773653
-0.02683848751258659
-0.02775526302849894
-0.02854816556328944
-0.029175861717572516
-0.0295985681062101
-0.02977818645052856
-0.02967939788936537
-0.029269724353638085
-0.02852043818466236
-0.027406514690923294
-0.025907329095987548
-0.024006487926387713
-0.021692311947471937
-0.018957559364487408
-0.015799720534824774
-0.012220669806639505
-0.008226820991943525
-0.0038287623847360437
0.0009586635842135327
0.006116680818611431
0.011622511254645435
0.01744959775912072
0.023567498373633648
0.02994198396693129
0.036534878986791024
0.043304047042271435
0.05020320793354912
0.05718187397966748
0.0641852226321576
0.07115409306128599
0.07802503317905891
0.08473049475259498
0.09119918781543228
0.09735660889334775
0.10312581215711247
0.10842836027041101
0.11318555592272653
0.11731981976580313
0.12075632596674538
0.12342470116879764
0.12526089422622655
0.12620898037236497
0.1262229985082191
0.12526856782910006
0.12332437733606233
0.12038330612230341
0.11645327115541189
0.11155760079421138
0.10573504158443499
0.09903925930845146
0.09153795420306506
0.08331152543734958
0.07445140930920131
0.06505809910533855
0.055238958814552604
0.04510589984045426
0.03477299884932486
0.02435417036082155
0.013960917422254466
0.0037003027586113633
-0.006326905230208029
-0.016027750505221112
-0.025318390749292714
-0.034125005178310755
-0.04238449739905059
-0.05004479812128921
-0.05706501515972211
-0.06341521231195138
-0.06907611058203286
-0.07403846597032128
-0.07830245119541696
-0.08187676663977987
-0.08477783180727028
-0.08702875496942357
-0.08865844853815708
-0.08970056368717073
-0.09019262206438736
-0.09017499853102844
-0.08969013821857283
-0.08878164710629069
-0.08749364072392987
-0.08586998015446724
-0.08395377775654743
-0.08178679617074681
-0.07940911803400173
-0.07685870846326837
-0.07417124064443212
-0.07137980885133009
-0.06851489070246133
-0.06560418859025041
-0.0626727026285459
-0.059742673486632536
-0.05683373739293366
-0.053962942331785876
-0.051144957236652536
-0.048392135454061645
-0.04571475347082117
-0.04312109943610163
-0.040617721372999696
-0.038209523368733976
-0.03590000829450418
-0.03369136920320637
-0.03158471642648603
-0.029580156191012792
-0.027676996141668915
-0.02587380688460535
-0.02416860329726276
-0.02255888751908947
-0.02104180582529161
-0.019614173548575222
-0.01827260889991821
-0.017013541535375987
-0.015833325647228964
-0.014728234542657571
-0.013694555762430118
-0.012728574269039034
-0.01182665242814136
-0.010985204350933158
-0.010200763422965314
-0.00946995012110415
-0.008789529494137386
-0.008156374462639492
-0.007567515317706964
-0.007020100171047617
-0.006511438190553617
-0.006038958535719425
-0.005600248721347264
-0.005193013071802022
-0.004815107313030029
-0.004464497318659786
-0.004139290782317827
-0.0038376968120812766
-0.00355805533031808
-0.00329879789873376
-0.0030584753285861506
-0.0028357199822329725
-0.0026292719477016982
-0.0024379429588099297
-0.002260641389190051
-0.0020963378560928925
-0.0019440892146296935
-0.0018030058549890718
-0.0016722748228947058
-0.0015511287814837097
-0.001438868344476661
-0.0013348326484123104
-0.0012384209571848547
-0.0011490647744504363
-0.0010662487590814608
-0.0009894842987531794
-0.0009183297631809907
-0.0008523654561298259
-0.0007912132252407983
-0.0007345127094285967
-0.0006819403193005401
-0.0006331866989521107
-0.0005879750884108204
-0.000546039922350073
-0.0005071445849003709
-0.00047106107215805893
-0.00043758714955478926
-0.0004065270098051034
-0.0003777078434277254
-0.0003509614286556454
-0.00032614012639503234
-0.0003030993434159523
-0.0002817129638385055
-0.0002618566315073726
-0.00024342263089553937
-0.00022630393886948863
-0.00021040856862843203
-0.00019564434505334657
-0.00018193272591539409
-0.00016919425865992083
-0.0001573618936038709
-0.00014636708334028352
-0.00013615260299740153
-0.00012665925647496656
-0.00011783821906230147
-0.00010963831745554686
-0.00010201791013850666
-0.00009493271060324487
-0.00008834722089869507
-0.0000822230697101472
-0.00007653001439040044
-0.00007123476757034153
-0.00006631158281956503
-0.00006173154528318548
-0.00005747275588645168
-0.00005351006314305962
-0.000049824860533334724
-0.000046395238125803126
-0.000043205407431785416
-0.00004023625284199784
-0.00003747439790135421
-0.00003490313780133144
-0.00003251116063558485
-0.00003028384332031211
-0.000028211640990979246
-0.000026281729758984393
-0.000024486076998264233
-0.00002281341529775252
-0.000021257005968858054
-0.000019806929428789424
-0.000018457553839943968
-0.000017200127967248558
-0.0000160299664417383
-0.000014939331882725832
-0.000013924347862995429
-0.00001297815778007154
-0.000012097576191673573
-0.000011276512565041731
-0.000010512371250307269
-9.799728837512285e-6
-9.13649264365827e-6
-8.517820967907259e-6
-7.942049586284177e-6
-7.4048447202364935e-6
-6.904906662004856e-6
-6.438345763492832e-6
-6.004171955685555e-6
-5.598884526489778e-6
-5.221755949595683e-6
-4.869626654128147e-6
-4.541991242173777e-6
-4.235989861979192e-6
-3.951304569057789e-6
-3.685339300282547e-6
-3.437933820988762e-6
-3.20672466142386e-6
-2.9916837914468063e-6
-2.790653225017645e-6
-2.6037152747702645e-6
-2.428893855984548e-6
-2.2663628952410615e-6
-2.114307673918014e-6
-1.972977698047759e-6
-1.8407017139907433e-6
-1.717791090206232e-6
-1.602702415437153e-6
-1.4957971970597605e-6
-1.3956462158364212e-6
-1.3026511094893435e-6
-1.2154849087220938e-6
-1.1345808483318505e-6
-1.0587037475736696e-6
-9.883111741383457e-7
-9.222505587755155e-7
-8.609976294783386e-7
-8.034743662733293e-7
-7.501694236264247e-7
-7.000722370767406e-7
-6.536799608762393e-7
-6.10043234270624e-7
-5.696639783742862e-7
-5.316485169239461e-7
-4.96500401050799e-7
-4.633767577475804e-7
-4.3278014321574266e-7
-4.039141625608241e-7
-3.772781914590219e-7
-3.52118473159866e-7
-3.2892939403838636e-7
-3.069964192431003e-7
-2.86807459990983e-7
-2.676841575302762e-7
-2.501067385201344e-7
-2.33430298734979e-7
-2.1812640728409485e-7
-2.035811769995589e-7
-1.9025674833684364e-7
-1.775680629738627e-7
-1.6596723374656432e-7
-1.5489606193540802e-7
-1.4479618029425396e-7
-1.3513447308897458e-7
-1.2634176494737977e-7
-1.1790841620342697e-7
-1.1025422071313012e-7
-1.0289155769282425e-7
-9.622905660332171e-8
-8.979979068439065e-8
-8.400116630745788e-8
-7.838574302064949e-8
-7.333970821818591e-8
-6.843400392934001e-8
-6.404365506717231e-8
-5.975697461804394e-8
-5.5937924938764746e-8
-5.2191260617564956e-8
-4.887001711916172e-8
-4.5594534571345775e-8
-4.270708635152714e-8
-3.984280757374279e-8
-3.733339781363057e-8
-3.48280552896409e-8
-3.264811268889275e-8
-3.0456152105727745e-8
-2.856336071698615e-8
-2.664507260644226e-8
-2.5002561708927175e-8
-2.332332484852062e-8
-2.189896279615238e-8
-2.042858431454927e-8
-1.9194362227887447e-8
-1.790650112249442e-8
-1.68379938885678e-8
-1.5709656091468444e-8
-1.4785549397190009e-8
-1.3796643617671399e-8
-1.2998316659273523e-8
-1.2131260963308157e-8
-1.144241500851991e-8
-1.068178441476279e-8
-1.008810747573685e-8
-9.42031266180542e-9
-8.909170046959639e-9
-8.322156420000921e-9
-7.88229568654006e-9
-7.3652503493730555e-9
-6.986506893538052e-9
-6.529558086261862e-9
-6.202543862392695e-9
-5.796432763588691e-9
-5.512184788866436e-9
-5.147882358540605e-9
-4.8974388118571585e-9
-4.565669525842458e-9
-4.3395280237785305e-9
-4.0301462350762496e-9
-3.817539263837775e-9
-3.518680104466148e-9
-3.306573665459389e-9
-3.0034653146644096e-9
-2.7751442951046584e-9
-2.4484168782453227e-9
-2.181458273050052e-9
-1.8047103459606469e-9
-1.4680712408659115e-9
-1.0045824308800148e-9
-5.575899533811576e-10