1.4915364470048926
1.4917368709835324
1.4920417888494728
1.4924711148811316
1.4930147898127395
1.4936767848100139
1.4944500474461064
1.4953345965604574
1.4963239123446357
1.4974158308971124
1.4986036019773281
1.4998834436118158
1.5012480602866936
1.5026922965911935
1.5042081600067918
1.5057892544018026
1.5074268217467444
1.5091133270981227
1.5108392457463509
1.512596024053106
1.5143734461831124
1.516162116776722
1.5179513000507312
1.5197310244276476
1.5214903197010812
1.5232190143319084
1.524906314593044
1.5265423446432942
1.5281170209755088
1.5296213698838024
1.5310466546746995
1.5323854930230352
1.5336311956355813
1.5347786965391268
1.5358240619105925
1.5367652393561344
1.5376016956864151
1.5383349867322202
1.5389684838330373
1.539507763729905
1.539960386024602
1.5403361031702756
1.5406466554489737
1.540905803911162
1.5411291155669387
1.5413338270358516
1.541538600479232
1.541763232283763
1.5420283693847723
1.5423550849205787
1.5427645544005855
1.5432775281587985
1.543913976504945
1.5446924960556236
1.5456299416336248
1.5467408091706916
1.5480368787155372
1.5495266196349124
1.5512148727860209
1.5531023234433445
1.555185250887823
1.5574551104667853
1.559898375373383
1.5624962616057325
1.5652246798976146
1.56805412672356
1.570949755064045
1.5738714421439395
1.5767739772648781
1.5796073041405556
1.5823168139174284
1.5848437483466893
1.5871255777996094
1.5890965424573777
1.5906880897280296
1.5918295250387131
1.592448481128638
1.5924716481437298
1.5918252486855498
1.5904358182971916
1.588230664120168
1.585138670508662
1.5810907244560168
1.576020525636452
1.5698649670130373
1.5625649327208546
1.5540656262160293
1.544317342014104
1.533275735569416
1.520902555415672
1.5071658484476984
1.4920406375322637
1.4755090533712065
1.4575609397640756
1.4381938996148786
1.417413806721667
1.3952347498777429
1.3716794274871646
1.3467789712882436
1.320573199352001
1.2931103007703055
1.2644469245867878
1.234647709631653
1.2037851922574254
1.171939171811573
1.1391964289239929
1.105649926916966
1.0713983445857598
1.036545126680039
1.0011978498529164
0.965467150138038
0.9294659566091029
0.8933083388161038
0.8571086576879423
0.82098038894619
0.7850352524982079
0.7493820764787181
0.7141259724571626
0.6793673068402394
0.6452009879042282
0.6117156055994416
0.5789928871262597
0.5471070528471643
0.5161244807419518
0.4861033067803684
0.4570933174143983
0.42913580023747383
0.4022636609375179
0.3765015078022058
0.35186596871114617
0.32836597428764475
0.3060032344408654
0.2847726720823907
0.26466300920606217
0.24565729716993925
0.22773355974260936
0.210865366762492
0.19502248518577514
0.18017144918991265
0.16627617839423464
0.15329850729031988
0.14119874048243028
0.12993611570226957
0.11946927723054757
0.1097566579471874
0.10075686253804331
0.09242896378845043
0.08473279577430208
0.07762916722023938
0.07108007117631007
0.06504882351673726
0.05950019959921474
0.05440050902677158
0.04971767175610864
0.045421241456083096
0.04148243390730148
0.03787411113168138
0.034570774180681434
0.03154851914396199
0.028785004993979128
0.02625939100883291
0.023952288583265112
0.021845687833261393
0.019922900461273995
0.01816848156704057
0.01656816894259404
0.015108804531388525
0.013778274026218718
0.012565431067546927
0.011460039768123414
0.010452703644174452
0.009534812698624776
0.008698478227114004
0.007936485337599268
0.007242234140641328
0.006609698034609271
0.006033371341728478
0.00550823330845785
0.005029701949162409
0.004593603464523255
0.004196131869431643
0.0038338233861789643
0.003503521332675507
0.0032023549742594224
0.002927709108160576
0.00267720683591683
0.002448683280755203
0.0022401717545922945
0.002049881071905041
0.001876184618200539
0.0017176007661058596
0.0015727843966592335
0.0014405099730259133
0.0013196651154521947
0.001209235939934394
0.0011083023378208369
0.0010160252375003248
0.0009316432876757232
0.0008544617476279783
0.000783850317517502
0.0007192334059088829
0.0006600888902888287
0.000605939548847857
0.0005563525694828419
0.0005109319662946845
0.00046931868576155776
0.0004311838572583036
0.0003962293711410032
0.00036418183720453366
0.0003347935315167569
0.0003078369575542686
0.0002831060772158955
0.0002604113868797169
0.0002395813635637197
0.0002204579827817727
0.00020289832373439885
0.0001867704680268871
0.00017195521845874583
0.00015834232778082856
0.00014583229445884043
0.00013433287902037656
0.00012376094740232596
0.00011403923936062508
0.00010509823593742811
0.00009687315012196968
0.00008930579981554416
0.00008234179564912654
0.00007593240477194633
0.00007003191462501396
0.00006459947609095801
0.00005959662523794144
0.00005498909697642366
0.00005074448944591835
0.00004683404143774847
0.00004323042629749135
0.00003990948808180721
0.00003684815367441527
0.000034026124023873124
0.00003142389468802888
0.00002902439960907835
0.000026811131565963688
0.000024769736832987938
0.000022886228076862512
0.000021148528956373953
0.00001954477288774254
0.000018064797208611454
0.00001669852198231817
0.00001543739379698394
0.000014272839410930003
0.00001319765960905295
0.000012204553028124267
0.000011287460766019417
0.000010440156183517513
9.657541172045657e-6
8.934298121330613e-6
8.2661389101392e-6
7.648515567761139e-6
7.077823169565382e-6
6.550166013850967e-6
6.062515687884673e-6
5.611529837556464e-6
5.194666726428318e-6
4.809053899959648e-6
4.452560595291357e-6
4.122713799571579e-6
3.817729886054453e-6
3.5354757413832175e-6
3.274461007632752e-6
3.0328421097018097e-6
2.809376476052314e-6
2.602467437444382e-6
2.4110817836718134e-6
2.2338336310799593e-6
2.069866650479027e-6
1.91797511515993e-6
1.7774521079421945e-6
1.6472460653673385e-6
1.526776240772981e-6
1.4151231553523723e-6
1.3118125602691273e-6
1.2160382924621948e-6
1.1274159429598675e-6
1.0452366956386436e-6
9.691918717344659e-7
8.986564040397766e-7
8.333853896871098e-7
7.728259211763118e-7
7.167867412561567e-7
6.647772162963804e-7
6.166511488643413e-7
5.719717387926533e-7
5.306305711155217e-7
4.922374661600569e-7
4.567156230871707e-7
4.2371531282192856e-7
3.9318612070477683e-7
3.6481348539291665e-7
3.3856894819764083e-7
3.1416858751263283e-7
2.91602147388405e-7
2.706124608176481e-7
2.5120429604798293e-7
2.3314390339246788e-7
2.164483847554629e-7
2.009045377265818e-7
1.8653952182234025e-7
1.7315821063142086e-7
1.6079589737381417e-7
1.4927340094321355e-7
1.3863252356112435e-7
1.2870818984195762e-7
1.1954734056858116e-7
1.109974155072412e-7
1.0310933964258988e-7
9.574169050136715e-8
8.894840654274128e-8
8.259800831011732e-8
7.674663305594985e-8
7.127170621974362e-8
6.623088175129578e-8
6.150958629187973e-8
5.71664210195948e-8
5.309402556511287e-8
4.935147450910877e-8
4.583793156307937e-8
4.261255207212624e-8
3.958042039923475e-8
3.6800448896641075e-8
3.418311280789139e-8
3.178681613691752e-8
2.952695878128283e-8
2.746122051910051e-8
2.550951456043902e-8
2.3728622457675462e-8
2.2042606857993287e-8
2.0507212492361936e-8
1.9050328675236816e-8
1.772655461127423e-8
1.646731916076436e-8
1.5325992492220013e-8
1.4237286853201292e-8
1.3253281062555054e-8
1.2311741533240303e-8
1.1463411212506777e-8
1.0648904931075944e-8
9.917600136000374e-9
9.212774822082542e-9
8.582423734469643e-9
7.972320704659306e-9
7.429070902827127e-9
6.9007923816375765e-9
6.432702407507439e-9
5.975125438603261e-9
5.571899536203633e-9
5.175429895146954e-9
4.828189808505607e-9
4.484550254408652e-9
4.185638837544796e-9
3.887686839499448e-9
3.6304989681234332e-9
3.3720697218653513e-9
3.1509066225069827e-9
2.926677748868711e-9
2.7366213902732436e-9
2.5419961917947663e-9
2.378800826192689e-9
2.2098073808515644e-9
2.069805686555857e-9
1.9230093836788933e-9
1.8030309492977307e-9
1.6754583242451204e-9
1.5727584283472591e-9
1.4618303267767718e-9
1.3740270995481401e-9
1.2774992901460924e-9
1.202517382791533e-9
1.1184267221664312e-9
1.0544455330743538e-9
9.810596392199666e-10
9.264639167648651e-10
8.622319824821264e-10
8.155621860976372e-10
7.590639909594121e-10
7.189630585336096e-10
6.688523115392096e-10
6.340043226430875e-10
5.889410291574014e-10
5.579954765841552e-10
5.165598363763642e-10
4.880325350805011e-10
4.4860959249930864e-10
4.207472380295398e-10
3.8136660033431326e-10
3.51956004997928e-10
3.100636509472486e-10
2.761578104125283e-10
2.2828636324142457e-10
1.8580855294772106e-10
1.271267499371878e-10
7.070034371231523e-11
0.32241293369766605
0.32190867512319904
0.32112377549889487
0.320056422990974
0.3187554486045143
0.3172596952265349
0.3156312937005817
0.3139301398328106
0.3122314181955024
0.3106095054207219
0.3091490289217717
0.3079329678094769
0.30705033477180127
0.30658659059172483
0.3066293516813849
0.3072602972262495
0.3085596812488395
0.31059935443959386
0.3134465796466602
0.3171580011489454
0.3217831118822839
0.3273591041508693
0.33391423675564463
0.34146354054490685
0.35001225161765315
0.35955234553364446
0.37006612648954845
0.381523539882858
0.3938859343244031
0.4071040652332104
0.4211219795497922
0.43587558356961836
0.45129654442739847
0.4673112625807073
0.483844644966203
0.5008193035562455
0.5181590366480626
0.5357880741898269
0.5536341077389828
0.5716274221757072
0.5897033404920832
0.607801118415267
0.6258657137345409
0.6438463709420994
0.661697680478277
0.6793778385517565
0.696849022325868
0.7140753684113218
0.7310227480689206
0.7476565593396182
0.7639410348593343
0.779836981131794
0.795300785151523
0.8102822557919157
0.8247235110014922
0.8385570790256083
0.851704845009948
0.8640765548163816
0.8755689805469957
0.8860649404558805
0.895432811402105
0.9035261399338747
0.910183591498584
0.9152291861637438
0.9184727354401537
0.9197106971916648
0.9187271165208201
0.9152950631426456
0.9091780669858253
0.9001320809169414
0.8879073866048262
0.8722510169446501
0.8529091029008011
0.829629691506742
0.8021655065853736
0.7702771050589242
0.7337360275897686
0.6923282407867182
0.6458576497693629
0.59414976789977
0.5370555434142856
0.4744551733291272
0.40626215391232473
0.3324271064985358
0.2529418947367824
0.16784325829155328
0.07721675359630184
-0.01880009437898588
-0.12001436369332587
-0.22617543884501096
-0.33697250967494086
-0.45203356255149985
-0.5709242644124058
-0.6931486867791927
-0.8181500174734678
-0.9453134091621544
-1.0739688727526027
-1.2033965126575839
-1.332831789375096
-1.461473199573801
-1.5884898592259244
-1.7130314230960064
-1.8342376561257305
-1.9512500925724277
-2.063222967050248
-2.1693358285969895
-2.268804938623282
-2.360895827228872
-2.4449340824125114
-2.5203167130977375
-2.5865211972059057
-2.6431145367000584
-2.689759531285695
-2.7262205932394195
-2.7523664725060697
-2.7681722312356385
-2.773718036568106
-2.7691871322021666
-2.7548607783254333
-2.731112529667386
-2.6983998595745353
-2.657255479472789
-2.6082765564739288
-2.552114115317379
-2.4894609847351257
-2.421040463329311
-2.347594180162995
-2.2698711701856693
-2.1886167170289608
-2.1045627963028064
-2.0184187225236174
-1.9308636301154543
-1.842539429357296
-1.7540456662222144
-1.6659349648995867
-1.5787102957630175
-1.4928227951776583
-1.4086712183633914
-1.326601813779537
-1.2469095673492203
-1.1698396817728114
-1.0955901343986012
-1.0243142672218637
-0.9561241718838928
-0.8910939180407741
-0.8292633262342403
-0.7706414294211841
-0.7152102757909211
-0.662928308978104
-0.6137339381321446
-0.5675486185262786
-0.5242800196310026
-0.48382467645886573
-0.44607066778668736
-0.41089978199105354
-0.3781896817102977
-0.3478155830840353
-0.31965192885966276
-0.29357361716592445
-0.2694572338591013
-0.24718188861115034
-0.22663007213617947
-0.2076881667860093
-0.19024699868308198
-0.174202090664443
-0.15945397661679625
-0.14590825961546197
-0.13347574875176213
-0.12207237720249109
-0.11161921275520179
-0.10204228118619786
-0.09327249208068696
-0.08524540355866865
-0.07790109585372894
-0.07118390487372728
-0.06504226790630727
-0.05942844612633108
-0.054298359983332774
-0.049611314700107045
-0.045329837401742235
-0.04141941485328887
-0.0378483401191213
-0.034587468132186584
-0.031610076468325324
-0.028891641652822323
-0.026409716315520807
-0.024143727240922844
-0.022074869557641
-0.020185926255729254
-0.018461178996598177
-0.01688624800632662
-0.01544801843177675
-0.014134499046965173
-0.012934762715208704
-0.011838822117572262
-0.010837582720777336
-0.009922733675052572
-0.009086711665499105
-0.008322605173243501
-0.007624127653687713
-0.006985533467233773
-0.006401598945078103
-0.005867548443809786
-0.0053790420027605285
-0.004932110139797192
-0.004523146956570855
-0.004148852457202652
-0.0038062301080210212
-0.003492535618077191
-0.0032052781014113487
-0.002942174403556479
-0.002701153143371778
-0.002480313800519298
-0.0022779330288500653
-0.002092427835539291
-0.0019223636586554631
-0.0017664210695362626
-0.0016234051940932086
-0.001492215457041589
-0.0013718560007453529
-0.0012614080643469083
-0.0011600411168219875
-0.0010669875272868625
-0.000981554181765209
-0.0009030991543854971
-0.0008310436214877387
-0.0007648502883977401
-0.0007040354511611446
-0.0006481489713187961
-0.0005967863658722438
-0.0005495701540809446
-0.0005061618812331563
-0.00046624468790256194
-0.0004295351935885252
-0.00039576716093914753
-0.00036470318208128464
-0.0003361193287513343
-0.0003098165977931976
-0.000285606453541853
-0.00026332200006289936
-0.00024280433501668017
-0.0002239134251960453
-0.00020651520188766666
-0.00019049212351056856
-0.00017573095154281546
-0.00016213298988414522
-0.000149602488027014
-0.00013805655142051242
-0.00012741412498082377
-0.00011760557243373408
-0.00010856219868460168
-0.00010022549903874016
-0.00009253718355341608
-0.00008544809932350049
-0.00007890872385686445
-0.00007287776538541546
-0.00006731309565533487
-0.00006218003457799783
-0.000057442695702515985
-0.000053071962536566104
-0.00004903722244882661
-0.00004531404273141118
-0.00004187627082855996
-0.00003870341873332576
-0.00003577310930960791
-0.00003306817795936314
-0.000030569446441839915
-0.00002826255094929443
-0.000026131026266590436
-0.000024162869482086326
-0.000022343918602854484
-0.000020664161126606893
-0.00001911139235777966
-0.00001767727799524979
-0.000016351278403313657
-0.00001512647424410728
-0.000013993743862489776
-0.000012947360824190472
-0.000011979412389325401
-0.000011085177617627408
-0.000010257775643948306
-9.493332788811928e-6
-8.785850020996942e-6
-8.132167271808702e-6
-7.527040083294979e-6
-6.9679090734818576e-6
-6.450176331197863e-6
-5.971787721409208e-6
-5.52870010515928e-6
-5.119283912548857e-6
-4.73997274415248e-6
-4.389493376883e-6
-4.064689745867786e-6
-3.7645872875978613e-6
-3.486383712438929e-6
-3.2293543317992505e-6
-2.991002414476105e-6
-2.7708118914063173e-6
-2.5665504467202094e-6
-2.377875745969134e-6
-2.202784747513496e-6
-2.041079358701784e-6
-1.89095576717079e-6
-1.752335194823941e-6
-1.6235873436170018e-6
-1.5047316897233111e-6
-1.394289416036381e-6
-1.2923604688564112e-6
-1.1975986110835148e-6
-1.1101692512437737e-6
-1.0288424984356318e-6
-9.538365685774753e-7
-8.840239557210825e-7
-8.19665023022647e-7
-7.597226260484034e-7
-7.044903060673222e-7
-6.530109103372819e-7
-6.056036227694113e-7
-5.613823247011808e-7
-5.206855226350971e-7
-4.826903814027923e-7
-4.4774944035726574e-7
-4.1509642976449845e-7
-3.8509350533254617e-7
-3.570251287331208e-7
-3.3125939547372625e-7
-3.071264221951208e-7
-2.8499719441767026e-7
-2.6424305718160213e-7
-2.45235366904392e-7
-2.2738282848731275e-7
-2.1105509918274333e-7
-1.9569485490640517e-7
-1.8166836340815199e-7
-1.68449295595033e-7
-1.5639916020448322e-7
-1.4502000282121373e-7
-1.346674744490081e-7
-1.248696819310852e-7
-1.1597554809095308e-7
-1.0753719275500562e-7
-9.989613227455162e-8
-9.262668059340028e-8
-8.606243076809581e-8
-7.979827079592929e-8
-7.415948902024956e-8
-6.876009999235006e-8
-6.391681919134274e-8
-5.926149027725748e-8
-5.510208218503393e-8
-5.1087100962425885e-8
-4.7515673835542176e-8
-4.405191662717763e-8
-4.098608466427247e-8
-3.799695074092938e-8
-3.536592157976045e-8
-3.2785561629131646e-8
-3.0528496039882487e-8
-2.8300292447781187e-8
-2.6364896930243493e-8
-2.4440159492584818e-8
-2.2781478077064875e-8
-2.1118323906028237e-8
-1.9697700184703305e-8
-1.8260090908203806e-8
-1.7044275291182794e-8
-1.5801188263266758e-8
-1.4761568739132538e-8
-1.3686281944733714e-8
-1.2798219280262556e-8
-1.1867691966296668e-8
-1.110994232249335e-8
-1.0304275119434356e-8
-9.658484472576834e-9
-8.96044384453859e-9
-8.410699312371914e-9
-7.805291489405763e-9
-7.337714538217838e-9
-6.8117934629757444e-9
-6.414158780345058e-9
-5.956050750619974e-9
-5.617411945493771e-9
-5.216536099285387e-9
-4.926834772905654e-9
-4.57329265066037e-9
-4.322919917876713e-9
-4.007018005292006e-9
-3.78628596186841e-9
-3.497940809817881e-9
-3.296403838220345e-9
-3.0243577585278473e-9
-2.8298971211037757e-9
-2.5606401314508325e-9
-2.3581858315235558e-9
-2.0744313832681577e-9
-1.8441366696356233e-9
-1.5226283689421133e-9
-1.237239988015343e-9
-8.457625961150775e-10
-4.694971823511483e-10
-1.6678047914615854
-1.6655725371189143
-1.6619239068687044
-1.656895673258393
-1.6505840094042643
-1.643087278608391
-1.634540450399184
-1.6250835337509526
-1.6148847227682581
-1.6041142300878743
-1.592963266323178
-1.5816193632817421
-1.5702834381109387
-1.5591453600001706
-1.5484000790880523
-1.538223060207246
-1.5287860308154593
-1.5202322973442544
-1.512692512358801
-1.5062601011054675
-1.5010073894125504
-1.4969614871007735
-1.4941210845795725
-1.492433194227561
-1.4918108829730181
-1.4921112738873672
-1.4931544205675424
-1.494702927526324
-1.4964820879647676
-1.4981614035949655
-1.4993760064100872
-1.4997102593228995
-1.4987203752068479
-1.4959201728109541
-1.4908047036953598
-1.482838134763713
-1.471478103974577
-1.4561656083317038
-1.4363497355291108
-1.411479355315126
-1.3810278140633228
-1.3444861539253425
-1.3013873043125597
-1.2513004805768004
-1.1938543536173547
-1.1287322029327966
-1.0556934898189887
-0.9745692592424875
-0.8852814876830126
-0.7878381539342871
-0.6823496934075979
-0.5690231086985104
-0.4481748605809794
-0.32022339089957585
-0.1856978433913604
-0.04522845110871233
0.10044936841838668
0.25050713176154193
0.40402402341012483
0.5600016123212416
0.7173692725039458
0.8750012287263955
1.0317261146883168
1.1863456800392889
1.3376475239890655
1.484424422955556
1.6254889295225692
1.7596920070342095
1.8859379732917867
2.0032010215960017
2.110538971484675
2.207106356253847
2.2921656422148082
2.365095872256137
2.4254004095750865
2.4727106016315075
2.506789628970716
2.527531210436289
2.534959694828441
2.5292243602135414
2.5105963670234983
2.4794596075491926
2.436305450439501
2.3817212952043687
2.3163841263394382
2.241047894792991
2.1565367660737094
2.0637322158619504
1.9635665566091862
1.8570102773023511
1.7450660642208469
1.6287565437196565
1.5091186868204236
1.387191836762632
1.2640122000592156
1.1406009353048625
1.017958438808848
0.8970523636173485
0.7788116017573515
0.6641143590883478
0.5537820576260701
0.4485679289299225
0.3491514080778292
0.25612801529769164
0.17000507548099444
0.09119382856211906
0.0200073927293374
-0.04334399289735244
-0.09875198277464949
-0.14621110754702965
-0.18581433710481943
-0.2177500875517773
-0.24229439249096166
-0.25980426277895446
-0.2707070462316468
-0.2754909698121742
-0.27469270415803276
-0.26888628239031337
-0.2586701442371409
-0.2446557804784281
-0.22745556409540446
-0.20767239373238225
-0.18588943323876317
-0.16266175423758236
-0.13850875595758871
-0.1139084088778911
-0.08929269843014925
-0.06504463882192175
-0.04149666635221545
-0.018930208110916644
0.0024233845191564086
0.0223812054078973
0.04080594029805039
0.057602814057763664
0.07271551608225958
0.08612238587542292
0.09783178068725586
0.1078780843086495
0.11631706667234132
0.12322216641587012
0.12868023922374366
0.13278840934915306
0.13565044567665713
0.13737433057750134
0.13806936435560574
0.13784448009039982
0.13680607136804043
0.13505699699607007
0.132695057106164
0.1298125813942083
0.12649544145571895
0.12282309497875676
0.11886801056297061
0.11469604031488494
0.11036613937453613
0.10593095279942215
0.1014367282016723
0.09692402301904418
0.09242772920805466
0.08797782907209585
0.08359947179664676
0.0793137267547563
0.07513767036573009
0.07108510350489428
0.06716662254837998
0.06339028153049242
0.05976163302112738
0.05628432605283114
0.05296011091857142
0.049789371073465635
0.04677109156376245
0.043903327701094064
0.0411831402492126
0.03860700629618267
0.03617072611879669
0.033869782902419515
0.03169922687673585
0.029653990817230212
0.027728757000031527
0.0259182351203821
0.0242170171478914
0.022619823675827676
0.021121351082134907
0.01971649155789244
0.018400176234366017
0.017167573345276015
0.01601393025284389
0.014934753445792722
0.013925651736412926
0.012982501121133814
0.012101290848630923
0.011278275587358489
0.010509825587548993
0.009792568111805393
0.009123242527464746
0.00849883255600106
0.007916426827342707
0.00737334318135928
0.0068669949808354575
0.006395008442269877
0.005955094827485904
0.0055451615800531946
0.005163190385875511
0.004807342735390203
0.004475843751112828
0.004167082675333076
0.0038795022991815675
0.0036116947831916417
0.0033622964811092612
0.003130079430159511
0.0029138513380022445
0.0027125430257811506
0.0025251133339514605
0.0023506327601993298
0.00218819303592871
0.0020369871697939407
0.0018962234488222934
0.0017652020741922353
0.0016432333473186355
0.0015297110657898135
0.0014240346637906845
0.0013256795213894077
0.0012341228393481793
0.0011489110031776156
0.0010695889839131406
0.0009957648887537194
0.0009270426912184387
0.0008630840921795021
0.0008035443945827904
0.0007481317918515206
0.0006965462138049191
0.0006485361534410961
0.0006038403216606506
0.0005622421181127402
0.0005235139427313342
0.00048746941148828846
0.0004539101825317028
0.0004226760132203282
0.00039359396780125957
0.00036652640792128035
0.0003413224573015979
0.00031786401397754824
0.0002960193553422976
0.00027568725661772966
0.00025675262697674
0.000239128815168069
0.00022271517422267387
0.00020743763172508203
0.00019320808690028091
0.00017996331973110368
0.00016762613004529944
0.00015614265651352373
0.0001454451727482336
0.00013548788417369102
0.0001262113011438768
0.00011757657874975599
0.00010953139159534688
0.00010204287879471806
0.00009506494934412269
0.000088569891858612
0.00008251704347200705
0.0000768831212677656
0.000071632191353345
0.00006674477644939795
0.00006218906524433567
0.0000579488482173311
0.0000539959106041405
0.000050316846240018636
0.000046886580478598055
0.000043694109647850524
0.000040717103077751585
0.00003794661366297517
0.00003536271078819806
0.00003295820548232405
0.000030715268497121685
0.00002862821161642662
0.00002668104745751799
0.000024869366661864863
0.00002317879816111292
0.000021606020220464486
0.00002013808195317812
0.000018772584510521672
0.000017497826550075656
0.000016312190264299703
0.00001520507531755961
0.000014175522875698628
0.000013213904232680283
0.000012319814543151267
0.000011484483969269126
0.000010707971424182694
9.982267589711327e-6
9.307817648094399e-6
8.677286957842769e-6
8.091440481253312e-6
7.543543264570068e-6
7.034623056926136e-6
6.558479027074515e-6
6.1163529130189365e-6
5.7025206257180025e-6
5.3183961651688104e-6
4.95868191598755e-6
4.62492851271175e-6
4.312220727003823e-6
4.022215460096757e-6
3.750341160242115e-6
3.498335161316688e-6
3.261935555423593e-6
3.042938181566537e-6
2.8373608151614546e-6
2.647039237310492e-6
2.4682444933050613e-6
2.3028366394364865e-6
2.147316669061747e-6
2.0035557382003313e-6
1.8682641629035033e-6
1.7433131653141502e-6
1.6256041122551674e-6
1.5169990982713863e-6
1.4145743247076596e-6
1.3201751438748597e-6
1.231038172449659e-6
1.148985759764151e-6
1.0714020910143308e-6
1.0000814112864483e-6
9.325440045800952e-7
8.705519021505507e-7
8.11751224385611e-7
7.578685260210663e-7
7.066665610133871e-7
6.598338669011309e-7
6.152415594354616e-7
5.745382326063113e-7
5.356959112951203e-7
5.003218411056898e-7
4.6648222497015284e-7
4.35741996826725e-7
4.062554431451635e-7
3.795445956344077e-7
3.538462921898854e-7
3.306393852060878e-7
3.0823822955231873e-7
2.880784837649055e-7
2.685474263376057e-7
2.510377261817893e-7
2.3400538371843042e-7
2.188004636737348e-7
2.03943835077469e-7
1.907434928956177e-7
1.7778163191917393e-7
1.6632483315895606e-7
1.5501335154565605e-7
1.450731076953911e-7
1.351993990895651e-7
1.2657831706847409e-7
1.179574064307214e-7
1.1048382066741567e-7
1.0295475638719446e-7
9.647936624016738e-8
8.990208287084818e-8
8.429502810197956e-8
7.854761684530393e-8
7.369593235436467e-8
6.867226424779119e-8
6.447766245824061e-8
6.008531577937083e-8
5.646225101956994e-8
5.2620699775236924e-8
4.9494673751972305e-8
4.6133698264848506e-8
4.343976924407486e-8
4.049805270759335e-8
3.81795131695565e-8
3.560338942909359e-8
3.36105775052512e-8
3.135289491070594e-8
2.964210341167053e-8
2.7661166837634497e-8
2.6193609473302728e-8
2.445215667929839e-8
2.3192943116802164e-8
2.1657101244359958e-8
2.0574159377993985e-8
1.9212310632235086e-8
1.8275173500354497e-8
1.7056633066583034e-8
1.6234975737449467e-8
1.5128345464312968e-8
1.4390108715185952e-8
1.3361110705322638e-8
1.266997570514016e-8
1.1678481279891123e-8
1.099035129769888e-8
9.986188898816662e-9
9.244173329433175e-9
8.161103168700405e-9
7.2882611175121276e-9
6.03521887429027e-9
4.92402542152229e-9
3.373114806114497e-9
1.8808899954211447e-9