-1.6677330511572746e-11
-1.1456152991888691e-9
-8.869048443227869e-9
-3.695301395273999e-8
-1.1241621098654514e-7
-2.787189239371925e-7
-6.004563417368334e-7
-1.1662917105970322e-6
-2.093326169255002e-6
-3.5294037903218484e-6
-5.657351421809773e-6
-8.696462177349732e-6
-0.000012906792120758626
-0.000018589736527158633
-0.00002609259106969415
-0.000035808211641672185
-0.00004818005370689212
-0.00006370095165636382
-0.00008291882685720897
-0.00010643463347152718
-0.00013490887008912533
-0.00016905871594859523
-0.00020966539727967847
-0.00025757048628584724
-0.00031368407214729
-0.0003789801250404671
-0.0004545053182270583
-0.0005413732840513917
-0.0006407738445791104
-0.000753965920024775
-0.0008822868668887635
-0.0010271437539379842
-0.001190022490744685
-0.0013724771703597497
-0.0015761387034770543
-0.0018027019427293302
-0.002053933616940373
-0.00233165699574212
-0.0026377590358494718
-0.0029741724072064003
-0.0033428819043574954
-0.0037459037237307286
-0.0041852913397935464
-0.004663111983209252
-0.005181452314224973
-0.005742392089968239
-0.006348010068068479
-0.007000354857303147
-0.007701451536920074
-0.008453269650432058
-0.00925773101821445
-0.010116674755782103
-0.01103186668195049
-0.012004961122515199
-0.013037512174672949
-0.014130931905858386
-0.015286503540923856
-0.01650533550885398
-0.017788376403721558
-0.019136364211799185
-0.02054984271267407
-0.02202910519721305
-0.023574211892285413
-0.025184927630015518
-0.026860739977615077
-0.028600790711962032
-0.030403894683265074
-0.03226846563220853
-0.0341925364432914
-0.03617368080769159
-0.03820903639558837
-0.040295225033507506
-0.04242838132871713
-0.044604075226371796
-0.04681734955469511
-0.04906264981278491
-0.05133387471659232
-0.053624318565887674
-0.05592673889378538
-0.05823331651951925
-0.06053574363277628
-0.06282520550150741
-0.06509249067769644
-0.06732799629797874
-0.06952185967785897
-0.07166398641126603
-0.07374419971564908
-0.07575228748332544
-0.07767816280091758
-0.079511923239063
-0.08124401353144284
-0.08286528825445444
-0.08436716622611372
-0.08574168678864069
-0.08698164545011994
-0.08808063451623163
-0.08903315098710463
-0.08983461429728269
-0.09048144034735905
-0.09097103231731084
-0.09130181852484229
-0.09147321613325324
-0.0914856346398771
-0.09134041610397536
-0.09103980974361961
-0.09058689534483058
-0.08998553701465119
-0.08924029812765098
-0.08835638329889114
-0.08733955328989623
-0.08619606361557498
-0.0849325863455037
-0.08355615170634605
-0.08207408110997487
-0.08049393523852388
-0.07882345959605336
-0.07707053961925386
-0.07524315734445523
-0.07334935179435581
-0.07139718360244425
-0.06939469777733376
-0.06734989265189666
-0.0652706822569238
-0.06316486670213857
-0.06104009256329196
-0.0589038233634948
-0.056763298087629914
-0.05462550223870778
-0.05249712624827245
-0.050384539068271575
-0.04829374935510514
-0.04623038433509332
-0.04419965694421054
-0.04220635264981062
-0.04025480523696546
-0.03834889350623891
-0.03649202733316301
-0.03468715498043952
-0.03293675974713032
-0.031242877369638038
-0.029607102341597417
-0.028030613813688716
-0.026514189734958973
-0.025058238967757322
-0.02366282088485099
-0.022327681141327323
-0.02105227425484898
-0.01983580057268366
-0.0186772295823548
-0.017575335974022537
-0.016528721857688045
-0.015535850327728758
-0.014595065282930553
-0.01370462144311169
-0.012862700984537692
-0.012067439459177334
-0.011316938907428143
-0.010609289542093673
-0.009942579350910185
-0.009314911711657062
-0.008724411741542827
-0.008169240209367799
-0.007647597036584648
-0.0071577319818285565
-0.0066979457672460135
-0.006266598050060359
-0.005862106658099026
-0.005482953352963406
-0.005127681629979607
-0.004794900736178029
-0.0044832824383963035
-0.004191563701180553
-0.003918542764858704
-0.003663080824264944
-0.0034240976949403614
-0.0032005727703741022
-0.0029915404945616477
-0.0027960908175289896
-0.0026133646393411048
-0.002442553933184754
-0.002282897280853025
-0.002133679790335322
-0.001994228805942981
-0.001863913712962062
-0.00174214187637557
-0.0016283583979460302
-0.0015220423150004256
-0.0014227063543457697
-0.0013298934057688087
-0.0012431763014020666
-0.0011621545664034507
-0.0010864542407904984
-0.0010157249012482258
-0.0009496395341523555
-0.0008878918167804208
-0.0008301960444855124
-0.0007762846560591446
-0.000725908214179957
-0.0006788331577330255
-0.0006348418322418448
-0.0005937304511406919
-0.0005553091715096338
-0.0005194002462843898
-0.0004858381399473881
-0.0004544678541802746
-0.0004251450779965355
-0.000397734670198857
-0.00037211083859854123
-0.00034815576369761795
-0.0003257598020009799
-0.00030482023649366186
-0.00028524149953567367
-0.00026693403688009677
-0.0002498145461752958
-0.00023380494242501536
-0.00021883260867409948
-0.0002048294519123382
-0.0001917321630604675
-0.00017948135334900497
-0.00016802182122892915
-0.00015730176021053132
-0.0001472730307933374
-0.0001378904316149252
-0.00012911197492362727
-0.00012089821367154097
-0.00011321251943561251
-0.00010602045879331897
-0.00009929007293997217
-0.0000929912973098196
-0.00008709624244141939
-0.0000815786513615311
-0.00007641418151884782
-0.00007157989493530215
-0.00006705454126422651
-0.00006281807614285619
-0.00005885194564010557
-0.0000551386286160351
-0.00005166192301080066
-0.0000484065083387158
-0.0000453582344362106
-0.000042503700496339316
-0.00003983054704123117
-0.00003732704814155174
-0.000034982407512994715
-0.00003278636076612624
-0.000030729476650241944
-0.000028802766348120446
-0.00002699799100447681
-0.000025307275215729696
-0.000023723422094324614
-0.00002223952820962202
-0.00002084930754678529
-0.000019546705235389942
-0.000018326231870607777
-0.000017182573422464764
-0.000016110937492033412
-0.000015106656829147352
-0.000014165549208035047
-0.000013283511992794698
-0.000012456897425279731
-0.00001168209567451874
-0.000010955927446888139
-0.000010275212927214052
-9.637183744026397e-6
-9.039035165108485e-6
-8.478359579811721e-6
-7.952679249319318e-6
-7.459903606369085e-6
-6.997839776999775e-6
-6.5646761465888206e-6
-6.15846776996144e-6
-5.777648811533236e-6
-5.4204898410569815e-6
-5.085641927664173e-6
-4.7715626799415805e-6
-4.477094959925511e-6
-4.200858367384925e-6
-3.9418657394050815e-6
-3.698876602682365e-6
-3.4710548392175425e-6
-3.257280432795499e-6
-3.0568519143276503e-6
-2.8687525104613075e-6
-2.692401230684755e-6
-2.5268692876954123e-6
-2.371683958701683e-6
-2.2259908829418597e-6
-2.0894151207160563e-6
-1.96116464772829e-6
-1.8409533482989683e-6
-1.7280407124287953e-6
-1.6222218406736937e-6
-1.5227980066938638e-6
-1.429639119417114e-6
-1.3420794428920646e-6
-1.2600583551384446e-6
-1.1829351161803952e-6
-1.1107141909206556e-6
-1.0427725192164692e-6
-9.791761295223923e-7
-9.193128974310636e-7
-8.633076683504333e-7
-8.105529823260222e-7
-7.612304606271166e-7
-7.14731427543501e-7
-6.712928853665578e-7
-6.302993728604556e-7
-5.920424746027765e-7
-5.558946165066885e-7
-5.222017212133399e-7
-4.903189534862824e-7
-4.606468501586362e-7
-4.3251828766522473e-7
-4.0638918653737336e-7
-3.8156517494897014e-7
-3.5855879850119176e-7
-3.366434957494235e-7
-3.1639013611681877e-7
-2.9703499860804523e-7
-2.7920942190396207e-7
-2.6210748275857013e-7
-2.4642357513509435e-7
-2.3130441582149209e-7
-2.175104818152529e-7
-2.0413581651084204e-7
-1.9201044998011964e-7
-1.8017024177805697e-7
-1.695186971703972e-7
-1.5902774627832268e-7
-1.4967875192086486e-7
-1.4037369371074279e-7
-1.3217665143281124e-7
-1.23913318481041e-7
-1.1673584389418548e-7
-1.0938694344928595e-7
-1.031127038238717e-7
-9.656577521408233e-8
-9.10925902857016e-8
-8.524820618952405e-8
-8.048637953738819e-8
-7.525656277219713e-8
-7.112741574465755e-8
-6.643424465492125e-8
-6.286882859889784e-8
-5.864320798065766e-8
-5.558117380125207e-8
-5.176175148938521e-8
-4.915035658137207e-8
-4.568256717202831e-8
-4.3475803887434233e-8
-4.031102487749752e-8
-3.84688562948313e-8
-3.556366282901538e-8
-3.405135376613638e-8
-3.136685964229927e-8
-3.015438774058591e-8
-2.765566181458447e-8
-2.67172061507741e-8
-2.4372755084134083e-8
-2.3686245398022645e-8
-2.1467555522181827e-8
-2.1014282287726457e-8
-1.8895410969341838e-8
-1.8659684013890237e-8
-1.6616896370537222e-8
-1.6585747594997373e-8
-1.4597191132776828e-8
-1.4760120676125013e-8
-1.2805536256291591e-8
-1.3154289740728824e-8
-1.1214748319282438e-8
-1.174312871933166e-8
-9.800797197650472e-9
-1.0504502770063623e-8
-8.542428856046573e-9
-9.418917771916475e-9
-7.4208370677485514e-9
-8.469214643007109e-9
-6.419369965420862e-9
-7.640293530830893e-9
-5.523273519773991e-9
-6.918881380896169e-9
-4.719464754060982e-9
-6.2933163673321036e-9
-3.996330688565665e-9
-5.7533658085404134e-9
-3.3435518989571278e-9
-5.290061993872191e-9
-2.7519440444553066e-9
-4.895559676327204e-9
-2.213321937516003e-9
-4.563008344855559e-9
-1.7203755092172796e-9
-4.286444118849299e-9
-1.2665614461401623e-9
-4.060688970586508e-9
-8.459880163845669e-10
-3.881110379237758e-9
-4.521071630136988e-10
-3.73380652867786e-9
-1.5059788629680596e-11
-1.0517746670657088e-9
-8.080205672203043e-9
-3.362613518040888e-8
-1.017431341277965e-7
-2.5107494002043447e-7
-5.374116768870064e-7
-1.0370569566616262e-6
-1.8474211593198133e-6
-3.091132660741986e-6
-4.9145824790067525e-6
-7.4936853095918625e-6
-0.000011030500779585588
-0.000015761823415445857
-0.000021954124476021494
-0.00002991621501427146
-0.00003999269838589983
-0.0000525818043210296
-0.00006812731769797888
-0.00008714237167738294
-0.00011019948330422358
-0.00013796070776323088
-0.0001711650579824893
-0.0002106650613799945
-0.0002574105603955395
-0.0003124914596170478
-0.0003771167571195311
-0.0004526631624160478
-0.000540648203468839
-0.0006427844174920441
-0.0007609454702820377
-0.0008972257072772155
-0.0010538983309322694
-0.0012334801599023846
-0.0014386809487496523
-0.0016724731610084143
-0.0019380314265393455
-0.0022388069539950105
-0.002578455897971741
-0.0029609177396855576
-0.003390331028523652
-0.0038711147139050346
-0.00440786941351005
-0.005005460359400181
-0.005668902090595534
-0.006403441415779892
-0.007214423228859251
-0.008107371640797103
-0.009087834380730719
-0.010161459880944052
-0.01133381730413269
-0.01261046672994936
-0.013996751125484378
-0.015497855830671616
-0.017118567827084347
-0.018863319656582778
-0.020735910518274333
-0.022739529144663276
-0.024876431329546207
-0.02714793706090107
-0.02955406112011212
-0.03209348306127728
-0.03476313263945687
-0.03755813801316197
-0.04047137668964294
-0.043493417957491814
-0.04661206262373716
-0.04981230937723809
-0.05307592135509049
-0.05638146065935534
-0.059703933748119185
-0.06301495001037605
-0.06628250690434563
-0.06947133274724282
-0.07254287171657547
-0.07545586333958265
-0.07816657298514704
-0.08062963793203422
-0.08279855908034138
-0.08462680584928994
-0.08606854131187172
-0.0870799293937774
-0.08762001444366932
-0.08765212228178429
-0.0871447661119667
-0.08607298904721701
-0.08441913317357472
-0.08217394734968907
-0.07933704657125557
-0.07591761511248495
-0.0719344068569736
-0.06741591501642002
-0.06239982199705954
-0.0569325802308671
-0.05106830549511912
-0.04486780779316744
-0.03839702008320692
-0.03172561579154444
-0.024925155615984546
-0.018067508028333283
-0.011222959321337572
-0.00445869600281041
0.0021628588635838344
0.00858524949719084
0.01475919561156024
0.020643288555469763
0.026204595679428667
0.0314187526994685
0.03626992675557099
0.04075032532915307
0.04485959687235183
0.048603885059624784
0.0519948410859291
0.055048427840511324
0.057783770958889785
0.06022194462784053
0.0623848893833778
0.06429438666370574
0.06597122411212446
0.0674345001224473
0.06870113805640873
0.06978557506624826
0.07069963790805983
0.07145258569582087
0.07205128422767405
0.07250050963537355
0.07280331096466211
0.07296145166926968
0.07297583707730289
0.07284697361778061
0.07257535436684326
0.07216184355766202
0.07160794865826911
0.07091607755951686
0.07008966664157262
0.06913329774050887
0.06805268756081134
0.06685468229053453
0.06554713808649948
0.06413882906131589
0.06263925973742679
0.06105852741017958
0.05940710738927197
0.05769570656016115
0.05593505472594015
0.054135776662447586
0.05230821201335808
0.05046232201933303
0.04860754946815877
0.046752766239212595
0.04490617579789
0.04307530014154687
0.04126692109969859
0.03948710056108455
0.03774115337674381
0.03603369257461234
0.034368625443931135
0.03274921516487121
0.031178091985091996
0.02965732360817652
0.028188434593014594
0.026772479355880823
0.025410064506413924
0.02410141998249697
0.02284642062623823
0.021644652514198396
0.020495431467466917
0.019397862920631902
0.01835085616378795
0.01735317706812609
0.01640345766295186
0.015500241717079373
0.014641989791981669
0.013827118113305666
0.0130539995634148
0.01232099651871857
0.011626458406088754
0.010968749285027985
0.010346242641016473
0.009757344501634147
0.009200486116792224
0.008674143350827434
0.008176827835744358
0.007707103303206265
0.007263575713616974
0.006844907101708581
0.00644980509570737
0.0060770347590127175
0.005725407829433407
0.005393792954309754
0.005081104903905177
0.004786313521981982
0.004508433102122594
0.004246530311379367
0.003999713864288732
0.0037671416236589646
0.003548010663165019
0.003341563705706238
0.003147079631440595
0.0029638793790863005
0.002791316929597521
0.0026287847682782924
0.0024757053548619522
0.0023315362226847955
0.002195761931174147
0.0020678988619768374
0.0019474876394958258
0.001834097671486767
0.0017273200159420748
0.001626771704214715
0.0015320890275908293
0.0014429316746953245
0.001358976407799891
0.0012799210406272716
0.0012054784734813991
0.0011353805337769322
0.0010693723381260212
0.0010072160153282602
0.0009486853638318773
0.0008935694748249174
0.0008416676539251443
0.0007927929606697335
0.0007467673642432434
0.0007034252147201056
0.0006626086035304907
0.0006241707810862948
0.0005879716940060887
0.000553881363366149
0.0005217755715852129
0.0004915392153166757
0.00046306211597901603
0.0004362423615905129
0.0004109822154529146
0.00038719146136786676
0.00036478338584418834
0.00034367814160343323
0.000323798779007355
0.0003050746429636273
0.0002874374303187236
0.0002708246354432499
0.00025517561038354477
0.00024043507511559625
0.00022654915785173482
0.00021346898635219282
0.00020114668537256057
0.00018953906627674
0.0001786035591741567
0.00016830201842440044
0.00015859656635024494
0.0001494535334622141
0.00014083919077132365
0.00013272384361048007
0.00012507742925289516
0.00011787378484176905
0.00011108608596674818
0.00010469130993983473
0.00009866549067868316
0.0000929883998901132
0.00008763859225884193
0.00008259832855908816
0.00007784838442587155
0.00007337324023425052
0.00006915562576338277
0.00006518200359084667
0.00006143682027313932
0.000057908311271888055
0.00005458242851487453
0.00005144899617972111
0.000048495282985412896
0.00004571254001876426
0.000043089184293179344
0.00004061775190682862
0.000038287657431447994
0.00003609259772783966
0.00003402284969559538
0.000032073162571199025
0.000030234554089078275
0.000028502731591223697
0.000026869344127957074
0.000025330975375007612
0.000023879806700068642
0.000022513227767552394
0.000021223862379336344
0.000020009845915947957
0.000018864162713956483
0.00001778564284221181
0.000016767556278174176
0.000015809384809063436
0.000014904614935387785
0.000014053344941848665
0.000013249214013464077
0.000012492908237258445
0.000011778159863325866
0.000011106220609938537
0.00001047085984554863
9.873878299779946e-6
9.309029390731887e-6
8.77865179277402e-6
8.276432361192784e-6
7.805241480920887e-6
7.3586507068519196e-6
6.940060595963953e-6
6.54288008407731e-6
6.171042804705893e-6
5.817748571279826e-6
5.48747134567626e-6
5.1731558853856895e-6
4.8798277276677505e-6
4.600130572787118e-6
4.339657000648551e-6
4.090703555970113e-6
3.8594488993808305e-6
3.6377956056482586e-6
3.4325315913562393e-6
3.235117749446161e-6
3.0529779729325477e-6
2.8770825401558995e-6
2.7155222125287575e-6
2.5587259121504006e-6
2.415485860829446e-6
2.2756370195145336e-6
2.14871187426905e-6
2.0238965291360765e-6
1.911506612974775e-6
1.8000217639862767e-6
1.7005878330061648e-6
1.6009176141751278e-6
1.5130388967837325e-6
1.423833579724864e-6
1.3462677909886484e-6
1.2663251262559091e-6
1.1979711974042357e-6
1.1262195263498907e-6
1.0661017744925748e-6
1.001585496928479e-6
9.488400542835744e-7
8.907063758232065e-7
8.445689546854924e-7
7.920561201513534e-7
7.518510095402891e-7
7.042780016600797e-7
6.694087110918148e-7
6.261659686263824e-7
5.961064961015558e-7
5.566475197517716e-7
5.309349350670731e-7
4.947691233367703e-7
4.7299679066074945e-7
4.396827615147296e-7
4.214945430103641e-7
3.9063433397221335e-7
3.757193058948578e-7
3.469531509566778e-7
3.350408909786e-7
3.080426261767549e-7
2.9889936791852146e-7
2.733721068969558e-7
2.667968241392943e-7
2.4246938097934246e-7
2.382909136031138e-7
2.1491437372372373e-7
2.1298846773409275e-7
1.9033307769468979e-7
1.90540093479971e-7
1.6839275855519104e-7
1.7063550220017177e-7
1.487970349331408e-7
1.5299890738302807e-7
1.3128200676110664e-7
1.3738548547092946e-7
1.1561268316989634e-7
1.2357787408169372e-7
1.0157961480568046e-7
1.113831555347017e-7
8.899608237781479e-8
1.0062996694500248e-7
7.769544552813375e-8
9.116663551454154e-8
6.752922736655671e-8
8.285854216489788e-8
5.836452943599593e-8
7.558642810729781e-8
5.008287920328044e-8
6.924506152178437e-8
4.25782758779551e-8
6.374121997038964e-8
3.5755689619565514e-8
5.899269532508757e-8
2.9530024483872863e-8
5.492702471416737e-8
2.3824711249732405e-8
5.148051661453559e-8
1.85710390607583e-8
4.859731373330312e-8
1.3706964804309591e-8
4.62284997089937e-8
9.17625031411359e-9
4.432986544687074e-8
4.914413910169655e-9
4.275463788588333e-8
9.302858612719525e-11
6.483668348899746e-9
4.979861570738704e-8
2.07124698330381e-7
6.262940941521509e-7
1.5441038014939785e-6
3.3011904865330076e-6
6.360664540583233e-6
0.000011309253223553889
0.000018877577448734993
0.00002992567632140856
0.00004546860441069583
0.00006664567858126775
0.00009475671327435202
0.00013121552589420477
0.00017760294977138178
0.00023560581261423722
0.00030709274653352534
0.0003940398241332326
0.0004986341127019534
0.0006231864176141365
0.0007702656347547192
0.0009425977496048707
0.0011432315628986018
0.0013754214466366716
0.001642822234841615
0.0019493514849806947
0.0022994085249057423
0.002697710335375144
0.003149527188021786
0.003660484949237134
0.004236807668874654
0.00488507829513163
0.005612477217761178
0.006426493269250687
0.007335146838959113
0.00834664384167701
0.00946957286199638
0.01071249672204271
0.01208411542440418
0.013592793222146567
0.015246683034921394
0.017053191550440164
0.01901906622077511
0.0211498067008818
0.023449722131229735
0.0259213036549456
0.028565266792739213
0.031379906101640105
0.03436114414614554
0.03750189465250881
0.04079214490646703
0.04421835714946106
0.04776361438064195
0.051407090662407944
0.05512429084324066
0.05888661877140152
0.06266173944216219
0.06641327022309336
0.07010128984863954
0.0736821723203222
0.07710926167833489
0.08033286193460273
0.08330109013061014
0.0859600288055024
0.08825476247478646
0.0901296914104669
0.09152974765688046
0.09240085932358907
0.0926913303677132
0.09235243179662851
0.0913399133475058
0.08961468075714693
0.08714438635157176
0.08390412952235218
0.07987804755172032
0.0750599508532337
0.06945480740469935
0.0630791984140782
0.055962563962703285
0.04814734390907136
0.03968983517516031
0.03065987392445128
0.021141153972630777
0.011230317189525009
0.0010366051967844782
-0.009319737931819946
-0.019708556953562915
-0.029992099767059435
-0.0400268466255058
-0.049666476818055444
-0.05876432528239919
-0.06717682500610116
-0.0747663639889019
-0.0814049133845007
-0.08697695032351083
-0.09138288977548958
-0.09454166471530046
-0.09639353349710998
-0.09690189182523033
-0.09605504780287985
-0.09386689661113325
-0.09037735265006348
-0.08565165082110288
-0.0797792938525172
-0.0728719392917815
-0.06506093677081161
-0.05649398552865709
-0.047331562185655644
-0.037742745901479975
-0.027901025567782404
-0.0179798421406987
-0.008148371932295877
0.0014326085344746743
0.010614366809225334
0.01926347878546896
0.027264415816086286
0.034521549117630064
0.040960394004275744
0.04652819162738656
0.051193766004893705
0.054946761991110926
0.057796300443164014
0.05976915567366411
0.06090756407173788
0.061266751563203804
0.06091233218849982
0.05991762942160898
0.058361089437436606
0.05632378748422665
0.05388719443495909
0.05113114770260351
0.04813218175076865
0.04496210758223184
0.04168698342044949
0.0383663202496001
0.035052656045748615
0.03179130951807721
0.028620445883322247
0.025571246069685086
0.0226683171832018
0.01993012776736258
0.017369615379545695
0.0149947506138672
0.012809216333520385
0.010812992065739808
0.00900301259950536
0.007373699109012225
0.0059175394479871486
0.004625525033389692
0.003487625082532479
0.0024931144483890913
0.0016309363861975424
0.000889924687872436
0.00025906395640847626
-0.00027237996336951524
-0.0007146856568611077
-0.0010776187362519568
-0.0013703244145049096
-0.0016013239135103012
-0.0017784556766172125
-0.0019089082991592492
-0.0019991946739173526
-0.002055207247117418
-0.00208221263398324
-0.002084918370984493
-0.0020674787661448093
-0.002033565433190926
-0.001986377973854375
-0.001928713187427169
-0.0018629764625867303
-0.0017912465830659408
-0.0017152854222420803
-0.0016365967427897385
-0.0015564330002807779
-0.001475847548971826
-0.0013956981645830496
-0.001316692715694073
-0.0012393895095345934
-0.0011642368671969316
-0.001091570668491975
-0.001021648458091209
-0.000954644686202379
-0.0008906800392777597
-0.0008298148979252357
-0.0007720745750456307
-0.0007174414825592224
-0.0006658769058359205
-0.0006173123107299212
-0.0005716682110048223
-0.0005288449766349711
-0.0004887392705251517
-0.0004512346480813544
-0.00041621596481422894
-0.00038355999181631685
-0.0003531481250709296
-0.0003248571850394
-0.00029857069944469054
-0.00027417000758164865
-0.0002515443369815494
-0.00023058229512555101
-0.00021118091831723402
-0.00019323760330801901
-0.00017665827289032007
-0.00016134977670040628
-0.00014722729047462278
-0.00013420719791908733
-0.00012221381948623107
-0.00011117277358831778
-0.00010101711355482788
-0.0000916811580212061
-0.00008310610102495712
-0.00007523429569906132
-0.00006801439052865538
-0.00006139604667940381
-0.00005533464608821128
-0.000049786420551788375
-0.000044712769458991086
-0.00004007577742785339
-0.00003584217504193573
-0.00003197922157825738
-0.000028458338224303742
-0.00002525133180758031
-0.000022333725676966456
-0.000019681303022114003
-0.000017273157332070144
-0.000015088534227884973
-0.000013109620879171605
-0.00001131866721286855
-9.700531450530661e-6
-8.240062630836817e-6
-6.924417445613498e-6
-5.740687530174434e-6
-4.678002197454256e-6
-3.7253838268828717e-6
-2.8736495692773567e-6
-2.1134811029756846e-6
-1.437136378488833e-6
-8.36720595802779e-7
-3.057187061366834e-7
1.6254426368233502e-7
5.735413681788327e-7
9.329037416763297e-7
1.2452210155877126e-6
1.515232070674742e-6
1.7467797678748954e-6
1.943840506842248e-6
2.1096276706974947e-6
2.2474667956936383e-6
2.360042118956685e-6
2.450123372520742e-6
2.519951640423116e-6
2.5718221198934325e-6
2.607605853220915e-6
2.629193147428446e-6
2.6381475629441975e-6
2.636013819650447e-6
2.6241006922786446e-6
2.603657679428836e-6
2.5757839489852117e-6
2.5414767118216614e-6
2.5016638047077978e-6
2.457126526557798e-6
2.4086541071626443e-6
2.356841981904991e-6
2.3023687456959284e-6
2.245669832443118e-6
2.187337097470183e-6
2.127667064732746e-6
2.06718540929796e-6
2.0060672906548745e-6
1.944789750242738e-6
1.8834213192463284e-6
1.8224055897634718e-6
1.7617163368087254e-6
1.7017764149949731e-6
1.6424748729717669e-6
1.5842248848045389e-6
1.5268388697056782e-6
1.4707297174657109e-6
1.4156396894968066e-6
1.361989786701154e-6
1.3094567760781238e-6
1.2584772227066257e-6
1.2086665163301286e-6
1.160483022092475e-6
1.1134831422330643e-6
1.068153118697775e-6
1.0239923439539498e-6
9.815200254342632e-7
9.401790794253154e-7
9.005271978558857e-7
8.619507925237569e-7
8.250509861155466e-7
7.891566178896995e-7
7.549169977688854e-7
7.216021230630515e-7
6.899143187661575e-7
6.590624814822951e-7
6.298065517383327e-7
6.012921643768069e-7
5.743412833867554e-7
5.480333547028094e-7
5.232571320575009e-7
4.990225162256198e-7
4.7628974349883767e-7
4.5399536769852795e-7
4.3317612878370644e-7
4.126907869561045e-7
3.9365781350301163e-7
3.748534640760925e-7
3.5748367482768776e-7
3.402369388574489e-7
3.244121544093697e-7
3.0860442554433594e-7
2.94211996421276e-7
2.79730315825605e-7
2.666633960949944e-7
2.5340061047353866e-7
2.4155876393774775e-7
2.2941386976062788e-7
2.1870297154865564e-7
2.0758099937554207e-7
1.979129013415116e-7
1.877244612760265e-7
1.7901739944225558e-7
1.696791357839563e-7
1.6185725583066585e-7
1.532914136896666e-7
1.4628480080077484e-7
1.3841886938509264e-7
1.3216296967519562e-7
1.2492958753999383e-7
1.1936519710466096e-7
1.12701930221326e-7
1.0777496501722783e-7
1.0162350500725423e-7
9.72845795101249e-8
9.159144331026938e-8
8.77958987048966e-8
8.25107299943977e-8
7.92177357650634e-8
7.429435192898145e-8
7.146746967759747e-8
6.686289171834004e-8
6.446909603718343e-8
6.014319667828521e-8
5.815313504629223e-8
5.406902886609856e-8
5.24564527958537e-8
4.857937521800344e-8
4.7321635995552893e-8
4.3619385250062247e-8
4.269566582143844e-8
3.913762684008925e-8
3.853089182581952e-8
3.50888396297405e-8
3.478385431418028e-8
3.1430924913076405e-8
3.1415219717830566e-8
2.8125959355447453e-8
2.838886279008867e-8
2.5138997715281634e-8
2.56724428651281e-8
2.243913086882053e-8
2.323663559611322e-8
1.999751137382645e-8
2.1054768709885238e-8
1.778838441234262e-8
1.9102701746296675e-8
1.5788123727303988e-8
1.735871416054655e-8
1.3975842218274974e-8
1.580347392513854e-8
1.2331874691931228e-8
1.4419031828280606e-8
1.0838845131606367e-8
1.3189409312035406e-8
9.480822818769743e-9
1.2100461794824239e-8
8.243346615780384e-9
1.113915363525501e-8
7.113353853130578e-9
1.0293960480100951e-8
6.0789048913865175e-9
9.554417797164221e-9
5.1293689335521315e-9
8.911399734069837e-9
4.254926264076229e-9
8.356421387812868e-9
3.4465300809808034e-9
7.882342565409036e-9
2.696167618873535e-9
7.482479946541446e-9
1.9963122335897876e-9
7.150929546631827e-9
1.340161474080384e-9
6.882576367773761e-9
7.196442749669529e-10
6.656601477972398e-9
1.443112238121235e-11
9.348009389129298e-10
6.797130728544578e-9
2.747233332376105e-8
7.790835972443956e-8
1.7867144484005233e-7
3.4541579928378683e-7
5.884562678475897e-7
8.88668828380788e-7
1.1991397037967514e-6
1.406109506198834e-6
1.3381732854361522e-6
7.130841590029408e-7
-8.384051429790602e-7
-3.837520029590666e-6
-8.911492558806352e-6
-0.000016867507307867104
-0.000028618074977828013
-0.00004526182475316705
-0.00006797584394804675
-0.0000981027848916168
-0.00013700866490114216
-0.00018617777496978267
-0.0002470374453360325
-0.00032106418061673205
-0.00040957949094316555
-0.000513872110674525
-0.0006349707710326083
-0.000773788083522276
-0.0009308769385632375
-0.0011066016616072915
-0.0013008846294411587
-0.0015134098259363936
-0.0017433654857967086
-0.001989684422417741
-0.0022507872405793227
-0.0025248629297522193
-0.002809615518081511
-0.0031025873754493643
-0.0034009100197532104
-0.003701671128122208
-0.004001667337709988
-0.004297813818237299
-0.004586893171131155
-0.004866003434120723
-0.005132292702169132
-0.00538343785786906
-0.005617349939431658
-0.00583267253028457
-0.006028439359985835
-0.006204579423443953
-0.006361507348651304
-0.006500623416336701
-0.006623820283401363
-0.006733971187994427
-0.00683434435886641
-0.00692908184566318
-0.007022524708332707
-0.007119696614196911
-0.007225556377420986
-0.007345511654763946
-0.0074846268661310136
-0.007648198869231813
-0.007840953388693126
-0.008067712366883936
-0.008332607128516741
-0.008639853572513397
-0.008992993954271748
-0.009395771485777847
-0.009851386815716295
-0.010363432049299109
-0.010935118667931759
-0.011570200354129253
-0.012272105443061026
-0.013044758659203742
-0.013891543899130018
-0.014815937531091318
-0.015820245513866592
-0.016905992495078834
-0.018072425164331277
-0.01931666263602671
-0.020632031750428857
-0.02200806677901285
-0.023428828967912714
-0.024872929828075006
-0.02631206505467072
-0.027711301174237795
-0.029028097171828908
-0.030213113224264607
-0.031209978164502664
-0.03195683148047604
-0.03238700714207081
-0.032431399435307096
-0.032020076273057925
-0.031085378107987303
-0.02956426944791299
-0.027401870563605345
-0.02455414609613284
-0.020991379864633168
-0.016700637120142105
-0.01168857748980032
-0.00598306448950337
0.0003652839397452237
0.007282892798301401
0.014673396035390739
0.02241918132619722
0.030383450436492637
0.03841352789883134
0.04634463662616509
0.05400461819348316
0.06121888562259208
0.06781587625729547
0.07363237178611838
0.07851880538434008
0.08234402901377058
0.08499958288812892
0.08640307833628474
0.08650072103583306
0.08526874840555407
0.08271383631817292
0.07887241714426035
0.07380900815891948
0.06761364293004818
0.06039853672132695
0.052294191453586256
0.04344507154424982
0.03400512091000954
0.024133213648649857
0.01398882689245949
0.003727955870485928
-0.006500456680716287
-0.016557648477993576
-0.02631748444355265
-0.035668387555178004
-0.04451454906281435
-0.05277666389408845
-0.06039200863898218
-0.06731416643403987
-0.07351222130141769
-0.07896976051246957
-0.08368349665678193
-0.08766186103403616
-0.0909233580515576
-0.09349502998210249
-0.09541079499184954
-0.09670999664156096
-0.09743590196213074
-0.09763447158464018
-0.0973531182164338
-0.09663976217554439
-0.0955418864830246
-0.09410588717719574
-0.09237641491642448
-0.09039599262705808
-0.08820460539338965
-0.0858395381991438
-0.0833351630725562
-0.08072294314535791
-0.07803136428062653
-0.07528605403090448
-0.0725098100949608
-0.06972279010024192
-0.06694259773875846
-0.0641845086447692
-0.06146158447701218
-0.05878490952792164
-0.05616371181397491
-0.05360559331480281
-0.051116644541005944
-0.04870165796724661
-0.046364228304558684
-0.04410694370909163
-0.041931468161455286
-0.03983870855129498
-0.03782887839075803
-0.03590164117392639
-0.03405615640948112
-0.032291201015620705
-0.03060519962501257
-0.0289963264673109
-0.027462522320698936
-0.02600157957151154
-0.024611148255962535
-0.023288806936398985
-0.022032060127341532
-0.02083839742120251
-0.019705284336600647
-0.018630211835242775
-0.017610682326411525
-0.016644251405579784
-0.0157285104459315
-0.014861122085191972
-0.014039800551360644
-0.013262342148426701
-0.012526604215207028
-0.01183053162109063
-0.011172135041690952
-0.01054951427682363
-0.009960836350062908
-0.009404356293050845
-0.008878395436589867
-0.008381360169990741
-0.007911720677325727
-0.007468028073143994
-0.007048893753808607
-0.006653005222543573
-0.006279106158764744
-0.005926011180916799
-0.005592586686636022
-0.005277764749562276
-0.004980524745061956
-0.004699906539990584
-0.00443499288978076
-0.004184922051175437
-0.003948870916822869
-0.0037260671592771423
-0.0035157730537725327
-0.0033172972446547317
-0.003129979200105109
-0.0029532006792335895
-0.002786370754095001
-0.002628937048360159
-0.0024803712591738377
-0.002340180229006353
-0.0022078918977508164
-0.0020830662669639897
-0.001965281712899597
-0.001854145893926174
-0.001749282357521118
-0.001650341441361106
-0.0015569871048311344
-0.0014689078744759899
-0.001385803829878504
-0.0013073976454771182
-0.0012334216578734685
-0.0011636290602899076
-0.0010977809760855496
-0.001035657862310523
-0.0009770465146953494
-0.0009217517390980016
-0.0008695832136342077
-0.000820367484130183
-0.0007739346127345048
-0.00073013055352977
-0.0006888035182478746
-0.0006498167876105738
-0.000613034723088502
-0.0005783360747139003
-0.0005455995665814873
-0.0005147177632783353
-0.00048558215285594397
-0.00045809764074289063
-0.0004321670494622869
-0.0004077063140361735
-0.00038462831408543006
-0.00036285884803531783
-0.00034231971019702977
-0.0003229455258977606
-0.00030466598230093246
-0.00028742361220441247
-0.0002711550822578149
-0.0002558100157967603
-0.00024133124046954845
-0.00022767474717949794
-0.00021478879244663467
-0.00020263509408727408
-0.00019116668113472064
-0.00018035043204078175
-0.00017014355927832855
-0.0001605176022218706
-0.00015143342725159364
-0.00014286679555098296
-0.00013478174961153725
-0.00012715788735622556
-0.00011996199662411184
-0.00011317717540571233
-0.00010677256579858314
-0.00010073447326380941
-0.00009503404075728679
-0.00008966052589666468
-0.0000845867502069153
-0.00007980470493397771
-0.00007528859649508301
-0.00007103296184410044
-0.00006701312267420999
-0.000063226002423496
-0.000059647789444710165
-0.00005627766243016848
-0.000053092445672853866
-0.00005009346442119828
-0.000047257964045711775
-0.00004458933022208552
-0.000042065027193285734
-0.00003969043566793197
-0.00003744304804122498
-0.000035330193081198154
-0.0000333292086200311
-0.000031449344189868504
-0.000029667606450705682
-0.00002799515358592419
-0.000026408490463234803
-0.000024920689125597385
-0.000023507585748688797
-0.000022184185483793448
-0.00002092549041676474
-0.00001974847298669211
-0.000018627137558843212
-0.000017580472398179782
-0.000016581319683153907
-0.000015650745707890857
-0.000014760263872965361
-0.000013933094243111506
-0.000013139251914886162
-0.00001240420113435881
-0.000011696285865679807
-0.00001104331748469855
-0.000010411788431466145
-9.831975218850098e-6
-9.268334060585072e-6
-8.753738631901767e-6
-8.250415372486932e-6
-7.793981204570708e-6
-7.344230505803462e-6
-6.93968465779555e-6
-6.537494223701827e-6
-6.179262403177642e-6
-5.81927302599794e-6
-5.502403514172176e-6
-5.179835605206031e-6
-4.899931054797571e-6
-4.61052025719928e-6
-4.363677856429347e-6
-4.103617576537054e-6
-3.886374641360012e-6
-3.65226484991636e-6
-3.461551859266845e-6
-3.25035366420327e-6
-3.0834511732882945e-6
-2.892446642694992e-6
-2.746948674762178e-6
-2.5737037197449893e-6
-2.447483259339689e-6
-2.2898165348176237e-6
-2.180996489461518e-6
-2.0369487629486964e-6
-1.9438751007475206e-6
-1.8116859382922077e-6
-1.7329051747756845e-6
-1.6109877553519389e-6
-1.5452255879628044e-6
-1.432147653293191e-6
-1.3782908174951113e-6
-1.2727550765130195e-6
-1.229834912368819e-6
-1.130663724963875e-6
-1.097842916092708e-6
-1.003962455100939e-6
-9.805208770571616e-7
-8.909488048714908e-7
-8.762728258089738e-7
-7.901064617248563e-7
-7.836807491303945e-7
-7.000853426418647e-7
-7.014808361261275e-7
-6.196811930009517e-7
-6.285516376250936e-7
-5.478215517774774e-7
-5.638938630172017e-7
-4.835498418333763e-7
-5.06620202064605e-7
-4.260147428649377e-7
-4.5594358913086626e-7
-3.744551352029571e-7
-4.111618867767405e-7
-3.2819311212295455e-7
-3.7165454998018045e-7
-2.8662327157513057e-7
-3.3686879049615323e-7
-2.4920379890481806e-7
-3.0631467881230663e-7
-2.1545165976156396e-7
-2.795589929817213e-7
-1.8493531611884914e-7
-2.5621698329024665e-7
-1.572668671867809e-7
-2.3594940519612815e-7
-1.3210052798860286e-7
-2.1845591155475552e-7
-1.091248242470131e-7
-2.0347198568846931e-7
-8.805959701783792e-8
-1.907642899336164e-7
-6.865386226164544e-8
-1.8012932105302695e-7
-5.068024911574242e-8
-1.7138816939942495e-7
-3.393341398054283e-8
-1.643785420764492e-7
-1.8175551921088428e-8
-1.5855902392244515e-7