0.3082859121066877
0.30826669344647195
0.30823460759808097
0.30818961241573234
0.3081316252029304
0.30806055234287605
0.3079762737878344
0.307878656292153
0.307767545811002
0.3076427764307844
0.3075041661414543
0.3073515238811924
0.30718464715803967
0.30700332804672453
0.30680735194362585
0.3065965028547706
0.3063705628689454
0.3061293168731917
0.30587255246647327
0.3056000641461206
0.30531165345867145
0.30500713265680574
0.30468632493034437
0.3043490675139966
0.30399521187444517
0.30362462624354336
0.30323719566336726
0.3028328239216856
0.30241143337893467
0.30197296628982084
0.30151738435608655
0.30104466942836455
0.3005548227474349
0.30004786503309117
0.29952383539512273
0.2989827908305922
0.2984248048045662
0.29784996619362153
0.2972583775557524
0.2966501535758946
0.29602541906452107
0.2953843069800968
0.2947269562163642
0.29405350929622015
0.29336411002788726
0.2926589009836796
0.2919380211240447
0.2912016031916064
0.2904497714179204
0.28968263897631974
0.2889003058973964
0.2881028567315977
0.287290358804094
0.2864628602379883
0.2856203886757234
0.28476294980473615
0.2838905266598136
0.28300307877428293
0.2821005421554623
0.2811828291562336
0.28024982918465713
0.2793014093542916
0.2783374159509563
0.27735767587773696
0.27636199885951324
0.27535017965334646
0.2743220009281093
0.27327723616645755
0.272215653116265
0.2711370172701628
0.27004109575077695
0.26892766122088596
0.26779649603823746
0.2666473964258489
0.26548017671595936
0.26429467359689696
0.2630907502598887
0.2618683005361247
0.2606272527640593
0.25936757363677837
0.25808927161966116
0.256792400342286
0.2554770614150851
0.2541434072200104
0.25279164299834034
0.25142202891857224
0.2500348813344256
0.24863057403577754
0.24720953860528536
0.24577226478802372
0.24431929990661425
0.24285124831734373
0.24136876987712236
0.23987257848810936
0.23836343964502937
0.23684216810631137
0.2353096245866186
0.23376671262924653
0.23221437454487814
0.2306535875958083
0.22908535931595236
0.22751072315012152
0.22593073331978036
0.2243464600875626
0.22275898435574618
0.22116939274513822
0.21957877212663596
0.21798820471276684
0.21639876272569478
0.21481150369813856
0.21322746547329846
0.21164766189952758
0.2100730783392525
0.2085046679193265
0.20694334769811507
0.20538999560219184
0.20384544736488885
0.2023104942416412
0.2007858807914533
0.19927230341996136
0.19777040902990548
0.19628079439557677
0.19480400566249523
0.19334053851254593
0.19189083845003022
0.19045530167695593
0.1890342760659534
0.18762806263320705
0.18623691707145812
0.1848610516866008
0.1835006373482191
0.18215580574632437
0.18082665161326164
0.17951323515934609
0.17821558442763935
0.17693369777977072
0.17566754626182815
0.17441707603172762
0.17318221063722478
0.1719628533005976
0.17075888903526862
0.16957018672909582
0.16839660105132706
0.16723797429980725
0.16609413807267334
0.16496491486543285
0.16385011950054165
0.1627495604766048
0.1616630411631666
0.16059036091601409
0.1595313160542286
0.1584857007630704
0.1574533078761281
0.1564339295912018
0.1554273580829989
0.15443338605862927
0.1534518072265546
0.1524824167175627
0.15152501143434713
0.1505793903618412
0.1496453548195221
0.14872270868232706
0.14781125855503027
0.14691081392204638
0.1460211872603718
0.14514219413369092
0.14427365325762762
0.14341538655088307
0.14256721916404755
0.14172897949810262
0.1409004992058558
0.14008161318607834
0.13927215956476394
0.1384719796714364
0.13768091800588553
0.13689882220175065
0.13612554298311863
0.13536093411933042
0.1346048523748085
0.13385715745810323
0.13311771196750763
0.13238638133662833
0.13166303377770563
0.13094754022541769
0.1302397742793292
0.12953961214719095
0.12884693258755445
0.12816161685348426
0.12748354863608324
0.12681261400927035
0.12614870137473697
0.12549170140824234
0.12484150700635128
0.12419801323455053
0.12356111727598984
0.1229307183816076
0.12230671782100581
0.12168901883468847
0.12107752658713053
0.12047214812117173
0.11987279231328968
0.1192793698301473
0.11869179308604284
0.11810997620157845
0.11753383496323543
0.116963286784108
0.11639825066553498
0.11583864715983007
0.11528439833388987
0.11473542773384018
0.11419166035053507
0.11365302258603477
0.11311944222090593
0.11259084838244467
0.1120671715136874
0.11154834334329124
0.11103429685616724
0.11052496626493041
0.11002028698206898
0.1095201955928807
0.10902462982909235
0.10853352854320154
0.10804683168346627
0.10756448026957305
0.10708641636892025
0.10661258307353805
0.10614292447759163
0.10567738565548282
0.10521591264050356
0.10475845240405199
0.10430495283537057
0.10385536272181387
0.1034096317296091
0.10296771038511554
0.10252955005654961
0.10209510293617977
0.10166432202296123
0.10123716110561332
0.1008135747461126
0.1003935182636024
0.09997694771869656
0.09956381989817431
0.09915409230004854
0.09874772311900319
0.09834467123218271
0.09794489618533078
0.09754835817926111
0.09715501805665837
0.09676483728919365
0.09637777796495044
0.09599380277614922
0.09561287500716527
0.0952349585228287
0.09486001775700241
0.09448801770142559
0.0941189238948221
0.09375270241225922
0.0933893198547566
0.09302874333913358
0.09267094048809202
0.09231587942052605
0.09196352874205437
0.09161385753576737
0.09126683535318593
0.09092243220542302
0.09058061855454626
0.09024136530513327
0.08990464379601683
0.0895704257922133
0.08923868347703136
0.08890938944435456
0.08858251669109418
0.0882580386098085
0.08793592898148304
0.08761616196846855
0.08729871210757237
0.08698355430329956
0.08667066382124008
0.0863600162815974
0.08605158765285664
0.0857453542455874
0.08544129270637849
0.08513938001190142
0.08483959346309913
0.0845419106794971
0.08424630959363373
0.08395276844560738
0.08366126577773672
0.0833717804293319
0.08308429153157469
0.08279877850250261
0.08251522104209795
0.0822335991274757
0.08195389300817103
0.08167608320152181
0.0814001504881448
0.08112607590750341
0.08085384075356494
0.08058342657054438
0.08031481514873362
0.08004798852041412
0.07978292895585015
0.07951961895936167
0.07925804126547513
0.07899817883514908
0.07874001485207484
0.07848353271904839
0.07822871605441405
0.07797554868857613
0.07772401466057885
0.07747409821475218
0.07722578379742163
0.07697905605368184
0.07673389982423118
0.07649030014226707
0.07624824223044029
0.07600771149786634
0.07576869353719388
0.0755311741217282
0.07529513920260808
0.07506057490603592
0.07482746753055958
0.07459580354440418
0.07436556958285401
0.074136752445682
0.07390933909462695
0.07368331665091726
0.07345867239283947
0.07323539375335145
0.0730134683177387
0.07279288382131358
0.07257362814715582
0.07235568932389351
0.07213905552352487
0.07192371505927757
0.0717096563835077
0.07149686808563545
0.07128533889011728
0.07107505765445453
0.07086601336723672
0.07065819514621949
0.07045159223643611
0.07024619400834249
0.07004198995599342
0.06983896969525209
0.06963712296202942
0.06943643961055444
0.06923690961167402
0.06903852305118258
0.06884127012817955
0.0686451411534558
0.06845012654790648
0.0682562168409722
0.06806340266910536
0.06787167477426302
0.0676810240024254
0.06749144130213869
0.06730291772308264
0.06711544441466193
0.06692901262462135
0.06674361369768349
0.06655923907420927
0.06637588028888099
0.06619352896940618
0.06601217683524346
0.06583181569634945
0.06565243745194528
0.0654740340893042
0.06529659768255817
0.06512012039152433
0.0649445944605499
0.06477001221737637
0.06459636607202154
0.06442364851567922
0.06425185211963741
0.06408096953421288
0.0639109934877031
0.06374191678535467
0.06357373230834848
0.06340643301280023
0.06324001192877715
0.06307446215933009
0.0629097768795407
0.06274594933558363
0.06258297284380285
0.062420840789803374
0.062259546627555847
0.06209908387851575
0.061939446130756075
0.061780627038113115
0.06162262031934557
0.06146541975730645
0.061309019198127514
0.06115341255041654
0.06099859378446619
0.06084455693147506
0.0606912960827812
0.0605388053891059
0.06038707905980986
0.06023611136216032
-0.3271625756682724
-0.32704123633219323
-0.3268390055436405
-0.3265564786344354
-0.32619411501414797
-0.3257526631794737
-0.32523290878062616
-0.3246358403753876
-0.3239625094737399
-0.32321412122818605
-0.32239193883883616
-0.3214973372630497
-0.32053173023288994
-0.3194966014338611
-0.31839344486045956
-0.31722378055802547
-0.31598910375117933
-0.31469088928994815
-0.313330547139904
-0.31190941829649216
-0.31042873533694115
-0.30888961185267894
-0.30729300738493903
-0.30563971202332507
-0.30393031541712434
-0.3021651879553958
-0.30034445378837576
-0.29846796987694296
-0.2965353031421507
-0.29454570862446544
-0.29249811104529055
-0.2903910833329053
-0.28822283304807306
-0.2859911826004174
-0.28369356116534356
-0.2813269880156337
-0.2788880707322678
-0.2763729931872747
-0.2737775210135518
-0.27109699587376895
-0.268326349281172
-0.2654601048488622
-0.2624924016206229
-0.25941700598331136
-0.2562273456451812
-0.25291653277599574
-0.24947740962371473
-0.24590258418301075
-0.24218448812767016
-0.23831542585625773
-0.2342876448999575
-0.23009339851472257
-0.22572502797250774
-0.22117503794757154
-0.216436189110069
-0.21150158440317726
-0.20636476917206803
-0.20101982511530778
-0.19546147388859078
-0.18968517415741684
-0.18368722336238463
-0.1774648520697816
-0.17101631755829716
-0.16434098876230355
-0.1574394247414719
-0.15031344313512368
-0.14296617658667743
-0.1354021179350253
-0.127627148407937
-0.11964855384860304
-0.11147501999361265
-0.10311661584913107
-0.09458475355240943
-0.08589213743598413
-0.07705268864537516
-0.06808146122769933
-0.05899453456307385
-0.04980890067448942
-0.040542330298689366
-0.031213238199697645
-0.02184053102395893
-0.012443459400278332
-0.0030414573170856754
0.006346009033271208
0.01569959993274706
0.025000246361853475
0.03422929660149651
0.04336864406508835
0.052400852898588764
0.06130926154121372
0.07007808038527898
0.07869246545220811
0.08713858374555891
0.09540365418048953
0.10347597920883374
0.11134495316168129
0.11900106182324943
0.12643586140434215
0.13364195074054624
0.14061292693618221
0.14734333745839798
0.15382862074127768
0.16006504727869164
0.16604965477911732
0.1717801880529794
0.1772550383106292
0.18247319090526645
0.18743417687289166
0.19213803535598667
0.196585282572548
0.20077689226200365
0.20471428336665173
0.20839931770727402
0.21183430350824098
0.21502200557214826
0.21796565827641007
0.22066898066021276
0.22313619047316713
0.22537201548112043
0.22738170002664534
0.22917100473608798
0.23074619883743047
0.23211404303187705
0.2332817639951581
0.23425701875819444
0.23504785155744568
0.23566264174430104
0.2361100465422688
0.23639893743934723
0.23653833474535615
0.2365373390693819
0.23640506450041038
0.23615057198807665
0.23578280753752107
0.23531054330790296
0.23474232576719337
0.2340864285447081
0.23335081352557235
0.23254309744692067
0.23167052691019552
0.2307399588249504
0.2297578486371726
0.22873024327988567
0.22766278074822865
0.2265606933184568
0.22542881598152048
0.22427159731724647
0.2230931141502073
0.22189708750310402
0.2206869010328142
0.21946561979527426
0.21823601041523463
0.21700056084140812
0.21576150067895197
0.21452082059448344
0.21328029171025165
0.2120414837628163
0.21080578286938484
0.20957440791562257
0.20834842633331463
0.2071287684790901
0.2059162413056899
0.2047115406964233
0.2035152630779754
0.20232791580885195
0.20114992688338743
0.19998165354960493
0.19882339030874555
0.19767537597415508
0.19653780019114378
0.195410809157266
0.19429451088526076
0.19318897979646765
0.1920942609342117
0.19101037362354445
0.1899373148201478
0.18887506200618073
0.18782357583547157
0.18678280241062753
0.1857526753605916
0.18473311762116937
0.1837240430579187
0.18272535785089147
0.18173696175617363
0.18075874917667872
0.17979061013784964
0.17883243111112382
0.17788409576437011
0.17694548559129555
0.1760164804851669
0.17509695921642504
0.17418679986818691
0.17328588019585728
0.1723940779546592
0.17151127116752402
0.17063733836911887
0.1697721588023931
0.16891561259785287
0.1680675809152588
0.16722794607284475
0.1663965916468225
0.16557340256195655
0.16475826515877112
0.1639510672546096
0.16315169818607236
0.16236004884759944
0.16157601171517944
0.1607994808676241
0.16003035199646043
0.1592685224140305
0.15851389105285177
0.1577663584642085
0.15702582680962968
0.1562921998522595
0.15556538294275604
0.15484528300548608
0.154131808520265
0.15342486950493914
0.152724377494271
0.15203024551996927
0.15134238808785633
0.15066072115599785
0.14998516211091428
0.14931562974465667
0.14865204423039027
0.14799432709898683
0.14734240121452025
0.14669619075066082
0.14605562116632553
0.14542061918212942
0.14479111275652842
0.14416703106264422
0.14354830446481873
0.14293486449600162
0.1423266438349106
0.14172357628404633
0.14112559674760922
0.14053264121008682
0.13994464671506093
0.13936155134441985
0.13878329419790386
0.1382098153732218
0.13764105594628487
0.1370769579520894
0.13651746436575185
0.13596251908411588
0.135412066907639
0.13486605352271427
0.13432442548424922
0.1337871301988639
0.13325411590804956
0.13272533167219605
0.13220072735446636
0.13168025360538876
0.13116386184758944
0.13065150426095107
0.13014313376800504
0.12963870401980132
0.12913816938185177
0.1286414849206852
0.12814860639036058
0.12765949021957834
0.1271740934989399
0.12669237396841226
0.12621429000521273
0.12573980061188775
0.12526886540463156
0.12480144460195486
0.12433749901345646
0.12387699002898586
0.12341987960796583
0.12296613026887868
0.12251570507919374
0.12206856764523041
0.12162468210250071
0.12118401310611583
0.12074652582135921
0.12031218591458424
0.1198809595442767
0.1194528133522436
0.11902771445497139
0.11860563043536872
0.11818652933440821
0.11777037964311182
0.11735715029463208
0.11694681065658871
0.11653933052348116
0.11613468010927384
0.11573283004010448
0.11533375134731014
0.11493741546032159
0.114543794199929
0.11415285977154548
0.11376458475885451
0.11337894211712762
0.1129959051671243
0.11261544758887054
0.11223754341576883
0.11186216702842294
0.1114892931491772
0.11111889683617768
0.11075095347793192
0.11038543878787721
0.1100223287989673
0.10966159985847351
0.1093032286228344
0.10894719205269195
0.10859346740780261
0.10824203224238657
0.107892864400187
0.10754594201001227
0.10720124348099722
0.10685874749815599
0.10651843301812866
0.10618027926475293
0.1058442657247758
0.10551037214384722
0.10517857852235853
0.10484886511152582
0.10452121240935103
0.10419560115693223
0.10387201233453779
0.1035504271579777
0.10323082707502632
0.10291319376174168
0.10259750911899
0.1022837552691017
0.10197191455239789
0.10166196952387638
0.1013539029500187
0.10104769780557368
0.10074333727038243
0.10044080472637622
0.10014008375445357
0.09984115813157872
0.0995440118278516
0.09924862900365644
0.09895499400680016
0.09866309136980075
0.09837290580710087
0.09808442221252364
0.0977976256564581
0.0975125013835219
0.09722903480983079
0.09694721152062587
0.0966670172677713
0.09638843796735605
0.09611145969741744
0.09583606869546771
0.09556225135640814
0.09528999423008806
0.09501928401924814
0.09475010757731613
0.0944824519062251
0.09421630415440514
0.09395165161467704
0.09368848172222852
0.09342678205263077
0.09316654031993062
0.0929077443745997
0.09265038220184295
0.09239444191953132
0.09213991177653046
0.0918867801507828
0.09163503554765433
0.09138466659809248
0.09113566205695343
0.09088801080136487
0.09064170182900733
0.09039672425650708
0.09015306731781482
0.08991072036268052
0.08966967285502278
0.08942991437144673
0.08919143459979843
0.0889542233375682
0.0887182704905215
0.08848356607122734
0.0882501001977002
0.08801786309190039
0.08778684507853592
0.08755703658358001
0.08732842813296884
0.08710101035137685
0.08687477396087055
0.0866497097796278
0.08642580872076593
0.08620306179106765
0.08598146008981336
0.08576099480752811
0.08554165722492271
0.08532343871158701
0.08510633072503612
0.08489032480950075
0.08467541259479365
0.08446158579530778
0.08424883620892147
0.08403715571593315
0.08382653627805278
0.08361696993735825