1.848472926446759
1.8486897572828358
1.8490346176221206
1.8495176996358866
1.8501324706265085
1.850879809175318
1.8517542574950987
1.8527539500224381
1.8538731455553206
1.8551082059700055
1.8564526893794802
1.8579014969343255
1.8594473166458978
1.8610837289098692
1.8628024780702899
1.8645959122185305
1.8664548183545462
1.8683704031460149
1.8703325445741312
1.8723314399789526
1.8743561863368952
1.8763961788331542
1.8784399636878695
1.8804764445905384
1.8824939689563576
1.8844813819769226
1.8864273154271787
1.8883211157324646
1.8901523073399782
1.8919114102535863
1.893589549737015
1.8951791695847957
1.8966737581760642
1.898068456304311
1.8993598676464534
1.9005465545096905
1.9016288996337785
1.9026094800274989
1.9034929474145792
1.9042862696356813
1.9049985994211591
1.905641374671606
1.906228149745961
1.9067745501488143
1.9072980470425183
1.9078177681050317
1.9083542041531425
1.9089288856497422
1.9095640196062829
1.9102820497206296
1.91110523140153
1.9120551020056962
1.9131520110868734
1.9144145348168493
1.9158589865644176
1.9174988154870063
1.9193441284936963
1.92140111643741
1.9236716217498344
1.926152636092854
1.928835948037187
1.9317077531637339
1.934748412960448
1.937932212252432
1.9412272542278546
1.9445953911285399
1.9479922715434266
1.9513674592419734
1.9546646384369186
1.9578219234652892
1.9607722166469914
1.9634436993042113
1.9657603262010992
1.9676424772069276
1.9690075630710702
1.9697708077792928
1.9698459333535607
1.9691460362536521
1.967584314445798
1.9650749973629336
1.9615340767796718
1.956880248831866
1.9510356110812177
1.9439265765963807
1.9354845025689242
1.9256465399728306
1.9143561636544557
1.901563926034169
1.8872278641645306
1.8713141317594801
1.8537972647941061
1.834660672384605
1.813896748709886
1.791507209592716
1.7675030446117241
1.7419046924464894
1.7147418328776058
1.6860533999347578
1.6558872189707763
1.624299862307405
1.5913561416535682
1.5571288162017884
1.5216979552814427
1.4851505136514553
1.4475795833942986
1.4090838554416856
1.369766783326606
1.3297359537854958
1.2891021881469924
1.2479788482337617
1.2064809039441142
1.164724203662652
1.1228245389775686
1.080896911310966
1.0390546265287617
0.9974085912160829
0.9560664707622216
0.915132049103331
0.8747044830913032
0.8348777579469604
0.7957400677034793
0.7573733944823353
0.7198530391011405
0.6832473453617341
0.6476173965384405
0.613016896447098
0.5794920370725758
0.5470815371476916
0.5158166747658298
0.48572147286615625
0.45681287975305124
0.42910108074645487
0.4025898005281376
0.3772767125800559
0.3531538312943514
0.3302079865292661
0.3084212709926508
0.2877715465254224
0.26823291331600524
0.24977621701848146
0.23236951027350797
0.21597853469235012
0.20056715101937073
0.18609777636347372
0.172531766112698
0.15982979357796936
0.14795217353476403
0.1368591778374593
0.12651129651364218
0.11686948834423122
0.1078953803422613
0.09955145647837778
0.09180119996466801
0.08460922617419055
0.07794137445185316
0.07176479293634502
0.06604798779867802
0.06076086833108312
0.05587476180254372
0.05136242707769045
0.04719804292641724
0.04335719781847135
0.03981685876070939
0.0365553439910283
0.033552278432990676
0.03078855495368101
0.02824628146676376
0.02590873534492402
0.02376030617031252
0.021786446884285698
0.019973615242137553
0.01830922438785489
0.016781585251711625
0.015379858477054534
0.01409399931671898
0.012914712215928397
0.011833399214022718
0.010842117994450423
0.009933534370636944
0.0091008842364299
0.008337930393232579
0.007638928554987382
0.006998588540606909
0.0064120442891127056
0.005874819279966819
0.005382800379873121
0.00493220724841634
0.004519569753707791
0.004141701058403082
0.0037956782944567995
0.0034788189939513824
0.0031886646935544894
0.002922960366619598
0.0026796406274095428
0.0024568118285159973
0.0022527405472236948
0.002065838029988259
0.0018946506636944376
0.0017378464726516768
0.0015942073024212307
0.0014626171015685622
0.0013420555726683181
0.001231587998797811
0.0011303601435198327
0.0010375894093902732
0.0009525607950001445
0.0008746191986869237
0.0008031662653613207
0.0007376536726123807
0.0006775807226429175
0.0006224884697658944
0.0005719579331423471
0.0005256049441901756
0.0004830788739319844
0.0004440580961109951
0.0004082491388874133
0.00037538267459298483
0.00034521301939993937
0.00031751457380567536
0.0002920816059094474
0.00026872507808509903
0.0002472726598241297
0.0002275658858180137
0.0002094603531508004
0.0001928231643608685
0.0001775332712739048
0.0001634791637246035
0.000150559328682059
0.00013868015134889806
0.00012775646360152772
0.00011770962929585507
0.0001084681605643678
0.0000999659634762687
0.00009214300452602445
0.00008494369643796665
0.00007831760035548653
0.00007221793464762369
0.00006660230095901994
0.00006143130145676411
0.00005666927911010205
0.0000522830309855428
0.000048242554962091564
0.00004451984850609538
0.000041089655552097685
0.00003792834172123412
0.00003501463636038855
0.000032328576455883935
0.00002985223986735066
0.000027568751271497064
0.00002546300348816899
0.000023520719700423364
0.000021729160479107523
0.000020076237293286466
0.00001855120342185175
0.000017143814416054288
0.00001584500156356569
0.00001464607551211352
0.000013539381340953481
0.000012517542017847718
0.00001157409444999875
0.000010702769839599849
9.898110343380606e-6
9.154783726167039e-6
8.468180465661338e-6
7.83376038844887e-6
7.2476302231040715e-6
6.705920146852792e-6
6.205341922728872e-6
5.74259349429441e-6
5.31489794731864e-6
4.919434470118943e-6
4.553858462033859e-6
4.215757332693325e-6
3.903152142506629e-6
3.613976849352549e-6
3.3465619137951285e-6
3.0991357195138815e-6
2.8702906108073133e-6
2.658505316239241e-6
2.462593910519509e-6
2.2812481615612703e-6
2.113469924966297e-6
1.9581324148383034e-6
1.8143965484391408e-6
1.6812902122477497e-6
1.5581090782089165e-6
1.4440129999749465e-6
1.3384118216269477e-6
1.2405780958836268e-6
1.1500184021324176e-6
1.0661016295580877e-6
9.884163145158238e-7
9.164137777960795e-7
8.497519824117088e-7
7.879528562272891e-7
7.307331606169518e-7
6.776753679970829e-7
6.285460199503222e-7
5.829795642760952e-7
5.407846684046862e-7
5.016404528156083e-7
4.653912121575128e-7
4.3175451161589713e-7
4.006047543327089e-7
3.7169263481868565e-7
3.4491797721151727e-7
3.200600653690399e-7
2.9704016236251075e-7
2.7566226066491966e-7
2.5586567916324545e-7
2.3747579905199444e-7
2.2044712065837063e-7
2.0462357142081497e-7
1.8997239102729433e-7
1.763536173373382e-7
1.6374515479339254e-7
1.520210624502501e-7
1.4116814737655725e-7
1.3107269619036796e-7
1.2172892225539152e-7
1.1303379837577547e-7
1.0498767403351723e-7
9.749688224883972e-8
9.056683091800251e-8
8.411207136794122e-8
7.814215604813582e-8
7.257887006185156e-8
6.743513604754609e-8
6.263912300964056e-8
5.820646819600908e-8
5.407098992850122e-8
5.025048564205608e-8
4.6683787173936076e-8
4.3390383873118895e-8
4.031356998780476e-8
3.74741318751506e-8
3.481934776571306e-8
3.237096859593647e-8
3.007984055913523e-8
2.796839993787502e-8
2.5990698504334485e-8
2.4169623937380472e-8
2.246211733859517e-8
2.089132236933862e-8
1.9416792928063088e-8
1.806176602542415e-8
1.678816604741848e-8
1.5619188590805378e-8
1.451891573702354e-8
1.3510390584811009e-8
1.2559665602131145e-8
1.1689540406869551e-8
1.0867872567066701e-8
1.0117144282894163e-8
9.406871987017051e-9
8.759160960771872e-9
8.145056762984423e-9
7.586240459599182e-9
7.055171296233788e-9
6.573069122839691e-9
6.113703837214766e-9
5.697805734215192e-9
5.300363098037485e-9
4.941595588892887e-9
4.597626963981917e-9
4.288151223467107e-9
3.9903528058384985e-9
3.7233900398092667e-9
3.465440300673308e-9
3.235120345975953e-9
3.01153884633047e-9
2.8127684111943307e-9
2.6187926306848213e-9
2.4471400145552916e-9
2.2786172105186116e-9
2.130210675806224e-9
1.983502081527105e-9
1.8549393034224366e-9
1.7268341894981402e-9
1.6151003863216918e-9
1.5027376467056974e-9
1.4051300917972557e-9
1.305925074591246e-9
1.2199817078581115e-9
1.1315559848464283e-9
1.0549857704946582e-9
9.750974194220575e-10
9.057099245018644e-10
8.321816701361314e-10
7.678130495796666e-10
6.984552539054175e-10
6.368873986100104e-10
5.694123802373501e-10
5.082813845298888e-10
4.4020484803659183e-10
3.768941542075949e-10
3.0541875804443023e-10
2.3693368661891695e-10
1.5884196948415526e-10
8.211600046250363e-11
0.4626466148592153
0.46148905317076505
0.4595851522098531
0.4569849012407597
0.45375004514772516
0.4499613579564952
0.44571248474632963
0.44111178209378415
0.4362779211784315
0.431339888020913
0.4264332036783234
0.4216989506284108
0.417280355324992
0.4133212772410227
0.4099631486577748
0.4073432313002933
0.40559199699111537
0.4048313951100171
0.40517278303653287
0.40671540127760275
0.40954495337803415
0.4137324377825241
0.4193334452599234
0.42638744305678455
0.43491781167624544
0.44493161874746656
0.4564203632019539
0.4693602174412933
0.48371339246897105
0.49942877256872825
0.5164437663529522
0.5346852135179394
0.5540715496849283
0.5745138342264801
0.5959180352600987
0.6181860138067256
0.6412177314431718
0.6649120300154898
0.6891685783172763
0.7138883072251814
0.7389749415875008
0.7643349854147516
0.78987872781007
0.8155197181023115
0.8411751861456448
0.8667649988186215
0.8922114910094023
0.9174379483615407
0.9423679013913513
0.9669232305385859
0.9910230280493162
1.0145814664688855
1.03750637753954
1.059697060976519
1.0810427636470579
1.1014206291924293
1.1206942818586905
1.1387121274267584
1.1553062527201359
1.170291283343833
1.1834638013397514
1.1946019451335168
1.2034655239852265
1.209796510669097
1.213319992792419
1.2137456599842338
1.2107696798407745
1.204077220159826
1.1933452727606635
1.1782461795572916
1.1584513530870582
1.1336356958422238
1.103482085421973
1.067686493680771
1.0259630218751725
0.9780494455565977
0.9237125074835286
0.8627535431138634
0.7950136744724006
0.7203791181114881
0.6387858804829798
0.5502243241424745
0.45474295307041845
0.35245182142205567
0.24352502242607393
0.12820257217963799
0.0067912815062066275
-0.12033516401188724
-0.25273716511887423
-0.38991108680753006
-0.5312921319375679
-0.6762581812068468
-0.8241345041076257
-0.9741994052072849
-1.1256905417104224
-1.2778120699663533
-1.429742202441223
-1.5806414271112144
-1.729660837532664
-1.8759509215279233
-2.018670148811229
-2.1569938023498736
-2.2901223119319294
-2.4172896296697566
-2.5377708475814513
-2.650889685564648
-2.756025010268769
-2.8526170905404564
-2.9401727236554858
-3.01827000047518
-3.086561826848408
-3.144779015948046
-3.19273206015352
-3.2303124299642034
-3.2574925096028613
-3.274325040339739
-3.2809411950395035
-3.277548174127829
-3.264425475412441
-3.2419207456471058
-3.210444409750449
-3.1704640011151017
-3.122497442608438
-3.067106210778486
-3.0048876893792524
-2.9364676409385533
-2.8624921535197427
-2.7836199688460947
-2.7005145879303574
-2.6138370161364533
-2.5242385679285966
-2.4323545286964756
-2.338798104662849
-2.24415537889896
-2.148980706817963
-2.0537931829856424
-1.9590736131561741
-1.8652625387550508
-1.7727587525400486
-1.6819187764823165
-1.5930567538661178
-1.5064451631174247
-1.4223158286522213
-1.3408615867134381
-1.2622381140109198
-1.186566240573503
-1.1139342939530792
-1.044400770136373
-0.9779969212726266
-0.9147295369964148
-0.8545835529629431
-0.7975247493995614
-0.7435022148157635
-0.6924508259978093
-0.6442934572538855
-0.5989431590764688
-0.5563050524025642
-0.5162781675003917
-0.4787570020320015
-0.44363301564578506
-0.41079585940933755
-0.38013454523107765
-0.3515383732539417
-0.3248978098418921
-0.30010515037003704
-0.27705514687807653
-0.25564544823357166
-0.23577702055710084
-0.21735440679590143
-0.20028598138298623
-0.18448406841824866
-0.16986506815920302
-0.15634946852331386
-0.14386187601198422
-0.13233095005097306
-0.12168936559916012
-0.11187369457182288
-0.10282432219360557
-0.09448529480371223
-0.08680420728266051
-0.07973203214130128
-0.07322299123522087
-0.06723437728578692
-0.06172641964174765
-0.05666210628062545
-0.052007050564717605
-0.047729319284076005
-0.04379930512592863
-0.040189564377615374
-0.0368746981081711
-0.033831201671197776
-0.031037356303489003
-0.028473091473505286
-0.026119887655923307
-0.023960651786254103
-0.021979631300969762
-0.02016230241666216
-0.018495295071346087
-0.016966293391066842
-0.015563970877508713
-0.014277902209589632
-0.013098507853544711
-0.01201697623431232
-0.011025216863284518
-0.0101157918746498
-0.0092818767468388
-0.008517200209627452
-0.007816011657935511
-0.007173028479134342
-0.006583409307256488
-0.006042707883778958
-0.005546851365438501
-0.005092099906476532
-0.004675029306207868
-0.0042924955797451056
-0.003941621306712687
-0.003619764536319834
-0.0033245082724290245
-0.0030536331345722145
-0.0028051094845961302
-0.0025770733360110944
-0.002367820692243589
-0.0021757862615846973
-0.0019995396359762567
-0.0018377664273761145
-0.0016892659687624068
-0.0015529345399360687
-0.0014277643191446736
-0.0013128284124348736
-0.0012072808252744957
-0.001110343049940523
-0.0010213048621778781
-0.0009395122562397118
-0.0008643689024465645
-0.0007953252498985173
-0.0007318805072923355
-0.0006735727595156879
-0.000619981356738188
-0.0005707179135738621
-0.0005254290107557269
-0.00048378796477954766
-0.0004454977628370098
-0.0004102835072579699
-0.0003778955182108627
-0.00034810237122640767
-0.0003206941138306387
-0.000295475826302406
-0.0002722709081984464
-0.00025091510257126696
-0.00023125981655243072
-0.0002131665577996161
-0.00019651026016337703
-0.00018117408837068264
-0.00016705274551879568
-0.0001540476081343335
-0.00014206999699358704
-0.00013103660989012553
-0.00012087274122605284
-0.00011150798422197402
-0.00010287938798802345
-0.00009492740464074243
-0.0000875989752563557
-0.00008084370052436833
-0.00007461684920170438
-0.00006887573362127753
-0.00006358263608292939
-0.000058701372821788726
-0.00005420013525673951
-0.00005004822797133769
-0.000046218822948509275
-0.00004268585877944445
-0.000039426706991123344
-0.00003641922112084664
-0.00003364431503016412
-0.000031083151702270124
-0.000028719634064721616
-0.000026537724415546918
-0.000024523848775147753
-0.000022664338751277953
-0.000020947750830557343
-0.00001936242327483822
-0.000017898712063842355
-0.000016546656094624363
-0.000015298131714814916
-0.000014144620088668813
-0.000013079282428433359
-0.000012094823908065245
-0.000011185491819285896
-0.000010345030868576822
-9.568606563619889e-6
-8.850847129969645e-6
-8.187694480338747e-6
-7.574528342246242e-6
-7.007947183235977e-6
-6.483970456416512e-6
-5.999751854354776e-6
-5.551855861316675e-6
-5.1379056915264996e-6
-4.7549305897748944e-6
-4.400950779495805e-6
-4.07339218119045e-6
-3.770610655246526e-6
-3.490371013678216e-6
-3.2313127941825677e-6
-2.9914906278496702e-6
-2.7697837265742432e-6
-2.564494840051273e-6
-2.374705579939599e-6
-2.1989313556671347e-6
-2.0364245969843742e-6
-1.8858832016018078e-6
-1.7467036540374919e-6
-1.6177406503812218e-6
-1.4985120464935566e-6
-1.3880074475083662e-6
-1.2858468531743626e-6
-1.1911361131603517e-6
-1.1035810722002243e-6
-1.0223878977924016e-6
-9.473344632563034e-7
-8.777136528297497e-7
-8.133636571169268e-7
-7.536524525856133e-7
-6.984686214531099e-7
-6.472452887798143e-7
-5.999130178061675e-7
-5.559615687612077e-7
-5.153563611840525e-7
-4.776364946812663e-7
-4.4279621195162017e-7
-4.1041769344264374e-7
-3.8051889872299026e-7
-3.5271971466728066e-7
-3.2705749853375246e-7
-3.031852232661713e-7
-2.811559931600984e-7
-2.606518903947819e-7
-2.4173868351525256e-7
-2.2412413664873866e-7
-2.0788408218280116e-7
-1.9274900850673667e-7
-1.788026212074807e-7
-1.657955768104215e-7
-1.5381761151488142e-7
-1.4263733747492525e-7
-1.3234897451767194e-7
-1.2273717217008364e-7
-1.138993379034296e-7
-1.0563449252840273e-7
-9.804214824123868e-8
-9.093424731561509e-8
-8.441150454025931e-8
-7.829751945920697e-8
-7.269346063554858e-8
-6.743348014854634e-8
-6.261858144053039e-8
-5.809250147811476e-8
-5.395556968519594e-8
-5.006025821598635e-8
-4.650580659271976e-8
-4.315267401329932e-8
-4.0098672743640124e-8
-3.721158837875501e-8
-3.458753473338777e-8
-3.210103857310563e-8
-2.984629964991918e-8
-2.7704065695049063e-8
-2.5766453306639178e-8
-2.391996701927702e-8
-2.2254509917291665e-8
-2.066192743467849e-8
-1.9229810789536073e-8
-1.785497188482439e-8
-1.6622617887706728e-8
-1.543418825610659e-8
-1.4372454972524363e-8
-1.3343176370112226e-8
-1.2426654626045843e-8
-1.1532683757388988e-8
-1.0739073937281619e-8
-9.959392826028452e-9
-9.268945047687454e-9
-8.584826964025761e-9
-7.979829193430878e-9
-7.3743450706677656e-9
-6.838644358560055e-9
-6.296195008718007e-9
-5.81473716322607e-9
-5.320596482405981e-9
-4.878969112689813e-9
-4.4188228166589e-9
-4.002785747637941e-9
-3.56224894229568e-9
-3.157234444936562e-9
-2.7213294442613443e-9
-2.311892539017444e-9
-1.864466764267154e-9
-1.4336770794631937e-9
-9.56934582928136e-10
-4.883893295612099e-10
-2.0350698366967492
-2.0321267701010597
-2.0272755751496305
-2.02058263485965
-2.01214930712837
-2.002097802256212
-1.9905791078528428
-1.9777620434715164
-1.963839228499465
-1.9490158307267547
-1.9335147588750456
-1.9175645310260743
-1.9014040607127833
-1.885269573206099
-1.869399186282097
-1.8540190027440493
-1.8393476739982515
-1.8255819205239714
-1.8129012999065817
-1.8014534958135522
-1.7913595522527492
-1.7826993311378139
-1.7755175003022279
-1.7698095864052767
-1.7655290035258628
-1.7625741186543034
-1.7607965753041988
-1.7599897435578928
-1.7598985302000867
-1.7602095093206567
-1.7605623234420456
-1.7605416930165536
-1.7596904117918974
-1.7575033251128225
-1.753441818188853
-1.7469297443934229
-1.7373692064193769
-1.7241383145711864
-1.7066079738220923
-1.6841412622612222
-1.6561108634631558
-1.6218997766877683
-1.580918971921164
-1.5326090734260631
-1.4764577609056055
-1.4120020035350624
-1.338844682478235
-1.2566568928425297
-1.1651932211882308
-1.0642935815589256
-0.9538965526125661
-0.8340401798578787
-0.7048727715979186
-0.5666520960194352
-0.41975306754293135
-0.2646648094388269
-0.10199474652425085
0.06753689587237532
0.24309693116846473
0.42374754142031007
0.6084501791212481
0.7960767683193941
0.985417541141546
1.1751948881125829
1.3640747158553292
1.5506824470926888
1.733617205578634
1.9114692109642
2.0828358584045157
2.2463395560130697
2.400644602919067
2.5444744062376645
2.676627995645244
2.795995548629436
2.9015734200251644
2.9924769986600874
3.0679532685033513
3.1273902008476915
3.1703260772932973
3.1964548615918704
3.205631772167733
3.1978743433402075
3.1733640029468027
3.1324427920665174
3.0756109529562754
3.0035195057824304
2.9169640653124915
2.8168736608740983
2.7043011719423027
2.5804089250913713
2.446456275897073
2.3037826359389073
2.1537928461072378
1.997938393956597
1.837701336699463
1.6745745767020408
1.5100452082387883
1.3455748271934749
1.1825832864589072
1.022430109058001
0.8663997186470398
0.7156850720723231
0.5713754472776396
0.43444337288711055
0.30573596776644507
0.1859660878186202
0.07570799361949503
-0.024606656438846908
-0.11468838250182829
-0.19438882464054613
-0.26369558355236133
-0.32272635985218195
-0.37171956734402206
-0.4110244174237667
-0.44108826251758726
-0.4624437774257834
-0.4756943233544758
-0.48149963260166967
-0.4805606409153001
-0.4736051428826684
-0.4613734968923365
-0.44460558040504444
-0.42402854213555774
-0.40034608245243075
-0.3742290615512651
-0.3463077237724515
-0.31716554083499254
-0.28733456674249513
-0.2572924782984325
-0.22746086175082272
-0.19820507267323656
-0.1698349691915703
-0.14260698904150895
-0.11672668207524005
-0.09235230443858247
-0.06959846244579983
-0.04854053801526963
-0.02921881339038107
-0.011643137777933299
0.004202976700956283
0.01835789607369203
0.03087815813057551
0.04183451692349235
0.05130883951538236
0.05939080941728526
0.06617551422288553
0.07176085090355748
0.076245797435113
0.07972848331570516
0.08230507639747828
0.08406843396700443
0.08510750299359451
0.08550644509746319
0.08534443776871596
0.08469516347716538
0.08362690398203601
0.08220229283527171
0.08047860834155343
0.07850770406325892
0.07633642335920329
0.07400664002000727
0.07155573519685964
0.06901669725398658
0.066418618231617
0.06378681687813112
0.0611433255545567
0.05850701256461809
0.05589404130146996
0.05331797736580076
0.050790209919245495
0.04832003593300002
0.045915039514617596
0.043581150376257774
0.04132298079392929
0.03914385847456245
0.037046123235954326
0.03503113630353997
0.03309954016045011
0.03125124727399952
0.029485667183371672
0.0278016780266692
0.02619782506148601
0.024672278351727077
0.023223006741422962
0.021847724823119488
0.020544046041278227
0.019309421709906238
0.01814127649970155
0.017036941874091882
0.015993776772914175
0.015009097438554574
0.014080285684241951
0.01320471671189259
0.01237985696482812
0.01160319120960044
0.010872311630196497
0.010184845162488168
0.009538535192012905
0.008931169891498772
0.008360657635286563
0.007824956894404609
0.007322146273593608
0.006850356359967082
0.006407835118388617
0.00599288196366722
0.005603909111469352
0.005239378045135729
0.004897857307365611
0.004577961456366951
0.004278405693662442
0.003997947346198142
0.003735437653791422
0.003489765770413227
0.0032599079776064084
0.003044874166388299
0.0028437546975468987
0.002655669302973156
0.0024798117777236413
0.002315401224043426
0.002161724731531419
0.002018090877008298
0.0018838705264727618
0.0017584524979934737
0.0016412826011441616
0.0015318213672191215
0.001429581427482945
0.001334087214415048
0.0012449107686125361
0.0011616333158301858
0.0010838795831081176
0.0010112811586044498
0.0009435093899910526
0.0008802404371058062
0.0008211868194861682
0.0007660640754154176
0.0007146210203445164
0.0006666079297616974
0.0006218055659551742
0.0005799948061413437
0.000540984491363678
0.00050458242535773
0.0004706220962250509
0.00043893497551143984
0.00040937616053081984
0.00038179790702986156
0.0003560742375824778
0.00033207564497042666
0.00030969270986048596
0.0002888119156226217
0.0002693383164900785
0.0002511724079500265
0.00023423188473427345
0.00021842951414557013
0.0002036940215047755
0.00018994891681831263
0.0001771325436945338
0.00016517781261708893
0.0001540314478223913
0.00014363458312550748
0.0001339412398092356
0.00012489974346103057
0.00011647046455256164
0.00010860801709658347
0.00010127829228659311
0.00009444140198051495
0.00008806803451740185
0.00008212310808964516
0.00007658147665317702
0.0000714122601708352
0.00006659392738067984
0.00006209927168920202
0.00005790989645637752
0.00005400180699724272
0.000050359322979869666
0.000046961258565700975
0.00004379428549582883
0.000040839674872152147
0.000038086133526517514
0.00003551708232351608
0.00003312298746471771
0.00003088915148656091
0.000028807560246774646
0.000026865164003616973
0.000025055259962363674
0.000023366241960964952
0.000021792537620032325
0.000020323806230181725
0.00001895544874812201
0.000017678234487506017
0.000016488401435422588
0.000015377693296048367
0.000014343066864983744
0.00001337712186759151
0.000012477431422141709
0.000011637347956290871
0.000010854972112858724
0.000010124318821996645
9.443939354585154e-6
8.808432377518747e-6
8.216733238161656e-6
7.663955538832278e-6
7.149361140491602e-6
6.6685184627009765e-6
6.220966124745751e-6
5.802674811601296e-6
5.413416925056459e-6
5.049519456877937e-6
4.7109515002470474e-6
4.3943561405155995e-6
4.099867177474774e-6
3.8244085838299674e-6
3.5682513105827087e-6
3.3285693754420565e-6
3.1057471660410108e-6
2.8971817066437818e-6
2.7033504361814717e-6
2.5218496633655836e-6
2.353232377791812e-6
2.1952733423815287e-6
2.048586095260743e-6
1.9111055456664535e-6
1.7834929411894102e-6
1.6638272301446516e-6
1.5528064023234022e-6
1.4486392584970587e-6
1.352051182336552e-6
1.2613683172717162e-6
1.177335492011649e-6
1.0983851474239033e-6
1.0252748174592578e-6
9.565334749807838e-7
8.929256632231239e-7
8.33068240464493e-7
7.77727963817988e-7
7.256019091173996e-7
6.774550282575738e-7
6.320578034213287e-7
5.901700307924531e-7
5.506295380010776e-7
5.141881902874972e-7
4.797457574576457e-7
4.480438929600989e-7
4.1803948235206403e-7
3.904621107714582e-7
3.643214595066067e-7
3.403335525284808e-7
3.175569917903581e-7
2.9669305837907765e-7
2.768457911664558e-7
2.5870081231293186e-7
2.4140445834125343e-7
2.2562600276949462e-7
2.105512440428765e-7
1.968326095922648e-7
1.836927917782873e-7
1.7176703729172803e-7
1.6031260074604319e-7
1.4994735070063618e-7
1.3996098117081182e-7
1.3095390032233095e-7
1.222463033178092e-7
1.1442115157621569e-7
1.0682736638606995e-7
1.000305552371451e-7
9.340673482864935e-8
8.750431606589658e-8
8.172490778259569e-8
7.659993327099012e-8
7.155520250993684e-8
6.710540029302988e-8
6.269924527972776e-8
5.883496264548617e-8
5.4982973106639044e-8
5.162534129240741e-8
4.825305727489577e-8
4.5332335318878764e-8
4.237366459874947e-8
3.982772139090792e-8
3.722347478708975e-8
3.49963685361499e-8
3.269287185924647e-8
3.0733484809747996e-8
2.8681223934355968e-8
2.694190699335452e-8
2.509415835010559e-8
2.352933497318045e-8
2.1840727212499572e-8
2.0405397984582823e-8
1.8830341124135722e-8
1.7478419325470806e-8
1.5969324636830048e-8
1.4651717880180884e-8
1.3156914148328066e-8
1.1819246826669051e-8
1.0280475215317869e-8
8.860319922363657e-9
7.209663335427409e-9
5.633172955665564e-9
3.7900449976300025e-9
1.9788383536722357e-9