0.00005855120042184406
0.0002341790425229502
0.0005263599003222253
0.0009344795780455001
0.0014575271056653386
0.0020943122012470135
0.002843318419106012
0.0037028302866636445
0.004670843619689344
0.00574515655573918
0.006923307637069849
0.00820264713615279
0.009580290773659015
0.01105317808032897
0.012618035420373914
0.014271424631703692
0.016009711638455163
0.017829107188083653
0.019725638808620875
0.021695184913456983
0.023733448835064366
0.025835987428419135
0.02799818661918951
0.030215285679248624
0.03248235424158777
0.03479431351961064
0.03714591508704552
0.03953176039075129
0.041946281779699675
0.04438376167592894
0.04683831637190824
0.04930391615840275
0.05177437231280965
0.05424335933869765
0.056704405368041576
0.059150917462844184
0.061576175388771824
0.06397336069150104
0.0663355535087603
0.06865576589265714
0.07092694105041557
0.07314199116585741
0.07529379822860884
0.0773752564333723
0.0793792735964319
0.08129881809251195
0.08312691978022312
0.08485672137817386
0.08648147783407495
0.08799461204427278
0.08938971170506986
0.09066058933891898
0.091801275855483
0.09280608495374824
0.0936696028793008
0.09438675740464153
0.09495280356747089
0.09536339755469238
0.09561457849206081
0.09570284761260657
0.09562514636586
0.0953789411618276
0.09496219808844648
0.09437347320581836
0.0936118839193003
0.09267720419376665
0.09156983207835874
0.09029088830815102
0.08884217863556719
0.08722629316042163
0.08544656110581503
0.08350714703688182
0.08141299473425771
0.07916991548029602
0.0767845170066791
0.0742642785371524
0.07161746070250127
0.06885316229380761
0.06598120776567494
0.06301218182833515
0.059957292775107175
0.05682838310773975
0.0536377693130354
0.05039822945576022
0.04712282288407245
0.043824858741606444
0.04051770194559621
0.03721472935898673
0.033929130743074166
0.03067386138007613
0.027461448087390018
0.02430394798279131
0.021212769745695557
0.018198647756112664
0.015271487508325974
0.01244036255826825
0.009713390492857615
0.007097757257249015
0.004599626736151927
0.0022241935637711025
-0.000024374287944612866
-0.002142856618726875
-0.004129009399407768
-0.005981465171214348
-0.007699739010218731
-0.009284115548820556
-0.010735640474592623
-0.012056002182854391
-0.013247516821951308
-0.014313011946008317
-0.015255811912306974
-0.016079629171900655
-0.016788554709995518
-0.017386960223970436
-0.01787949578291307
-0.01827100364613399
-0.018566522963518045
-0.018771213916329663
-0.018890367564641204
-0.01892933773603186
-0.01889355333281482
-0.018788455108249617
-0.018619507900808532
-0.018392140017898517
-0.01811175375076472
-0.017783666221265194
-0.017413117774741582
-0.017005214426754883
-0.016564934923566345
-0.016097075972918845
-0.015606259579194143
-0.015096882806491458
-0.014573127276173265
-0.014038915219817887
-0.013497922784431973
-0.012953543676472416
-0.012408907302445317
-0.011866850572860915
-0.01132994112402466
-0.010800457057785153
-0.010280414746109643
-0.009771555607107163
-0.009275377431461953
-0.008793126844380408
-0.008325832779092735
-0.007874303078833413
-0.0074391586746969385
-0.0070208328124810645
-0.006619604620276211
-0.006235599638837717
-0.005868821717433134
-0.005519153810676508
-0.005186387448951209
-0.004870223074844055
-0.004570296640395303
-0.004286179045249778
-0.004017399679800394
-0.0037634447671152107
-0.003523777879960905
-0.003297837168396317
-0.003085053025487992
-0.002884844303163063
-0.002696633391511263
-0.0025198415952028238
-0.0023539019349805884
-0.002198253886931107
-0.002052354224005147
-0.001915671322239787
-0.001787694346135299
-0.0016679273097828609
-0.0015558968820478124
-0.0014511463645878935
-0.0013532423582276296
-0.0012617687899913704
-0.0011763326458158658
-0.001096558148944599
-0.0010220917294367579
-0.0009525964289677451
-0.0008877562462742243
-0.0008272708197865087
-0.0007708592610299258
-0.0007182551469987412
-0.0006692099307785524
-0.0006234882600508014
-0.0005808710355679462
-0.0005411510602932547
-0.0005041358013952818
-0.0004696433657542249
-0.00043750500931686887
-0.00040756142849905516
-0.0003796650515211139
-0.0003536766310813502
-0.0003294673451696826
-0.000306915673830262
-0.00028590933149634664
-0.00026634240929861245
-0.00024811715680818553
-0.00023114137087401206
-0.00021533004149725131
-0.00020060296833318106
-0.00018688628302021597
-0.00017411027505995138
-0.00016221080109247345
-0.00015112730272734664
-0.00014080411184857756
-0.00013118864399612606
-0.0001222326076893669
-0.00011389035806981163
-0.00010612001737110616
-0.00009888197466981474
-0.00009213992393971985
-0.00008585949688227842
-0.00008000922443411997
-0.00007455929073764868
-0.00006948242349170978
-0.0000647527581559336
-0.0000603466621240987
-0.00005624169922177114
-0.000052417392324614856
-0.000048854279105067356
-0.00004553461739471663
-0.000042441523965604224
-0.000039559626643880786
-0.00003687427867045796
-0.00003437216130168393
-0.00003204056698751892
-0.000029867955950597907
-0.00002784330204793367
-0.000025956606584241224
-0.000024198301301518096
-0.000022559722460459308
-0.000021032565924656565
-0.000019609324339308996
-0.00001828278974478494
-0.000017046456488818773
-0.000015894067235643655
-0.000014819984060287558
-0.000013818774107459918
-0.000012885551145368706
-0.000012015597478534476
-0.000011204678073788348
-0.000010448695652376797
-9.743979343242925e-6
-9.086970169181435e-6
-8.474486040034226e-6
-7.903435106134542e-6
-7.371058766929955e-6
-6.874670604887092e-6
-6.41187895316529e-6
-5.980349342006423e-6
-5.578008047933514e-6
-5.202826177806559e-6
-4.853005507367387e-6
-4.526782513205598e-6
-4.222597697405027e-6
-3.938918038355465e-6
-3.674390900098986e-6
-3.4276835234686937e-6
-3.197622520427002e-6
-2.9830491643798863e-6
-2.7829453821267553e-6
-2.5963037280519604e-6
-2.4222406961797697e-6
-2.2598803831377655e-6
-2.1084558635621337e-6
-1.96720565138583e-6
-1.8354638046013826e-6
-1.7125683956466107e-6
-1.5979409391493401e-6
-1.4910061731096582e-6
-1.3912613341410622e-6
-1.2982066390679572e-6
-1.2114048644012976e-6
-1.1304219994611886e-6
-1.0548775220163402e-6
-9.843947730641213e-7
-9.186422582929277e-7
-8.572933648753473e-7
-8.000589613076251e-7
-7.466561447611932e-7
-6.96832353976839e-7
-6.503429022825984e-7
-6.06966762138755e-7
-5.664927017167855e-7
-5.287268442137565e-7
-4.934872886093056e-7
-4.6060349082464485e-7
-4.2991931168234784e-7
-4.0128421115807867e-7
-3.7456472612597644e-7
-3.4962741335797764e-7
-3.2635882175640273e-7
-3.0464006334727834e-7
-2.8437540166313204e-7
-2.6545827717147324e-7
-2.4780869269794595e-7
-2.3133045957813828e-7
-2.159576266499112e-7
-2.016026529168071e-7
-1.8821218521404814e-7
-1.7570580579867764e-7
-1.6404152977035383e-7
-1.531447085796242e-7
-1.4298368671634487e-7
-1.3348837657801353e-7
-1.2463658100071232e-7
-1.163616897797407e-7
-1.0865024329396108e-7
-1.0143812703335218e-7
-9.472003240383506e-8
-8.843344630335789e-8
-8.258074479903706e-8
-7.710019255401273e-8
-7.200149164989285e-8
-6.722291932067011e-8
-6.278124402884573e-8
-5.861403526589963e-8
-5.474495801653244e-8
-5.111018992257342e-8
-4.774020552912113e-8
-4.4569130880969066e-8
-4.163424209433527e-8
-3.886697091630777e-8
-3.6311458540740216e-8
-3.3895807870750647e-8
-3.1671160781732085e-8
-2.9561656298342732e-8
-2.7625640149096695e-8
-2.5782646303219266e-8
-2.409849394521681e-8
-2.2487457691597344e-8
-2.1023164348622477e-8
-1.9613954919237723e-8
-1.8341665378714223e-8
-1.7108001297459327e-8
-1.600347625185437e-8
-1.4922426414381153e-8
-1.3964578077062774e-8
-1.301612550926569e-8
-1.2186614296886085e-8
-1.1353277885006996e-8
-1.0636160976227044e-8
-9.90266545144128e-9
-9.284090879907146e-9
-8.63707857636065e-9
-8.105020136315946e-9
-7.532800577288434e-9
-7.07682597595744e-9
-6.569157005210936e-9
-6.18022734551231e-9
-5.72812395737775e-9
-5.398418782514665e-9
-4.993987146558267e-9
-4.716752985163828e-9
-4.3530447867642925e-9
-4.122463009099179e-9
-3.7933480025173155e-9
-3.6044206170703568e-9
-3.3044753509541867e-9
-3.1529265693737685e-9
-2.8773374839327726e-9
-2.7595273438512214e-9
-2.5040048344533045e-9
-2.4168551630864427e-9
-2.177558402535737e-9
-2.1184887113707574e-9
-1.8919602676601343e-9
-1.8588327664300004e-9
-1.6419401678871118e-9
-1.6330124606534873e-9
-1.4228961797528238e-9
-1.4367814639445081e-9
-1.2308090907286598e-9
-1.2664412472850135e-9
-1.0621677305496227e-9
-1.1187723173125029e-9
-9.13902309597062e-10
-9.909726291234405e-10
-7.833278150082003e-10
-8.806050978865057e-10
-6.680950723784367e-10
-7.855516234353366e-10
-5.661462555109209e-10
-7.03972661547285e-10
-4.756764660816454e-10
-6.342723794008493e-10
-3.9510202507637486e-10
-5.750684934142001e-10
-3.2303039341563834e-10
-5.251657711286654e-10
-2.5823519052707313e-10
-4.835324409086876e-10
-1.9963387510778857e-10
-4.4928147732672395e-10
-1.4626894116527514e-10
-4.2165163812401817e-10
-9.728740139938609e-11
-3.9997646210517853e-10
-5.178869485105764e-11
-3.8256588458754725e-10
-0.0000645158182689688
-0.0002580133135358707
-0.0005794807860809259
-0.0010277394270551581
-0.0016008631395437215
-0.002296613284127056
-0.0031121734738693207
-0.004044412633679051
-0.005089733578830968
-0.006244263711134583
-0.007503756280413808
-0.008863734945170154
-0.010319420486651597
-0.01186583788150371
-0.013497753880974139
-0.015209750306031158
-0.016996164938481165
-0.01885113413359432
-0.020768534380615957
-0.022741998221792195
-0.024764857428853333
-0.02683013731620779
-0.02893050487879468
-0.03105824723689807
-0.033205229340003146
-0.035362862240354044
-0.03752207524502644
-0.039673279043380964
-0.041806356779718494
-0.04391062600101525
-0.04597485239459077
-0.047987213395191415
-0.04993533763105427
-0.05180627210071862
-0.05358654992822567
-0.05526216241936012
-0.05681865759112927
-0.05824111809678127
-0.05951429304015359
-0.060622582517575116
-0.061550205209957305
-0.06228118987073087
-0.06279958085978714
-0.06308943611758298
-0.06313507204714702
-0.06292106634164342
-0.06243254252848922
-0.06165517468347915
-0.06057551083460708
-0.059180975489783745
-0.057460230374139915
-0.055403170212309914
-0.05300131923392277
-0.05024781593725514
-0.04713784436890641
-0.04366860432473916
-0.03983977697164637
-0.035653477214926343
-0.031114752624571265
-0.02623151318327627
-0.021015059292123665
-0.015479979455360627
-0.00964469623219485
-0.003531313866175533
0.0028338397684316073
0.009420445505376327
0.016193690272357193
0.023114622368682232
0.030139736310533786
0.037221504284786024
0.04430810421822878
0.05134418315501377
0.05827078172934118
0.06502637523308806
0.07154703082974294
0.07776774673666688
0.08362284606138114
0.08904759435085322
0.0939787884692887
0.09835658259369254
0.10212517905381704
0.10523474160475854
0.10764204809642365
0.1093123290605072
0.11021971138060542
0.11034880145781333
0.10969474515352608
0.10826438659450097
0.10607579853825932
0.10315889308226354
0.09955433757245628
0.09531356767827769
0.09049708894613595
0.08517393439573777
0.07941944640539071
0.07331431354639793
0.06694201368472562
0.06038763980618282
0.05373524526860243
0.047066709786074176
0.04045924818577163
0.03398456551725116
0.027706765599377948
0.021681997150284245
0.01595693139201402
0.010569017436885287
0.005545601883153914
0.0009048078144688535
-0.003344737108461363
-0.007202486775544011
-0.010675768504302666
-0.013778004523489627
-0.016528216949643657
-0.018949099053815293
-0.021066449255335705
-0.022907306765627765
-0.02449950986662801
-0.025870070350374755
-0.027044995811836104
-0.02804800954694217
-0.028900702118755305
-0.02962162602858724
-0.03022676709116351
-0.030728974332336737
-0.031138682970569754
-0.03146359302557011
-0.031709542771118295
-0.03188033029867167
-0.03197863097251241
-0.032005862689085125
-0.03196305789797893
-0.031850697793108965
-0.0316694794918451
-0.031420076766078615
-0.03110377596148702
-0.030722151882106866
-0.03027757409020674
-0.029772809998791103
-0.02921142197974712
-0.028597323102359126
-0.027935094189262964
-0.027229521591699443
-0.02648586370461004
-0.025709397202075046
-0.0249056574967282
-0.024080013062846538
-0.02323789689803767
-0.022384420665858055
-0.021524606719555486
-0.02066304668419685
-0.019804137447208877
-0.018951783437765855
-0.018109635743684023
-0.017280833968314053
-0.016468245260321188
-0.015674239999054578
-0.014900926657472462
-0.014149955237352931
-0.013422744045466386
-0.012720305291261004
-0.012043460594173822
-0.011392684061131236
-0.010768304308799855
-0.010170361362732533
-0.009598793940126884
-0.009053307472836959
-0.008533546224114523
-0.008038970541583399
-0.007569014021001284
-0.007122968714333648
-0.006700127999786908
-0.006299678913684709
-0.005920831662977978
-0.005562718543929153
-0.005224511176033042
-0.004905325650574232
-0.004604328608644815
-0.004320648360714016
-0.00405347090858161
-0.0038019568211684223
-0.0035653282354083976
-0.0033427912847438157
-0.003133615028443612
-0.002937059221354579
-0.0027524460270196014
-0.002579092903391917
-0.002416377859936038
-0.0022636772187670396
-0.0021204250876011724
-0.0019860557425876763
-0.0018600579078044855
-0.0017419214977909933
-0.0016311872223247908
-0.0015273974231495313
-0.0014301414599952145
-0.001339010376604415
-0.0012536384693496562
-0.0011736615228008433
-0.001098754915567628
-0.0010285951731431274
-0.0009628949258475931
-0.0009013675366228564
-0.0008437591910850508
-0.0007898163704878543
-0.0007393153243133504
-0.000692032170464199
-0.0006477699756817988
-0.0006063312788011217
-0.0005675429814546735
-0.0005312311036634729
-0.000497243668309655
-0.00046542751100741913
-0.00043564932505727437
-0.00040777436055900465
-0.0003816857808974655
-0.00035726509884602837
-0.00033440998232307594
-0.00031301628666287795
-0.000292994434978209
-0.0002742529176913586
-0.0002567133617406159
-0.00024029537795367887
-0.00022493042485701435
-0.00021054789374160528
-0.00019708786327888764
-0.00018448832150616375
-0.00017269690002404207
-0.000161659139917697
-0.00015132928657024628
-0.00014165951479682621
-0.0001326098586709605
-0.00012413831785332017
-0.00011620999067696798
-0.00010878799031256397
-0.00010184184408325951
-0.00009533915398701004
-0.0000892533192516995
-0.00008355588187658534
-0.00007822362525508372
-0.00007323154967936529
-0.00006855939554865638
-0.00006418519868944555
-0.00006009128264657321
-0.00005625834784127367
-0.000052670973946766
-0.00004931220063340422
-0.000046168577500042
-0.00004322519815305433
-0.000040470331911706606
-0.00003789087596874272
-0.00003547660069162673
-0.00003321598731124923
-0.00003110011595179238
-0.000029118859469903062
-0.000027264440581668938
-0.000025527954923796803
-0.00002390262157593646
-0.00002238061115301233
-0.000020956011229873233
-0.000019621937625786804
-0.00001837323481588599
-0.000017203849985490423
-0.000016109286881910623
-0.000015084224264438446
-0.000014124739977695337
-0.000013226156729293147
-0.000012385051880458131
-0.000011597315450448697
-0.000010859959101343893
-0.000010169372818261941
-9.522945650568278e-6
-8.917508639212788e-6
-8.35077816541435e-6
-7.819974855422861e-6
-7.32309873360621e-6
-6.857714567249963e-6
-6.422068039601584e-6
-6.014028387991844e-6
-5.632053410161565e-6
-5.274282136503029e-6
-4.939355103838041e-6
-4.625650915150441e-6
-4.331967004785125e-6
-4.056894957163248e-6
-3.7993667193238813e-6
-3.558163556392637e-6
-3.3323319023878388e-6
-3.1208227115772006e-6
-2.9227793464022767e-6
-2.7373048653070657e-6
-2.563624042270257e-6
-2.400976765689049e-6
-2.2486555825749217e-6
-2.106024017889597e-6
-1.9724301171257995e-6
-1.8473497338057146e-6
-1.730175497632597e-6
-1.6204858163993491e-6
-1.5177082699459017e-6
-1.421515406935564e-6
-1.3313608882754662e-6
-1.247004554715449e-6
-1.1679180501581505e-6
-1.093942680062805e-6
-1.0245608209594934e-6
-9.596903756853003e-7
-8.988177102360178e-7
-8.419334234715841e-7
-7.885216580220219e-7
-7.386427874149977e-7
-6.917727285445701e-7
-6.480393708517518e-7
-6.069048153383944e-7
-5.68563100250631e-7
-5.324570384466812e-7
-4.988460480953172e-7
-4.671483620144888e-7
-4.376887221211015e-7
-4.098554729571855e-7
-3.840391946182229e-7
-3.595932033215193e-7
-3.369750215560734e-7
-3.1549763057665084e-7
-2.9568728325167023e-7
-2.7681113200204064e-7
-2.594664821276141e-7
-2.4286919088469344e-7
-2.2769041931304975e-7
-2.1308900910161808e-7
-1.998134374817637e-7
-1.8695949428670018e-7
-1.7535700017297183e-7
-1.6403229803311345e-7
-1.5390126020038792e-7
-1.4391421235106152e-7
-1.350781419491457e-7
-1.2626034626814223e-7
-1.1856473328133424e-7
-1.1076806277419154e-7
-1.0407782526829201e-7
-9.717205834140584e-8
-9.136897072667036e-8
-8.523944103326674e-8
-8.022029448093335e-8
-7.476598989003543e-8
-7.044059289661831e-8
-6.55724664359924e-8
-6.186235604130674e-8
-5.7501722940551934e-8
-5.433847618208794e-8
-5.041582919856893e-8
-4.774001804941255e-8
-4.419366112088671e-8
-4.1953777091395693e-8
-3.872910572872679e-8
-3.6880599745305117e-8
-3.3928905657656655e-8
-3.243350206722345e-8
-2.9711240004825796e-8
-2.8536085545273902e-8
-2.6004380048107724e-8
-2.5121470094667242e-8
-2.2745282900005557e-8
-2.2130996472123426e-8
-1.987859243189128e-8
-1.9513213792478585e-8
-1.7355751635765325e-8
-1.7223034791710766e-8
-1.5134066254199633e-8
-1.5220951170947844e-8
-1.3176050599163121e-8
-1.3472246551734073e-8
-1.1448739803860942e-8
-1.1946601909124513e-8
-9.923165711453896e-9
-1.0617461407345221e-8
-8.573916192367452e-9
-9.461551610533811e-9
-7.3785094635227315e-9
-8.458605781364044e-9
-6.317198704691736e-9
-7.590795493143044e-9
-5.372662575287583e-9
-6.842623553418277e-9
-4.529607164605941e-9
-6.200550186030359e-9
-3.774329971732059e-9
-5.652745036929549e-9
-3.0949316606216375e-9
-5.188976053086645e-9
-2.4808046480069916e-9
-4.800340538840658e-9
-1.922508299555832e-9
-4.479118001226977e-9
-1.4116621992261487e-9
-4.2186855736574e-9
-9.407141750277917e-10
-4.013186657790371e-9
-5.016918319600239e-10
-3.846690544563911e-9
0.00009233048703030258
0.00036919072086153174
0.0008279233987453175
0.001465439002531831
0.002276698696569518
0.00325587310375876
0.004395657062148254
0.005687991183398617
0.007123678971853305
0.0086929353061375
0.010385143617276401
0.012189302451286294
0.014093847814966804
0.016087021146868455
0.018156713173648503
0.02029076181323522
0.02247679053092734
0.02470244169296606
0.026955194258831045
0.029222540090994065
0.031491775491488606
0.033750131906956096
0.03598454388035512
0.03818174979017507
0.04032804522622338
0.04240937286929896
0.04441107499850153
0.04631799379156644
0.048114239565062236
0.04978332337141432
0.0513079586712516
0.05267024699272461
0.05385153006686432
0.05483264644753642
0.055593848723202395
0.05611514433443895
0.05637628832024802
0.05635721510565434
0.05603811137639777
0.05539993742836761
0.05442457733240999
0.053095438788620164
0.05139766909669452
0.049318811852819375
0.046849068000088014
0.043981976955602256
0.040714693087643514
0.037048649025196036
0.03298981040482848
0.028549271397860555
0.023743445633615162
0.018594539528105452
0.013130635919277505
0.0073859904891301975
0.0014009675028561252
-0.0047778910060829885
-0.011098110666111254
-0.017501484023710438
-0.023924518739550354
-0.030298932878224855
-0.03655231187215699
-0.04260890983284775
-0.0483905023513164
-0.053817482867042785
-0.058809876827407924
-0.06328869869358254
-0.06717706980649674
-0.07040177687272048
-0.07289441256510533
-0.07459305216751147
-0.07544331466281692
-0.07540005324584625
-0.07442821834054013
-0.07250444316928087
-0.06961758215892656
-0.06577006810731532
-0.06097800296899465
-0.05527217125260025
-0.048697577460410896
-0.04131402271244897
-0.03319501473577341
-0.024427850987304617
-0.0151118716091686
-0.0053580400987350545
0.004713436333642386
0.014973982435915335
0.02528958415313438
0.035522017655857184
0.04553218797790247
0.055181555887837505
0.06433569621074452
0.0728657251549103
0.0806518530296685
0.08758458948091058
0.09356804947868776
0.09852071080873122
0.10237824085571724
0.10509360355440332
0.10663921049184596
0.10700622481738786
0.10620590337262752
0.10426802067796363
0.10124135490031928
0.09719124936130145
0.09219929518329625
0.08636014953413552
0.07978056843599206
0.07257569528154467
0.0648676826174134
0.05678173515777609
0.048444613735087294
0.03998075001312829
0.03151093751929922
0.023148822148570728
0.015000049850610576
0.007159378000490243
-0.00028952818075492117
-0.007276213507108411
-0.01374290122817496
-0.019645803954735884
-0.02495388391382305
-0.029649431124621328
-0.033726242132455675
-0.03718962639647798
-0.04005419811791459
-0.04234352093404955
-0.04408773447364807
-0.04532305459293792
-0.046089443002668304
-0.04643015080395934
-0.046389595328308574
-0.04601308110184746
-0.04534498732858604
-0.04442873786242321
-0.04330534047361427
-0.04201361963139816
-0.04058909650673135
-0.0390644545651675
-0.03746871364323065
-0.03582787226556912
-0.03416431129204766
-0.03249754753364196
-0.030843799700817687
-0.029216791355119644
-0.02762741949489702
-0.026084556115166548
-0.024594772771824577
-0.023163104401557298
-0.021792797517251866
-0.02048601402699955
-0.019243583615640256
-0.018065637077040342
-0.0169513535541188
-0.01589952156366881
-0.014908278769741667
-0.01397560447871445
-0.013099053832235886
-0.012276188596161957
-0.011504309697810796
-0.010780834306568402
-0.010103031187442317
-0.009468352027725883
-0.008874173725880499
-0.008318091193468482
-0.007797669899493667
-0.00731070634876798
-0.006854993266420115
-0.006428552872371837
-0.006029416194846239
-0.005655833267525797
-0.005306067297765185
-0.0049785850676286195
-0.0046718660888867124
-0.004384575803077535
-0.004115389423193616
-0.003863149997884175
-0.0036267063455335358
-0.003405057644045387
-0.0031972046836134397
-0.003002282344859879
-0.0028194232990188077
-0.002647879515764734
-0.0024868975038011515
-0.002335829824946595
-0.0021940209754669417
-0.0020609097581643335
-0.001935924935838115
-0.0018185792202195861
-0.0017083738751979204
-0.0016048850061518235
-0.001507676346122961
-0.0014163784668937863
-0.0013306090404520028
-0.0012500455412882037
-0.0011743523306941988
-0.001103247376131068
-0.0010364355617135718
-0.0009736699073445495
-0.0009146905628273075
-0.0008592809720534858
-0.0008072120547754964
-0.0007582937281666125
-0.0007123238249879285
-0.0006691353512056659
-0.0006285497305291017
-0.0005904201484177686
-0.0005545887479890669
-0.0005209263836148198
-0.0004892934270852745
-0.00045957622686833315
-0.0004316512157956016
-0.0004054183484319018
-0.0003807682250497287
-0.00035761276063565916
-0.00033585506699653606
-0.0003154175819651945
-0.00029621447490684204
-0.0002781774482686352
-0.0002612304510261689
-0.00024531334664088265
-0.0002303587380754637
-0.00021631368061405447
-0.0002031184381225043
-0.00019072640527618276
-0.000179084630430304
-0.00016815209679080047
-0.0001578818624462935
-0.00014823783817767422
-0.00013917840605226974
-0.00013067182141671127
-0.0001226811839399236
-0.00011517857873831022
-0.00010813128683842683
-0.0001015147691186939
-0.00009530001175284835
-0.00008946545138126655
-0.0000839853579045652
-0.00007884079038335066
-0.00007400892841337771
-0.00006947314209465713
-0.0000652131897231029
-0.00006121447692550141
-0.00005745904741830311
-0.000053934099487740565
-0.000050623702331147504
-0.00004751663238578412
-0.00004459875359702763
-0.00004186023210167845
-0.000039288522046469605
-0.00003687501239930902
-0.00003460856628980805
-0.00003248164888480638
-0.000030484371400392562
-0.000028610146009156553
-0.000026850189298211362
-0.00002519874640753281
-0.000023648013065870334
-0.000022192967032643165
-0.000020826671280990267
-0.000019544747548654222
-0.000018341026834380586
-0.000017211697267052173
-0.000016151269646644248
-0.000015156430044132254
-0.000014222291061929357
-0.000013345976610458068
-0.000012523131596546865
-0.000011751265161459592
-0.000011026492820534509
-0.000010346662968192912
-9.70830678048684e-6
-9.109571618014262e-6
-8.547355604804322e-6
-8.020069443535669e-6
-7.524935298579606e-6
-7.0605958369739925e-6
-6.624559189952543e-6
-6.215672995373668e-6
-5.831696506567021e-6
-5.47165909177125e-6
-5.133540893655129e-6
-4.816532043028708e-6
-4.5188065967265015e-6
-4.239697726417266e-6
-3.977548971331726e-6
-3.7318210981364037e-6
-3.5010054276959535e-6
-3.2846768585066623e-6
-3.0814553712233288e-6
-2.8910183236447518e-6
-2.7120967955045057e-6
-2.544461209616235e-6
-2.386937611359046e-6
-2.2393812195203716e-6
-2.1006990740398015e-6
-1.9708240775232764e-6
-1.8487313484650075e-6
-1.734425904434071e-6
-1.6269388513291005e-6
-1.5263429745996772e-6
-1.4317144180341032e-6
-1.343189823770823e-6
-1.2598809294494022e-6
-1.1819851079219616e-6
-1.1086404339077789e-6
-1.0401031982661974e-6
-9.755290240703188e-7
-9.152318762618494e-7
-8.583769294045278e-7
-8.053351845383132e-7
-7.552735042596369e-7
-7.086202985663826e-7
-6.645364568250926e-7
-6.235086030814022e-7
-5.846843890160114e-7
-5.486102784212438e-7
-5.1441348970659e-7
-4.827017999212209e-7
-4.525753331384592e-7
-4.247058217974551e-7
-3.9815905173722514e-7
-3.7367394553141873e-7
-3.5027481641187175e-7
-3.287713368268749e-7
-3.0813930135380583e-7
-2.8926309850628483e-7
-2.710627603046061e-7
-2.5450222478992665e-7
-2.3843826855094874e-7
-2.2391946373508634e-7
-2.0973156874724848e-7
-1.970134212021285e-7
-1.8447222210351727e-7
-1.7334315388873383e-7
-1.6224625144986292e-7
-1.5252038060421607e-7
-1.4268929370679414e-7
-1.3420341870875657e-7
-1.2548065477625329e-7
-1.180916061999101e-7
-1.1033808894325341e-7
-1.0392021352657755e-7
-9.70131305852147e-8
-9.145657277001818e-8
-8.528730731423863e-8
-8.049563596609899e-8
-7.496800961108064e-8
-7.08572857199912e-8
-6.588589469344945e-8
-6.238269571590872e-8
-5.789215390469951e-8
-5.493256990346738e-8
-5.085554759869321e-8
-4.838407781793231e-8
-4.4660413395408863e-8
-4.2629044555670274e-8
-3.9205307315526636e-8
-3.7572557339465165e-8
-3.4400669119269725e-8
-3.313112522927214e-8
-3.016793016679897e-8
-2.923128889937857e-8
-2.643752527157366e-8
-2.5808339683202863e-8
-2.3148782442469777e-8
-2.280565395180961e-8
-2.0247627571420497e-8
-2.017318020156704e-8
-1.76869047210131e-8
-1.7867158371068645e-8
-1.54248444590262e-8
-1.5848909467321764e-8
-1.3424905224338179e-8
-1.408476723184561e-8
-1.1654401577765832e-8
-1.2544903667474937e-8
-1.0084960285187678e-8
-1.1203274474344106e-8
-8.691436321093377e-9
-1.0037098427644656e-8
-7.451475465308668e-9
-9.026258628243778e-9
-6.34555483731911e-9
-8.153256041551596e-9
-5.3562960848268434e-9
-7.402852594619744e-9
-4.468099607493113e-9
-6.761558826343232e-9
-3.6675835923153376e-9
-6.2177707822568216e-9
-2.9426131393304097e-9
-5.76134338493868e-9
-2.282297430470181e-9
-5.3835361153140924e-9
-1.6771264390852386e-9
-5.076737752983698e-9
-1.118379234162522e-9
-4.834000575311748e-9
-5.968223672118662e-10
-4.636809472627492e-9
-0.0000628628341167194
-0.0002513809766437626
-0.0005641119258559768
-0.0009993446688875412
-0.001554226312491315
-0.002225328128935655
-0.0030081932414389493
-0.0038976509676173937
-0.004887515003187434
-0.005970810940252294
-0.00713955584444972
-0.008384959145035543
-0.00969725977536854
-0.011065930326144753
-0.01247955890208735
-0.013926070998453891
-0.015392644083153773
-0.016865951514847526
-0.01833209590396024
-0.01977687290815042
-0.021185707942357936
-0.022543934851347872
-0.023836721106995522
-0.02504935711257595
-0.026167158000754132
-0.027175763055983616
-0.028061007015077175
-0.02880923454585445
-0.02940713930834903
-0.029842103976341988
-0.030102009702545573
-0.030175616189552123
-0.03005234626947425
-0.029722721776602595
-0.029178126913838674
-0.028411313648058812
-0.027416143392875365
-0.026188170662691624
-0.024724356209393967
-0.0230237307983471
-0.021087065693752807
-0.018917611155344866
-0.016520703632293843
-0.01390456729073035
-0.011079832671645633
-0.008060385045412038
-0.0048627670312514845
-0.0015070547929130593
0.001983883284880626
0.005583503450026742
0.009262499419086563
0.012987935370098186
0.016724357894609652
0.020432971400479203
0.02407297738946066
0.027600822066197163
0.0309717908819889
0.03413935949068148
0.037057067032909424
0.03967799650483302
0.04195693696101955
0.04385000298837831
0.045317069491634124
0.04632150864881604
0.04683283922161687
0.04682651306252955
0.04628666656102668
0.045205832899132145
0.04358762493153655
0.04144619547161894
0.038808632920638325
0.03571395623263607
0.032214984461331794
0.02837665320530752
0.024277143149548375
0.020005354225345287
0.015661155506638724
0.011351955974728734
0.007192066253463358
0.0032984511705734082
-0.00021064417703382197
-0.003220508697595542
-0.005621756484810465
-0.0073153049453032115
-0.00821413221255081
-0.00824791669721432
-0.007364246251962094
-0.005532400553019595
-0.0027435276672477665
0.0009868666238595461
0.005620130038102606
0.011093527671420075
0.017322984956320356
0.024203723930462828
0.03161442582455923
0.03941919752699999
0.0474727906314477
0.055623426356941764
0.06371851346191498
0.07160771013426824
0.07914848691243424
0.08620876662973721
0.09267170201905994
0.09843731890992301
0.10342601781139023
0.10757883447443967
0.11085940174707115
0.11325269598843118
0.11476546236622491
0.11542358236761315
0.11527121706589351
0.11436715555579692
0.11278311629190624
0.11059957551542064
0.10790375319297651
0.10478545265274639
0.10133523589549948
0.09764073465866463
0.0937854061898606
0.08984562881566789
0.08589025922325412
0.08197864369580754
0.07816101557200879
0.0744773802700452
0.07095863716372175
0.06762616683212179
0.06449346185115856
0.061566176318551186
0.0588440137671877
0.056320991883059376
0.053987355028888885
0.051829847085620766
0.04983347233944882
0.047981635371609106
0.04625764541230201
0.044644653215126354
0.04312686163661113
0.04168924981380129
0.04031850469079263
0.03900256436607068
0.037731316984938694
0.03649601650344708
0.035289808117100564
0.03410707426654528
0.032943844323858246
0.03179712195689033
0.030665226887859897
0.029547142327993773
0.028442823371082133
0.027352589519921384
0.026277421303440383
0.02521841077340506
0.024177057271009838
0.02315477949605802
0.02215321374645057
0.021173785003372126
0.02021800629383379
0.019287102797941214
0.018382308667159092
0.017504536779668102
0.016654668691370427
0.015833262634687182
0.015040832633760246
0.014277588088370118
0.013543698943774449
0.012839061269869384
0.012163546398999003
0.011516788042469967
0.010898414265185683
0.010307852706973996
0.009744545071569915
0.009207767865758954
0.008696829692212282
0.008210905578255072
0.007749217783443595
0.007310882280894565
0.006895074052036452
0.006500884624596051
0.006127472966738352
0.005773933220708696
0.00543943235913283
0.0051230873998336654
0.0048240909725939096
0.004541597402901844
0.0042748372848999535
0.004023011878050801
0.003785397708755235
0.003561248766134847
0.0033498920662365797
0.0031506371605239647
0.0029628635117679796
0.0027859368472179136
0.0026192891119432176
0.002462341214023603
0.0023145762470602373
0.0021754681943228094
0.002044549030961487
0.0019213429767135923
0.0018054280319005618
0.001696375379842255
0.001593805852126417
0.001497334105642059
0.0014066204626828973
0.0013213195084046472
0.00124112770573235
0.0011657360761391103
0.0010948739549999842
0.0010282654445283135
0.0009656696305536258
0.0009068405188131024
0.0008515640098077345
0.0007996210459834129
0.0007508216132464099
0.0007049708478251871
0.0006619003069884053
0.0006214368028220073
0.000583431167141973
0.0005477295934077101
0.0005142000982382694
0.00048270617559306755
0.00045313113956750513
0.0004253539031219271
0.00039927137640908097
0.00037477620009923954
0.0003517773528155148
0.000330179683671575
0.000309902871960861
0.0002908626152727366
0.00027298807182479865
0.00025620457218825804
0.00024044966336963467
0.00022565722438568187
0.00021177222191656134
0.00019873611704338413
0.00018650043285945274
0.0001750133530891491
0.0001642321921139978
0.00015411109093638173
0.00014461247666290665
0.0001356957686114814
0.00012732790398613177
0.00011947297761937373
0.00011210190425499388
0.0001051829193711154
0.0000986904435616837
0.00009259637848741761
0.00008687823375144966
0.0000815111567344385
0.00007647537744108415
0.00007174891642143203
0.00006731439849139288
0.00006315238781971416
0.000059247616044477716
0.000055582899285428877
0.0000521448224670304
0.000048918194122573235
0.00004589122893081974
0.000043050499931304405
0.000040385652869316125
0.0000378848236315766
0.00003553891437844433
0.00003333744566180082
0.00003127242138905257
0.000029334588938704575
0.000027516918804778844
0.000025811245728793596
0.00002421138594237999
0.000022710138519941097
0.00002130206131583046
0.00001998080778653536
0.000018741583809829336
0.000017578802832710356
0.000016488235089026122
0.000015464969391700473
0.000014505268591997006
0.000013604822066403611
0.000012760321177349693
0.000011967989678974429
0.000011224890883994637
0.000010527725159401332
9.873878359627704e-6
9.260476755394513e-6
8.68518312540384e-6
8.14550548913743e-6
7.639345427397558e-6
7.164552476101656e-6
6.719232360751283e-6
6.301542423894366e-6
5.909760626766072e-6
5.542322470258071e-6
5.19765182205126e-6
4.874435385741795e-6
4.571217324643895e-6
4.286914418458224e-6
4.020168525357426e-6
3.7701069901947103e-6
3.5354492537655534e-6
3.3155169708792962e-6
3.109088981417154e-6
2.9156676456793735e-6
2.7340737056626377e-6
2.563978115442604e-6
2.4042297228770097e-6
2.2546579858260263e-6
2.114124237047109e-6
1.982610429674143e-6
1.8589768937660685e-6
1.743351674392413e-6
1.6345813550282227e-6
1.532935767621691e-6
1.4372360924185938e-6
1.3478912541793979e-6
1.2636849737637083e-6
1.1851631917967682e-6
1.1110624736831924e-6
1.0420643488365956e-6
9.768475802383004e-7
9.162305477637773e-7
8.588226621401935e-7
8.055819400943902e-7
7.550365955701074e-7
7.082884758850012e-7
6.637736111796368e-7
6.227412679759768e-7
5.835237511385786e-7
5.475240977648604e-7
5.129586121680534e-7
4.813914808034476e-7
4.509102916615851e-7
4.232484278074248e-7
3.963513132068557e-7
3.721317166513381e-7
3.4837812333755583e-7
3.271936810560909e-7
3.0619548109045083e-7
2.8768882259188134e-7
2.691042189618833e-7
2.5296200308903875e-7
2.3648978629084842e-7
2.224371145321851e-7
2.078107600757584e-7
1.9560708318909785e-7
1.8259219841993458e-7
1.7202649803710763e-7
1.6041530375079503e-7
1.513032506257743e-7
1.409122476502474e-7
1.3309268866262206e-7
1.2375968943626628e-7
1.1709225525383432e-7
1.0867306093688218e-7
1.0303511388921288e-7
9.540185650063754e-8
9.068733476877984e-8
8.37259605782415e-8
7.984342533375322e-8
7.345188554971697e-8
7.032178750818157e-8
6.440989869010145e-8
6.196382312717806e-8
5.644930781278106e-8
5.462998156611049e-8
4.94387759731427e-8
4.8197486203841676e-8
4.326257299831722e-8
4.255813999701873e-8
3.7818380446220514e-8
3.7617199472933176e-8
3.301636981310285e-8
3.3291925312568906e-8
2.877741499253691e-8
2.9508631790452987e-8
2.5032386296900178e-8
2.6203282696634264e-8
2.1719255929598843e-8
2.332031104112452e-8
1.8784999256378737e-8
2.0810041210444832e-8
1.6181431719981763e-8
1.8629230231866264e-8
1.3866382515762766e-8
1.673998979016743e-8
1.1802927765515289e-8
1.5109478780223578e-8
9.958341848103476e-9
1.3708406238448447e-8
8.30392010396824e-9
1.2511949574338027e-8
6.813825972332468e-9
1.1497919000914096e-8
5.464983316066768e-9
1.064724748902799e-8
4.237667259363791e-9
9.943516724307028e-9
3.113046127103485e-9
9.372147233213348e-9
2.0753169563379646e-9
8.920905558000147e-9
1.1070357810342264e-9
8.554233546459985e-9