0.012281394605976319
0.02455856879519765
0.036820977025789826
0.04906621390986698
0.06128515276472126
0.07347442276479352
0.08562590317043291
0.09773604661587944
0.10979751444989283
0.12180687007158626
0.13375747939065472
0.14564615873876155
0.15746692734999113
0.16921691330012256
0.18089072602299366
0.19248580248859223
0.2039972546451554
0.21542277614135727
0.2267578672124019
0.23800038698682222
0.24914608693162602
0.2601928719932772
0.2711365920304107
0.2819750606452553
0.29270406631944695
0.3033211877124609
0.3138219947451088
0.3242036917016759
0.33446148458067987
0.3445920775869958
0.3545901874907983
0.36445191448006814
0.3741713875560052
0.3837440269053024
0.39316330686559214
0.40242392377150915
0.41151866499042933
0.420441493471705
0.42918451294908516
0.4377409780942062
0.4461023473200633
0.4542612254446804
0.46220849668122277
0.4699362050044078
0.4774347609205218
0.4846957632558283
0.4917092741911731
0.4984665849283088
0.5049575542713228
0.5111733195581052
0.5171036948001301
0.5227398273928695
0.5280716525185936
0.533090495484778
0.5377865797871542
0.5421515744866416
0.5461761540521779
0.5498524899833387
0.5531718613173745
0.5561270897229033
0.5587102003474487
0.5609147998018723
0.5627337877946559
0.564161677718884
0.5651923601911052
0.5658213662428088
0.5660436843675861
0.5658559665066675
0.5652544004340145
0.5642368587346378
0.5628008282856821
0.5609455022262163
0.5586697679370819
0.5559742416141683
0.5528593155752919
0.5493271345431315
0.5453797024122138
0.5410207988133282
0.5362541447641039
0.5310852576105302
0.5255196743488515
0.5195647426834614
0.5132279003010615
0.5065183995772984
0.4994456407296978
0.492020827654472
0.4842553526893363
0.4761623811690257
0.4677552855025997
0.4590491563162894
0.4500592837177023
0.4408025933798832
0.4312961732637773
0.4215586337233935
0.41160867861432154
0.401466389477249
0.39115184085899435
0.3806863098155263
0.37009093633134627
0.35938786065776485
0.34859893078606646
0.33774677132768577
0.32685354088534213
0.31594193709852203
0.3050340072873024
0.29415209478394827
0.28331770629469777
0.2725524046719833
0.2618767360671576
0.2513110739490288
0.2408746084432098
0.2305861458549689
0.2204631618201602
0.21052256006236608
0.20077979031993062
0.19124956972486026
0.18194506603238822
0.17287858489458807
0.1640608186749865
0.1555015029022441
0.14720873074557866
0.13918958187110994
0.1314495022682745
0.1239929083802434
0.11682263123150269
0.10994049793785995
0.10334683794112247
0.09704104284790498
0.09102113113894365
0.08528428591608786
0.07982647296071065
0.0746429546564427
0.06972795501297781
0.0650751470538328
0.060677357645411927
0.05652702518875173
0.052615936932807555
0.048935653950814076
0.04547727406647
0.04223182176092947
0.039190030776765375
0.03634269762683142
0.03368047916928766
0.0311942095704088
0.028874709456605654
0.02671306732772966
0.02470045811307339
0.022828390995977346
0.021088536212102618
0.019472941949077276
0.0179738689716691
0.016583979680066276
0.015296180625975724
0.014103786973084726
0.013000373214971137
0.011979916231294388
0.01103665458572156
0.010165213171580487
0.009360471412886411
0.008617672201685323
0.007932299199208837
0.007300172432871624
0.006717334738545655
0.006180136044906312
0.005685128840883157
0.0052291428534186534
0.004809189284494235
0.004422527299653473
0.004066576666004269
0.003738977219396994
0.0034375094514967697
0.003160147914126445
0.0029049892487809457
0.002670300314765024
0.002454453124925563
0.0022559683454589988
0.0020734565926791653
0.0019056578416672561
0.001751388545916945
0.0016095774043283085
0.0014792177842570177
0.0013594002271280685
0.0012492696820475555
0.001148055075584105
0.0010550308946497189
0.0009695441024943837
0.000890979643660457
0.0008187849533398485
0.0007524389920999413
0.0006914745673946811
0.0006354505401873431
0.0005839721540192679
0.0005366660887549247
0.0004931989729971361
0.00045325499142019707
0.000416552739581234
0.0003828251203790141
0.0003518346857999069
0.00032335558480109676
0.00029718752375982005
0.00027313955252020503
0.00025104276393759926
0.0002307357270007986
0.00021207603562920427
0.00019492721780480207
0.00017916923449440818
0.0001646867117411313
0.00015137848211387622
0.00013914700287269793
0.00012790702458771085
0.00011757607296594431
0.00010808232215544738
0.0000993560307658658
0.00009133669081329541
0.00008396532002520578
0.00007719095134996965
0.00007096369395350255
0.00006524062265907232
0.00005997952925079412
0.000055144266093649494
0.00005069911757314677
0.0000466136474405561
0.00004285762754660729
0.00003940543412717423
0.00003623147753439936
0.00003331418870295672
0.000030631899417747255
0.000028166456554173046
0.000025899507638885464
0.000023815777110062848
0.000021899716584626592
0.000020138474326058986
0.00001851887379030447
0.000017030104684640464
0.000015660997091416417
0.000014402459935405127
0.000013245021312903141
0.000012181037844982797
0.000011202474822335556
0.00001030290777913757
9.475518736683116e-6
8.714909381524771e-6
8.015292082610846e-6
7.372132277381676e-6
6.7805150809423786e-6
6.236632866825818e-6
5.736310210199277e-6
5.2763511679613345e-6
4.85320702507752e-6
4.464196443922164e-6
4.1063020231346005e-6
3.7772752641755267e-6
3.4745493483421533e-6
3.1962397556180807e-6
2.94016191275454e-6
2.7047372914908505e-6
2.488105703061556e-6
2.2889457886534007e-6
2.105672741716663e-6
1.9371812692345095e-6
1.782120436144573e-6
1.639566418320865e-6
1.508366975695205e-6
1.3877506364984007e-6
1.27673404075756e-6
1.1746735696793512e-6
1.0807294634800984e-6
9.943653448154026e-7
9.148636142736425e-7
8.417778018888366e-7
7.744942771944888e-7
7.126419025736216e-7
6.556955779634866e-7
6.03347245875542e-7
5.551472281258516e-7
5.108402527609651e-7
4.7004092968141723e-7
4.3253812480582877e-7
3.980012746679454e-7
3.6625612390899745e-7
3.3701889160208916e-7
3.1014610872619996e-7
2.853939362934548e-7
2.6264458049305234e-7
2.4168832434255505e-7
2.2242876402258926e-7
2.0468534902245045e-7
1.8837947729964236e-7
1.7335554324447837e-7
1.59549740785905e-7
1.4682781335552964e-7
1.3513823598090553e-7
1.2436503311108684e-7
1.1446686001444687e-7
1.0534340491545372e-7
9.696174809614636e-8
8.923500667580125e-8
8.213722297706173e-8
7.559303191195084e-8
6.958221954655057e-8
6.4039305580423e-8
5.894880502275049e-8
5.425372460685124e-8
4.994246699326255e-8
4.596532666900361e-8
4.2313897876682576e-8
3.894473356901992e-8
3.585204507501154e-8
3.299776067864455e-8
3.037823375917816e-8
2.7960007792853867e-8
2.5741190192202966e-8
2.3692283895004882e-8
2.1812834135559674e-8
2.0076735824856897e-8
1.8484716950213847e-8
1.7013573292762726e-8
1.5665009061356338e-8
1.4418295329921219e-8
1.3275948821282935e-8
1.2219344425521097e-8
1.125168364929649e-8
1.0356121099313457e-8
9.536445115878048e-9
8.777303871113687e-9
8.083001441431712e-9
7.4394263833524475e-9
6.8513487647207816e-9
6.305673875469193e-9
5.80760512914653e-9
5.344863252325524e-9
4.923070204605713e-9
4.5305808521033645e-9
4.1734340636795885e-9
3.840451721667875e-9
3.5381029794190633e-9
3.255522177239394e-9
2.999631091697226e-9
2.7597338603109895e-9
2.5432390445943264e-9
2.3394832258950657e-9
2.1564058247018844e-9
1.983244173392874e-9
1.8285227090651828e-9
1.6812508885776478e-9
1.5506019743204831e-9
1.4252293107847875e-9
1.3150278637810096e-9
1.20816739944965e-9
1.1153479893837625e-9
1.0241243744863907e-9
9.460941838041635e-10
8.680644697922551e-10
8.026330914172283e-10
7.357203726728878e-10
6.810389151239998e-10
6.234754805890961e-10
5.779847121534275e-10
5.282640104181998e-10
4.906509508192533e-10
4.4748763618283047e-10
4.1664885054527705e-10
3.7894343143145204e-10
3.539542594435025e-10
3.207641752204637e-10
3.008518941626485e-10
2.7136616105406873e-10
2.5588836721533825e-10
2.2940636955979704e-10
2.17832704735086e-10
1.9374602093323357e-10
1.8564135570475564e-10
1.6341823820444308e-10
1.584309849040463e-10
1.3760296622707544e-10
1.3545372139831091e-10
1.1560458937284411e-10
1.1607602118558187e-10
9.68311629749203e-11
9.976253647744969e-11
8.078079929612722e-11
8.606007509012573e-11
6.702657141283588e-11
7.458550709173882e-11
5.5204354280906795e-11
6.501591435829904e-11
4.500487641655136e-11
5.707906873125141e-11
3.6163494669046584e-11
5.0545742291831757e-11
2.8454284336860332e-11
4.522339810229079e-11
2.1683883655844258e-11
4.0951115148757585e-11
1.568553558123668e-11
3.759422078638433e-11
1.031542238070765e-11
3.504005483685175e-11
5.434358547480304e-12
3.308010553865666e-11
-0.01733356189105726
-0.03464130029165628
-0.051859074373976764
-0.06897298905184968
-0.0859286691240207
-0.1027081790098667
-0.1192652637535276
-0.13558351188603437
-0.15162405379776606
-0.16737423823642153
-0.18280244701604292
-0.1979008275046342
-0.21264472192914569
-0.22703128708883025
-0.24104215562649678
-0.254679038390345
-0.26792877619128747
-0.2807966455028082
-0.2932732573066319
-0.3053660729328292
-0.31706778482965864
-0.32838641574487737
-0.3393149283669272
-0.3498601909360603
-0.3600136353822449
-0.3697793076509509
-0.3791454419917752
-0.3881117653858957
-0.39666188796375085
-0.404789992915949
-0.4124739653740151
-0.41970156927392466
-0.4264442531510285
-0.43268289184443337
-0.4383822198547281
-0.44351619715381835
-0.4480430302855416
-0.45193020658316996
-0.4551300705073217
-0.4576045579617841
-0.45930130039787065
-0.46017807940910355
-0.46017943361996405
-0.45926084232868114
-0.4573658099969133
-0.4544497758553386
-0.450457648158621
-0.44534742445198894
-0.4390681434311673
-0.4315831887199144
-0.4228486214660059
-0.4128361302309176
-0.4015117039414698
-0.38885818324415533
-0.37485423262259054
-0.3594964454754608
-0.3427785771026531
-0.3247131573299062
-0.3053109528410625
-0.2846020470038233
-0.2626155099332792
-0.23939991403164135
-0.21500320171976903
-0.18949261531889097
-0.16293476380452837
-0.13541495525610764
-0.10701747376124159
-0.07784431050214709
-0.04799566930347604
-0.01758809817254125
0.013264752878779507
0.044434593788805724
0.07579745682698241
0.10721674207927896
0.13856186853393043
0.16969188827339116
0.20047378958484247
0.23076665842532812
0.26043959002965916
0.28935636782633517
0.31739293186140227
0.3444225359225257
0.37033271264575024
0.39501086037540084
0.4183606373572215
0.44028792214209805
0.4607165640120455
0.4795746556773042
0.4968095650848844
0.5123744578186064
0.5262425377855107
0.5383937603739474
0.5488282176875084
0.5575529939317778
0.5645946469056415
0.5699861764869542
0.5737785801758424
0.5760279357757883
0.5768060460779365
0.5761876779148218
0.5742603581025567
0.5711118595748871
0.5668392619725282
0.5615368238133223
0.5553044669313956
0.5482362102270256
0.5404282652635617
0.531968219703081
0.5229429304667144
0.5134286242554919
0.5034987387791882
0.49321505184555603
0.482635553086999
0.47180662975544496
0.46077096369422527
0.44956070790948044
0.4382053159762808
0.42672556006958967
0.41514113385333906
0.4034653095826847
0.39171212695766316
0.3798914757442425
0.3680156978867221
0.35609491274705923
0.3441429117654325
0.33217260458406683
0.3202011590581149
0.30824551996613425
0.2963268226270921
0.28446600261636196
0.27268757139430566
0.26101538136467434
0.24947588642611765
0.23809414578265273
0.22689669930800002
0.2159078877220048
0.20515245727278264
0.19465225074630063
0.18442862726731873
0.17449954769103773
0.16488186278215064
0.1555887864237976
0.14663207645823184
0.13801986558764767
0.12975873795892462
0.12185187310559112
0.11430100907073305
0.1071048490380975
0.10026089734380542
0.09376407970542536
0.08760843967751326
0.08178592912564399
0.07628795712215705
0.07110431517891969
0.0662245762086928
0.061637127219889294
0.05733042135732102
0.053292098126334855
0.049510095867969034
0.04597184555796837
0.04266525406340673
0.039577962025493914
0.03669820992022896
0.03401415361667149
0.03151462584121313
0.029188504967191442
0.027025384244090983
0.0250149905097874
0.023147772772118234
0.021414368110609535
0.019806120120705355
0.01831458949990663
0.016932011665180265
0.015650849557117583
0.014464198539793536
0.013365378914200848
0.012348295079612649
0.011407065192298473
0.010536340551239226
0.009730969802001577
0.008986283622696998
0.00829779087518297
0.007661432907648426
0.00707330909865131
0.0065299044517284615
0.006027842057699344
0.0055640871219692035
0.005135723979470349
0.004740139249947844
0.004374821171405067
0.004037524207875738
0.003726088612774816
0.0034385885051629603
0.0031731697261795167
0.0029281831428384737
0.0027020390138832997
0.0024933270637167468
0.0023006857241467367
0.002122910339555235
0.001958835794640373
0.0018074340564245778
0.0016677088360782743
0.0015387835388545475
0.001419806735901319
0.001310031478797061
0.0012087304758463763
0.0011152676261668249
0.0010290219046431986
0.0009494518826640709
0.0008760274256718112
0.0008082878886627571
0.0007457808216610296
0.000688114459322042
0.0006349027113451976
0.0005858125041994107
0.0005405144075637197
0.0004987253312075395
0.00046016420545043286
0.0004245904871084445
0.0003917643721747953
0.00036148151983479986
0.00033353733030917716
0.00030775825594685815
0.00028396972564913086
0.00026202437597477255
0.00024177324733992703
0.00022309123560483859
0.00020585122369808027
0.00018994702568017626
0.00017527015242359127
0.00016173049323111777
0.0001492354453856269
0.00013770855496902048
0.00012707076815028726
0.00011725723102178168
0.00010820044590145922
0.00009984541008960908
0.0000921344828432541
0.00008502102621208289
0.00007845580832762163
0.00007239929257614052
0.00006680942082978252
0.00006165268443325798
0.00005689314638565242
0.00005250241386380687
0.00004844977342274813
0.000044711173332372665
0.00004126035848075145
0.000038076960133581994
0.00003513852884780976
0.00003242782008750216
0.000029925633760211312
0.000027617374814167825
0.000025486617942914316
0.000023521014476983083
0.000021706509235031047
0.00002003265803714832
0.000018487430320102208
0.000017061995908593103
0.000015746054395707578
0.000014532143264779977
0.00001341144067093644
0.000012377642599519503
0.000011423191396341715
0.000010542764062616865
9.729883976874904e-6
8.98005869293055e-6
8.287735997259412e-6
7.649126502922206e-6
7.05946906151785e-6
6.515569032528227e-6
6.013342041894109e-6
5.5500966610752895e-6
5.122327879927084e-6
4.727769550405767e-6
4.3634126209610445e-6
4.027350722345473e-6
3.716999608756185e-6
3.430756494119742e-6
3.166401049902615e-6
2.9225870793619634e-6
2.69740628592388e-6
2.4897286830019414e-6
2.2979136591688447e-6
2.1210135911905705e-6
1.9576174879638097e-6
1.806931255698886e-6
1.6677410692284216e-6
1.5393820216057509e-6
1.4208097537120783e-6
1.3114679140392065e-6
1.2104578196736903e-6
1.1173141662246863e-6
1.0312635462622612e-6
9.519172181066344e-7
8.786094407373657e-7
8.110156122178592e-7
7.485625467085294e-7
6.9097962843457e-7
6.377732184664285e-7
5.887177271565991e-7
5.433884022411213e-7
5.01596814156746e-7
4.6297788588824087e-7
4.2737402668599567e-7
3.9447173284132357e-7
3.641387718928377e-7
3.3610660270733653e-7
3.102637989027273e-7
2.863807627464272e-7
2.643629352118626e-7
2.4401484213318986e-7
2.2525528332849363e-7
2.0791883872395513e-7
1.919349527490077e-7
1.7716460841814882e-7
1.635453752760316e-7
1.5096143052040852e-7
1.3935643948962898e-7
1.286354424543223e-7
1.1874627385658255e-7
1.0961263235161499e-7
1.0118522675369864e-7
9.340419888792934e-8
8.622182832471146e-8
7.959365938452867e-8
7.347178882732565e-8
6.782611597189255e-8
6.260754987072442e-8
5.779921738421444e-8
5.335006099984166e-8
4.925549581019778e-8
4.546149548068739e-8
4.19754536733458e-8
3.8739328216956265e-8
3.577224350141217e-8
3.3011021996694524e-8
3.048652956166034e-8
2.8129631473809924e-8
2.598254021889128e-8
2.3969781385942362e-8
2.214476680048064e-8
2.0424758886583663e-8
1.8874644230008042e-8
1.7403484356353096e-8
1.608813022243341e-8
1.482844304807697e-8
1.3713796890868711e-8
1.26337226420072e-8
1.1690835583006695e-8
1.0763095844609492e-8
9.96732894462686e-9
9.168654407167034e-9
8.499012583266177e-9
7.809475711736553e-9
7.248096321565618e-9
6.650611683763558e-9
6.182617313997596e-9
5.662533785548023e-9
5.275201022610754e-9
4.81982419973627e-9
4.502334243858791e-9
4.101071841498321e-9
3.844297783245414e-9
3.487749509730634e-9
3.284184797053155e-9
2.9643051390727842e-9
2.8076489170393544e-9
2.517374456725082e-9
2.402473000916897e-9
2.13562836964612e-9
2.058217016020597e-9
1.809313467507234e-9
1.7658111752188117e-9
1.5300580841405224e-9
1.5177037081872221e-9
1.29082518803768e-9
1.3075165034487527e-9
1.0855142095025946e-9
1.1297219249721264e-9
9.090487011623592e-10
9.796833112342982e-10
7.570050654230573e-10
8.536382989496218e-10
6.256621883907446e-10
7.480682312299223e-10
5.117633247395499e-10
6.602237104361438e-10
4.125185380181697e-10
5.876031940839093e-10
3.255007714287531e-10
5.282412377082568e-10
2.4862653069613825e-10
4.803762365679888e-10
1.803391942704449e-10
4.4258531485896755e-10
1.1878795800813833e-10
4.137375139017727e-10
6.268389606059846e-11
3.9138882168316975e-10
0.025033364125873304
0.05001507548762712
0.07481531628026404
0.09940409884419489
0.12366776507835521
0.14756300624030003
0.1709865093805883
0.19389080920881283
0.21617984376716054
0.23780540933752267
0.2586778708924672
0.27875040580487653
0.29793980580042784
0.3162022107486472
0.3334611610198859
0.34967700963692744
0.3647804478978354
0.3787370074604106
0.3914848665226754
0.4029954114529902
0.4132144853168469
0.42211970932793924
0.42966456752079624
0.43583301583753703
0.4405859575356018
0.4439135525004599
0.445783753733857
0.4461926487614671
0.44511481230711775
0.44255195154334703
0.4384848917597404
0.43292074891689397
0.4258464086935781
0.4172744079688979
0.40719779666014067
0.39563487140159875
0.38258532717877647
0.3680739504242728
0.35210797663116133
0.3347198164532161
0.3159255392161479
0.2957666752501391
0.27426974627268635
0.25148716119560294
0.22745771500273904
0.20224657452216338
0.17590666919041728
0.14851774806665338
0.12014858940180793
0.09089510010930789
0.06084327619695704
0.030106310083140946
-0.0012117599129062623
-0.03297997163878924
-0.06507615576657191
-0.0973519245009608
-0.1296678024376985
-0.16185931632307368
-0.19377157937856773
-0.22522650948007525
-0.2560568938053615
-0.28607474956622914
-0.3151048775595354
-0.34295435838652577
-0.3694455779399878
-0.3943868225670296
-0.41760472733047704
-0.4389158980052875
-0.458158697547215
-0.47516578620591926
-0.48979512909545114
-0.5019033152352628
-0.5113756468488388
-0.5181000812852645
-0.5219962572124257
-0.5229899055241842
-0.5210406822623695
-0.5161169170049605
-0.5082221557081744
-0.4973701539354635
-0.4836100786765096
-0.46700170129350815
-0.44763925666302234
-0.4256268375255952
-0.40110095305516635
-0.3742061647497755
-0.34511641899628354
-0.3140109913504342
-0.2810946880603727
-0.24657418218637617
-0.21067719115557001
-0.17362929976178204
-0.13567223042680848
-0.09704125996437421
-0.057982710430986614
-0.018732080511087233
0.020469102912982467
0.05939430533240114
0.09781562488010326
0.1355238284290594
0.17231234295999956
0.20799618641901618
0.2423961977360213
0.27535678100444605
0.30673031273091034
0.3363936776879256
0.36423285780738845
0.39015830607243057
0.41408978639525795
0.43597069034455777
0.45575324315525895
0.4734119001470114
0.4889290471942007
0.5023076105761379
0.5135573578719937
0.5227068199755049
0.5297902498678321
0.5348589031036346
0.5379686555105334
0.5391906386508802
0.5385994731490913
0.5362832261874418
0.5323321988312779
0.5268481723513058
0.5199336987773345
0.5117006291329682
0.5022598887993982
0.4917293217894294
0.48022397197299815
0.4678633178257264
0.4547621122686764
0.4410371088167554
0.42679852661436807
0.4121563749638562
0.39721260331219216
0.3820671174894083
0.36681065084997716
0.35153053844656496
0.3363043131233176
0.3212052718297793
0.3062967677368647
0.29163757373038707
0.27727681518906283
0.26325911449501377
0.24962009248703126
0.23639126650270884
0.2235960421745549
0.21125433536201768
0.1993789782003431
0.18798003997718618
0.17706157944069192
0.16662564838384789
0.1566693333211238
0.14718843567596368
0.13817475769645063
0.1296194627741623
0.12151057128390504
0.11383601253512012
0.10658130522452307
0.09973231834688923
0.09327311785961274
0.0871884575484428
0.0814617784310159
0.07607745236634982
0.07101892398631715
0.06627073016177783
0.061816776239996506
0.057642153762948053
0.053731543878074425
0.05007085432104204
0.046645743384471874
0.043443095429202765
0.04044965897866472
0.037653378137274235
0.03504213840122837
0.032604969489160876
0.030330892440537032
0.02821000758766226
0.026232436515316485
0.024389307284921256
0.022671784882574708
0.021071964359868838
0.019581983517814306
0.018194833355119108
0.01690354691942137
0.015701935345594675
0.014583847039367279
0.013543836630505915
0.012576488929661147
0.011677027289879115
0.010840697084796727
0.01006331925361981
0.009340728369053647
0.008669276520208184
0.008045321367403152
0.007465684976263639
0.006927187583735962
0.006427065525732559
0.005962546756256835
0.005531231599254116
0.005130706370551227
0.004758890319184142
0.0044136839945257186
0.004093285421338418
0.0037958701302864373
0.003519879322864833
0.003263728743556414
0.003026071334401281
0.002805532368246852
0.002600948862143442
0.002411128614256403
0.002235068441139307
0.0020717349653378058
0.0019202635530145222
0.0017797588929973074
0.001649476340948836
0.001528640504408481
0.0014166105482980701
0.0013127151590150872
0.0012164032272409865
0.0011270937116629235
0.0010443129889427308
0.0009675582704044271
0.0008964227943093106
0.0008304715709315841
0.0007693554899519077
0.0007126982769032472
0.0006602004950436173
0.0006115367000123367
0.0005664502259610444
0.0005246596167351398
0.0004859450102499957
0.0004500630070009804
0.00041682539366161205
0.0003860216868300617
0.00035749087331650534
0.00033105093339247973
0.00030656421640632944
0.00028387331177855054
0.0002628606234297587
0.00024339001436310872
0.00022536109311445315
0.00020865611088941843
0.00019318942733144594
0.00017885918666255137
0.00016559238831715574
0.0001533009119294477
0.00014192258111829213
0.00013138114617562753
0.00012162369521633952
0.00011258423672329767
0.00010421778298283961
0.0000964672080492017
0.00008929429819542219
0.00008264958919316033
0.00007650065436984678
0.00007080465134237657
0.00006553409424425167
0.000060651864790064875
0.000056134691796255516
0.00005195040527603159
0.000048079327369690985
0.0000444935661724052
0.0000411765054969617
0.000038103952678611805
0.000035261897223174744
0.000032629346585292925
0.000030194506276350374
0.000027939152123148437
0.000025853372624273574
0.00002392133912768424
0.000022134738743243368
0.0000204798164235308
0.0000189496152367468
0.00001753217487689717
0.000016221687622819025
0.000015007747695906017
0.000013885519846758922
0.000012845943917217976
0.000011885008385273594
0.000010994818619085572
0.000010172058302664985
9.40984342284723e-6
8.705443916864995e-6
8.052851828071408e-6
7.449831192857812e-6
6.8911338490118985e-6
6.374939377119421e-6
5.896658697243104e-6
5.454820415181515e-6
5.0454077456070664e-6
4.667241540500281e-6
4.316802022499973e-6
3.9931546952230685e-6
3.6932114243041344e-6
3.4162419456493494e-6
3.1595334708736404e-6
2.9225257140829418e-6
2.7028317502456925e-6
2.5000336762665e-6
2.3120269558630504e-6
2.138512420056083e-6
1.9776300303738827e-6
1.8291804951831457e-6
1.6915154760671727e-6
1.5645186341402441e-6
1.4467254839348538e-6
1.3380887975555235e-6
1.2373028384405642e-6
1.1443782626871173e-6
1.0581468220874006e-6
9.786677047177679e-7
9.048911093337611e-7
8.369170304099786e-7
7.737978991204104e-7
7.15668208317093e-7
6.616674867434147e-7
6.11960655978467e-7
5.657613918835056e-7
5.232608756852175e-7
4.837359751736071e-7
4.474009178455048e-7
4.135855570632672e-7
3.8252518356272535e-7
3.535934468626148e-7
3.270456619939571e-7
3.022905138432674e-7
2.7960354486528924e-7
2.5842008407491355e-7
2.3903613872361063e-7
2.209068427213616e-7
2.0434901724353294e-7
1.8883089491207305e-7
1.7469127344015868e-7
1.614049674025148e-7
1.493347492144067e-7
1.3795597661672642e-7
1.276565917012917e-7
1.1790728331639258e-7
1.0912406190432448e-7
1.0076636292412596e-7
9.328146790241489e-8
8.611195452795602e-8
7.973930321722272e-8
7.358331488085294e-8
6.816405288593736e-8
6.287259561256698e-8
5.827076610986044e-8
5.371557602746875e-8
4.981574356235825e-8
4.5886961963671234e-8
4.2590492990198884e-8
3.9193841410746716e-8
3.641675896900429e-8
3.34712071057891e-8
3.1141978902308056e-8
2.857814644247265e-8
2.6636030869417885e-8
2.4393991221050784e-8
2.2787475155415094e-8
2.081550068111258e-8
1.9500780291932466e-8
1.77545284662196e-8
1.6695021203231737e-8
1.5135490158384663e-8
1.430074663845881e-8
1.2894315139164715e-8
1.2258197067645991e-8
1.0975336264006483e-8
1.051670056988295e-8
9.33152578744541e-9
9.032914034852191e-9
7.922181812414252e-9
7.769603825719842e-9
6.712994198532317e-9
6.69540380663836e-9
5.674338810306864e-9
5.783298233885228e-9
4.78094512288003e-9
5.010208099093506e-9
4.011004572625757e-9
4.356671626703986e-9
3.3459974101843923e-9
3.805966654304424e-9
2.769936035258514e-9
3.3440046446343266e-9
2.269142477445931e-9
2.9585161722483103e-9
1.8313862739659856e-9
2.6391173878816757e-9
1.4468045494744128e-9
2.3773021348080872e-9
1.1064131421674771e-9
2.165908561955763e-9
8.029143501593999e-10
1.998864436104893e-9
5.294979426214584e-10
1.8709171241689464e-9
2.796030053020643e-10
1.7716792701698699e-9