1.0266199905682587e-7
8.212814982557115e-7
4.232111125389262e-6
0.000013330933274379694
0.00003251330245277731
0.00006729652373424366
0.0001244290817872457
0.0002117754481607896
0.0003383351355890637
0.0005141603064867438
0.0007503374775393528
0.0010589112066115127
0.0014528437699417147
0.0019459363140046176
0.002552772709175852
0.0032886348725496336
0.00416943411813918
0.0052116194641734686
0.006432098787991065
0.007848140001400997
0.009477283994878087
0.011337239228016976
0.013445788396843733
0.015820677445171114
0.018479517929956567
0.021439671777262616
0.02471815136473837
0.028331501544154373
0.03229569946733163
0.03662603549117154
0.0413370147371823
0.04644223850744111
0.05195430950596696
0.057884715357450725
0.06424373936346456
0.07104034766644454
0.07828210740025893
0.08597507901013925
0.09412374370970027
0.10273090246569595
0.11179761479306395
0.1213231059273725
0.1313047191472417
0.14173783264666087
0.15261582771782978
0.16393001674661203
0.17566962966119573
0.18782175426474562
0.20037134332106168
0.21330116810494412
0.226591848364276
0.2402218195587831
0.2541673877656245
0.26840271068137
0.2828998794079135
0.2976289130082397
0.31255786908839606
0.32765285158468305
0.34287815215639283
0.3581962709290549
0.37356809086878556
0.38895291132867227
0.4043086576687643
0.4195919275235265
0.43475823782601913
0.449762083608811
0.4645572241772382
0.4790967538838818
0.4933334284082583
0.507219746252193
0.520708314887086
0.5337519406655977
0.5463040329637138
0.5583186987515747
0.569751180757916
0.5805579510619421
0.5906971767546412
0.6001288046530565
0.6088150450575968
0.6167204372602272
0.6238123391268686
0.6300609608991542
0.6354398460082744
0.6399258593674573
0.6434996437138286
0.6461455488009258
0.6478520482542948
0.6486115982368295
0.648421002539123
0.6472811933852772
0.6451975369626985
0.6421795344524985
0.638241065558566
0.6334000134693951
0.627678448924407
0.621102187347058
0.6137009193860727
0.6055077109028651
0.5965590870763207
0.5868944860155891
0.5765563026172457
0.5655893049641992
0.5540406422410146
0.5419592311507144
0.5293957308724762
0.5164019060295549
0.5030305722757379
0.48933494390424354
0.47536855670883066
0.4611846121156481
0.44683588886186987
0.43237410041134494
0.41784981212902955
0.40331183284575595
0.3888071576172505
0.37438041580008086
0.3600738596225422
0.3459268889452018
0.33197610220130025
0.3182549122162874
0.3047936692367611
0.2916193739254542
0.27875587371219485
0.2662236701291819
0.25404018142016593
0.24221963350551481
0.230773375242891
0.21970983678687356
0.20903488002272416
0.19875180545074758
0.18886171928595147
0.17936357009286097
0.17025451542618714
0.16152997162690375
0.15318396590041275
0.14520918611657158
0.1375973080369814
0.13033903583277365
0.1234243980575937
0.11684277328163621
0.1105831518565425
0.10463414417139935
0.09898420799776157
0.09362163923014835
0.0885347665550715
0.08371192613682711
0.07914162657789976
0.07481250994456422
0.07071349060414218
0.06683370539555245
0.06316263009354657
0.059690021566325475
0.05640601547383199
0.05330106305164085
0.05036601332250961
0.04759204681014594
0.04497074512454312
0.04249402351941888
0.040154190268371276
0.03794387958837477
0.03585610279770471
0.03388418276659634
0.03202179846309063
0.030262921777124113
0.02860185672776638
0.027033179244361116
0.025551772030289757
0.024152767673433783
0.022831579934667775
0.02158385039522719
0.020405476756950227
0.01929256310975245
0.018241445688472784
0.017248646752750934
0.016310898135408907
0.015425098663099879
0.014588335747205725
0.013797846230869914
0.013051036209937965
0.012345445165470221
0.0116787641546888
0.011048803073725117
0.010453507323100485
0.009890928040047887
0.0093592373167407
0.008856701242493029
0.00838169373340653
0.007932672230147375
0.00750819018308778
0.007106875259709086
0.006727440518293314
0.006368664989223557
0.006029403561786736
0.0057085698149514615
0.005405144635107875
0.00511816118373302
0.0048467122583484
0.00458993729645717
0.004347028487229274
0.004117219722946249
0.0038997914646335483
0.003694061563828096
0.003499388881346914
0.0033151659133949306
0.0031408211587506136
0.0029758134940167493
0.002819633280599739
0.00267179844426493
0.002531854309322148
0.0023993713475904156
0.0022739437231183274
0.002155188685224022
0.002042743802844755
0.0019362679855306167
0.0018354373821035809
0.001739948022398317
0.0016495103502987554
0.0015638534876798484
0.0014827183670636226
0.0014058636276739515
0.0013330573079028782
0.0012640843916917562
0.0011987370157094971
0.0011368236924692958
0.0010781579815830414
0.001022569424158402
0.0009698906216890469
0.0009199699244049125
0.0008726568552783185
0.0008278166031572263
0.0007853137229917358
0.0007450284928211682
0.0007068388146378577
0.0006706385026600868
0.0006363173022307753
0.0006037811853364379
0.0005729303975666858
0.0005436818455762368
0.0005159450743846996
0.0004896468404605595
0.00046470491349761607
0.0004410549380755165
0.0004186219454802046
0.00039734961649715017
0.0003771693798236722
0.00035803219852990274
0.0003398751221051704
0.0003226557295168261
0.0003063159919104815
0.0002908195160500438
0.0002761125641221959
0.0002621642526985099
0.00024892456493247415
0.0002363676720937303
0.00022444676166131304
0.0002131406609809711
0.0002024052923072417
0.0001922237912811247
0.00018255438680869898
0.0001733842209010937
0.00016467343735436445
0.0001564129240814002
0.0001485643798310342
0.000141122215532608
0.00013404935270397965
0.0001273435365800727
0.00012096860335637923
0.00011492547504358043
0.00010917861521839819
0.00010373199369753954
0.00009855043195616984
0.0000936408449182265
0.00008896815759067022
0.00008454215158461837
0.00008032761373261173
0.00007633713646817938
0.0000725351371670938
0.00006893698429279276
0.00006550650285500386
0.00006226182235943254
0.00005916595902820234
0.000056239807159372484
0.00005344536250950723
0.00005080630576567721
0.000048283403662396476
0.00004590316199139937
0.000043624911516724196
0.00004147803839137753
0.00003942023063979558
0.00003748382613237865
0.00003562466221513289
0.00003387811561665472
0.000032197962606223197
0.00003062272149990908
0.000029103893394274862
0.000027683256424334846
0.000026309817520838855
0.000025028748389124613
0.00002378633673541064
0.000022631297222853464
0.000021506966058723154
0.000020465766096324346
0.00001944784141879271
0.000018509504447673545
0.000017587457033424177
0.000016742099075081018
0.000015906429462054538
0.000015145150484993774
0.000014387285579734847
0.000013702071902039692
0.000013014272012104048
0.000012397908604321559
0.000011773183826310082
0.000011219175504805578
0.000010651210505314174
0.000010153711105699479
9.636797434785872e-6
9.19054615363101e-6
8.71952132152377e-6
8.319785499033476e-6
7.889978118917395e-6
7.532501804258889e-6
7.13968218758734e-6
6.820639910252922e-6
6.460975552099177e-6
6.176930763900268e-6
5.8469462238539985e-6
5.594813952118202e-6
5.291354680375818e-6
5.068367959167031e-6
4.788567664203666e-6
4.59224737404277e-6
4.333498574051858e-6
4.161626346255326e-6
3.921553777666108e-6
3.772147658333464e-6
3.54858424952961e-6
3.4198768526951777e-6
3.2108420021208576e-6
3.101260903209496e-6
2.904940825716293e-6
2.813090978560488e-6
2.627820907737287e-6
2.5524688870178805e-6
2.376716942894424e-6
2.3167768318470727e-6
2.1491293826689247e-6
2.1036501528209785e-6
1.942798515579619e-6
1.910952751306441e-6
1.755681091954639e-6
1.7367549326739596e-6
1.5859292395563113e-6
1.5793134303728852e-6
1.431871448612091e-6
1.4370533864829365e-6
1.2919954105160124e-6
1.3085521072734115e-6
1.164932538136659e-6
1.192524405039353e-6
1.0494439895903496e-6
1.0878093793006148e-6
9.444080551353689e-7
9.93358491393848e-7
8.488087693243753e-7
9.08224805720823e-7
7.617256247750386e-7
8.315532822219348e-7
6.823242853002434e-7
7.625720199027807e-7
6.098481921638897e-7
7.005843527438848e-7
5.436109810357199e-7
6.449617208525092e-7
4.829896279215813e-7
5.951372372384859e-7
4.2741825160610846e-7
5.505998831417458e-7
3.763825079829231e-7
5.108892706364992e-7
3.2941452049307934e-7
4.7559091987462635e-7
2.860882888013725e-7
4.4433199679902566e-7
2.46015535097643e-7
4.1677747001280654e-7
2.088419374416546e-7
3.926266461232211e-7
1.7424371965612469e-7
3.716100447800154e-7
1.419245553738512e-7
3.5348658472494804e-7
1.1161275951260465e-7
3.380410438964945e-7
8.305871703402798e-8
3.250816100515112e-7
5.603123662898989e-8
3.1442728553037883e-7
3.023166494416892e-8
3.05240201613078e-7
-1.4713959143011386e-7
-1.1770969675723393e-6
-6.065686588036759e-6
-0.00001910677374279519
-0.00004660068815902467
-0.00009645618599475642
-0.00017834734419168221
-0.0003035496970433221
-0.0004849673002339275
-0.0007370175105933677
-0.0010756037478905664
-0.0015180116612432235
-0.002082848580278361
-0.002789939575644567
-0.003660240522139799
-0.004715729383907673
-0.005979294077116047
-0.007474615914515246
-0.00922602994839312
-0.011258397290701817
-0.013596933069752695
-0.016267063750835913
-0.01929421629157592
-0.02270365659992652
-0.026520233330788224
-0.030768194947130966
-0.0354708832260344
-0.040650529413996245
-0.04632789596218881
-0.052522056925050256
-0.059249991344238084
-0.06652635878903146
-0.07436305334374065
-0.082768991092946
-0.09174963872901383
-0.1013068347204101
-0.11143830999821759
-0.12213756749795353
-0.13339341333720067
-0.1451899198034168
-0.15750598361340118
-0.17031539532315126
-0.1835864371239308
-0.19728207791099042
-0.21135961778144366
-0.2257710239893043
-0.24046262435808088
-0.25537559647494673
-0.27044570882613667
-0.2856039745858833
-0.3007764376585949
-0.31588500278663084
-0.3308472627012229
-0.3455775161182778
-0.3599866295725454
-0.37398325155725676
-0.3874736959290906
-0.4003633519159815
-0.41255656417824793
-0.42395822469210087
-0.4344736092355366
-0.44401012124176953
-0.4524770301346437
-0.45978732458050947
-0.46585729078324767
-0.47060842899158145
-0.47396681456768075
-0.47586504046518985
-0.4762413216526789
-0.47504144595153436
-0.4722176087176942
-0.4677303779015585
-0.46154727159941583
-0.45364476033632684
-0.4440066149624013
-0.432625971293289
-0.4195034736459735
-0.40464941187329306
-0.3880816686715505
-0.3698279136905238
-0.3499233416986796
-0.32841288738238544
-0.30534873251167927
-0.2807925039135466
-0.2548125436466237
-0.22748607916542524
-0.19889629185055538
-0.1691344951694495
-0.13829708797355927
-0.10648782046409447
-0.0738147512544484
-0.040392691989372884
-0.006340273121731388
0.028217385902222197
0.06315146975449598
0.09832662225846947
0.13360368100140751
0.168836829249994
0.2038764690149511
0.2385666340396182
0.2727482573458038
0.30625712253958925
0.33892774439725143
0.3705920437233796
0.40108391966662266
0.43023865228031294
0.45789804014149
0.483910319830536
0.5081355398890383
0.5304456111054103
0.5507294591527339
0.56889274542119
0.5848623313252885
0.5985852614452455
0.6100321849116955
0.6191953512222329
0.6260908295842375
0.6307554799158711
0.6332480281014152
0.6336451769129527
0.6320417742776385
0.628546370613299
0.6232808202934113
0.6163756494510096
0.607969448676846
0.5982043930206401
0.5872257320078822
0.5751777251107325
0.5622034422058088
0.5484412740562576
0.5340251525086007
0.5190816939246786
0.5037308568515603
0.4880836949471444
0.47224340329631337
0.4563036038487782
0.44034969313396843
0.42445755695218296
0.40869511845954526
0.39312137429748667
0.37778804614919
0.3627388403724115
0.34801112092476194
0.33363531203336466
0.31963652972558926
0.30603406683371387
0.2928429399089237
0.2800734144686946
0.2677324412485978
0.2558231952280645
0.24434638884057608
0.23329981032963135
0.22267951151698803
0.212479339573236
0.2026920036157409
0.1933085995453165
0.18431956373995106
0.17571419386834417
0.16748149993852696
0.1596097255910089
0.15208710736337117
0.14490140143965588
0.13804056170159823
0.13149227669562086
0.12524457623290583
0.11928538274408583
0.11360305513094587
0.10818595792439456
0.10302294995527335
0.09810297395067594
0.09341549648778354
0.08895011993645431
0.08469697914732517
0.08064637701570596
0.07678914246068962
0.07311629036042017
0.06961934460945393
0.06629002275986906
0.0631205272918469
0.06010325497879109
0.05723105896233864
0.054496982628686706
0.051894494627129154
0.04941724688721204
0.04705928434631438
0.044814826636893866
0.04267845397913218
0.04064491201500742
0.03870927506470677
0.03686677356671684
0.035112935680649174
0.033443436804470934
0.03185422032306106
0.030341368704850557
0.02890120403845754
0.027530180258599962
0.02622496397590171
0.024982347439688187
0.023799310044835723
0.02267295170563185
0.021600535313871457
0.02057944026872369
0.019607186060548773
0.01868140577739582
0.01779985089530339
0.016960384659807613
0.01616096807450621
0.015399673136547817
0.01467464993008773
0.013984159775594945
0.013326523251816163
0.012700173401256926
0.012103584423610357
0.011535345162039835
0.010994068130182576
0.010478483588163952
0.00998732848517761
0.00951946151859227
0.009073731492961876
0.00864911384161097
0.008244557821064147
0.007859145061798878
0.007491914933478717
0.007142045780324623
0.0068086577075741036
0.006491017247540173
0.006188316730372828
0.005899903219243098
0.005625033538930273
0.005363128414043376
0.005113502135668951
0.004875642934560047
0.004648916170130182
0.0044328720721347956
0.004226921236071258
0.004030670971836632
0.0038435717855097528
0.003665283682719801
0.0034952922082361905
0.0033333061651163176
0.0031788416702626747
0.0030316528683600047
0.0028912823431744253
0.0027575265290564607
0.0026299506932630935
0.0025083908764687995
0.0023924315315845455
0.0022819459599153153
0.0021765345552064684
0.0020761058432726145
0.0019802731370897214
0.001888978435801972
0.0018018451457796742
0.0017188472511353442
0.0016396155972084642
0.0015641549078535644
0.001492100961214416
0.0014234882018288586
0.0013579549623293768
0.0012955645994450888
0.001235955730369942
0.0011792200130426257
0.0011249941702132654
0.001073397735812531
0.0010240634336438914
0.0009771384242892734
0.000932249387296034
0.0008895710276508608
0.0008487219803906084
0.0008099045726384958
0.0007727274266695876
0.0007374207231012673
0.0007035811225649865
0.0006714670393425057
0.0006406612309450908
0.0006114508704449356
0.0005834028670380219
0.0005568338197057814
0.0005312928295954394
0.0005071267285760134
0.0004838648250992766
0.0004618851295809544
0.0004406951382070988
0.00042070512389986075
0.00040139870641784715
0.00038321964385280383
0.00036562556081126793
0.0003490950631764114
0.0003330575976073829
0.00031802812238793663
0.0003034056502529962
0.0002897431407548981
0.0002764068334998084
0.00026398948601127735
0.0002518221333811748
0.00024053927921478772
0.00022943422052350046
0.0002191853114562104
0.00020904546585265286
0.00019973915397873912
0.00019047613954798208
0.00018202944195517935
0.00017356277635113018
0.00016590031749259007
0.00015815669124762238
0.00015121001503306373
0.00014412263202811084
0.00013782957799983429
0.00013133755605874027
0.0001256416929708552
0.00011968951891865358
0.00011453963076428845
0.00010907666535517805
0.00010442628473781624
0.00009940631253590409
0.00009521329779432674
0.00009059411784261207
0.00008682026853709333
0.00008256332192013642
0.00007917403062964514
0.00007524406173037915
0.00007220799767153047
0.00006857274571377764
0.00006586156807961593
0.00006249148630045637
0.00006007958410336293
0.00005694758423681711
0.00005481184054142773
0.000051893059424553466
0.00005001263752061293
0.00004728422495489492
0.00004564037467898093
0.00004308129937578989
0.00004165718184337156
0.00003924805459916533
0.00003802858307556364
0.00003575149527767683
0.000034723192181849556
0.00003256156802104328
0.00003171243444747109
0.00002965089579092994
0.00002897029476031427
0.00002699453736569839
0.000026473088002465377
0.00002456976802717518
0.00002419925020304722
0.000022355879980773317
0.00002212914881211383
0.000020334001097789047
0.000020244909951373235
0.000018486929905140695
0.00001853026164151189
0.000016798985033574135
0.00001697039040078077
0.000015255868940133378
0.0000155518119916896
0.00001384454331792168
0.000014262252654796868
0.000012553115528285562
0.000013090541575493813
0.000011370736059932072
0.00001202651350889976
0.0000102875040226096
0.000011060918994354844
9.294381877876327e-6
0.000010185343914229716
8.383117712216645e-6
9.392135719303572e-6
7.546174015899131e-6
8.674336234116235e-6
6.776663451084533e-6
8.025620796289397e-6
6.068289576524033e-6
7.440242846507087e-6
5.415293298533682e-6
6.912983121782879e-6
4.812403943099659e-6
6.439103999603164e-6
4.2547945231830845e-6
6.014307792206762e-6
3.7380411739341403e-6
5.634698587057164e-6
3.258085980651444e-6
5.296747883589564e-6
2.8112029846999437e-6
4.997263269459548e-6
2.3939673913337164e-6
4.733359699037209e-6
2.003227049947073e-6
4.502433722321781e-6
1.6360768522503977e-6
4.3021398514795e-6
1.2898346132553629e-6
4.130369122756944e-6
9.620197815693289e-7
3.985227877811462e-6
6.503176170744587e-7
3.864896759904534e-6
3.515815943291396e-7
3.759832331231167e-6
-4.5995505291582583e-7
-3.6794874092834067e-6
-0.000018934062907994232
-0.000059548867047818186
-0.00014496214703122918
-0.00029936612290827993
-0.0005520534184866502
-0.000936731232934603
-0.0014914150122931796
-0.0022578478034327274
-0.003281191324492266
-0.004609445248054504
-0.006293017288743509
-0.008384117271632165
-0.010936245331105753
-0.014003557193727855
-0.01764029402437328
-0.02190012204039861
-0.02683552036484977
-0.0324971003988536
-0.03893296467655791
-0.0461880126751751
-0.05430328264814982
-0.06331525180481073
-0.07325517369548958
-0.08414838216209128
-0.09601363861907129
-0.10886245088341208
-0.12269844752911559
-0.13751672485301744
-0.15330326964949778
-0.17003435063249936
-0.18767601701974862
-0.20618355526864438
-0.22550109920371988
-0.24556117914392112
-0.2662844897744047
-0.2875795660312544
-0.30934276627573887
-0.3314581159337151
-0.35379757336042605
-0.3762210854433767
-0.3985772085842887
-0.4207034170344004
-0.44242714830499796
-0.46356639214949896
-0.48393121607767686
-0.5033246394246755
-0.5215446701181016
-0.538385435417536
-0.55363972801418
-0.5671003268192202
-0.578563013884646
-0.5878279814039392
-0.5947032476342828
-0.5990060173352888
-0.6005664016280045
-0.5992285844706841
-0.5948547426067538
-0.5873258727692046
-0.5765458133549013
-0.5624416028519067
-0.5449675187818722
-0.5241048588512777
-0.4998659245723894
-0.4722931311240283
-0.44146286136852886
-0.40748380802349043
-0.37050060122172973
-0.3306912639336944
-0.288270474908458
-0.24348598311280148
-0.19662132206202207
-0.1479910008148467
-0.09794245962354471
-0.04684986025224373
0.004884906282277265
0.05683994431313893
0.10857339565001935
0.1596326614244
0.2095554408259507
0.2578802420163647
0.30414816304495496
0.34791426831420347
0.3887496531155555
0.4262530720052386
0.4600526743273189
0.48981715800437287
0.515256505861509
0.5361319397095827
0.552255050245773
0.5634959504797208
0.5697803678959016
0.571095619678982
0.5674854874813194
0.559053911343849
0.5459577403422604
0.5284083106678638
0.5066624055640886
0.4810220978005183
0.4518244217667128
0.41943999487581224
0.3842619894463067
0.34670409876835984
0.307189404114855
0.2661482341855174
0.22400747309448676
0.1811887981183686
0.13809888875410625
0.09512843543506944
0.052643602546064094
0.01098609098275308
-0.029533912930708055
-0.06863645997267676
-0.10607730126531727
-0.1416453634428937
-0.1751666543460234
-0.20650058454271614
-0.2355424686069566
-0.2622188967198035
-0.28648908331262374
-0.30833957158840314
-0.32778474254226203
-0.3448611728738144
-0.35962763443209034
-0.37215941967111515
-0.3825481365308861
-0.3908962717425854
-0.39731702919652473
-0.4019293329232234
-0.40485788277326895
-0.40622872103642
-0.40616960263742435
-0.40480617570273486
-0.4022626961733457
-0.39865881254817026
-0.39411060370772455
-0.38872791593098394
-0.3826156698950264
-0.37587167395657334
-0.3685881302200019
-0.3608498392113102
-0.3527358319753758
-0.34431788354834236
-0.3356622040035311
-0.32682818732704716
-0.31787010523149
-0.3088360305832633
-0.299769490544884
-0.2907085169617543
-0.28168722784965766
-0.2727349694497431
-0.26387780602081734
-0.25513772873597934
-0.24653404261656395
-0.23808262578085027
-0.22979720909144344
-0.22168867553938917
-0.21376623296174954
-0.20603674781993236
-0.1985058145037622
-0.19117712078458418
-0.18405341910923043
-0.17713592292100155
-0.17042518629437428
-0.16392053142562496
-0.15762084325258632
-0.15152402897327794
-0.1456277341535383
-0.13992883533022363
-0.13442408370635694
-0.1291096318785361
-0.12398161067215761
-0.11903569090026066
-0.11426759828227782
-0.109672710962808
-0.10524651684114285
-0.10098424738870805
-0.09688128112813581
-0.09293281412335613
-0.08913421278986186
-0.08548072129658633
-0.08196776639141029
-0.07859070185334383
-0.07534506756232882
-0.07222637107945655
-0.06923030278902476
-0.06635255465506637
-0.06358899290083765
-0.06093551399402502
-0.05838817600625736
-0.05594309191099172
-0.05359652047381463
-0.051344796997459995
-0.049184384330948155
-0.0471118412723707
-0.045123834039189646
-0.04321714262643747
-0.0413886328578258
-0.03963530110292324
-0.037954206813825137
-0.036342556117306336
-0.034797594544934154
-0.03331673014078385
-0.031897385896889285
-0.030537163149765928
-0.02923365305061779
-0.02798464115886546
-0.026787877094589744
-0.025641321385516516
-0.024542872268458877
-0.02349065599566694
-0.022482709571080034
-0.021517315885635446
-0.020592640991352055
-0.019707115599330614
-0.01885902530872682
-0.018046940176943502
-0.01726925613180887
-0.01652467450283025
-0.015811692653226978
-0.015129135545910664
-0.014475593437687924
-0.013850007744600807
-0.01325105343914976
-0.012677781681611374
-0.012128944349896162
-0.011603696114221821
-0.011100858309972896
-0.010619683357564766
-0.010159054956841053
-0.009718317983313485
-0.009296411748665863
-0.008892768745612204
-0.008506377468427966
-0.008136753632389734
-0.007782928792287519
-0.007444497922395663
-0.0071205297996203
-0.006810695109695937
-0.006514094277392967
-0.006230470555299153
-0.005958950682064148
-0.005699347721379759
-0.0054508096114121
-0.005213216844263179
-0.00498573363978429
-0.004768305897728305
-0.004560109376948824
-0.0043611537103198
-0.004170621607220626
-0.0039885850969379275
-0.0038142293805988976
-0.0036476878719564876
-0.003488143917566953
-0.0033357916199051223
-0.00318980821314643
-0.0030504481000947666
-0.0029168782162624337
-0.002789413174399741
-0.0026672054758269744
-0.0025506301463354497
-0.0024388211477503184
-0.0023322144100665055
-0.0022299212628516217
-0.0021324393160547976
-0.0020388531653520365
-0.0019497231590374221
-0.0018641030322340847
-0.0017826172082948911
-0.001704284391554735
-0.0016297946979172407
-0.0015581275684234135
-0.0014900407074500248
-0.0014244699800281455
-0.0013622428582660427
-0.001302247220717359
-0.001245382770237161
-0.0011904848723421578
-0.001138528213977297
-0.0010882909855258601
-0.0010408259045683545
-0.0009948491735677618
-0.0009514948881022476
-0.0009094122778187188
-0.0008698204718049147
-0.0008312965523186391
-0.0007951486553237862
-0.0007598763320146667
-0.0007268810245153206
-0.0006945791403470016
-0.0006644700656276193
-0.000634881203462963
-0.0006074148715901893
-0.0005803033384697774
-0.0005552572045686197
-0.0005304071837913765
-0.0005075778885886167
-0.000484791745040715
-0.0004639935010723015
-0.0004430902279310266
-0.0004241533447301828
-0.0004049671408674829
-0.00038773667184405984
-0.00037011563605426526
-0.000354450140956718
-0.00033825507650657634
-0.0003240254895178557
-0.00030912880868546423
-0.0002962174013613842
-0.0002825021195290988
-0.00027080155353767374
-0.0002581603702749434
-0.00024757282985639643
-0.00023590728371327744
-0.00022634368349345825
-0.00021556338050809717
-0.00020694264133676855
-0.00019696454443138636
-0.00018921293069504386
-0.00017996071095879222
-0.00017301122651937415
-0.0001644146660247567
-0.00015820650216654197
-0.00015020094807156355
-0.00014467897958176003
-0.000137204842528356
-0.00013231916823411034
-0.0001253214618856325
-0.00012102698514294659
-0.00011445490367129841
-0.00011071095134207854
-0.00010451748161295369
-0.00010128745588903841
-0.00009542902032495415
-0.00009268008204219773
-0.00008711621092340449
-0.0000848189932084553
-0.00007951202309132088
-0.00007764036872178761
-0.00007255516366266202
-0.00007108588974474402
-0.00006618958469060123
-0.00006510226796259484
-0.00006036403305621606
-0.000059640815020978744
-0.000055031636049834996
-0.000054657050355560794
-0.00005014952682862883
-0.00005011033833383446
-0.0000456784960451707
-0.00004596356307441743
-0.00004158268007924473
-0.000042182825226293783
-0.00003782926941927665
-0.000038737167561559
-0.00003438824547424081
-0.000035598323694689644
-0.00003123213978296504
-0.000032740488562389954
-0.000028335812730210536
-0.000030140108799280372
-0.000025676250814737312
-0.000027775689446106445
-0.000023232383564481026
-0.000025627621145609676
-0.000020984912151894087
-0.000023678017894988025
-0.00001891615810519497
-0.000021910572318574997
-0.000017009918138709892
-0.000020310420435447674
-0.000015251337053712116
-0.000018864020841306627
-0.000013626789093361753
-0.00001755904315747681
-0.000012123769032674695
-0.00001638426560775965
-0.000010730792786832788
-0.00001532948245807081
-9.43730743393912e-6
-0.000014385419257202772
-8.233605434232596e-6
-0.000013543655213981043
-7.110753157807681e-6
-0.000012796553520146636
-6.060515752055703e-6
-0.00001213719577772246
-5.075296980077195e-6
-0.000011559323567249614
-4.148077393885687e-6
-0.000011057285259319239
-3.272363202518874e-6
-0.000010625986291618952
-2.442133566884001e-6
-0.000010260841238619307
-1.6517576777692572e-6
-9.957418452845464e-6
-8.93457772311142e-7
-9.691600466336151e-6