0.3276687224671037
0.3276461080586009
0.3276083394842709
0.3275553473294048
0.3274870070154816
0.32740317436589267
0.3273036679042636
0.3271882853733617
0.3270567955803872
0.32690895002421433
0.3267444788763903
0.32656310047206333
0.32636451954717943
0.3261484354854648
0.32591454187990954
0.3256625338435075
0.3253921083209782
0.3251029705412013
0.3247948346768179
0.3244674294206201
0.32412049869199966
0.3237538062847395
0.32336713639049597
0.32296029726155295
0.3225331213783985
0.3220854680839256
0.32161722327150855
0.3211283009696565
0.32061864247215466
0.3200882168805786
0.319537019640987
0.31896507208408853
0.31837241937495425
0.3177591291259461
0.3171252888076732
0.3164710035471722
0.31579639308983015
0.31510158893349743
0.3143867309714008
0.3136519641498565
0.3128974349592841
0.3121232878360788
0.3113296616997014
0.31051668634439217
0.30968447924125014
0.308833142178764
0.3079627585559292
0.3070733905282319
0.3061650770079331
0.30523783155138307
0.3042916412537724
0.30332646557356235
0.30234223626157225
0.30133885726040177
0.3003162057445659
0.29927413316121976
0.29821246738457013
0.2971310148854473
0.2960295639266713
0.2949078877708803
0.29376574877192113
0.2926029024607419
0.2914191023285314
0.29021410457598934
0.2889876733421976
0.28773958586724857
0.28646963789915825
0.28517764900465953
0.283863467884216
0.2825269775688243
0.2811681003871389
0.27978680280335544
0.27838309980592396
0.2769570591681626
0.2755088050602481
0.2740385215458874
0.2725464552546157
0.27103291796194195
0.2694982881957481
0.26794301278312926
0.2663676073030179
0.2647726565213227
0.26315881364311666
0.2615267996000688
0.2598774011008967
0.2582114687822315
0.2565299141055678
0.2548337064336693
0.25312386887401456
0.25140147439464317
0.2496676407642672
0.2479235258695055
0.2461703219454907
0.2444092502957619
0.24264155503970103
0.24086849746288064
0.2390913495259249
0.23731138808481456
0.23552988840895966
0.23374811850814337
0.23196733289710367
0.230188767250597
0.22841363263031192
0.22664311066486706
0.22487834842531124
0.22312045429528957
0.22137049364585246
0.21962948552410685
0.2178983992376675
0.2161781519485793
0.21446960623306266
0.2127735686219559
0.2110907881533726
0.20942195585279239
0.20776770424696034
0.20612860772885508
0.20450518295412043
0.2028978899924932
0.20130713348763146
0.1997332644616145
0.19817658208941583
0.19663733600045086
0.19511572850300227
0.19361191721837917
0.19212601758912748
0.19065810568686106
0.1892082208496724
0.18777636852175086
0.18636252288693078
0.1849666296231672
0.18358860842661057
0.1822283555927797
0.180885746354932
0.17956063723264454
0.1782528681362328
0.1769622644496088
0.17568863887678915
0.17443179324761973
0.17319152010181632
0.17196760422271604
0.17075982396851816
0.16956795255075688
0.1683917591318309
0.16723100987198083
0.16608546881758218
0.16495489874391644
0.16383906186094643
0.16273772048000798
0.16165063756377931
0.16057757724402447
0.15951830524098176
0.1584725892571622
0.15744019928903158
0.15642090791914345
0.15541449054023698
0.15442072556504802
0.15343939458010988
0.15247028248969716
0.15151317761389882
0.1505678717804608
0.1496341603792214
0.1487118424132113
0.14780072051935567
0.146900600988095
0.146011293758376
0.14513261241327446
0.14426437415571208
0.1434063997860686
0.1425585136637411
0.14172054367150505
0.14089232116695044
0.1400736809373406
0.13926446114408506
0.1384645032710307
0.1376736520644216
0.13689175547690446
0.13611866460486075
0.13535423362988191
0.13459831975491354
0.13385078314454288
0.1331114868610359
0.13238029680445193
0.1316570816493791
0.13094171278563035
0.13023406425626563
0.12953401269942397
0.12884143728804714
0.12815621967324672
0.12747824392601598
0.12680739648240577
0.12614356608740987
0.1254866437421313
0.12483652264995045
0.12419309816578984
0.12355626774461487
0.12292593089285135
0.1223019891192269
0.12168434588835293
0.12107290657388041
0.12046757841422949
0.11986827046801125
0.119274893571863
0.11868736029807146
0.118105584914457
0.1175294833441213
0.1169589731273136
0.11639397338321791
0.11583440477372647
0.1152801894671787
0.1147312511039621
0.11418751476211271
0.11364890692466204
0.11311535544700874
0.11258678952592863
0.11206313966862994
0.11154433766334369
0.11103031654997517
0.11052101059219573
0.1100163552496055
0.10951628715124882
0.10902074406920698
0.10852966489346212
0.10804298960684243
0.10756065926116239
0.10708261595344538
0.10660880280327191
0.10613916393020933
0.10567364443230146
0.1052121903646389
0.10475474871892738
0.10430126740313501
0.10385169522208025
0.1034059818580964
0.10296407785258266
0.10252593458762882
0.10209150426847746
0.10166073990605456
0.10123359530029256
0.10081002502351759
0.10038998440458505
0.09997342951307639
0.09956031714420299
0.0991506048037674
0.09874425069379372
0.09834121369821103
0.09794145336917146
0.09754492991341561
0.09715160417924085
0.09676143764351235
0.09637439239924595
0.09599043114323029
0.09560951716419074
0.0952316143309899
0.09485668708134179
0.09448470041055919
0.09411561986078953
0.09374941151027985
0.0933860419631061
0.09302547833892894
0.09266768826319059
0.09231263985733537
0.0919603017294499
0.09161064296492406
0.09126363311751132
0.09091924220040738
0.0905774406777089
0.09023819945588853
0.08990148987563144
0.08956728370368634
0.08923555312506085
0.08890627073522885
0.08857940953266678
0.08825494291139979
0.08793284465386123
0.08761308892376062
0.08729565025925021
0.08698050356609917
0.08666762411115161
0.08635698751579145
0.0860485697496783
0.08574234712448794
0.08543829628791286
0.08513639421766526
0.08483661821572852
0.08453894590261037
0.08424335521183325
0.0839498243844255
0.08365833196363914
0.08336885678966759
0.08308137799458014
0.0827958749972553
0.08251232749852165
0.08223071547629669
0.08195101918092464
0.08167321913051072
0.08139729610644668
0.08112323114893158
0.08085100555267608
0.08058060086260174
0.08031199886971509
0.0800451816069771
0.0797801313453399
0.07951683058977854
0.0792552620754824
0.07899540876404199
0.07873725383978872
0.0784807807061289
0.07822597298202559
0.07797281449847346
0.07772128929511518
0.07747138161685237
0.07722307591059015
0.07697635682197682
0.07673120919227278
0.07648761805521259
0.0762455686339919
0.07600504633824764
0.07576603676115769
0.07552852567653341
0.07529249903602767
0.07505794296633508
0.07482484376650288
0.07459318790523485
0.07436296201830093
0.07413415290593979
0.0739067475303628
0.07368073301325168
0.073456096633353
0.073232825824066
0.07301090817112424
0.07279033141027018
0.07257108342501974
0.07235315224442043
0.0721365260408955
0.07192119312808147
0.07170714195874896
0.07149436112271663
0.0712828393448452
0.0710725654830249
0.07086352852623955
0.07065571759262411
0.07044912192759668
0.07024373090198321
0.07003953401021425
0.06983652086851441
0.06963468121316109
0.06943400489873633
0.06923448189644485
0.06903610229242596
0.06883885628612846
0.06864273418868011
0.06844772642131731
0.06825382351380979
0.06806101610294348
0.06786929493099723
0.06767865084427682
0.06748907479164303
0.0673005578230939
0.06711309108834158
0.06692666583544216
0.06674127340941868
0.06655690525093637
0.06637355289497134
0.06619120796952871
0.06600986219435477
0.06582950737969669
0.06565013542505704
0.06547173831799358
0.06529430813291341
0.06511783702991192
0.06494231725360572
0.06476774113200844
0.06459410107540142
0.06442138957524485
0.06424959920308473
0.06407872260949826
0.06390875252303557
0.06373968174919842
0.06357150316941478
0.06340420974005005
0.06323779449141351
0.06307225052680045
0.06290757102152963
0.06274374922201481
0.06258077844483233
0.06241865207582134
0.06225736356917981
0.06209690644659293
0.06193727429635619
0.06177846077253067
0.06162045959409341
0.06146326454411728
0.0613068694689482
0.06115126827740924
0.06099645494000272
0.0608424234881386
0.060689168013360086
0.0605366826665955
0.060384961657406894
0.06023399925326424
-0.33203596982198275
-0.3319686055510131
-0.33185612351633526
-0.3316986153921051
-0.33149596656523966
-0.33124815014273956
-0.3309550675937416
-0.3306166694162133
-0.3302328734301355
-0.32980363310943633
-0.3293288851737412
-0.3288085883336021
-0.3282426826664201
-0.327631106036704
-0.32697375669723683
-0.32627049058762625
-0.3255210827895467
-0.32472520815153977
-0.3238823999564522
-0.32299201675921163
-0.32205319868149257
-0.3210648241268599
-0.3200254656432578
-0.31893334085258224
-0.3177862707963315
-0.3165816297499816
-0.31531630938685523
-0.3139866720682677
-0.3125885240910295
-0.31111707660758264
-0.3095669308111007
-0.30793204999223345
-0.3062057589521028
-0.3043807300250954
-0.30244899848050033
-0.3004019647868472
-0.29823042738949634
-0.2959246031280239
-0.2934741785784669
-0.2908683503128146
-0.288095895860919
-0.2851452352576747
-0.2820045224050604
-0.2786617288433659
-0.2751047556294241
-0.27132153925154406
-0.26730018287216345
-0.2630290826239468
-0.2584970751160584
-0.25369358001024117
-0.248608758173427
-0.24323366366395124
-0.23756040416490712
-0.2315822927454143
-0.22529399974073266
-0.21869169246315512
-0.21177316610269675
-0.20453795853525003
-0.19698744763791048
-0.18912492893411922
-0.18095566828744794
-0.17248693252631192
-0.16372798981428002
-0.15469008745031265
-0.1453863969620319
-0.13583193845800076
-0.12604347297532728
-0.11603937826903457
-0.10583949628448008
-0.09546497019203617
-0.08493805915817676
-0.07428194995965366
-0.06352055380805101
-0.052678307490391915
-0.04177996755068438
-0.03085041551014162
-0.01991446335781907
-0.0089966753322954
0.0018788040737353884
0.012688402414195093
0.023409261019075353
0.03401935551109334
0.044497603031674826
0.05482394842179801
0.06497943587656524
0.07494626112829278
0.08470780917614097
0.09424867528617491
0.1035546727943684
0.11261282792586126
0.12141136375441952
0.12993967575773577
0.13818829974015762
0.14614887645943436
0.15381411232937506
0.16117774192461742
0.168234490086579
0.17498004016652913
0.1814110043918452
0.18752490314322728
0.19332014713430767
0.19879602913831468
0.20395271727370573
0.20879125623193057
0.21331356677724125
0.21752244982891805
0.22142158433775347
0.22501552561164506
0.228309692899499
0.23131035371238323
0.23402459398135184
0.23646028270823602
0.23862602100202132
0.24053108542437293
0.24218535654429005
0.2435992436777865
0.24478359764945742
0.24574962314378873
0.24650878315550293
0.24707270711997775
0.24745309557776757
0.24766163241632472
0.2477098976127965
0.24760929057017722
0.24737095689373337
0.24700572752139735
0.24652406297513085
0.24593601042124696
0.24525116633485636
0.24447865131759536
0.2436270900615045
0.2427046020289022
0.24171879621660639
0.24067677477678975
0.2395851393823956
0.23845000448072284
0.23727701193502773
0.2360713507037821
0.2348377767090029
0.23358063614626254
0.23230388803214921
0.23101112891083944
0.229705616119345
0.22839029224321764
0.2270678077070573
0.22574054386832001
0.22441063403466788
0.22307998452982747
0.22175029363427143
0.22042307029867506
0.21909965079854893
0.21778121501551362
0.21646880079936268
0.21516331789985274
0.21386556015939195
0.2125762172753541
0.21129588501969335
0.21002507506206064
0.2087642234461048
0.20751369872008732
0.20627380890655994
0.20504480818299745
0.20382690257085098
0.20262025539198156
0.20142499188386107
0.20024120363391934
0.19906895230394075
0.19790827321879784
0.196759178358098
0.19562165925049319
0.19449568936673645
0.1933812264469969
0.19227821440761933
0.1911865852076873
0.19010626036267692
0.18903715243778302
0.18797916624483196
0.18693220003463698
0.18589614643931557
0.18487089342216262
0.18385632501622662
0.1828523220792082
0.18185876286918112
0.18087552364305542
0.17990247910233415
0.17893950286619764
0.17798646781381347
0.17704324645694644
0.17610971120025837
0.17518573463336407
0.17427118972602132
0.17336595005590483
0.17246988995232038
0.1715828846725965
0.17070481050502836
0.1698355449044801
0.16897496656302155
0.16812295551308704
0.1672793931729923
0.16644416242393345
0.16561714763599744
0.16479823472449193
0.16398731116070467
0.16318426601178948
0.16238898993984427
0.16160137522883974
0.1608213157746765
0.16004870710188002
0.1592834463469498
0.15852543226698254
0.1577745652179502
0.1570307471571499
0.1562938816177676
0.1555638737065105
0.15484063007554888
0.15412405891651978
0.15341406993057166
0.15271057431975546
0.1520134847559761
0.1513227153701401
0.15063818172071536
0.14995980078134688
0.14928749090927704
0.14862117183182744
0.14796076461507518
0.14730619164963868
0.1466573766197255
0.1460142444885323
0.14537672146786526
0.1447447350033309
0.14411821374468908
0.1434970875310978
0.14288128736216654
0.14227074538337092
0.14166539485799437
0.14106517015273204
0.140470006710544
0.13987984103659007
0.13929461067200252
0.13871425418016461
0.13813871112144618
0.1375679220398348
0.13700182843866057
0.13644037276769258
0.13588349839965494
0.13533114961785278
0.13478327159365366
0.13423981037449492
0.13370071286220575
0.13316592680153536
0.13263540075941788
0.13210908411381397
0.13158692703382074
0.13106888046908793
0.13055489613064142
0.13004492648071891
0.12953892471446907
0.12903684475009103
0.12853864121138253
0.1280442694182926
0.1275536853700772
0.12706684573643465
0.12658370784120315
0.1261042296539024
0.12562836977418101
0.12515608742367423
0.12468734243109648
0.12422209522436128
0.12376030681650177
0.12330193879793747
0.12284695332302353
0.12239531310269734
0.12194698139153771
0.12150192198077125
0.12106009918576706
0.12062147783946953
0.12018602328030603
0.11975370134594869
0.11932447836167828
0.11889832113449537
0.11847519694187145
0.11805507352608376
0.11763791908351415
0.11722370225920253
0.11681239213657543
0.11640395823212182
0.11599837048566364
0.11559559925528518
0.11519561530786634
0.11479838981417934
0.11440389434004576
0.11401210084142593
0.11362298165595017
0.11323650949829264
0.11285265745197506
0.11247139896495435
0.11209270784166271
0.11171655823892733
0.11134292465819835
0.11097178194168604
0.11060310526490653
0.11023687013287028
0.10987305237300074
0.10951162813154691
0.10915257386663656
0.10879586634484577
0.10844148263461403
0.10808940010285265
0.10773959640865813
0.10739204950002777
0.10704673760783928
0.1067036392427149
0.10636273318910752
0.10602399850238184
0.10568741450316096
0.10535296077447064
0.1050206171562195
0.10469036374253456
0.10436218087647081
0.10403604914739951
0.10371194938592405
0.10338986266133661
0.10306977027676126
0.10275165376670042
0.10243549489231969
0.10212127563914362
0.10180897821246536
0.1014985850351083
0.1011900787430456
0.1008834421832804
0.10057865840951828
0.10027571068015079
0.09997458245414424
0.09967525738907371
0.0993777193371405
0.09908195234322335
0.0987879406411217
0.09849566865168728
0.09820512097909423
0.09791628240912598
0.09762913790554054
0.09734367260843992
0.09705987183073826
0.09677772105656855
0.09649720593793118
0.0962183122931212
0.09594102610348011
0.09566533351190193
0.0953912208197121
0.09511867448512155
0.09484768112032956
0.09457822749002787
0.09431030050852415
0.09404388723831579
0.09377897488734097
0.0935155508076087
0.09325360249249275
0.09299311757546988
0.09273408382744275
0.0924764891554808
0.09222032160040348
0.09196556933544899
0.09171222066387745
0.09146026401774994
0.09120968795568449
0.09096048116151413
0.0907126324422272
0.09046613072673586
0.09022096506360712
0.08997712462016533
0.08973459868022123
0.08949337664308389
0.08925344802149585
0.08901480244056043
0.0887774296358736
0.08854131945240874
0.08830646184270054
0.08807284686579002
0.08784046468541909
0.0876093055691188
0.08737935988632452
0.0871506181076185
0.08692307080281242
0.0866967086401931
0.08647152238477036
0.08624750289751223
0.08602464113357712
0.08580292814160818
0.08558235506207677
0.08536291312654272
0.0851445936560546
0.0849273880603871
0.08471128783662264
0.08449628456831063
0.08428236992404727
0.0840695356567704
0.08385777360234245
0.08364707567883983
0.08343743388520135
0.08322884030051503