-0.012404563638995185
-0.012427509684079364
-0.012465024060079325
-0.012516715031521505
-0.01258163278646119
-0.0126587696506263
-0.012746798339590127
-0.012844296937705026
-0.012949618559674544
-0.013061041288154695
-0.013176694037875891
-0.013294670890464861
-0.013412987186362994
-0.01352967157700456
-0.013642739975835642
-0.013750270733784289
-0.013850389427616119
-0.013941329642516473
-0.01402142423412419
-0.01408915307918556
-0.014143137993166148
-0.01418217840624579
-0.01420524809025136
-0.014211519591964511
-0.014200361541059735
-0.014171352634859278
-0.014124278679193731
-0.014059136895176313
-0.013976132070417101
-0.013875671936761922
-0.01375836195112823
-0.013624992491239737
-0.013476531905840566
-0.01331410632150159
-0.013138990751418488
-0.012952582425153842
-0.012756389956601175
-0.012552001311051988
-0.01234107131657877
-0.012125285658996433
-0.011906347361015668
-0.011685938510718724
-0.011465706687046214
-0.011247226423268404
-0.011031986862026508
-0.010821355158497383
-0.010616566829867216
-0.010418693339159398
-0.010228636596788653
-0.01004710277932549
-0.009874602206073082
-0.009711431018544237
-0.009557677197868592
-0.009413211091046607
-0.009277697710629664
-0.009150596322648204
-0.009031178476149733
-0.00891853607904775
-0.008811603960655185
-0.008709175177219829
-0.008609926426303415
-0.008512438842692371
-0.008415224334096447
-0.008316749903512676
-0.008215462982914257
-0.008109817347188544
-0.007998295753738007
-0.007879435743834517
-0.007751848278796897
-0.0076142420753647355
-0.007465437374086325
-0.007304387839496593
-0.007130189021766345
-0.006942097200119573
-0.006739532448087837
-0.006522094069237919
-0.006289558425498926
-0.006041890798888158
-0.005779238296789642
-0.005501938087436275
-0.005210505780469751
-0.004905640055505349
-0.004588206962151037
-0.00425924101864629
-0.003919925910061176
-0.0035715921986657984
-0.003215694939879959
-0.002853808228310044
-0.0024876003061673774
-0.0021188252715932093
-0.0017492963260668886
-0.0013808750944465592
-0.0010154437475273978
-0.00065489252611073
-0.00030109158368969176
0.000044122531066314705
0.0003789743406382009
0.0007017630696744187
0.0010108883193646655
0.0013048627204292028
0.00158233461037252
0.0018420985039421215
0.002083113537357968
0.0023045105431219216
0.0025056051229884685
0.002685900262110994
0.0028450931615463483
0.0029830726605102656
0.0030999194083854583
0.003195897868984392
0.0032714500009872974
0.0033271822290494844
0.003363853441718566
0.003382357924639832
0.003383709058981932
0.0033690197019530473
0.003339483363130582
0.003296353788188016
0.003240925529162155
0.0031745144900002624
0.0030984396725747235
0.003014006191118789
0.0029224896125886832
0.0028251225094460914
0.002723082308808262
0.002617481928480125
0.0025093615087125824
0.0023996831659865384
0.0022893264973468577
0.0021790870691704147
0.0020696752199359137
0.0019617176210537175
0.001855758685683959
0.0017522644039728898
0.0016516255867194808
0.0015541631688786172
0.0014601325493210679
0.00136972963966182
0.0012830956674053688
0.0012003233836005835
0.0011214618393282627
0.0010465223213729205
0.0009754827613256111
0.0009082931181833515
0.0008448792149141937
0.0007851474151839987
0.0007289877929715314
0.0006762780505320897
0.0006268860089054659
0.0005806727850665573
0.000537494646326315
0.0004972055095692368
0.00045965823480010573
0.00042470653346133924
0.00039220579099445875
0.0003620144799165687
0.00033399460344134426
0.00030801270726226994
0.0002839400305033848
0.0002616532021088204
0.0002410341751980848
0.00022197068269561777
0.00020435601910748813
0.00018808931770632274
0.00017307523153479057
0.00015922408247950987
0.00014645148197533442
0.0001346783914523897
0.00012383071330089682
0.00011383929283188556
0.00010463950176198561
0.00009617120408484161
0.00008837834763094
0.00008120891002809043
0.00007461450864268717
0.0000685503379480268
0.00006297480416230616
0.00005784946163979688
0.0000531386755731017
0.00004880956226693123
0.00004483168116220948
0.00004117698185291008
0.000037819525233997576
0.00003473543871015836
0.000031902665312133206
0.00002930092758112056
0.00002691150291068824
0.000024717195957628295
0.000022702138147243798
0.000020851768069997202
0.000019152652957200498
0.000017592476303002133
0.000016159879115055355
0.000014844453900300882
0.00001363660357617251
0.000012527540936958548
0.000011509163242842562
0.0000105740563127501
9.715382967756123e-6
8.926890955829339e-6
8.20281359674583e-6
7.5378808197950694e-6
6.9272305285107695e-6
6.366422114542856e-6
5.851357225316803e-6
5.378295199580842e-6
4.943782075375343e-6
4.544667471294856e-6
4.178040813676818e-6
3.841249260106446e-6
3.531840252635373e-6
3.247580145382619e-6
2.986402304863929e-6
2.746426161345748e-6
2.5259101785550362e-6
2.3232710988555645e-6
2.137041193592754e-6
1.965887515608512e-6
1.8085729193013098e-6
1.6639751710652352e-6
1.5310512959196477e-6
1.408856427810412e-6
1.2965110984864299e-6
1.1932197359099175e-6
1.0982405619790909e-6
1.0109036692107399e-6
9.305832379044469e-7
8.567151393908144e-7
7.887712211910237e-7
7.26276400018459e-7
6.687847962051546e-7
6.158962917942e-7
5.672343236891608e-7
5.224618920108791e-7
4.812608456998355e-7
4.433473342086346e-7
4.0845244019460375e-7
3.763370739010718e-7
3.467738255913529e-7
3.1956130691355135e-7
2.945071112569398e-7
2.7144161023051077e-7
2.502019235218945e-7
2.3064518154677965e-7
2.1263341796289072e-7
1.9604631173166213e-7
1.8076692544636684e-7
1.666939416278632e-7
1.537281786904019e-7
1.4178433738548083e-7
1.3077823374266372e-7
1.2063807227551745e-7
1.1129234176169941e-7
1.026806322119657e-7
9.474214503381066e-8
8.742607090397533e-8
8.068067081265241e-8
7.446323192546211e-8
6.872968033282419e-8
6.344413178290324e-8
5.8569000750469543e-8
5.407416260361614e-8
4.992752693284261e-8
4.6103827310432514e-8
4.257562974732699e-8
3.9321765738366794e-8
3.631874929625732e-8
3.3548868467263776e-8
3.0991986674823777e-8
2.8633307353776662e-8
2.6455537360862323e-8
2.4446338823105624e-8
2.259083417273814e-8
2.087875874633658e-8
1.929728860694049e-8
1.7837906872270933e-8
1.6489536922160493e-8
1.5245134882281755e-8
1.4095112102079956e-8
1.3033665679178081e-8
1.2052475250413664e-8
1.1146782914612277e-8
1.0309350423102902e-8
9.536299347130125e-9
8.821315698179306e-9
8.16126069249078e-9
7.550610687602147e-9
6.986848421230842e-9
6.4651269289631925e-9
5.9834506787379695e-9
5.5375528445240456e-9
5.125875320973387e-9
4.744649376994056e-9
4.3926831177849845e-9
4.066636137174181e-9
3.765622595934538e-9
3.4866710384938038e-9
3.229150876741361e-9
2.990409040351206e-9
2.7700272936951377e-9
2.5656278540320395e-9
2.3769686250330834e-9
2.2019103474038817e-9
2.040356505241502e-9
1.8903749727125188e-9
1.751989038305989e-9
1.6234468820187278e-9
1.5048698668330605e-9
1.3946635261297394e-9
1.2930289906913105e-9
1.1985094881304997e-9
1.1113705066922547e-9
1.0302761094387399e-9
9.555431824014657e-10
8.85942147955958e-10
8.218304037843658e-10
7.620722839515928e-10
7.070565660250802e-10
6.557307762991273e-10
6.085074246534742e-10
5.644079834779356e-10
5.238623028324738e-10
4.859578120772648e-10
4.511363710491054e-10
4.185444502604517e-10
3.8863148658247166e-10
3.6059699309296077e-10
3.3489430963468053e-10
3.1077077782669426e-10
2.8868060735397346e-10
2.679144260879573e-10
2.489248215924936e-10
2.3104174143384768e-10
2.14714115716023e-10
1.9930773914080307e-10
1.8526623399427083e-10
1.7198819392967597e-10
1.599106073211597e-10
1.4846218362218961e-10
1.3807222400862384e-10
1.2819718500424512e-10
1.1925785650044842e-10
1.1073634458923417e-10
1.0304429603774452e-10
9.568760334331444e-11
8.90682992428831e-11
8.271440228805152e-11
7.701799468411252e-11
7.152773653053553e-11
6.66255349303938e-11
6.187935978253781e-11
5.7660811412769886e-11
5.3555970744501584e-11
4.992607642540255e-11
4.6374237628904244e-11
4.325133954441716e-11
4.0176538239383163e-11
3.7490425219616185e-11
3.4827310960440064e-11
3.2517594809399533e-11
3.020992720969309e-11
2.822465030356733e-11
2.622400874221262e-11
2.4518448756764377e-11
2.2783123983718037e-11
2.131876631188716e-11
1.981280654711696e-11
1.855645883505508e-11
1.724884642842728e-11
1.6171872750089298e-11
1.503581018487776e-11
1.4113464712678832e-11
1.3125750689126181e-11
1.2336592274631272e-11
1.1477069747741439e-11
1.0802439514333442e-11
1.0053497756732403e-11
9.47704145666396e-12
8.823153251783196e-12
8.33036847001168e-12
7.757641056669647e-12
7.335425909345973e-12
6.8311397467249676e-12
6.4673138472700245e-12
6.019415821050678e-12
5.702174959579299e-12
5.29868107230823e-12
5.015932773960971e-12
4.644177831604463e-12
4.3826835115378545e-12
4.028329146691011e-12
3.772546705780558e-12
3.4182203168420255e-12
3.148693937790935e-12
2.7720739858264236e-12
2.463148689685891e-12
2.0342293279086666e-12
1.650785633609592e-12
1.1281980376157484e-12
6.245313830333955e-13
0.004434788596301199
0.004410463829841661
0.004367619761617129
0.004306959200789718
0.004227053945380226
0.004127319527604989
0.004006428108881346
0.003863621749341048
0.0036978861725623065
0.0035087886142988545
0.003295955018332858
0.0030596592737123177
0.0028004423939315595
0.002519528300357437
0.002218510026411484
0.00189962643083436
0.001565479356326847
0.001219195564746215
0.0008641617789005899
0.0005040961069616976
0.00014280284410795167
-0.00021582020245310162
-0.0005679964378268052
-0.0009101001730998659
-0.0012388268338502687
-0.0015512349069137427
-0.0018448591048667103
-0.002117745220382065
-0.00236849895071537
-0.002596302010767927
-0.002800896724636586
-0.002982580325448522
-0.0031421332302495318
-0.003280796311348542
-0.0034001572799200507
-0.00350212138483244
-0.003588774174030375
-0.003662358532592676
-0.003725132493911368
-0.0037793644054919216
-0.0038272014087259824
-0.0038706902407239065
-0.003911666274225366
-0.0039518011918086605
-0.0039925155167611906
-0.004035047809505288
-0.0040803872025354185
-0.004129353659835137
-0.004182542815777602
-0.004240404638792821
-0.004303191948056793
-0.004371026188185383
-0.004443843528856182
-0.004521441046124388
-0.004603419471676484
-0.004689209611428019
-0.004778016986090151
-0.004868834927999899
-0.00496040158554705
-0.005051210884424313
-0.005139494914373201
-0.005223245361669536
-0.00530023312960515
-0.005368050374168058
-0.00542417429942543
-0.005466034021522957
-0.005491117788269434
-0.0054970609065569205
-0.005481786836309025
-0.005443604198340303
-0.005381364226868556
-0.0052945483161548875
-0.005183418925182566
-0.00504907572190289
-0.004893575413361593
-0.004719935156623274
-0.004532199419010511
-0.00433537407031916
-0.004135425033360815
-0.003939134818688317
-0.0037540275770859693
-0.0035881507211854772
-0.0034499327468198054
-0.0033479045416242533
-0.0032905083680135473
-0.003285784738664039
-0.0033411613934459356
-0.0034631403237905777
-0.0036571025099503473
-0.003927033950194555
-0.004275383631969231
-0.00470286578928588
-0.005208403916865288
-0.005789038256170563
-0.006439977498285319
-0.00715462622049279
-0.007924749512588695
-0.008740616751204175
-0.009591265434255343
-0.010464738621341722
-0.011348416562562445
-0.012229309386560541
-0.013094412672127444
-0.013931008223450215
-0.014726995629471851
-0.015471154421363504
-0.016153408992442695
-0.01676501496972486
-0.017298728271211917
-0.01774889464439891
-0.018111511668458005
-0.01838421900313309
-0.018566260355055632
-0.018658388627566122
-0.01866274922351009
-0.018582725617407838
-0.01842277336936051
-0.018188236161337506
-0.017885161075057585
-0.017520113315775465
-0.017099998938269034
-0.016631900202430647
-0.01612292428139681
-0.015580072875318407
-0.01501012689158589
-0.014419555764723329
-0.013814440521748425
-0.013200421679840072
-0.01258265754820594
-0.011965805236886678
-0.01135400777315477
-0.010750900616275148
-0.010159619907773748
-0.009582826503348794
-0.009022727887128794
-0.008481112510346518
-0.007959378988577459
-0.007458574919197065
-0.006979428447644165
-0.006522387292744951
-0.006087649260250917
-0.005675198659505798
-0.005284833652572013
-0.004916198453303914
-0.004568806436886229
-0.004242067426245596
-0.003935306236497561
-0.00364778498726063
-0.003378717250446672
-0.00312728572458581
-0.0028926524430188394
-0.0026739723621318112
-0.002470400223993822
-0.0022811006967824506
-0.002105252519409277
-0.0019420558337680108
-0.0017907342078294555
-0.001650539750128661
-0.001520753541278762
-0.001400689046245241
-0.0012896914024899198
-0.0011871395618692632
-0.001092444799795678
-0.0010050519365342242
-0.0009244373536050321
-0.0008501095697227259
-0.0007816069821160741
-0.0007184980080807131
-0.0006603787114029994
-0.000606872667172077
-0.0005576285869606097
-0.0005123200216563991
-0.0004706430625095018
-0.00043231596315637964
-0.00039707696572875397
-0.00036468389756089657
-0.0003349121508019138
-0.0003075542901020143
-0.00028241819917267704
-0.0002593267217286684
-0.0002381159779483509
-0.00021863505095980767
-0.00020074446910289188
-0.00018431594333117926
-0.00016923100669588695
-0.00015538080341236706
-0.00014266487437808524
-0.00013099099570744932
-0.00012027409781995973
-0.00011043614950390832
-0.00010140519775364902
-0.00009311529251945593
-0.00008550563472610532
-0.00007852053653337606
-0.00007210866560578095
-0.00006622303574851583
-0.00006082033635813185
-0.000055860948570428494
-0.00005130834979057547
-0.00004712915089272651
-0.000043292566728270505
-0.00003977047038328935
-0.00003653692154452485
-0.000033568234304530945
-0.0000308425561950512
-0.00002833994650158738
-0.000026041999635209878
-0.00002393193136068836
-0.00002199424096168741
-0.00002021480319003931
-0.000018580564383503062
-0.000017079638304112044
-0.00001570103199395895
-0.000014434743987291544
-0.000013271516242393726
-0.000012202933486929614
-0.000011221198048579265
-0.000010319229329037062
-9.490458778930058e-6
-8.728928696514368e-6
-8.029104959995037e-6
-7.385974516222674e-6
-6.794873802110708e-6
-6.251584430368944e-6
-5.752175507170102e-6
-5.2930971398235025e-6
-4.871035095596556e-6
-4.483001853593861e-6
-4.126202254592716e-6
-3.7981218992784566e-6
-3.49640261548065e-6
-3.2189280700082062e-6
-2.963708031643743e-6
-2.728961116467889e-6
-2.5130069557770615e-6
-2.314346037017334e-6
-2.1315589983950953e-6
-1.9633835611016987e-6
-1.8086202693560241e-6
-1.6662065359773567e-6
-1.5351282301546496e-6
-1.4144908788781384e-6
-1.3034365767848173e-6
-1.2012124015504533e-6
-1.1070921823605489e-6
-1.0204421989852719e-6
-9.406473991806261e-7
-8.671744595640393e-7
-7.995020887711413e-7
-7.371815340392742e-7
-6.797706472655689e-7
-6.26891924903124e-7
-5.781700490706346e-7
-5.332875503966502e-7
-4.919255667753961e-7
-4.5381721950758904e-7
-4.1869135882704567e-7
-3.863237433692023e-7
-3.5648356475964846e-7
-3.289825193281817e-7
-3.036239243242705e-7
-2.8024976907623905e-7
-2.586922531820637e-7
-2.3881890214485063e-7
-2.204863735236365e-7
-2.0358371958262748e-7
-1.87988321169557e-7
-1.736073771976437e-7
-1.6033583819958998e-7
-1.480961995976418e-7
-1.3679831767450323e-7
-1.2637758064180968e-7
-1.1675649935902e-7
-1.078813272338641e-7
-9.968532656453555e-8
-9.212390533578445e-8
-8.513946769379384e-8
-7.869513276841281e-8
-7.274108463029068e-8
-6.724693539560454e-8
-6.216949616128442e-8
-5.748384385005283e-8
-5.315244015810092e-8
-4.9154958887133716e-8
-4.5458684943745616e-8
-4.2047156289516585e-8
-3.889177956678094e-8
-3.597933828272346e-8
-3.3284765757563826e-8
-3.079756874678089e-8
-2.849570216297474e-8
-2.637095503271198e-8
-2.4403874874042513e-8
-2.2588160680489552e-8
-2.0906587978574564e-8
-1.935445142959963e-8
-1.7916444477013608e-8
-1.65891921544867e-8
-1.5359041888979606e-8
-1.4223725198211069e-8
-1.3171018665834134e-8
-1.2199571399402118e-8
-1.129839746010653e-8
-1.0466904230113733e-8
-9.69517967927732e-9
-8.983255154469644e-9
-8.322152815722633e-9
-7.712414806044541e-9
-7.145878003839442e-9
-6.623500055828223e-9
-6.137830283911932e-9
-5.6901616623626264e-9
-5.273668296691206e-9
-4.889911095500427e-9
-4.532613716261919e-9
-4.203548418482909e-9
-3.896923755382385e-9
-3.6146758948038624e-9
-3.3514426344311595e-9
-3.1092843368052462e-9
-2.883220065932341e-9
-2.6754011995922873e-9
-2.481186633249256e-9
-2.302791103492606e-9
-2.1358774866657496e-9
-1.982700888837245e-9
-1.8391970865946026e-9
-1.707642508608193e-9
-1.5842188291636345e-9
-1.4712080815234062e-9
-1.3650143251252645e-9
-1.2679122890743796e-9
-1.176507895264089e-9
-1.0930580290807902e-9
-1.0143525164269383e-9
-9.426218558706143e-10
-8.748240207592723e-10
-8.131562604941114e-10
-7.547308324651144e-10
-7.017062878940766e-10
-6.513369347932447e-10
-6.057383640251542e-10
-5.622961062749818e-10
-5.23079524861478e-10
-4.855957590068205e-10
-4.5186550983090274e-10
-4.1950896103289464e-10
-3.904964118365858e-10
-3.625534364346463e-10
-3.37598770940637e-10
-3.134565163234829e-10
-2.919931642569544e-10
-2.7112516640083243e-10
-2.526664850895981e-10
-2.3462034619788176e-10
-2.1874822361746767e-10
-2.031350649758688e-10
-1.8949016262114322e-10
-1.7597559245318262e-10
-1.6424898753051062e-10
-1.5254536145033174e-10
-1.424713826335527e-10
-1.3233116620144925e-10
-1.236812464489903e-10
-1.1489131609759214e-10
-1.074687104489867e-10
-9.984545126204672e-11
-9.348068763939174e-11
-8.686576454346246e-11
-8.141271169101309e-11
-7.566940479191846e-11
-7.100185372290543e-11
-6.601185879192307e-11
-6.202052235927034e-11
-5.768112359271727e-11
-5.4270962636990144e-11
-5.049248616372736e-11
-4.758026928568743e-11
-4.428372138650791e-11
-4.179571733834094e-11
-3.8910499201480927e-11
-3.678018398512073e-11
-3.424175231516697e-11
-3.240738394601458e-11
-3.0154689743180266e-11
-2.8556557240701147e-11
-2.652903741903736e-11
-2.5106119431352976e-11
-2.323992854760093e-11
-2.1925590054021045e-11
-2.014862886048747e-11
-1.886482535788175e-11
-1.70899294585516e-11
-1.5739153038977692e-11
-1.385451972716529e-11
-1.2308376022110585e-11
-1.0163895701393139e-11
-8.246790255412087e-12
-5.635670187981976e-12
-3.119209955927899e-12
0.005828539512978173
0.005850496042421652
0.005886845859287747
0.005935752602102046
0.00599556150994509
0.006063850865674214
0.006137988180321398
0.006214861412369107
0.00629115187402489
0.00636328189855295
0.006427569152843537
0.00648028772045604
0.006517753906889636
0.006536453911677844
0.0065330776000527965
0.006504682422840098
0.006448678684096606
0.006363006929539997
0.006246074016398422
0.006096927294481614
0.005915141497118967
0.005700979469575106
0.005455233250344365
0.005179367472522701
0.004875321923148488
0.004545638891625058
0.004193237259406099
0.0038215279878745204
0.0034341704470335598
0.0030351806615724875
0.002628679188814161
0.0022189953140862133
0.0018104132590566959
0.001407273491833227
0.0010137217035574451
0.0006338070923142964
0.00027123748606597026
-0.00007052531511284685
-0.0003885002697743722
-0.0006800928713997838
-0.0009433138813706354
-0.001176681953213186
-0.0013794185138327332
-0.00155134102113083
-0.0016930252111056034
-0.0018056824266982714
-0.0018912814540352678
-0.0019524051409190836
-0.0019923271556156353
-0.0020148468137771236
-0.0020243207665476062
-0.0020254797529224524
-0.002023420455988807
-0.0020234126897366476
-0.00203086135245288
-0.0020511163146787284
-0.0020894176563796283
-0.0021507225189006233
-0.002239648085199776
-0.0023603295033020463
-0.0025163741035564785
-0.0027107620589142674
-0.0029458220875381207
-0.0032231818479378713
-0.003543770021228073
-0.003907816883978148
-0.004314880739297307
-0.0047638914782129746
-0.005253191941306121
-0.005780610013567583
-0.006343499385753989
-0.00693882080818965
-0.007563163971520693
-0.008212818018717446
-0.008883758675175246
-0.009571693330424777
-0.010272005799265238
-0.01097977208632856
-0.01168966815086911
-0.012395966758353276
-0.013092428295415376
-0.013772303012181505
-0.01442823681504961
-0.01505231194331785
-0.01563600407365798
-0.016170293860886874
-0.01664570533945367
-0.017052508802600168
-0.01738085301497896
-0.017621058059512702
-0.01776382863577971
-0.017800608917428417
-0.01772383788086859
-0.017527314633006177
-0.01720643751773841
-0.01675851577804072
-0.016182929130995928
-0.015481325323975956
-0.01465764896576083
-0.01371818483083045
-0.012671431444859438
-0.011527981627483776
-0.010300250118738807
-0.009002216686263552
-0.007649048063604357
-0.006256755298856152
-0.004841769887525478
-0.00342057921985847
-0.0020093207751861884
-0.0006234559642669656
0.0007225643155540928
0.002015543051832864
0.0032437668329242026
0.004397143983684605
0.005467318748669139
0.006447703225491663
0.007333484675883786
0.008121566717507253
0.00881049151228726
0.009400315124788916
0.009892472363627976
0.010289614030879635
0.0105954422881612
0.010814535359262845
0.010952177392618462
0.011014191052466803
0.011006779902206418
0.010936383002468074
0.010809541395826305
0.010632782616079356
0.010412516958187923
0.010154954491494441
0.009866032037419733
0.009551361261914528
0.009216183888892818
0.008865346811468052
0.008503281017585676
0.008133998285275066
0.007761088399682429
0.007387731641201992
0.007016708855104828
0.006650424308839469
0.006290923740849075
0.005939922966714875
0.00559882991383277
0.005268775351951656
0.004950635901844329
0.004645064273626023
0.004352511172491354
0.004073253332559394
0.003807413044753253
0.0035549830157301085
0.003315842875224778
0.003089780452148276
0.002876505079180948
0.0026756652722035625
0.002486858957494581
0.0023096477920122147
0.0021435646219050736
0.001988124820949539
0.0018428313789750014
0.0017071836944502522
0.0015806807160407797
0.0014628276293713763
0.0013531374576507876
0.001251136053094634
0.0011563625213216711
0.0010683728804626903
0.0009867396217211456
0.0009110543447038948
0.0008409267117434585
0.0007759863134938172
0.0007158812226087189
0.0006602792932766131
0.0006088664734990244
0.000561347698065111
0.0005174450791810215
0.00047689851511369417
0.0004394638464358127
0.0004049132720649296
0.0003730335324402368
0.00034362620034202095
0.00031650593212556404
0.0002915006817063807
0.00026845004564883366
0.0002472054341681833
0.00022762852452172294
0.00020959141197204672
0.00019297517774700463
0.00017767003488095614
0.0001635740112940872
0.0001505930996395127
0.0001386400522149235
0.000127634539863624
0.00011750205299528972
0.00010817407179135645
0.00009958706619877486
0.0000916826778379395
0.00008440681115008477
0.00007770982623840393
0.00007154571317242414
0.0000658722943115332
0.00006065047393077855
0.00005584444823188542
0.00005142102283129543
0.00004734982854700896
0.00004360269979241473
0.00004015389425816244
0.000036979525821727095
0.000034057786364912066
0.00003136842739597135
0.00002889298241536737
0.000026614292025930337
0.000024516725454776266
0.000022585744479202073
0.00002080812291307387
0.00001917154519121844
0.00001766482282255383
0.000016277523948172267
0.000015000185944090537
0.000013823972696123636
0.000012740882698696381
0.000011743431173465819
0.00001082485315564909
9.978807925124007e-6
9.199576698096644e-6
8.481787141946739e-6
7.820605398587523e-6
7.211478720912631e-6
6.650321646209438e-6
6.133275026160992e-6
5.656886245742689e-6
5.2178831237446855e-6
4.813348136384881e-6
4.440505844513204e-6
4.096891133362834e-6
3.780148979010911e-6
3.488196757834192e-6
3.2190353012122746e-6
2.9709053617940185e-6
2.742109024345843e-6
2.5311604421780182e-6
2.336616775705503e-6
2.157223332475906e-6
1.9917532954061843e-6
1.8391474148139488e-6
1.6983618671670073e-6
1.5685026582190368e-6
1.4486810219936337e-6
1.338142701321618e-6
1.2361303570087852e-6
1.1420078964045763e-6
1.0551294154342653e-6
9.749587478445265e-7
9.009445090253833e-7
8.32635038732419e-7
7.695591562508137e-7
7.113366680741984e-7
6.575644797241359e-7
6.079228373894929e-7
5.620664732626937e-7
5.197267467785947e-7
4.806075282197819e-7
4.444834011574046e-7
4.1110001379826245e-7
3.8026849970208153e-7
3.517700483064637e-7
3.2544669612256855e-7
3.011098874403931e-7
2.7862778310460233e-7
2.578375998803987e-7
2.38629578681174e-7
2.2086290672939335e-7
2.044464818227561e-7
1.8925823548639614e-7
1.7522282458465976e-7
1.6223418632707217e-7
1.5023028330671495e-7
1.3911873266426602e-7
1.2884872549697297e-7
1.1933958285025744e-7
1.1054996542104109e-7
1.024092184634684e-7
9.488398282739554e-8
8.791219944300042e-8
8.146722800389436e-8
7.54943895323958e-8
6.997269444666352e-8
6.485380888634843e-8
6.012148950072946e-8
5.573286580651967e-8
5.167567480164342e-8
4.7911757696224274e-8
4.4432183395250844e-8
4.1202863545384055e-8
3.821765003805432e-8
3.544597749675625e-8
3.2884016227522635e-8
3.050425607632878e-8
2.8304792692315657e-8
2.6260771149643394e-8
2.43718799863195e-8
2.261557714192939e-8
2.0992862985774155e-8
1.9483215000593005e-8
1.808870791272858e-8
1.6790587176935702e-8
1.5591801362860568e-8
1.4475147890282732e-8
1.344428000437461e-8
1.2483361393866306e-8
1.1596607396487297e-8
1.0769388122778982e-8
1.0006360966932973e-8
9.293964671671272e-9
8.637197772773946e-9
8.023448690171917e-9
7.457972401024396e-9
6.9290041414342545e-9
6.441984377740542e-9
5.985906063543458e-9
5.566335856448916e-9
5.1729471067262265e-9
4.811383242195787e-9
4.471930777006733e-9
4.160268855778294e-9
3.867238572280955e-9
3.598520820565958e-9
3.3454601113261815e-9
3.113711118274532e-9
2.8950769815975224e-9
2.6951632579622597e-9
2.5061924121915768e-9
2.333702274912268e-9
2.170300051220226e-9
2.0214408572882986e-9
1.8800861236516603e-9
1.7515963174293125e-9
1.6292600929277078e-9
1.5183339059544417e-9
1.4124096702478972e-9
1.3166326313621557e-9
1.2248766282243605e-9
1.1421703130972605e-9
1.0626503971581625e-9
9.912250771387898e-10
9.222768658985631e-10
8.605909125700215e-10
8.00780187053738e-10
7.475052561720783e-10
6.955957079812213e-10
6.49586868929127e-10
6.045124228448865e-10
5.647825209524637e-10
5.256235741302789e-10
4.913212164507665e-10
4.572842304215571e-10
4.2767487326697316e-10
3.9807483583032145e-10
3.7252452686788096e-10
3.4676986947690295e-10
3.2473126017167353e-10
3.0231087427821676e-10
2.8331117146259255e-10
2.637832156496515e-10
2.474137850401907e-10
2.303960147253299e-10
2.1630338514397567e-10
2.0146476862486646e-10
1.8934281383575786e-10
1.763962227780136e-10
1.6597931824449826e-10
1.5467509703973862e-10
1.4573206094378115e-10
1.3585228676843767e-10
1.2818091700358236e-10
1.1953415922507797e-10
1.1295616856453592e-10
1.0537253935992192e-10
9.972866587075165e-11
9.305491908452307e-11
8.819994255335428e-11
8.229431792702259e-11
7.809163703646639e-11
7.281805166146338e-11
6.913335829401068e-11
6.43544010727763e-11
6.104780873220766e-11
5.6615774094421294e-11
5.3531489473279583e-11
4.927636020150301e-11
4.6228589936713444e-11
4.194139664178964e-11
3.869459586081944e-11
3.4103870632904097e-11
3.034458034277814e-11
2.5082597968651806e-11
2.0379096623618475e-11
1.3936376464254142e-11
7.724787058478777e-12
0.011339412581238734
0.011155327591828544
0.010849997219025409
0.010426582877600213
0.009889058481802512
0.009242458498478092
0.008492934065151114
0.007647388965951977
0.006713843931366962
0.005700825783350948
0.004617901265200068
0.0034749144497125354
0.002282635511767558
0.0010518928634198597
-0.00020569603796843306
-0.0014786693256983335
-0.002754933265936175
-0.004022763428194566
-0.005269981733996087
-0.006484997207053891
-0.007655964514812146
-0.00877184756871396
-0.009821571882479582
-0.010795093020452956
-0.011682550552726363
-0.012475322051352888
-0.013165182914710524
-0.013745326413978664
-0.014209531826846459
-0.014553132460245555
-0.014772194454798387
-0.014864417622834324
-0.014828328506830236
-0.014664102687527611
-0.014372777474733736
-0.013956988346170186
-0.01342020833931082
-0.012767394938965062
-0.012004264422449886
-0.011137848598741833
-0.010175812947513347
-0.009126925155079959
-0.008000425966218867
-0.006806413555853359
-0.005555275637522115
-0.004257995331058772
-0.0029256521492364443
-0.0015696559904733432
-0.00020132296773475941
0.0011679557212527177
0.002527059623763099
0.003865029219600779
0.005171332918605607
0.006435811318921987
0.007648867777779464
0.008801462486251077
0.009885230972748809
0.010892523410400291
0.011816455836555557
0.012650988459778629
0.013390913337427276
0.01403196298414522
0.014570736604503224
0.01500482822974453
0.01533269274593585
0.015553782548679283
0.01566835585621239
0.01567761347534186
0.015583455798023465
0.01538861667064273
0.015096381391094739
0.01471072155291883
0.014235992459774633
0.013677078882200322
0.013039094108459666
0.012327549258080403
0.011548075418012437
0.010706626627023177
0.009809240041368844
0.008862274555839586
0.007872212318565603
0.00684592275391249
0.005790494577603644
0.004713502128629506
0.0036228444126920312
0.0025269815804633607
0.0014347509615744143
0.00035554038938999204
-0.0007009459172133512
-0.0017246014416990739
-0.0027052156521064773
-0.0036324814761349434
-0.004496351115223889
-0.005287119779539652
-0.005995810108572071
-0.006614293968671497
-0.007135659866130357
-0.007554322542008314
-0.007866322678305318
-0.008069375348943806
-0.00816306013706595
-0.008148774151738867
-0.008029790942022845
-0.007811107175673849
-0.007499374193115717
-0.007102652302760151
-0.0066302419249298795
-0.006092378726580761
-0.005500006103623479
-0.004864453690293485
-0.004197196891344066
-0.0035095600150669864
-0.0028125027639959352
-0.002116379814823388
-0.0014307820487885756
-0.0007643708021781974
-0.00012478726128931962
0.0004814343110859124
0.0010488887798971343
0.0015733151168831594
0.0020515599060505667
0.002481535381771488
0.002862139838849484
0.003193177205705187
0.003475252005542928
0.0037096690465780228
0.003898319529164786
0.004043576968734803
0.004148187928508991
0.004215176331201773
0.004247748177522584
0.004249211957310632
0.004222902503471274
0.004172121076277933
0.004100079857749464
0.004009861961810269
0.0039043853575637384
0.0037863807700106705
0.0036583721261235756
0.003522669035959168
0.0033813600797478072
0.0032363161238461407
0.00308919269710609
0.002941440558314412
0.002794313800848844
0.002648884605524323
0.0025060543417278845
0.0023665701102924437
0.0022310368060684707
0.002099933735730255
0.0019736262587101133
0.0018523813678636358
0.0017363780724139637
0.001625721314694254
0.0015204506788732367
0.001420552376564998
0.001325966162618437
0.00123659536767336
0.0011523120948350332
0.0010729654289094368
0.0009983850981532452
0.0009283880708712289
0.0008627809172425183
0.0008013650353745154
0.0007439379590465925
0.0006902974546928866
0.0006402420072540169
0.000593574010255292
0.0005500996351802772
0.0005096313083085873
0.0004719871369080553
0.00043699283508809604
0.00040448084759559693
0.00037429185646825516
0.00034627371316422415
0.0003202826303526556
0.0002961820069076311
0.0002738433856607775
0.000253145233902009
0.00023397372851151566
0.00021622153692411083
0.0001997884755011037
0.00018458032201848298
0.00017050938096884472
0.00015749334798275088
0.00014545580642814766
0.00013432515620078516
0.00012403505898158978
0.00011452343800350479
0.00010573288415366312
0.00009760972917188197
0.00009010442103019763
0.00008317067014914361
0.00007676579981036903
0.00007084996307012031
0.00006538647208726498
0.00006034108221524946
0.00005568230284330776
0.00005138074446123642
0.00004740941275163076
0.00004374311409598887
0.00004035873409641232
0.00003723469691423093
0.00003435122904901015
0.00003168986798914079
0.000029233711867329274
0.00002696697309612229
0.000024875214404174788
0.000022944943385633554
0.000021163835366468223
0.00001952036508485089
0.00001800401681824204
0.000016604949711817678
0.00001531419559881599
0.000014123354791961191
0.00001302478204128002
0.000012011309890620249
0.000011076423232045153
0.000010214007600646826
9.418512798607934e-6
8.684723753766632e-6
8.007913697246594e-6
7.3836354434274245e-6
6.807864611600721e-6
6.276809397057622e-6
5.78704432919807e-6
5.335336795987706e-6
4.918771828504635e-6
4.534593815038021e-6
4.180322795601284e-6
3.8536099587512375e-6
3.552345919696671e-6
3.2745287338502187e-6
3.018364619401294e-6
2.7821473480840962e-6
2.5643518580623865e-6
2.363523995738235e-6
2.1783674480661218e-6
2.0076429107392837e-6
1.8502487510983158e-6
1.7051287689071284e-6
1.5713469822781263e-6
1.4480032285925868e-6
1.3343024466953546e-6
1.2294774383294979e-6
1.1328530005624718e-6
1.043775233307316e-6
9.616708567698693e-7
8.859825090322012e-7
8.162235644673155e-7
7.519189177023673e-7
6.926556005730557e-7
6.380285957236725e-7
5.876875318964653e-7
5.412871125492838e-7
4.985301521671018e-7
4.591222431115532e-7
4.2281137927192107e-7
3.893465183641675e-7
3.58514023637609e-7
3.300998094339825e-7
3.0392281685517816e-7
2.7980045793954755e-7
2.5757932717844703e-7
2.3710368449728727e-7
2.1824359127808148e-7
2.0086619473474026e-7
1.8486146464377754e-7
1.7011606193641204e-7
1.5653684063214865e-7
1.4402710176481254e-7
1.325080140329589e-7
1.2189707073391991e-7
1.1212757235961712e-7
1.0312911921575826e-7
9.484528956932122e-8
8.721601423823637e-8
8.019357490497492e-8
7.372671932023967e-8
6.777509600270991e-8
6.229497993410626e-8
5.725225203278605e-8
5.260961544337912e-8
4.833822086975707e-8
4.440626287885361e-8
4.0789345373272084e-8
3.7460355828099805e-8
3.439865884403368e-8
3.1581153997100215e-8
2.899037950996556e-8
2.6606666490532368e-8
2.441522926194974e-8
2.2399335260720207e-8
2.0546453449316776e-8
1.8842365095133577e-8
1.7276436926288734e-8
1.583660347102435e-8
1.4513827183622581e-8
1.3297888035839824e-8
1.2181088712419571e-8
1.1154791753496501e-8
1.0212424076594035e-8
9.346706207944315e-9
8.55200681040035e-9
7.822212446474688e-9
7.152479459736142e-9
6.5376963122944586e-9
5.973677064433783e-9
5.456171651435938e-9
4.981542315454798e-9
4.546280255109985e-9
4.147203670565421e-9
3.7814420559853924e-9
3.44619200870796e-9
3.139133059475811e-9
2.857775056824693e-9
2.6002718604877795e-9
2.3643919306019998e-9
2.1486984622314198e-9
1.9511727743690213e-9
1.7707315522276419e-9
1.6055307333819766e-9
1.454792462918945e-9
1.31681540344425e-9
1.1910858080317672e-9
1.0760185287954501e-9
9.713282847547801e-10
8.75524101887175e-10
7.885184072392477e-10
7.088961944507716e-10
6.367410207846889e-10
5.706988489622228e-10
5.110013682326509e-10
4.563432097864058e-10
4.070842639191747e-10
3.619577962258844e-10
3.214345971494335e-10
2.842784342488479e-10
2.510559539196961e-10
2.2055488630566934e-10
1.934246274039653e-10
1.684716629900125e-10
1.4641669763827978e-10
1.2608087818222318e-10
1.0824620907982517e-10
9.174533044362824e-11
7.74127708640408e-11
6.409026643787202e-11
5.2657156374293775e-11
4.196251445107368e-11
3.292369295849323e-11
2.4395873600613775e-11
1.7328414737414144e-11
1.0581812209221992e-11
5.132106282965339e-12
-1.5532831383856412e-13
-4.282503263412714e-12
-8.379306174867025e-12
-1.1430023801070692e-11
-1.4559706858472103e-11
-1.6738698052948642e-11
-1.9086915700681486e-11
-2.056415607611201e-11
-2.2284749488356306e-11
-2.320101089612115e-11
-2.4421096094800715e-11
-2.489261493466696e-11
-2.5716854414333392e-11
-2.583924384196046e-11
-2.635341699006382e-11
-2.620492707367602e-11
-2.6478892623630617e-11
-2.612310120741341e-11
-2.6213224115816342e-11
-2.5701220494324393e-11
-2.5652314844620373e-11
-2.5024417009075782e-11
-2.4871234289757193e-11
-2.415825692324752e-11
-2.3926523508965848e-11
-2.3150585780114553e-11
-2.28575619971723e-11
-2.203238852299051e-11
-2.1686880644686743e-11
-2.081750133726538e-11
-2.041920206771139e-11
-1.9500890768252596e-11
-1.903884566710813e-11
-1.8055044380905352e-11
-1.7504930354864173e-11
-1.642377238649668e-11
-1.5743513884491273e-11
-1.451236593805046e-11
-1.3635381561292793e-11
-1.2172543877317774e-11
-1.099757728642589e-11
-9.179878133484544e-12
-7.555963195259362e-12
-5.20163869360899e-12
-2.922816097091281e-12