0.005779572999695107
0.011545259525127262
0.017261986444457866
0.022921853822964005
0.02849398272354854
0.033967064076117895
0.03931281107754336
0.04451900543134097
0.04955909262385544
0.05442089006465752
0.059079343328936246
0.06352291087342195
0.06772805575947703
0.07168436496040073
0.07536996512909944
0.0787760121243886
0.08188251708604814
0.08468261851467998
0.08715847097189808
0.0893055789422207
0.09110850354108253
0.09256545087964041
0.09366362237558246
0.09440419048224027
0.09477717028657733
0.09478687208580479
0.09442621350583613
0.0937027057527385
0.09261216035387537
0.0911652403413405
0.08936054570047838
0.08721173974769837
0.08472002313573758
0.08190182747395147
0.07876070944250625
0.07531558704119676
0.07157210306321796
0.06755136353396776
0.06326083370390569
0.05872352299997381
0.05394848729758306
0.04896039017367435
0.04376969323614513
0.03840250998733822
0.03287057227564542
0.027201281056676616
0.02140754239354842
0.015517909144285039
0.00954638498628592
0.00352254266893494
-0.002538600389890014
-0.008606608259760364
-0.014665570605156093
-0.02068439925475455
-0.0266464780786046
-0.03252035957230187
-0.03828900141023124
-0.04392099477607491
-0.049399263404510056
-0.054692955801192
-0.05978547752485425
-0.06464717775669034
-0.06926258061165509
-0.07360399243855337
-0.07765779344376762
-0.08139908562913686
-0.08481690277224527
-0.08789001047377681
-0.0906108918202842
-0.09296280144586039
-0.09494238749738132
-0.09653809191861272
-0.09775127799783817
-0.09857606009658393
-0.09901882087746047
-0.09907954579096594
-0.0987696349634529
-0.09809481064722483
-0.09707115460449908
-0.09570964954065547
-0.0940304017047486
-0.09204886882344847
-0.08978825709959466
-0.08726747709557839
-0.08451173184039623
-0.08154222757472417
-0.07838499315175172
-0.07506235426950844
-0.0716000423785254
-0.06802041945704519
-0.06434794675033823
-0.06060412348755002
-0.05681139245847158
-0.05298973209646122
-0.04915907845689191
-0.04533748787478506
-0.04154215519892065
-0.037789045810749905
-0.03409258999508387
-0.030466670088262596
-0.026923072335845993
-0.02347370815159961
-0.020127908711944892
-0.01689575856601519
-0.013784324549513885
-0.010801984069320253
-0.007953687699296533
-0.00524617137281535
-0.002682359565953181
-0.00026735809431842285
0.0019978897600231855
0.00410992707149069
0.0060697599223725395
0.007875591454548922
0.009530319213176968
0.011033771878290334
0.012390621131113609
0.013602213856923234
0.0146748008643605
0.015611057715705265
0.016418542266409774
0.01710099622781179
0.017666952984033785
0.0181209085649325
0.01847200973523335
0.018725176979164662
0.018889810196806033
0.018970937940126376
0.018977884387602322
0.01891550919944369
0.01879278518408034
0.018614182666823607
0.01838811282247728
0.01811850018958178
0.017813052294670745
0.01747505448099973
0.01711143227814139
0.01672479438006125
0.01632126014470806
0.01590276946154199
0.015474653627768377
0.015038224947258181
0.014598074821046572
0.014154951091231471
0.013712772322793195
0.013271796990250762
0.012835347486237969
0.012403272091485543
0.011978376153417921
0.011560175247363602
0.011151034211282202
0.01075020788843448
0.010359691310447788
0.009978542822084793
0.009608450730761425
0.00924833238362261
0.008899624119185242
0.008561148939976214
0.008234137688052841
0.007917357286655019
0.007611871790779108
0.00731642271889464
0.007031939071035232
0.006757161001812139
0.006492908111683333
0.006237937594419171
0.005992980143308077
0.0057568237125428905
0.005530126281330302
0.005311716475279101
0.005102192231989948
0.00490042971443617
0.004706976648999354
0.004520761209987527
0.004342288476854084
0.004170541262069364
0.004005987775229731
0.0038476666927192617
0.003696013735520168
0.003550123627950134
0.0034104029030907345
0.003276001760852337
0.0031473000174462155
0.0030235022433335542
0.002904963376569542
0.002790940893532706
0.0026817662142539426
0.002576748029127005
0.002476195240329593
0.002379465932938238
0.002286847222192021
0.0021977447153577125
0.002112424271125447
0.00203033714765052
0.0019517283285384768
0.0018760928917136558
0.0018036552165897983
0.001733952437188729
0.0016671885172396881
0.001602940969036325
0.0015413934671970092
0.0014821623220804413
0.0014254109984313177
0.0013707931289578762
0.001318452010646057
0.0012680772306382876
0.0012197919300997514
0.0011733203912480292
0.0011287655857276366
0.0010858853389998273
0.0010447624166242497
0.001005187140772734
0.0009672220129930098
0.0009306889079172426
0.0008956299843854541
0.0008618978240518063
0.000829514143536075
0.0007983614811821562
0.0007684409905744352
0.0007396645077509755
0.0007120124803603248
0.0006854254707557631
0.0006598630546884428
0.0006352940334780063
0.0006116569208655743
0.0005889483504153356
0.0005670855584320696
0.0005460926814473239
0.0005258654364002542
0.0005064552080136301
0.0004877359242246139
0.00046978603497777586
0.00045245738066623933
0.0004358553628505374
0.00041980940574320557
0.0004044518160832817
0.0003895892419960405
0.00037538091417954345
0.000361610312333136
0.00034846367339257475
0.0003357008827101035
0.0003235353277459666
0.00031170283885547
0.00030044415904165156
0.0002894705671426759
0.00027905042638482055
0.00026886993055371213
0.00025922538656540965
0.00024977733144908207
0.00024085039738009248
0.00023207885358942742
0.00022381609667293813
0.00021566947650030247
0.00020802165050403182
0.00020045235589612626
0.00019337406444001234
0.00018633816442158993
0.0001797875524879575
0.00017324448748544776
0.00016718295868483598
0.00016109526942219247
0.0001554872267935533
0.0001498203056414229
0.00014463291396278822
0.0001393547768085775
0.0001345577445738865
0.00012963882145283835
0.000125204200835195
0.00012061714371627532
0.00011651914698451783
0.00011223865324921058
0.00010845348424013849
0.00010445613452015766
0.0001009618338951894
0.00009722594305014297
0.00009400224617157097
0.00009050772629748379
0.00008753593266558559
0.00008426416712211243
0.00008152702040433136
0.00007846074793008312
0.00007594232570142716
0.00007306553378067662
0.00007075114616395769
0.00006804897286457984
0.0000659250693381012
0.00006338371292018999
0.00006143779661697227
0.00005904443226664019
0.00005726498115034951
0.00005500768424663146
0.0000533840786010221
0.00005125175397937896
0.00004977420969667831
0.00004775652641425876
0.00004641603361279805
0.00004450336476260998
0.00004329163130055078
0.000041474998462659804
0.00004038439795481683
0.000038655419904193896
0.000037678943881643425
0.000036029789205542765
0.00003516100308439314
0.00003358434639200821
0.000032817348951515884
0.00003130633038209016
0.00003063571647207705
0.00002918390423559818
0.00002860473046036491
0.00002720608616340509
0.00002671383930797116
0.000025362685840932558
0.0000249532538248671
0.000023644245601435042
0.000023313890765794254
0.000022041986126203733
0.000021787320673390307
0.00002054775627457519
0.000020365719693910027
0.000019153986728815495
0.000019041825058222808
0.000017853647152510586
0.00001780889393744818
0.000016640206592172274
0.000016660665412292957
0.00001550759686121426
0.00001559132530905129
0.000014450178682014125
0.000014595473686863237
0.000013462710368132084
0.000013668094762032851
0.000012540318848143995
0.000012804529091002579
0.000011678472854910591
0.000012000447828149787
0.000010872958111104213
0.000011251828905735884
0.000010119854355851698
0.000010554934986895225
9.415514074778532e-6
9.906293055062687e-6
8.756542801230923e-6
9.302675516714116e-6
8.139780869317979e-6
8.741082701812363e-6
7.562286508660629e-6
8.218726655139989e-6
7.021320178488099e-6
7.73301612238371e-6
6.514330047353114e-6
7.2815426402401205e-6
6.038938532893499e-6
6.8620676471781225e-6
5.592929820538265e-6
6.472510539005782e-6
5.1742382876620046e-6
6.110937597858209e-6
4.780937766603448e-6
5.7755517307434055e-6
4.411231581850232e-6
5.464682955308516e-6
4.063443305470255e-6
5.176779579192456e-6
3.736008175113841e-6
4.910400021000473e-6
3.4274651273476626e-6
4.66420522564537e-6
3.1364493991993156e-6
4.436951629993265e-6
2.861685657724892e-6
4.227484638752684e-6
2.6019816142101305e-6
4.0347325730725975e-6
2.3562220935204653e-6
3.857701058545971e-6
2.1233635194799032e-6
3.6954678174317777e-6
1.902428788753254e-6
3.547177839298857e-6
1.6925025033790358e-6
3.4120389023029536e-6
1.4927265365637826e-6
3.289317417150693e-6
1.302295906376014e-6
3.1783345722207336e-6
1.1204549345705403e-6
3.0784627605131146e-6
9.46493672834484e-7
2.989122263338191e-6
7.797445705609717e-7
2.909778177041526e-6
6.195793719049849e-7
2.839937547999082e-6
4.654060993038782e-7
2.779145744433868e-6
3.1665853814148893e-7
2.7269220443337255e-6
1.7230269069850203e-7
2.678866250879499e-6
-0.0006484098264991094
-0.0012880844687059943
-0.001897149251586372
-0.002470768257150587
-0.0029900484048774787
-0.003448381440859986
-0.0038291587661906613
-0.004125763247549364
-0.0043236050235697715
-0.004416814822507196
-0.0043928786694417245
-0.00424713003546901
-0.003969216709555565
-0.003555907203301713
-0.002998998281453793
-0.0022967070991308297
-0.0014428117949896937
-0.0004367848630195895
0.0007259365539512762
0.0020449790515224857
0.003523673203587949
0.005161177878300338
0.006960033974902772
0.00891933743493902
0.011041190749656383
0.013324890901037261
0.015772258117621465
0.01838281688491601
0.021157986598847874
0.024097245587427353
0.027201179745455318
0.030468631498365668
0.03389861657742814
0.03748847156895377
0.041234662148059716
0.04513195330835963
0.049173141304056325
0.05334927869959723
0.057648364406802176
0.06205666063143198
0.06655636964240462
0.07112808195377557
0.07574745580183788
0.08038883740607775
0.08502094257379432
0.0896116936208114
0.09412288619039942
0.09851629614037112
0.1027473020429627
0.106772329784858
0.11054139331234261
0.1140069620292645
0.11711537665269076
0.11981723808601315
0.12205764624930479
0.1237882099106574
0.12495603786255643
0.12551744873964688
0.12542561246061312
0.1246459930011446
0.1231424961155319
0.12089460897334744
0.11788186794844813
0.11410257734100762
0.10955638529145797
0.10426438585697743
0.09824960163084298
0.09155821742563698
0.08423783189762843
0.07635955160567323
0.06799399876478945
0.05923401738194078
0.05016860427222404
0.040906038374443475
0.03154611596557811
0.022203592473359835
0.01297931602520729
0.003983942440415346
-0.004691267114156761
-0.012950459861799732
-0.020721872242954565
-0.02793359164753628
-0.03454087297800093
-0.04050174739134954
-0.04580225932682504
-0.05043215384027335
-0.054407542146583256
-0.0577470578631373
-0.06049173945947298
-0.06268219165551821
-0.06437575697671219
-0.0656253092039678
-0.06649401684825547
-0.06703639617287781
-0.06731110087634375
-0.06736475670399786
-0.06724322118029231
-0.06697852002304407
-0.06659891602546895
-0.06611900569058039
-0.06554875432833458
-0.06488654468729506
-0.06412713231374263
-0.06325722583881352
-0.062262151625786
-0.06112343395047578
-0.05982387470712644
-0.058346609759434356
-0.05667832380340523
-0.05480937249391722
-0.05273494958168114
-0.05045604152981616
-0.04797850621236799
-0.04531481344907092
-0.04248113689146969
-0.039499981170835724
-0.03639549448578722
-0.03319716094178205
-0.029933592715932374
-0.02663746926754554
-0.023338066867280002
-0.020067570126226588
-0.016852559569689448
-0.013721732119387183
-0.010696515877123587
-0.007800142301689734
-0.005047510003492786
-0.0024554730062016205
-0.000032043066435240824
0.0022122937544734123
0.004275961209258047
0.006154160203144563
0.00785076424937021
0.009365584204138343
0.01070669144246726
0.011877278747889875
0.01288831681437383
0.013745186497682095
0.014460565839016584
0.015040982192641867
0.015499823453484376
0.015843932477029577
0.016086638226715407
0.016234491389000176
0.016300218088090474
0.016289675402571653
0.016214640805613374
0.016080049380363955
0.015896544748172335
0.015668045769763345
0.015403998084451715
0.01510730648214102
0.014786239257072217
0.01444275278618741
0.014084013000856481
0.01371113063994573
0.01333027486118134
0.012941830873409749
0.012551089880084972
0.012157835131176955
0.011766600009814106
0.011376683829718778
0.010991976044928443
0.01061139923295629
0.01023830228172723
0.009871324845164953
0.009513366119056349
0.00916286254494031
0.008822341606359484
0.00849010260845967
0.008168366972852144
0.007855350458169213
0.0075530228535085715
0.007259558957876974
0.006976721496019246
0.006702677476242817
0.006439018683742964
0.006183929628464109
0.005938860197484875
0.005702031233291811
0.005474773920192161
0.005255359051776744
0.005045017544218104
0.0048420796198868936
0.004647690527308276
0.004460246152620591
0.0042808176185011385
0.00410787020667315
0.003942410034832807
0.0037829736086231135
0.0036305092582070517
0.003483625118915102
0.003343217462462122
0.0032079654162480574
0.0030787177650322193
0.0029542232445582514
0.002835286825961338
0.002720724954480099
0.0026113017661649994
0.0025058991776859708
0.002405242932007091
0.002308277974204445
0.002215693681205178
0.002126495478977669
0.002041338083915706
0.0019592848252159923
0.0018809572142745815
0.0018054739296556245
0.001733424537200884
0.0016639805736117855
0.0015977007637814453
0.0015338071001226262
0.0014728284469589185
0.0014140349573340857
0.001357926513720357
0.0013038192533794902
0.001252184870826814
0.001202383435743527
0.0011548591768695397
0.0011090141720798473
0.0010652658436112754
0.0010230564810322631
0.0009827773026628926
0.0009439091397710815
0.0009068175578031321
0.0008710203831287179
0.000836858030778452
0.0008038838954093501
0.0007724136983351436
0.00074203509166679
0.0007130395146642431
0.0006850476775589565
0.0006583271057490329
0.0006325304757693261
0.0006079017239253594
0.0005841245041733233
0.0005614194457882927
0.0005395002899542363
0.0005185645981614696
0.0004983554038417341
0.0004790473965344653
0.00046041219831758224
0.00044260177929673395
0.0004254157348094604
0.0004089834242430392
0.00039313188517699915
0.00037796793105919377
0.00036334559304866573
0.00034934915841811965
0.00033585928254386535
0.00032293770118872766
0.00031049140172450265
0.00029855949734695404
0.00028707509010448006
0.0002760545528786355
0.0002654569587569683
0.0002552757751124849
0.00024549597424905635
0.00023608790495300273
0.00022706243729502855
0.00021836653957052279
0.0002100370478816472
0.0002019972380761161
0.00019431004946745818
0.00018687470268533268
0.00017978044544166849
0.00017290202876718956
0.000166355281767738
0.00015999001831996676
0.00015394898981317592
0.0001480565511759206
0.00014248278435762806
0.000137026008523549
0.00013188411237460723
0.00012682874506760717
0.00012208614701200618
0.00011740060517248037
0.0001130273248877052
0.00010868247892142543
0.00010465092082597603
0.00010061989552216328
0.00009690465848329527
0.00009316265004175594
0.00008974035299313588
0.0000862644610898332
0.0000831135829941158
0.00007988265674106014
0.00007698338981650666
0.0000739778862281254
0.00007131200130665209
0.0000685138551543968
0.00006606457813619064
0.00006345708269374344
0.00006120898112274647
0.00005877667819942217
0.00005671555714817902
0.000054444136190565284
0.000052556942782280084
0.00005043314793971132
0.00004870788364918439
0.0000467194283741066
0.00004514506840860041
0.000043280556725793076
0.00004184697630512391
0.00004009583043319355
0.00003879373667713543
0.00003714613039870851
0.00003596700019868362
0.000034413797209918784
0.00003334981985186917
0.000031882517256553945
0.00003092654201049668
0.000029537217813499976
0.000028682705706762664
0.00002736397076605988
0.000026604950284350516
0.000025349903648651134
0.000024680930181337257
0.000023483117986565554
0.000022899236504809744
0.00002175261381935938
0.00002124932492554059
0.000020148220638643007
0.000019721449016979556
0.000018660533299792155
0.000018306599115724917
0.00001728085304646971
0.000016996445737362816
0.00001600113349505104
0.000015783287620993386
0.0000148139304369603
0.000014660003804408432
0.000013712355758694797
0.000013620009380502533
0.000012690035018882658
0.000012657214699500362
0.000011741068084670971
0.000011765987742339106
0.00001085999298174928
0.000010941119668533757
0.000010041752733624382
0.000010177792607963682
9.281664337105453e-6
9.47155026119794e-6
8.575390284696519e-6
8.818270603397049e-6
7.918912612149533e-6
8.214140878327119e-6
7.308508362689055e-6
7.655634409966982e-6
6.740727464673413e-6
7.13948908763792e-6
6.212371940131113e-6
6.66268778177306e-6
5.7204769336162815e-6
6.222439921560992e-6
5.262292945194503e-6
5.816164853673582e-6
4.835269560079908e-6
5.441476161454141e-6
4.437040585886268e-6
5.096167335033294e-6
4.065409932533868e-6
4.778198585008184e-6
3.7183387501406284e-6
4.48568452018052e-6
3.393933709779765e-6
4.216882840079221e-6
3.0904357421181843e-6
3.9701840355766155e-6
2.806210164670293e-6
3.744101469288075e-6
2.539736982495248e-6
3.5372627069922784e-6
2.289602250640705e-6
3.3484011789707394e-6
2.054490126981519e-6
3.17634860559161e-6
1.833175232856699e-6
3.0200279673452326e-6
1.624515833417169e-6
2.87844698019123e-6
1.4274473917686449e-6
2.7506922067383676e-6
1.2409766811498514e-6
2.6359233274381524e-6
1.064176119900666e-6
2.53336833594727e-6
8.961788959486182e-7
2.4423185308297907e-6
7.361739839884e-7
2.3621244347006933e-6
5.834020119972951e-7
2.292191492048836e-6
4.371508417533624e-7
2.2319756627271113e-6
2.9674463249371075e-7
2.180922355014558e-6
1.610848423705617e-7
2.134851639603116e-6
-0.00497172864826915
-0.00990989707671198
-0.014730645894303661
-0.01941756906954259
-0.023900840275665487
-0.02816192797016923
-0.03214402607922999
-0.03583501816043844
-0.039191118967875284
-0.04221041149674915
-0.044862516889605575
-0.04715737980755138
-0.04907764929862618
-0.05064504384872105
-0.05185372624821586
-0.05273554972234965
-0.05329354468493145
-0.05356681736661978
-0.05356376650490821
-0.053327101776465546
-0.05286672368347332
-0.052225133194226815
-0.05141009865076775
-0.05046058275723389
-0.04937941688404748
-0.048199748836111014
-0.046917970195717335
-0.04556057730550237
-0.044117573608539094
-0.042609536493460644
-0.04102166692793582
-0.039370770940290886
-0.037640074935036356
-0.03584576839277481
-0.03397266288488987
-0.03203990582895249
-0.030037545936265113
-0.027991016662091216
-0.025898684858734495
-0.023794713125319424
-0.021687709196752492
-0.019621602264975568
-0.01761557061080614
-0.015722601242461103
-0.013970942996102766
-0.012420056696860828
-0.011103911887065014
-0.010084075176537342
-0.009395235057692977
-0.009095221946320732
-0.00921320372624243
-0.009796486346459276
-0.01086186921546736
-0.012439141604071845
-0.014526114723818323
-0.017128801471839736
-0.0202206383264173
-0.023779400991100503
-0.027751077207561578
-0.032083610138857986
-0.036695767259788244
-0.04150779991254698
-0.04641546776963653
-0.05131764991133158
-0.05609544061727821
-0.06063665360468038
-0.0648196350570638
-0.06853449363147275
-0.07167102835281912
-0.0741364274473677
-0.07584653392434824
-0.07673971895049027
-0.07677064828793896
-0.07592006970301472
-0.07419031827571378
-0.07161086032625806
-0.06823497667268258
-0.06414105548638528
-0.059430186928715246
-0.05422335890786272
-0.04866003600311804
-0.04289154783954418
-0.03708105807031647
-0.03139351550001818
-0.025997699754187364
-0.021053114762975767
-0.016714993269285116
-0.013118450065448511
-0.010387417809845768
-0.008616254622428503
-0.007883561179593357
-0.008231272551682366
-0.009684174211767474
-0.012226323815904317
-0.015826854494161213
-0.0204133931231466
-0.025904436311333
-0.032179283648007886
-0.03911692903345508
-0.04656193751320925
-0.054369454813577654
-0.062366450417358686
-0.0704021576995577
-0.07830420293166905
-0.0859335881553529
-0.09313543081051902
-0.09979751621144083
-0.10579566970043096
-0.1110549356741551
-0.11548995498568594
-0.11906794725912703
-0.1217448148426574
-0.12352927011532643
-0.12441567348838
-0.12444880818815439
-0.12365463547176897
-0.1221053373462554
-0.11984921436951336
-0.11697567475815879
-0.11354541593214637
-0.10965504249346794
-0.10536849397443798
-0.10078094673371359
-0.09595222188141835
-0.09096959508061332
-0.08588368420883453
-0.08076977916161492
-0.07566650136380547
-0.0706352847490675
-0.06570193641422302
-0.06091395016817802
-0.056284983065875364
-0.051849756017984715
-0.04761138865384362
-0.04359372546071113
-0.03979143091467133
-0.036219662858214506
-0.03286681019934529
-0.02974150905202951
-0.02682789761844004
-0.02413003010955212
-0.02162952156505866
-0.019327458269717962
-0.01720430570004566
-0.015259443036484334
-0.013473208518382313
-0.011844202094379044
-0.010353343732039106
-0.008999095113202356
-0.00776340795500572
-0.006645015704592022
-0.005627150905696988
-0.004709053442309355
-0.003875338612105443
-0.00312586142603286
-0.0024466204006001117
-0.0018381090643812329
-0.001287644501789564
-0.0007963284341309099
-0.0003526941171154523
0.000041609292697269295
0.0003969529308557456
0.000711215073155362
0.0009937967009448765
0.0012421816670887401
0.0014649227006234915
0.0016591839363368813
0.001832783286143954
0.001982632660572468
0.002115917674946704
0.0022293565446075913
0.0023295933820506984
0.0024132018302554657
0.002486363781042898
0.0025455483770906984
0.0025965438689595347
0.0026357467155783253
0.0026686105059551867
0.0026914835744469533
0.0027095354353559517
0.0027190846452683566
0.002725060027811098
0.0027237635012133388
0.0027199204853149317
0.0027098251056344256
0.0026980315569831975
0.0026808315237569678
0.002662635908038725
0.002639736494276883
0.0026164253130275873
0.0025889945504451836
0.0025616388938125047
0.0025306494627426496
0.0025001427527418683
0.002466405959524955
0.0024334945862918432
0.0023976879644488115
0.0023629962028905637
0.0023256859873224804
0.0022897363156296384
0.0022513957957023016
0.0022146255175580997
0.002175650077215441
0.002138424971062149
0.0020991444613697187
0.0020617700357094815
0.0020224589985929466
0.0019851898125245017
0.0019460759649699768
0.001909123383072006
0.0018703946914555378
0.001833933366999451
0.001795743972963507
0.0017599172916316773
0.0017223924986841694
0.0016873171711173126
0.0016505576598326525
0.0016163276137184741
0.001580413019306581
0.001547102709284232
0.0015120946705598163
0.001479761905974434
0.0014457066725294186
0.001414395040731931
0.0013813257100046444
0.0013510666587018434
0.0013190051004679996
0.001289819733188654
0.0012587782498560873
0.0012306788772088293
0.001200661637934224
0.0011736531194003446
0.0011446574027020406
0.0011187383110651725
0.0010907555805354926
0.001065919211541793
0.001038936049905367
0.0010151712990502494
0.0009891702186984974
0.0009664623442274075
0.0009414224898520437
0.0009197537744893159
0.0008956515337806631
0.0008750018601270818
0.0008518113925602106
0.0008321587426818746
0.0008098524374993888
0.0007911733260667763
0.0007697221986072522
0.0007519920477628512
0.000731366081232805
0.0007145595448020862
0.0006947279843718219
0.0006788192280426413
0.0006597508335826738
0.000644713774811334
0.000626377036520479
0.0006121855511493998
0.0005945488736909194
0.0005811769722379828
0.0005642088293120754
0.0005516308066658485
0.0005352998726781657
0.0005234904345182814
0.000507765693054764
0.0004967000628032879
0.000481550896791458
0.00047120490357862617
0.0004566011686347966
0.00044695132126360796
0.0004328634040592264
0.0004238869501682096
0.000410285814884294
0.00040196078920295416
0.00038881801228480016
0.00038112327406566657
0.00036841106943378535
0.00036132633127062544
0.0003490175675525343
0.00034252341693336057
0.00033059162658341756
0.0003246695399670246
0.00031308892362152507
0.00030772127544152376
0.00029646669887634303
0.0002916367664805634
0.00028068375464129503
0.0002763757172322438
0.00026570044374288527
0.0002618993794584575
0.00025147865254474667
0.00024817053254917764
0.00023798177882967427
0.0002351534581189645
0.00022517470310030654
0.0002228139100351598
0.00021302375804562945
0.00021111908229350882
0.00020149669309973026
0.0002000375726205165
0.00019056263819490843
0.00018953934460087118
0.00018019206422404644
0.00017959568793365652
0.00017035674282336668
0.00017017917817944248
0.00016102970480992568
0.00016126363407414104
0.00015218519840024666
0.00015282407621168293
0.0001437986466743677
0.00014483668461858255
0.0001358466049200792
0.00013727875625525437
0.00012830671873769654
0.0001301286632779663
0.00012115768231076758
0.00012336581143435125
0.00011437919618871046
0.0001169705995483968
0.00010795192754014885
0.0001109243788056227
0.00010185747026904357
0.00010520941399071497
0.00009607830561234459
0.00009980884515223309
0.00009059776433031382
0.0000947066504176015
0.00008539998982828875
0.00008988760889227119
0.00008046990251769378
0.00008533726684474239
0.00007579316447075262
0.00008104190232090667
0.00007135614601558229
0.0000769884934309215
0.0000671458932459624
0.00007316468522604988
0.00006315009687810817
0.00006955876039274797
0.000059357061468933745
0.00006615960894048018
0.00005575567671552086
0.00006295670037166724
0.000052335389569420166
0.00005994005629654663
0.00004908617688429516
0.00005710022399690599
0.00004599852009301809
0.00005442825152199049
0.00004306338026778649
0.000051915664149195716
0.00004027217451912883
0.000049554440958580766
0.00003761675301860593
0.000047336992580285056
0.00003508937752289813
0.00004525614088415708
0.00003268270087790363
0.000043305098519519656
0.000030389746658422248
0.000041477449720310995
0.000028203890591915313
0.000039767132604994314
0.000026118842543308728
0.00003816842079776137
0.000024128628996149738
0.000036675907756438855
0.000022227576782336108
0.00003528449023640591
0.00002041029748247626
0.00003398935378535801
0.00001867167194180552
0.000032785958043252124
0.00001700683698166285
0.00003167002344367815
0.00001541117124503028
0.000030637517922155025
0.000013880282630131354
0.000029684645159307893
0.000012409995260485834
0.000028807832052794388
0.000010996339088701732
0.000028003718565304466
9.635537731716925e-6
0.000027269145997262747
8.323998467353303e-6
0.000026601148171296947
7.058301810718393e-6
0.00002599694159630873
5.835192928272281e-6
0.00002545391599646748
4.651571467454129e-6
0.000024969625940781067
3.50448233297369e-6
0.000024541775421487533
2.391048172051441e-6
0.000024167735864194968
1.3047080085593052e-6
0.0000238148269587002
-0.004608230076035545
-0.00921738941980099
-0.01382797406578868
-0.018438295528020204
-0.02304378090508067
-0.02763722779483537
-0.032205748219737707
-0.0367341281689419
-0.041198898681476415
-0.04557559842335791
-0.04982937975852574
-0.053927001784215445
-0.0578233328305016
-0.06147883980063696
-0.06484128748213946
-0.06786937530751992
-0.07050886312956763
-0.07272285782091191
-0.07446154251540764
-0.07569945814296278
-0.07639801108130949
-0.07654995443491462
-0.07613392210219458
-0.07516620925401468
-0.07364673717341172
-0.07161816751854694
-0.06910293143059885
-0.0661696811301923
-0.0628612927227786
-0.05926864642214935
-0.05544980028408003
-0.05151107864377222
-0.0475178772894088
-0.04358301198085964
-0.03976982320801443
-0.03618768176399377
-0.03288819262021989
-0.02996766924239145
-0.027457284645394563
-0.025432216472313987
-0.023896567541645344
-0.022898764279778307
-0.022411990837104052
-0.022455314207876494
-0.022970274679935596
-0.023947131030156565
-0.025298154205989604
-0.026988346101780896
-0.028905911760053558
-0.030996801771021935
-0.03313279451844533
-0.0352492260014111
-0.037211087038445216
-0.038953306129340455
-0.04034523986761822
-0.04133283633347333
-0.04180185828581262
-0.04172116193608547
-0.04100494533830728
-0.03965623714550666
-0.03762842960130641
-0.03496791234370189
-0.03167516683246275
-0.027845342754320452
-0.023529296223177166
-0.018870832128587176
-0.013968286351230657
-0.009007175098366722
-0.004123251409910334
0.0004705800446625471
0.004618389641631093
0.008100981966777023
0.01076542646733202
0.012412178288336144
0.01291785099207175
0.012130134199360766
0.00998140542873771
0.006391679907048026
0.001370641599091896
-0.005071238744281524
-0.01283440613731591
-0.02181076878708391
-0.03181071562587917
-0.042635004974247215
-0.05401783728827432
-0.06568951597554433
-0.07733529960865222
-0.08864801359374579
-0.0993013632993777
-0.10899152119973496
-0.11742268992011065
-0.12433673963864317
-0.1295082361897982
-0.1327615308955266
-0.13397232865426467
-0.13307224461336606
-0.13005430512073585
-0.12496580673973193
-0.1179158369717412
-0.10905814778226823
-0.0985996792753857
-0.08677589619387512
-0.07386017594452413
-0.06013446910575478
-0.045900070006891835
-0.031446438566181956
-0.017064180395731456
-0.003014404927459742
0.01045531324716669
0.023139454615366505
0.034855170153987085
0.045468021412697936
0.05486918069923302
0.06299858861189295
0.06981915779728386
0.07533816728897039
0.0795791471939532
0.08260263736777039
0.08447649665550214
0.08529715965225076
0.08515901603040808
0.08417708220557851
0.08245590267046767
0.08011422071702823
0.07725364099471341
0.07398553487145051
0.07039953004220284
0.06659259138222945
0.06263729853407846
0.05861283571821846
0.0545729836318388
0.05057863492909498
0.046665446342741425
0.04287745502525374
0.03923438743120406
0.03576596264101637
0.03247891449258057
0.02939160934073536
0.026500891414219168
0.023816696961473253
0.021328871143796918
0.019041516829494773
0.016939951803229655
0.015024582387246172
0.013278173725027232
0.011699083361466743
0.010269008355301545
0.008985451582182741
0.007830091607398866
0.006800385507194858
0.005878684658869664
0.00506290339274194
0.004336479249652132
0.0036980578381740742
0.003132371921662392
0.0026389103342782942
0.0022037679122020796
0.001827280900901149
0.0014968800269978908
0.0012136869780830957
0.0009663861307473307
0.0007567867690590005
0.0005747151196043952
0.00042255527644800535
0.000291152043945794
0.00018335025620839097
0.00009089020677555713
0.000016970390350356875
-0.00004588935277257263
-0.00009423250321251254
-0.00013486478567305613
-0.00016415397918517687
-0.0001883241647502842
-0.0002036362132221255
-0.00021581293393563883
-0.00022106432191151137
-0.00022468058445934474
-0.0002228654035439966
-0.00022053449857101527
-0.0002139198401435496
-0.00020761153479331566
-0.00019789601474657305
-0.00018907873822024632
-0.000177519790409686
-0.00016727428176541585
-0.00015478945904409192
-0.00014389884403879371
-0.00013114579706608926
-0.00012016644488015514
-0.00010760561422002576
-0.00009692249507567844
-0.00008486592981517214
-0.00007473558617933697
-0.0000633847174885555
-0.000053968418015383425
-0.000043443115038588875
-0.000034832276504876525
-0.000025193056096775134
-0.00001742861904194971
-8.693517533350903e-6
-1.7806202830624974e-6
6.062074572314436e-6
0.000012143060674071208
0.000019125272418226368
0.000024410510116398804
0.000030577289444509764
0.000035113385094982216
0.000040517700142875044
0.000044357250334910356
0.00004905619977001468
0.00005225457356953574
0.00005630667861676673
0.000058919736633605726
0.0000623830389258362
0.00006446555138784868
0.00006739631817669044
0.00006900090336893804
0.00007145277879138677
0.0000726292265244146
0.00007465271247293685
0.00007544758722155111
0.00007708976250532232
0.00007754621059948285
0.00007885061952800076
0.00007900831974415737
0.00008001498524743376
0.0000799101988786805
0.00008065571359926597
0.00008032140316350903
0.00008083907767288469
0.00008030506866606983
0.0000806251122384135
0.00007991827976398466
0.00008006800063377459
0.00007921247239560632
0.00007921648592681641
0.00007823384630613828
0.00007811428432480695
0.00007702377697719634
0.00007680049172781082
0.00007561921894021854
0.00007530997998802775
0.00007405308830721387
0.00007367376903091829
0.00007235462880551965
0.00007191938180848266
0.00007054975109127513
0.00007007117031646705
0.00006866134993561342
0.00006815062330601327
0.00006670959823449691
0.00006617664485343298
0.00006471221402429982
0.00006416581282358736
0.00006268470982242642
0.00006213261616152162
0.00006064061692193905
0.000060089668116991975
0.00005859168962360708
0.00005804790358061618
0.00005654809366779624
0.00005601675501623174
0.00005451857370728421
0.000054004314754121855
0.00005251060764704844
0.00005201747946333013
0.00005053054418081445
0.000050062082650292124
0.00004858372842866427
0.00004814301241297872
0.00004667461313038465
0.000046264318961364376
0.00004480686323813555
0.00004442931071634136
0.0000429834432606075
0.000042640640994243156
0.00004120670158209661
0.00004090038410972042
0.000039478444636619004
0.000039210108335595004
0.00003780000157794942
0.00003757093638578611
0.00003617228429195021
0.00003598360079718701
0.00003459583984508092
0.00003444849558426475
0.000033070898796549035
0.000032965720717560685
0.000031597417060662457
0.00003153512168735223
0.000030175113621008437
0.000030156326032869655
0.000028803504020897177
0.000028828773898973225
0.00002748193164949041
0.00002755174772659584
0.000026209593050973543
0.000026324396279051044
0.000024985561935567125
0.00002514575827623497
0.000023808811008910273
0.000024014780394589825
0.000022678230125965286
0.00002293033687069347
0.000021592642441085647
0.000021891243237305773
0.000020550819010843843
0.000020896270670849125
0.00001955149177387765
0.000019944158284838833
0.00001859336455168432
0.00001903362205133257
0.00001767512235812957
0.000018163365311571868
0.000016795440354826155
0.000017332085877878833
0.00001595299150755306
0.0000165384841496793
0.00001514645274651798
0.00001578126775465657
0.000014374509920144033
0.000015059157098159953
0.000013635862876882816
0.00001437088952930472
0.000012929229756284076
0.000013715222696694254
0.000012253349816858453
0.000013090939338845256
0.000011606986671442486
0.000012496847325049512
0.0000109889297264903
0.00001193178349795877
0.000010397997746985493
0.00001139461544261377
9.83303880594639e-6
0.00001088424080094125
9.29293206655857e-6
0.000010399590846044647
8.776587561725446e-6
9.93962925390988e-6
8.282948537766937e-6
9.503352149874904e-6
7.810989924099024e-6
9.089791744189716e-6
7.3597194792163314e-6
8.698012484254892e-6
6.928179213290049e-6
8.327113334213045e-6
6.515442166118096e-6
7.976226859211395e-6
6.120614123016471e-6
7.644518218426582e-6
5.7428325915399755e-6
7.331185758412429e-6
5.381266463473755e-6
7.0354593102877615e-6
5.035114864974962e-6
6.756600607378222e-6
4.703606975554072e-6
6.493902613803513e-6
4.386002067657876e-6
6.246688165662006e-6
4.0815876392721845e-6
6.014309753304001e-6
3.7896792240818754e-6
5.7961483010339585e-6
3.509618679810592e-6
5.591612904551671e-6
3.240774612359752e-6
5.4001391476722596e-6
2.9825410394204262e-6
5.2211890111612125e-6
2.7343357484524917e-6
5.054249814046102e-6
2.4956016571024667e-6
4.89883407621342e-6
2.2658032273369763e-6
4.754477751693983e-6
2.0444274330393347e-6
4.620738791950169e-6
1.8309820962206764e-6
4.497198182305691e-6
1.6249959537477702e-6
4.383458377923287e-6
1.4260173672897253e-6
4.279142135677258e-6
1.2336132535783505e-6
4.183891692258204e-6
1.0473685769316336e-6
4.097368599870358e-6
8.668857100982449e-7
4.019252599449468e-6
6.91783743488057e-7
3.949241293686621e-6
5.216979781700361e-7
3.887048284115202e-6
3.5626908606822254e-7
3.8323306749906955e-6
1.945821470633506e-7
3.780245703770308e-6