1.3928190022103792
1.3944170196013235
1.3970389135133279
1.4006702720991804
1.4052631861939004
1.410769990485604
1.4171250796418766
1.424259710371078
1.4320926017243831
1.4405395886061727
1.4495078945924047
1.458903397444666
1.468626844381793
1.4785796938404716
1.488661474099634
1.4987746134506092
1.5088225034686877
1.5187135178745328
1.528359516274565
1.5376791635683686
1.5465967086837293
1.55504467878724
1.5629628283016639
1.5703002656212564
1.577014505561277
1.583073077282785
1.588452635586583
1.593140091466897
1.5971317491362151
1.6004339933558536
1.6030624239174425
1.6050421273017959
1.6064067824988972
1.6071985404584117
1.6074670782069524
1.6072691100458514
1.6066673737752883
1.6057298041933028
1.604528447494655
1.6031383406848236
1.6016363679148946
1.6000999077334146
1.5986056664990316
1.5972281760979077
1.5960386612832833
1.5951034894182994
1.5944831462187559
1.5942307514974228
1.5943912268097653
1.5949999928125507
1.596082409233085
1.5976527576705726
1.599714017726517
1.60225721376918
1.6052615623553834
1.6086942254597203
1.6125108276658784
1.616655616999368
1.62106231200716
1.625654631452552
1.6303473982568077
1.63504736763403
1.6396544928925434
1.6440629630934862
1.6481625284375447
1.6518396552891144
1.6549788165940609
1.657463682852259
1.6591783028087483
1.6600082695478398
1.6598417433253068
1.6585705565839548
1.6560910580804022
1.6523051433101033
1.6471209214615357
1.6404536737598765
1.6322263584959562
1.622370506604288
1.610826583731235
1.597544829865643
1.5824854921695608
1.5656196056985057
1.5469290993311997
1.5264075009029117
1.504059904735419
1.4799035706260473
1.453967728894744
1.4262940320215625
1.3969361648550338
1.3659601028357096
1.333443493175685
1.2994756761416966
1.2641568088028468
1.2275976164738893
1.1899182443689122
1.1512477248924988
1.1117225637014032
1.0714859340058638
1.0306860305270198
0.9894750320381345
0.9480072865392501
0.9064381141731945
0.864921915187447
0.823610912033842
0.7826532929093147
0.74219200869989
0.702363073758841
0.6632945356623885
0.6251050477344109
0.5879031150570982
0.5517860295048839
0.5168394653405326
0.4831368303039433
0.45073924325730574
0.4196953104818683
0.3900414735308964
0.36180217619317584
0.3349905308475944
0.3096088059384313
0.28564933011434207
0.26309520761564914
0.241921364843467
0.22209539362154715
0.20357864476942067
0.18632710543728073
0.17029245614668953
0.15542290470020542
0.14166414275292555
0.12896008056524852
0.1172536618628799
0.10648746652621104
0.09660436433532005
0.08754797318275552
0.0792631505759225
0.07169631108806325
0.06479576786158753
0.0585119240379437
0.052797484791570704
0.04760754365754776
0.042899689441576364
0.03863401055015684
0.034773121492396745
0.03128210761051219
0.028128493936258478
0.025282150201332863
0.02271522154663466
0.02040201027214863
0.018318884118158123
0.016444147567617
0.014757939680919884
0.013242104332786407
0.011880086223749253
0.010656806463811952
0.009558562569140614
0.008572913395131476
0.007688586698699355
0.0068953755750667724
0.0061840554911062355
0.005546293037393259
0.004974573142402605
0.004462120031798635
0.0040028345277607815
0.003591226522400176
0.003222361762602524
0.0028918048108095146
0.002595574434454109
0.0023300958737604662
0.0020921638302754367
0.0018789028301542919
0.0016877367865150484
0.0015163562935543778
0.001362693783291463
0.0012248966781890254
0.0011013072459753585
0.000990440653261179
0.0008909687228872431
0.0008017020528942458
0.0007215769862510684
0.0006496410786586757
0.0005850426924840225
0.000527019207528488
0.0004748887449144456
0.00042804061420591023
0.00038592875663033056
0.0003480640087513795
0.00031400892706758297
0.0002833715229256419
0.00025580119248523446
0.00023098364053172063
0.00020863769184018463
0.00018851117415630725
0.00017037843020452692
0.00015403697364644347
0.00013930555651595078
0.00012602144772499557
0.0001140389397077149
0.00010322712823255147
0.00009346876554850358
0.00008465844396873305
0.00007670172177162802
0.00006951363219631614
0.00006301802357228156
0.00005714633082751841
0.00005183708349462508
0.00004703488926578376
0.00004269007323019869
0.0000387578329898203
0.00003519798020260495
0.00003197423477166495
0.000029054045894669924
0.0000264079992437803
0.00002400969957383433
0.000021835269935637343
0.000019863281733329445
0.000018074329113924258
0.00001645099539571997
0.000014977489057535724
0.000013639637852048057
0.000012424575443713073
0.000011320756406635434
0.00001031768466267731
9.405944048867153e-6
8.576961392207664e-6
7.823048500841877e-6
7.137194063828085e-6
6.513113839972078e-6
5.945066656522643e-6
5.427910292501829e-6
4.95693772343448e-6
4.527936763848264e-6
4.137043408441013e-6
3.7808037440879494e-6
3.4560418052527482e-6
3.159922615291927e-6
2.8898324325033207e-6
2.643442054225834e-6
2.4185977012724685e-6
2.2133839324190132e-6
2.026023716298411e-6
1.8549404710647827e-6
1.6986661178676897e-6
1.5559018907804459e-6
1.425433365700176e-6
1.3061897869278281e-6
1.197165228527774e-6
1.097476262452676e-6
1.0062885430702627e-6
9.228727023310143e-7
8.465357579612589e-7
7.766751677283408e-7
7.12714552229001e-7
6.541558758491876e-7
6.005190497788878e-7
5.513922341814086e-7
5.063749489660552e-7
4.6512651185572253e-7
4.273123359064479e-7
3.9265053307345373e-7
3.608611203872183e-7
3.317108294321698e-7
3.049649790144246e-7
2.804305386010086e-7
2.579104554945618e-7
2.3724502545500669e-7
2.1826848784623314e-7
2.0084875994283695e-7
1.8484613505872175e-7
1.7015143887333276e-7
1.5664668386531727e-7
1.442417067239104e-7
1.3283664804204468e-7
1.223571297818498e-7
1.1271844258081092e-7
1.0385932152868017e-7
9.570773497648516e-8
8.821331572142721e-8
8.131465518504864e-8
7.497044562180685e-8
6.912819219936977e-8
6.375412014523355e-8
5.880322482521021e-8
5.424799589753902e-8
5.004973211585669e-8
4.6186132630540355e-8
4.262380908140336e-8
3.934479221622598e-8
3.632017900382424e-8
3.353560076350987e-8
3.096594761919338e-8
2.859984237588314e-8
2.6415388732119246e-8
2.4403693218856478e-8
2.2545587259524668e-8
2.0834237615797445e-8
1.9252795689680604e-8
1.779613510876431e-8
1.6449384651619932e-8
1.5208829858067853e-8
1.40612886689295e-8
1.3004212268143083e-8
1.2025864995418322e-8
1.1124658018412348e-8
1.0290097331694151e-8
9.521382319016253e-9
8.80908771946688e-9
8.153057671497238e-9
7.544789428827194e-9
6.984652077935668e-9
6.464941540730231e-9
5.9864518237842764e-9
5.542172467942039e-9
5.133238918438289e-9
4.753245087275996e-9
4.403598226008493e-9
4.078420666849075e-9
3.779333431712215e-9
3.500922522988152e-9
3.2449744107477008e-9
3.0064834630122864e-9
2.787361415134482e-9
2.5829636701634273e-9
2.395293867659538e-9
2.2200278543825013e-9
2.0592335315826847e-9
1.9088723008862865e-9
1.7710534769060037e-9
1.6419939583208522e-9
1.523825644035904e-9
1.4129949699004088e-9
1.31164095929195e-9
1.2164171060069706e-9
1.129456921827747e-9
1.0476014397208391e-9
9.72968389549651e-10
9.025693463005192e-10
8.384979686221145e-10
7.779215274928915e-10
7.22902978797907e-10
6.707522814822715e-10
6.23496443114461e-10
5.785766757028385e-10
5.379799504376984e-10
4.992686463150273e-10
4.6438657538687535e-10
4.3100835626801164e-10
4.010323227333287e-10
3.722374030298198e-10
3.4647480110079575e-10
3.216206851799178e-10
2.9947803093466456e-10
2.78013920731774e-10
2.5898246028881835e-10
2.40435964798033e-10
2.2407940403608874e-10
2.0804520463008244e-10
1.939892418460526e-10
1.80119419992316e-10
1.6804281118999048e-10
1.560385894608374e-10
1.4566551663527644e-10
1.352702012102424e-10
1.2636374817842672e-10
1.1735669234028398e-10
1.0971326129344844e-10
1.0190469555015268e-10
9.534922129874373e-11
8.857581736178101e-11
8.295765575751102e-11
7.70787091275583e-11
7.226809173870513e-11
6.716222135259138e-11
6.304718029287886e-11
5.860945361143983e-11
5.5093128391956893e-11
5.123252622383865e-11
4.823076821304192e-11
4.48679048856678e-11
4.2307093611934584e-11
3.937210373978401e-11
3.71870814607861e-11
3.461757275327448e-11
3.2749587226069267e-11
3.0488536758644296e-11
2.8883053553263255e-11
2.6876488481347446e-11
2.5480688313256366e-11
2.3674934798824938e-11
2.2434640457519248e-11
2.0772837131300827e-11
1.9628507097335463e-11
1.8045947605932557e-11
1.69272122069598e-11
1.5344884379932127e-11
1.4162859874942017e-11
1.2478255838574962e-11
1.1114514941772352e-11
9.188358299509537e-12
7.47899523621432e-12
5.117110647333188e-12
2.8459003936156848e-12
-0.3591081470471038
-0.35499595467873823
-0.34809355999712627
-0.3384859784108097
-0.3261969332895853
-0.3113013907098102
-0.29386150029579605
-0.2739747520261051
-0.25173789692883225
-0.22727701289525354
-0.2007222402380491
-0.1722289613731924
-0.14195762043015153
-0.11008931409057224
-0.0768082385747496
-0.04231329650956353
-0.0068020898498308635
0.02952040608198538
0.06645665549749666
0.10380994667478251
0.14139793932919045
0.1790473010632955
0.21660569140384495
0.2539369114254366
0.2909309492191419
0.327499014054242
0.3635813069176542
0.3991414709012677
0.43417187564421866
0.4686872172529942
0.5027272880326732
0.5363496853479119
0.5696302499170591
0.6026550726326616
0.6355189977499783
0.6683173253408543
0.7011429603247918
0.7340783683796522
0.767192077394737
0.8005315283656749
0.8341196749301362
0.8679493557112273
0.9019806726169328
0.936137388655308
0.9703055970330818
1.0043324307688437
1.038026285535615
1.0711578495193692
1.10346185814278
1.1346401675743933
1.1643647564169721
1.1922823331069086
1.218018114246848
1.2411813243920504
1.2613692118599642
1.278172795206122
1.291180635810428
1.2999843039998396
1.3041815931670813
1.303381386194893
1.2972062231066857
1.2852964922477725
1.2673124952104842
1.2429381093531986
1.2118826751301275
1.1738844278281675
1.1287126224655075
1.0761710812662921
1.0161009485434755
0.9483846347907996
0.872949457113646
0.7897720884053738
0.6988831047348074
0.6003717933323801
0.49439132976800515
0.3811635010783832
0.260983919890699
0.1342259318884198
0.001344999955258326
-0.1371191501709659
-0.28054001181487176
-0.42820494208531257
-0.5793155533509866
-0.7329920782998899
-0.8882775233639565
-1.0441463826858983
-1.1995130114630712
-1.3532448274656441
-1.5041747985321585
-1.6511186454663858
-1.7928906774074922
-1.9283238395169366
-2.056287476676643
-2.175708468096577
-2.285588975936806
-2.3850265006210267
-2.4732293972034105
-2.549533579700568
-2.6134136573958595
-2.6644942815249055
-2.7025552022108337
-2.7275358835109147
-2.739533564237647
-2.738800678090824
-2.725735986756242
-2.7008753625396524
-2.664877055270569
-2.6185073170108817
-2.562621658104351
-2.4981474265954566
-2.426063343985089
-2.3473813800891827
-2.2631268710285015
-2.174321843470249
-2.081967648982557
-1.9870313796418289
-1.8904323305277466
-1.793032462616402
-1.6956272913203325
-1.5989406536547475
-1.5036199642809278
-1.4102349601834407
-1.3192767681705444
-1.2311599038443304
-1.1462242986768356
-1.064739636200409
-0.9869093843360479
-0.9128765331525465
-0.8427287278880803
-0.7765045791654027
-0.7141991396009434
-0.6557701339700698
-0.6011432149358111
-0.5502176596412071
-0.5028710364484174
-0.45896410140931676
-0.41834468078770026
-0.3808516556857538
-0.34631800076218955
-0.3145738599390725
-0.2854487768107386
-0.258773939436921
-0.23438369598274605
-0.21211708784609687
-0.1918187721607231
-0.17333997783181834
-0.15653896283154803
-0.14128152520936568
-0.12744111524786425
-0.11489902022212847
-0.10354423574454177
-0.09327342446457888
-0.08399063197244622
-0.07560709963206359
-0.06804089135688753
-0.06121662180584788
-0.055065043040384586
-0.04952273272059524
-0.044531675000196176
-0.04003893967701678
-0.03599627993598691
-0.03235982265861159
-0.029089696641690175
-0.0261497461840685
-0.02350719684115674
-0.021132398575973748
-0.01899853152705773
-0.017081380991327715
-0.015359082655369704
-0.013811929051707054
-0.012422151843218144
-0.011173757799015686
-0.01005234470336253
-0.00904496403526875
-0.00813996663694148
-0.007326888919846995
-0.006596324374723502
-0.00593983009113684
-0.005349820374976944
-0.004819490531228906
-0.004342729171625988
-0.003914056482201533
-0.003528552182237517
-0.0031818058188664675
-0.0028698577320962967
-0.002589159249375633
-0.0023365243915582385
-0.002109098157279549
-0.0019043170549796163
-0.0017198839570752404
-0.0015537358557483527
-0.001404024024203401
-0.0012690876664718852
-0.0011474383459981845
-0.001037738433193499
-0.0009387889514004186
-0.0008495119232369894
-0.0007689409433632607
-0.0006962066896066059
-0.0006305296643055961
-0.0005712082729265036
-0.000517613284695297
-0.00046917799395409816
-0.00042539403980067236
-0.0003858032575551884
-0.00034999456941528804
-0.0003175972084761087
-0.00028827845082472477
-0.00026173795551802907
-0.00023770615554799619
-0.00021593950654675773
-0.00019621939174908215
-0.00017834811208203714
-0.0001621481903891731
-0.00014745896774133292
-0.00013413621622333208
-0.00012204923223352487
-0.00011108068626328502
-0.00010112412483438694
-0.00009208400089862992
-0.00008387351287156985
-0.00007641477133391839
-0.00006963691715156695
-0.00006347638970892008
-0.00005787527700072436
-0.00005278165818199483
-0.000048148147295044536
-0.00004393228889090905
-0.000040095264132164635
-0.00003660232295401016
-0.00003342162699505409
-0.000030524705483209606
-0.00002788541406151752
-0.0000254804045121584
-0.000023288182278195922
-0.000021289582443006455
-0.000019466911774376767
-0.000017804425187155657
-0.000016287540591895784
-0.00001490331148909405
-0.000013639704901483922
-0.000012486066860842736
-0.000011432455330073914
-0.000010470096213111833
-9.590764501405923e-6
-8.787229115280427e-6
-8.052676596601376e-6
-7.381143616634933e-6
-6.766978428515412e-6
-6.205260284279993e-6
-5.691294594233232e-6
-5.2210188097753236e-6
-4.7905278416267415e-6
-4.39646620533822e-6
-4.035580750574287e-6
-3.705099048626454e-6
-3.4023068999024282e-6
-3.1249130798512195e-6
-2.870649437093256e-6
-2.6376222157730575e-6
-2.423932845047685e-6
-2.2280161297918844e-6
-2.0482800736837737e-6
-1.8834312825371983e-6
-1.732132366308564e-6
-1.5933149349623419e-6
-1.4658532961356595e-6
-1.348865446164493e-6
-1.2414019253943362e-6
-1.1427352198058977e-6
-1.0520627595477573e-6
-9.687851518580274e-7
-8.922224139946312e-7
-8.218814577004059e-7
-7.571847383302891e-7
-6.977274064015167e-7
-6.430176328355287e-7
-5.927238353024219e-7
-5.464260071411662e-7
-5.038534161301128e-7
-4.646463234968838e-7
-4.285845411089282e-7
-3.953589784178567e-7
-3.647914313937639e-7
-3.3661544041302304e-7
-3.106876709646637e-7
-2.867776053349345e-7
-2.6477086150336384e-7
-2.444672767923178e-7
-2.2577649767946595e-7
-2.0852404502429433e-7
-1.926394939276493e-7
-1.7797013827045997e-7
-1.6446206637978182e-7
-1.5198106787847634e-7
-1.404868978637877e-7
-1.298610918582804e-7
-1.200746985366454e-7
-1.1102268921376029e-7
-1.0268542691230289e-7
-9.496937559960517e-8
-8.786256159960146e-8
-8.128130492929901e-8
-7.521991773825012e-8
-6.960319579710853e-8
-6.443058780096197e-8
-5.963419949541881e-8
-5.521765730477176e-8
-5.1119390890397356e-8
-4.7346404653071285e-8
-4.3842616828361027e-8
-4.0617742953298826e-8
-3.762048102095955e-8
-3.486270198122231e-8
-3.2297281094120635e-8
-2.993778193668385e-8
-2.7740743992247764e-8
-2.572103844364593e-8
-2.383843128319928e-8
-2.210878136919037e-8
-2.0494706999637336e-8
-1.9012789276671413e-8
-1.7628178209518832e-8
-1.6357957352459084e-8
-1.5169533136066896e-8
-1.4080310001447375e-8
-1.3059713844974939e-8
-1.2125320447807596e-8
-1.1248370694891458e-8
-1.0446488978078938e-8
-9.692554247729279e-9
-9.00413923434222e-9
-8.35560743996693e-9
-7.764398462223042e-9
-7.206226758910758e-9
-6.698333055194768e-9
-6.217666142073462e-9
-5.781215288725554e-9
-5.367061484928368e-9
-4.991900953083298e-9
-4.63485713562224e-9
-4.312300792719095e-9
-4.0043186856979435e-9
-3.726931345090865e-9
-3.461118826084334e-9
-3.222533026359772e-9
-2.992985104280598e-9
-2.787745206236017e-9
-2.589400156072097e-9
-2.4128296074547114e-9
-2.2413464463993817e-9
-2.0894347059082907e-9
-1.9410887838282373e-9
-1.8103949357044758e-9
-1.6819889082551723e-9
-1.5695594533645052e-9
-1.4583473231541204e-9
-1.3616460151071644e-9
-1.265268277291551e-9
-1.1821161939527016e-9
-1.0985444176108444e-9
-1.0270687285346907e-9
-9.545581523554804e-10
-8.931482684959018e-10
-8.301971953023651e-10
-7.774671747770894e-10
-7.227821192961372e-10
-6.775383561852701e-10
-6.300040377248065e-10
-5.912173826952499e-10
-5.498707610546082e-10
-5.166523141514462e-10
-4.806599433042304e-10
-4.522398195890908e-10
-4.208778372942774e-10
-3.96586231680434e-10
-3.692223092077503e-10
-3.4847217093985444e-10
-3.2454870635880034e-10
-3.0681926433201936e-10
-2.858370004187169e-10
-2.706572392524602e-10
-2.521582998452326e-10
-2.390892447003156e-10
-2.226382759480235e-10
-2.112525580982214e-10
-1.964141804451215e-10
-1.862707607509593e-10
-1.725808044264634e-10
-1.631918313978158e-10
-1.5011872480848833e-10
-1.409041543406538e-10
-1.277951861863375e-10
-1.1801877834598564e-10
-1.0402350170967283e-10
-9.270082516323338e-11
-7.666029069544893e-11
-6.242568152871458e-11
-4.2721018761539755e-11
-2.37704218589985e-11
1.3940352642898775
1.3997965825434435
1.4093144733920728
1.4225198467471243
1.4392842020439285
1.459452381993958
1.4828278696588715
1.5091786147676278
1.5382358323191874
1.5696911722856843
1.6032025999756474
1.6383872312454746
1.674832186002161
1.7120850001044188
1.749668426666433
1.7870694473994135
1.8237572963092727
1.8591716209054419
1.8927430609973601
1.9238808203940478
1.9519951347328461
1.976484348532098
1.9967586280544005
2.01222657650879
2.022319619220619
2.0264782116865536
2.0241764422093373
2.0149079639350247
1.9982105007394872
1.9736517260719735
1.940853484563894
1.8994779034640288
1.8492512150093094
1.789950379929254
1.7214263808710049
1.6435915347390362
1.556442009904695
1.460045801078681
1.3545640139589838
1.2402391991457105
1.1174146899906081
0.9865226983314949
0.8481007559269669
0.702778746037406
0.551291373795787
0.39446323254157767
0.23321629713395228
0.06855227393994562
-0.0984455738636302
-0.2666331405469659
-0.4348094522139418
-0.6017401721029172
-0.7661667733449482
-0.9268318269412354
-1.0824919990578796
-1.231943421195486
-1.3740364982444933
-1.5076991865353015
-1.6319512589309395
-1.7459232071187436
-1.8488676845288887
-1.9401720761161567
-2.0193653515331227
-2.0861230772929615
-2.1402687765424
-2.181771159403723
-2.210740124054749
-2.2274170410623952
-2.232166514773572
-2.2254614440566565
-2.2078723725509932
-2.1800495670863116
-2.1427120653789435
-2.0966290598553496
-2.0426105543952455
-1.9814899284867045
-1.9141175132194364
-1.8413454663747642
-1.764024745692997
-1.6829925580055305
-1.5990723729614267
-1.513063451563269
-1.4257429268382642
-1.3378564631785776
-1.250121184742594
-1.1632164684610227
-1.0777866687747844
-0.9944313852440866
-0.913707434410932
-0.8361185249371695
-0.7621165874472858
-0.6920914300688509
-0.6263721353480992
-0.5652177413076646
-0.5088197560174359
-0.4572950555130122
-0.410690541728111
-0.36897921667988254
-0.33206762669434386
-0.2997955300966011
-0.2719461502802517
-0.24824916399838437
-0.22839311708304386
-0.2120308229665003
-0.19879277221085848
-0.18829361958538882
-0.18014518030043203
-0.1739625933443965
-0.16937558773310848
-0.16603313432128985
-0.16361203155647186
-0.1618193057752299
-0.1603976862751455
-0.1591255465455874
-0.15781936879814817
-0.15633149819987985
-0.15455011602822544
-0.15239540831117615
-0.1498178055470968
-0.14679330733593512
-0.14332079577588833
-0.13941722508328708
-0.13511471334485986
-0.13045615366325577
-0.12549259745888688
-0.12027963663509737
-0.11487537500291986
-0.1093377267078474
-0.10372307956939066
-0.09808449147513085
-0.09247100775918962
-0.08692663062885482
-0.08149016912057137
-0.07619480554406562
-0.07106832379737847
-0.06613308947576237
-0.061406506131876676
-0.056901246568677476
-0.052625811637429104
-0.04858488487175125
-0.044779901810114785
-0.04120943764782712
-0.037869728038204445
-0.03475503309494777
-0.03185807827765509
-0.029170364690204526
-0.02668251915978893
-0.024384539695987736
-0.022266057374343538
-0.020316517870725324
-0.0185253654351944
-0.01688216806966105
-0.01537673724368593
-0.01399920711457259
-0.012740104144048648
-0.011590391147678077
-0.010541499805494176
-0.00958534933887687
-0.008714352935640586
-0.007921419235169133
-0.007199941482385116
-0.006543788232107492
-0.005947281946084061
-0.005405183675680912
-0.004912665992875147
-0.0044652950048644615
-0.004059001024541268
-0.0036900601500449324
-0.003355064928385702
-0.00305090688500322
-0.002774748577789441
-0.002524007849317318
-0.00229633205620984
-0.0020895843945356557
-0.0019018206688525083
-0.0017312777649865052
-0.0015763530468798682
-0.0014355948817855778
-0.0013076845817701572
-0.0011914287926392058
-0.0010857437992863783
-0.0009896495469253186
-0.0009022560816475877
-0.0008227589625914488
-0.0007504275936011172
-0.0006846017948133119
-0.0006246817857778048
-0.000570125705625258
-0.0005204410238515485
-0.00047518282380457267
-0.00043394643884387313
-0.00039636634059190954
-0.00036210982169583697
-0.0003308763558984735
-0.00030239217191823633
-0.000276409975705673
-0.00025270428175745507
-0.00023107140840549406
-0.00021132545256356703
-0.00019329848643699678
-0.0001768370790400096
-0.00016180263744616677
-0.0001480683934272974
-0.00013551984454838296
-0.00012405213711689774
-0.00011357057237550192
-0.00010398832783081236
-0.00009522700183665872
-0.00008721462453494731
-0.0000798862205581872
-0.00007318206849971766
-0.0000670482665743219
-0.00006143520596224056
-0.0000562981282925794
-0.00005159578357330442
-0.00004729097151018029
-0.000043349359216423454
-0.000039740000822804196
-0.00003643429390349861
-0.000033406473713467045
-0.000030632690396736614
-0.000028091475621609537
-0.00002576292525867094
-0.00002362913726738609
-0.000021673486730720392
-0.00001988103465398712
-0.000018237884093248207
-0.000016731560119622734
-0.000015350437338998522
-0.000014084091700553217
-0.00001292279102484296
-0.00001185781963225458
-0.000010881024615549121
-9.985114462349197e-6
-9.163254759942644e-6
-8.409342109391467e-6
-7.717643762163934e-6
-7.083048190485576e-6
-6.500743849792223e-6
-5.96644779493905e-6
-5.476119358174412e-6
-5.026168194950036e-6
-4.613199179598607e-6
-4.23420123638614e-6
-3.886320197156394e-6
-3.5670297296083467e-6
-3.2739292835486793e-6
-3.004898374205701e-6
-2.7579170753189715e-6
-2.5312048545331e-6
-2.323061359827326e-6
-2.131990939533158e-6
-1.9565617198375015e-6
-1.795516875945063e-6
-1.6476502178591786e-6
-1.511905213217629e-6
-1.387265490736984e-6
-1.2728425504716933e-6
-1.1677797629485392e-6
-1.0713296398294814e-6
-9.827700550932944e-7
-9.01471888869764e-7
-8.268263277597301e-7
-7.583036373071223e-7
-6.953905140188951e-7
-6.376406877387597e-7
-5.846214001240805e-7
-5.35956487188418e-7
-4.912811496201582e-7
-4.502781179515023e-7
-4.126399606372647e-7
-3.7809888964572924e-7
-3.463959239051984e-7
-3.173048515001252e-7
-2.9060763004251905e-7
-2.6611298296655465e-7
-2.436374755186128e-7
-2.2301918673501303e-7
-2.0410395089636752e-7
-1.8675451349551328e-7
-1.7084147386981592e-7
-1.5624830265553579e-7
-1.4286656251966157e-7
-1.3059713609882257e-7
-1.1934933883032692e-7
-1.0903868002979148e-7
-9.958951524393077e-8
-9.092963878183428e-8
-8.299615318321494e-8
-7.572716903976488e-8
-6.907059645663064e-8
-6.297320724130795e-8
-5.7392077944350915e-8
-5.2281250328981956e-8
-4.7605577985829404e-8
-4.332520330138066e-8
-3.941157999608758e-8
-3.58299684723313e-8
-3.255742513797278e-8
-2.9563502927534826e-8
-2.683001513639963e-8
-2.433011397354472e-8
-2.204965200978755e-8
-1.996479874887842e-8
-1.806483683675439e-8
-1.6328464741650162e-8
-1.474787771109488e-8
-1.330389365785877e-8
-1.1991180603942183e-8
-1.0792332703786623e-8
-9.704116683643702e-9
-8.710615533961385e-9
-7.810376330593592e-9
-6.988730431441994e-9
-6.245734136952853e-9
-5.56776617872853e-9
-4.956161012849232e-9
-4.398176939304227e-9
-3.8962294906100435e-9
-3.4383166236668896e-9
-3.0277667248073103e-9
-2.653200929173151e-9
-2.318716766802783e-9
-2.0134617480557483e-9
-1.7421796698882225e-9
-1.4944641257537713e-9
-1.2756000198704219e-9
-1.0755605823770946e-9
-9.000817406853652e-10
-7.394615166642337e-10
-5.998096130051572e-10
-4.717037107636555e-10
-3.6156097601177113e-10
-2.602017392330305e-10
-1.7429364147220965e-10
-9.48694382968674e-11
-2.8798211236930646e-11
3.269942208173469e-11
8.259518398708801e-11
1.2950044125096097e-10
1.662641637218142e-10
2.013456253859297e-10
2.2750252858514129e-10
2.5305471902918806e-10
2.7069587462809705e-10
2.8861637651334545e-10
2.9946949037351144e-10
3.113238620482598e-10
3.1681284748188566e-10
3.2388924175982777e-10
3.2518432872816505e-10
3.2853941730794694e-10
3.2659927234943643e-10
3.270968313702537e-10
3.227039341381513e-10
3.2104723552706985e-10
3.148375636847344e-10
3.1159653814196637e-10
3.040844473115911e-10
2.997184324895428e-10
2.9131747756252546e-10
2.861942351887265e-10
2.7723455887263335e-10
2.716461329087835e-10
2.6238894374689925e-10
2.5656483479427064e-10
2.4721440566875174e-10
2.4133245077010917e-10
2.3204598735418957e-10
2.262412560793851e-10
2.171369085757371e-10
2.1150885151706772e-10
2.02672068518298e-10
1.9729007862844347e-10
1.887784236746e-10
1.8368588842873848e-10
1.7553235112985658e-10
1.7074917631520903e-10
1.629639016596091e-10
1.5848736499994102e-10
1.510575836696219e-10
1.4686121297394758e-10
1.3974896362096065e-10
1.3577890709241463e-10
1.2891587131437085e-10
1.2508390459250234e-10
1.1836228741933487e-10
1.1453413458175284e-10
1.0779195901407079e-10
1.0376892233688133e-10
9.67672800237437e-11
9.22581712204756e-11
8.464675530077731e-11
7.922564451704131e-11
7.049109759486076e-11
6.353422043613436e-11
5.2923224204851385e-11
4.351569695765761e-11
2.992805382145324e-11
1.6823081014720446e-11