0.0029644053257999654
0.005926785863872756
0.008882016179789613
0.011828850937594993
0.014762681806213223
0.01768156815905119
0.020581101590945155
0.023458921434439162
0.026310621497899526
0.029133486276274406
0.03192302311930723
0.034676199105062325
0.03738840557557871
0.04005633827596537
0.04267528802889609
0.04524174649431715
0.047750957613258316
0.0501992996635379
0.05258205379490006
0.054895594348613366
0.05713534336496135
0.05929778931715233
0.06137860439981763
0.06337450423429308
0.06528151031988234
0.06709665859074189
0.06881639383555002
0.07043813245813842
0.07195877954296197
0.0733761502137518
0.07468760355720908
0.07589132705880594
0.07698508477452276
0.0779673699445635
0.07883626748179057
0.07959048056402031
0.08022830952602557
0.08074855864452052
0.08114963477238206
0.0814303404282258
0.08158909599478673
0.08162462453249932
0.0815353011912239
0.08131973395104714
0.08097624326757753
0.08050334136469578
0.07989934427810645
0.07916275057135666
0.07829198704838879
0.07728568597784605
0.07614256489936012
0.07486159967077427
0.07344203795560252
0.07188346360754207
0.0701859424637155
0.06834997166520067
0.06637675514721328
0.06426802943674188
0.06202646468387383
0.05965535641642993
0.05715914625237514
0.054542967393225734
0.051813277681092805
0.04897724584697493
0.04604348887108315
0.043021286810456985
0.039921417022955534
0.03675518828568837
0.03353536666340022
0.030275024743636945
0.02698855767478393
0.02369035033325739
0.020395886751142723
0.017120246037008693
0.01387931308403776
0.010688121879173725
0.007562178875290092
0.004515678651725167
0.0015629526060574113
-0.0012834142948517516
-0.004010998451308551
-0.006609490420466473
-0.009068966997896917
-0.011381886689628152
-0.013541219480879732
-0.01554246319315648
-0.017381639958010783
-0.019057318243705667
-0.020568493682378716
-0.02191660840454276
-0.023103341319296002
-0.02413262230050908
-0.02500836216702689
-0.025736463257086763
-0.026322521482663824
-0.02677383636889958
-0.027097116477726516
-0.02730049104938092
-0.027391246173098717
-0.02737783722119187
-0.027267677229948238
-0.027069145223987963
-0.026789441495585736
-0.026436582728461448
-0.02601733241849517
-0.025539170417525504
-0.025008301608542442
-0.02443158581098469
-0.023814624584577303
-0.02316363763670924
-0.02248362635142768
-0.021780184714914056
-0.021057738459776893
-0.020321281508672222
-0.01957469080751899
-0.018822382646896684
-0.01806770459014759
-0.01731450909285324
-0.016565624826032212
-0.015824347329768357
-0.01509299218249401
-0.014374303845778544
-0.0136700925290562
-0.012982563017263929
-0.012313035935667202
-0.011663198462105728
-0.011033909314482011
-0.010426373129258969
-0.009841027163340194
-0.009278641005769962
-0.008739281906287219
-0.008223341511751431
-0.00773057599565499
-0.0072610617084974405
-0.0068143058825793305
-0.0063901334194728125
-0.005987863820509877
-0.0056071317341248456
-0.005247125829944769
-0.004907346121033026
-0.0045869006776295945
-0.004285203067633697
-0.004001323032164194
-0.0037346276190655704
-0.003484182175892303
-0.0032493388751902697
-0.003029184599953994
-0.0028230805819857646
-0.0026301539529230322
-0.0024497921540980096
-0.0022811751037823914
-0.00212372790874698
-0.0019766907600438782
-0.0018395333029784325
-0.0017115595249309365
-0.0015922869393315173
-0.0014810838742318113
-0.0013775164112773
-0.0012810156260086721
-0.001191195005297957
-0.0011075453312473353
-0.001029725087425751
-0.000957280818076456
-0.0008899128294842858
-0.00082721899455129
-0.000768937863467785
-0.0007147140196719548
-0.0006643205350018549
-0.0006174441155566677
-0.0005738886710423548
-0.0005333786170633859
-0.0004957451761917204
-0.0004607463258606422
-0.000428237309187283
-0.0003980058342323069
-0.0003699281449937044
-0.00034381818787722915
-0.00031957047668189044
-0.0002970220454491128
-0.00027608323479012115
-0.0002566113467575404
-0.0002385303826800775
-0.0002217154053922465
-0.00020610217003272054
-0.00019158128205545296
-0.00017809858146998326
-0.00016555826179860038
-0.00015391479430028636
-0.00014308424374702446
-0.00013302845166403597
-0.00012367384980796072
-0.00011498855980339714
-0.00010690806489296699
-0.00009940582702994214
-0.00009242523219502396
-0.0000859442745600386
-0.00007991324078864128
-0.00007431396388180414
-0.00006910275775391202
-0.00006426470042456437
-0.00005976137211819783
-0.00005558058822287489
-0.000051688532520672114
-0.000048075324469037416
-0.00004471117423153462
-0.000041588136052931964
-0.00003867994379927534
-0.00003598027223667805
-0.00003346594105609824
-0.000031131978479730804
-0.00002895790848188175
-0.000026939886111153912
-0.000025059807047125548
-0.00002331476113151225
-0.000021688725714813333
-0.00002017956296522665
-0.000018773078839182146
-0.00001746777060227352
-0.000016251051878940045
-0.000015121939326271248
-0.000014069261225932023
-0.000013092456250445979
-0.000012181598612556618
-0.000011336467225515892
-0.000010548234628466581
-9.816951462165474e-6
-9.134759369643715e-6
-8.501923466698505e-6
-7.911441282207303e-6
-7.363744706158119e-6
-6.852587878692841e-6
-6.378529852891726e-6
-5.935994259707725e-6
-5.525634549406481e-6
-5.142467324852112e-6
-4.787213449555591e-6
-4.455415232168509e-6
-4.147838842614588e-6
-3.8604931117086725e-6
-3.5941715148086548e-6
-3.345297285162594e-6
-3.114676652482605e-6
-2.8991013128328617e-6
-2.6993785923801685e-6
-2.5126281184989867e-6
-2.3396490762802766e-6
-2.1778532320805233e-6
-2.0280244100364145e-6
-1.887834878129821e-6
-1.7580475580898896e-6
-1.6365672282382012e-6
-1.5241317561156394e-6
-1.4188536415138175e-6
-1.3214426927850895e-6
-1.2301971571476296e-6
-1.1457967197129224e-6
-1.0667058774566532e-6
-9.935728966454788e-7
-9.250112062909095e-7
-8.616369823909583e-7
-8.021971901734382e-7
-7.472757424474821e-7
-6.957394404069696e-7
-6.48140161312032e-7
-6.034523378393815e-7
-5.621963514645356e-7
-5.234433853154296e-7
-4.876831073450914e-7
-4.540737398047846e-7
-4.230752023181283e-7
-3.939240807039184e-7
-3.670516468411031e-7
-3.417650921086181e-7
-3.1846823530375133e-7
-2.9653192921666206e-7
-2.76333796683415e-7
-2.57302131260438e-7
-2.3978965144005475e-7
-2.232765121003771e-7
-2.080918347275275e-7
-1.93762627260561e-7
-1.8059571632221553e-7
-1.6816046416928338e-7
-1.5674268969700597e-7
-1.459500617430067e-7
-1.3604865182468023e-7
-1.2668079201294643e-7
-1.1809403202140146e-7
-1.0996208431565934e-7
-1.0251516041926432e-7
-9.545539301125273e-8
-8.899679458270278e-8
-8.286724457038255e-8
-7.726564927874791e-8
-7.194321746074981e-8
-6.708479393312735e-8
-6.246272917639643e-8
-5.8248800616761604e-8
-5.423452011152217e-8
-5.057954217832549e-8
-4.709274414026698e-8
-4.392255314136339e-8
-4.0893580807230234e-8
-3.8143875809959973e-8
-3.551230114635597e-8
-3.312732981596253e-8
-3.084072592131393e-8
-2.877214567809793e-8
-2.678502299578281e-8
-2.4990914313358037e-8
-2.3263798743558917e-8
-2.1707810629718145e-8
-2.0206445077461936e-8
-1.8857054265981764e-8
-1.7551705682976925e-8
-1.6381574382841313e-8
-1.5246433624477646e-8
-1.4231853825471063e-8
-1.3244515053791166e-8
-1.2364926465377058e-8
-1.1505936095898253e-8
-1.0743507807606869e-8
-9.99597346316187e-9
-9.335242156838348e-9
-8.684493145500585e-9
-8.112048891939326e-9
-7.54534176284114e-9
-7.049556206291037e-9
-6.555820277141368e-9
-6.126610828960959e-9
-5.696225730929562e-9
-5.3248504126710545e-9
-4.949455041229893e-9
-4.6283359131188145e-9
-4.3006609333481506e-9
-4.023229755334861e-9
-3.736953485609264e-9
-3.497519157166637e-9
-3.247142015133527e-9
-3.040774416670618e-9
-2.8215094750830985e-9
-2.643939834919614e-9
-2.4516187088427736e-9
-2.2991528044557787e-9
-2.1301427925679583e-9
-1.999585594364612e-9
-1.8507191156856755e-9
-1.7393093360912422e-9
-1.6078217931270108e-9
-1.5131759568489518e-9
-1.3966509847416118e-9
-1.3167142707523734e-9
-1.213037310297797e-9
-1.1460415751659022e-9
-1.0533592666779155e-9
-9.97786041486686e-10
-9.144707364761324e-10
-8.690194486200518e-10
-7.936371443898054e-10
-7.571983527314101e-10
-6.884833419297147e-10
-6.601143813943914e-10
-5.969444230533816e-10
-5.758495327997195e-10
-5.172258554959901e-10
-5.027392428109224e-10
-4.477673979220508e-10
-4.3933706927330713e-10
-3.872128355782833e-10
-3.8438810080635626e-10
-3.343820384982553e-10
-3.36802950139351e-10
-2.882483037059558e-10
-2.956361755706338e-10
-2.479183588635015e-10
-2.6006793738919515e-10
-2.1261418142914917e-10
-2.2938723868140858e-10
-1.8165880300524242e-10
-2.029780908817365e-10
-1.544609380275839e-10
-1.8030645343270157e-10
-1.305052956880053e-10
-1.6091092466729715e-10
-1.093424022288623e-10
-1.4439203416915182e-10
-9.057820761346845e-11
-1.3040553316435639e-10
-7.386894139217213e-11
-1.1865481354201713e-10
-5.891242871944094e-11
-1.0888464580750876e-10
-4.5443300003892556e-11
-1.0087668066818047e-10
-3.3227726257740506e-11
-9.444412580606307e-11
-2.2058438035184475e-11
-8.94247007480608e-11
-1.171998010739233e-11
-8.542814404265818e-11
-0.0016744408282126258
-0.0033477913413680113
-0.005017280498272935
-0.006682213594346464
-0.008340049795497817
-0.009989663332321284
-0.011628545073873809
-0.013255264746116935
-0.014867216548274826
-0.01646268048425327
-0.018038879004031453
-0.019593787381700197
-0.021124388001778002
-0.022628305220736257
-0.024102191760648668
-0.025543232598783903
-0.026947623023150874
-0.028311972124696192
-0.029631848180653425
-0.030903105832334053
-0.03212048596446135
-0.033278887203559045
-0.03437201580838667
-0.03539361938777514
-0.03633618812249294
-0.03719216543458139
-0.037952705589998526
-0.03860887204643922
-0.03915045860761651
-0.0395671813355818
-0.039847571388653
-0.03998016092235741
-0.03995245596141792
-0.03975211099743125
-0.03936599016753144
-0.03878131981931002
-0.03798484643358992
-0.036963951946535165
-0.03570591783034101
-0.03419898509686569
-0.032431736112855505
-0.030394080266905082
-0.02807676827535884
-0.025472285068554267
-0.022574514523191112
-0.019379521905710784
-0.015885388262596643
-0.012092863710848441
-0.008005387790973081
-0.003629589895207793
0.0010244972315424175
0.005943123817960044
0.011108425123805325
0.01649834313665801
0.0220860738971517
0.02784028933236431
0.03372448150418716
0.03969756147213182
0.045713168883917805
0.05172072610415685
0.057664786443672726
0.06348660604706614
0.06912359171106759
0.07451141645570619
0.07958359635160421
0.08427411902683163
0.08851713112023521
0.09224997844271232
0.09541292980005753
0.09795245465466353
0.09982085760851275
0.10097955920601265
0.10139848265698552
0.1010590712406039
0.09995326752058858
0.09808600846894723
0.09547367471040726
0.09214585661901384
0.08814322592167495
0.08351845777217279
0.07833357880187586
0.07266004705060299
0.06657574056857368
0.060164317311222106
0.05351210340823826
0.04670695417537103
0.03983535863210152
0.03298107907043934
0.026222792221809663
0.019632785308336814
0.013275399494648756
0.00720600444074606
0.0014704048368559082
-0.0038957839908906966
-0.008866739740763286
-0.013426653352010865
-0.01756845098040288
-0.021293717821567394
-0.024610753249113233
-0.027534382740918746
-0.030083618117536026
-0.03228156877797028
-0.034152978087553625
-0.0357244200643267
-0.03702193078576615
-0.038071611818771764
-0.038897490961853014
-0.039522570276069056
-0.03996695826804661
-0.040249321607084276
-0.040385253791331524
-0.040389033758552025
-0.04027214885039954
-0.04004523921429159
-0.03971667931281073
-0.03929459266909037
-0.038785410396559104
-0.03819586729960297
-0.037531486369717114
-0.036798502337220984
-0.036002255359128134
-0.035149020978635495
-0.03424432478237065
-0.03329468154106066
-0.032305860540974604
-0.03128454926474066
-0.030236605900571624
-0.02916866570610262
-0.02808641528926376
-0.026996156097958007
-0.025903128023923784
-0.02481303786516153
-0.02373045097028515
-0.022660285848558222
-0.021606284311834062
-0.020572468321229196
-0.01956169263284873
-0.018577057065988094
-0.017620541338350577
-0.016694365073443053
-0.015799702071701373
-0.014937981025520257
-0.014109675415916558
-0.013315539460153524
-0.01255546962993469
-0.011829672285782413
-0.011137593055709627
-0.010479014528696807
-0.009853050123932571
-0.009259171893995293
-0.008696265885564292
-0.008163591440107247
-0.007659895324727032
-0.007184304897004848
-0.006735498455662461
-0.006312535290543376
-0.0059140797847139015
-0.005539171758251284
-0.0051865018733543026
-0.004855125863287287
-0.004543788780879637
-0.004251586738266129
-0.003977337518547053
-0.003720193385312757
-0.003479055564606091
-0.0032531415519371563
-0.0030414409765371214
-0.0028432406631360447
-0.0026576194173495043
-0.0024839339107181418
-0.0023213499736685875
-0.002169292177102165
-0.0020270092864111693
-0.0018939902192775645
-0.0017695613978900959
-0.0016532715748006045
-0.0015445189166035805
-0.0014429070112515242
-0.0013478996208236636
-0.0012591500154965456
-0.0011761814432101384
-0.0010986917781410793
-0.00102625786685591
-0.0009586173330355879
-0.0008953950712424509
-0.0008363639137589253
-0.0007811916536871221
-0.0007296821530075014
-0.0006815413836652956
-0.0006366004389129722
-0.0005945991841825979
-0.0005553925249507163
-0.0005187503573742728
-0.00048454834541804406
-0.0004525829537130196
-0.00042274789420406855
-0.00039486311090622183
-0.0003688379697729091
-0.00034451314783308335
-0.00032181155967787623
-0.0003005921802868816
-0.00028078962756745524
-0.00026227902020201126
-0.000245005066771217
-0.00022885712693158832
-0.00021378859426538445
-0.0001997013908703708
-0.00018655637251213355
-0.00017426654437202805
-0.0001627991628401179
-0.0001520770133249518
-0.00014207283243278343
-0.00013271803893035234
-0.0001239900531313463
-0.00011582791761857672
-0.00010821304792914029
-0.00010109122230164335
-0.0000944472569439367
-0.0000882328841431412
-0.0000824358083740962
-0.00007701302789483673
-0.00007195469421058246
-0.00006722246582664619
-0.00006280856196990683
-0.00005867876783361403
-0.00005482704446356972
-0.0000512228339240472
-0.00004786155948260271
-0.00004471590590003477
-0.00004178251927022326
-0.00003903696193012841
-0.00003647689792432851
-0.000034080445079135106
-0.000031846110467454804
-0.00002975428306637368
-0.000027804163959068043
-0.000025978162106202615
-0.000024276045783143172
-0.00002268202197450662
-0.00002119631853294448
-0.00001980474422748437
-0.000018507895206557803
-0.00001729300840506914
-0.000016160971177110304
-0.000015100294925006925
-0.000014112093273041625
-0.000013186015800540733
-0.000012323348003817785
-0.000011514756772410319
-0.000010761653840838892
-0.000010055616238740256
-9.398144069816405e-6
-8.781629230223828e-6
-8.207628767246005e-6
-7.669264762807773e-6
-7.1681254098898185e-6
-6.697987631914829e-6
-6.260449705959148e-6
-5.8498763155259815e-6
-5.4678586848040115e-6
-5.109289569671448e-6
-4.775739431515595e-6
-4.462575790837771e-6
-4.171337563540081e-6
-3.897819415409442e-6
-3.643520412475555e-6
-3.4046198301755676e-6
-3.182570507120281e-6
-2.9738983025916424e-6
-2.780005237332007e-6
-2.597729753616171e-6
-2.428419757007893e-6
-2.269195829814744e-6
-2.1213497368326685e-6
-1.982256870635872e-6
-1.8531517810260818e-6
-1.7316400719567994e-6
-1.6188989134419765e-6
-1.5127420179249066e-6
-1.41428954424293e-6
-1.3215434711479934e-6
-1.235567937549249e-6
-1.154535222403118e-6
-1.0794548177962261e-6
-1.0086532066135746e-6
-9.430868753546184e-7
-8.812219975511497e-7
-8.239639086496749e-7
-7.699053828476396e-7
-7.199026783724155e-7
-6.726633485465524e-7
-6.289967933680273e-7
-5.877144310675632e-7
-5.495813272692472e-7
-5.135029660359561e-7
-4.802024049081806e-7
-4.4867029722890327e-7
-4.1959025704782527e-7
-3.920299404360648e-7
-3.666359715537917e-7
-3.4254570083751846e-7
-3.2037116641854767e-7
-2.9931257011902264e-7
-2.799498850898614e-7
-2.615401126689079e-7
-2.446334205473778e-7
-2.2853790842902514e-7
-2.1377645321956878e-7
-1.9970292690047463e-7
-1.8681537302911678e-7
-1.7450849492299257e-7
-1.6325783786030385e-7
-1.5249456655072267e-7
-1.4267386475103908e-7
-1.3325924200743676e-7
-1.246878224048562e-7
-1.16451465162161e-7
-1.0897154420328897e-7
-1.0176460791107857e-7
-9.523838622151987e-8
-8.893072862764229e-8
-8.323794860872103e-8
-7.771583857096765e-8
-7.275146218134578e-8
-6.791549736922985e-8
-6.358785089547258e-8
-5.9351060363301635e-8
-5.558013635790006e-8
-5.1866536159068613e-8
-4.858247363111024e-8
-4.532558426699692e-8
-4.246741140675796e-8
-3.960907747938185e-8
-3.712361143728527e-8
-3.4612936218523826e-8
-3.2453814535544556e-8
-3.024623378642998e-8
-2.8373033459493036e-8
-2.642951954071183e-8
-2.480698716898362e-8
-2.3093357959826794e-8
-2.1690810509210543e-8
-2.017715469804459e-8
-1.8967854754316166e-8
-1.7627875215888046e-8
-1.658858141489307e-8
-1.5399204009768824e-8
-1.450972053632818e-8
-1.3450607523880744e-8
-1.2693439123832993e-8
-1.1746759279061481e-8
-1.110668845545977e-8
-1.025671797198183e-8
-9.720640097566121e-9
-8.953500640783688e-9
-8.510041853086417e-9
-7.813394003275293e-9
-7.452884902515412e-9
-6.815825901442982e-9
-6.529943392541529e-9
-5.942700621793204e-9
-5.724426091658749e-9
-5.1783152496488235e-9
-5.0216077683787514e-9
-4.5088203275884486e-9
-4.408660501948962e-9
-3.922174058032224e-9
-3.874426923218652e-9
-3.407748977385954e-9
-3.409079168695532e-9
-2.9563328392341227e-9
-3.004068533796236e-9
-2.5598758944420576e-9
-2.652019291505676e-9
-2.211262904370526e-9
-2.3463926300736308e-9
-1.9043171364388865e-9
-2.081525743686377e-9
-1.6336136532732408e-9
-1.8525063358084104e-9
-1.394362958162078e-9
-1.6549881337238745e-9
-1.1824124340145527e-9
-1.4852786320127366e-9
-9.940894271224138e-10
-1.34012338643664e-9
-8.26178026366452e-10
-1.2167078049184086e-9
-6.758224694017442e-10
-1.1125875287991903e-9
-5.404664684364726e-10
-1.0256214567669996e-9
-4.179376115330119e-10
-9.540089973903155e-10
-3.063119962552326e-10
-8.962014486900262e-10
-2.0377399560531735e-10
-8.508252429196943e-10
-1.0846403709505354e-10
-8.143577200390762e-10
0.00412309362885717
0.00822839973540711
0.012271554767239583
0.016242932543475558
0.020104934447155692
0.023845020876075478
0.027431217219385535
0.030851931793078626
0.03408038379114218
0.037107550690140594
0.03991187805288119
0.04248773920301045
0.044818741162239106
0.046902899688463034
0.04872862505611815
0.050297315115890986
0.05160148015514159
0.05264520998620413
0.05342410883970207
0.05394395879847694
0.0542022658677863
0.05420536237832351
0.053951447875676004
0.053446318852965614
0.05268783865890582
0.051680439457607585
0.05042098282452171
0.048912139192999526
0.04714961160606984
0.04513445977890697
0.04286165920012987
0.04033140076522186
0.037538951167187556
0.03448492662027989
0.03116641256841621
0.027586183290292585
0.02374503252640996
0.019649891060838663
0.015307316562749555
0.010730448795576606
0.005933606883160497
0.0009380156723591258
-0.004232539346521446
-0.009547282447152515
-0.014971782331947686
-0.020464885541326954
-0.02598108592930583
-0.031468882881316954
-0.036872228778741974
-0.04213036514341429
-0.04717838650092433
-0.051948591055631835
-0.05637018743096133
-0.060372167569037107
-0.06388215909433498
-0.06683078338045295
-0.06914961840738769
-0.07077694473160376
-0.07165473421008875
-0.07173561732503438
-0.07097876084473329
-0.06935782434767725
-0.06685554903652831
-0.06347242627351563
-0.05921980659217934
-0.054128994981248235
-0.04824271655722317
-0.041624392410980524
-0.03434787071927518
-0.02650672263189767
-0.018202257453785405
-0.009552797529761696
-0.0006801251195256813
0.008281173909748205
0.017198560803369616
0.02593192574150948
0.034349373263468694
0.042317046367317354
0.04971544090918021
0.056428364042021555
0.06235938593111931
0.06741965577416151
0.07154416596488285
0.07467822807431676
0.07679333035526
0.07787218743170662
0.07792409745861162
0.07696860351344043
0.07505038127315712
0.07222166816746887
0.06855681785866048
0.0641337491800946
0.05904837636803239
0.05339539258485011
0.0472828169171324
0.04081245139851394
0.03409477559751009
0.027229401756069298
0.020320499628435514
0.013457527183484887
0.006731291614623871
0.00021516286624800776
-0.00601821552394071
-0.01191510344417365
-0.01742338294418756
-0.02251007701627995
-0.027143657233431148
-0.03131091898482994
-0.03499909323311308
-0.03821213411552509
-0.04095287598913523
-0.04323880541209624
-0.045084500509295834
-0.04651695269956299
-0.04755849634110031
-0.04824172269082297
-0.04859306252538391
-0.04864730437063274
-0.04843194127629602
-0.047981275787155275
-0.04732159305518895
-0.04648481263888503
-0.04549450966761638
-0.04437906153539168
-0.043158509550647574
-0.04185714708297852
-0.040491195828879015
-0.0390807889203583
-0.03763842656363399
-0.036180319928334724
-0.03471558768874387
-0.03325694107691971
-0.03181058314414485
-0.03038622969905533
-0.028987674910277834
-0.02762215537511234
-0.026291547750731246
-0.025001093154451575
-0.023751194238774778
-0.022545524381784705
-0.021383392847395932
-0.020267268043122084
-0.01919568021197005
-0.018170190845011997
-0.01718880290865748
-0.016252409771547065
-0.01535868345003529
-0.014508036564920525
-0.01369795962111153
-0.012928528895792612
-0.012197164429815228
-0.011503715628874154
-0.010845612467174883
-0.010222559150572285
-0.009632052010073073
-0.009073709970070282
-0.008545133718769162
-0.008045900034793493
-0.00757373803508276
-0.007128212702796437
-0.0067071952928205655
-0.006310259718569284
-0.005935425507725665
-0.005582289070266813
-0.005249018917718332
-0.004935242267533717
-0.00463927354252352
-0.004360775277581777
-0.004098202187697543
-0.0038512539377113597
-0.0036185182925620426
-0.003399731989696313
-0.003193607657982356
-0.002999917796894845
-0.0028174912625669084
-0.0026461342073441055
-0.0024847829792109034
-0.002333274805168555
-0.0021906449353165385
-0.0020567588606234897
-0.0019307424544545658
-0.0018124865949214184
-0.0017011999159301512
-0.00159679585326534
-0.0014985584163367232
-0.0014064208921768248
-0.0013197357894586025
-0.001238453708970608
-0.0011619892996916484
-0.0010903081334986077
-0.0010228811507280284
-0.00095968675904743
-0.0009002468334406529
-0.000844550690139151
-0.0007921662500566872
-0.0007430920139334057
-0.0006969374997325867
-0.0006537088621821832
-0.0006130531765210188
-0.000574982901641368
-0.0005391790092516622
-0.0005056590791760095
-0.00047413466713799505
-0.0004446274427680745
-0.00041687655229128757
-0.00039090686222265775
-0.000366482406052369
-0.0003436304777435262
-0.00032213755959759283
-0.0003020327145406315
-0.0002831226747814034
-0.0002654377116231483
-0.00024880282601647707
-0.00023324902355665016
-0.0002186177888271237
-0.00020494046408668325
-0.0001920734101402431
-0.00018004797438919535
-0.00016873394639940122
-0.00015816240632580798
-0.00014821526834017066
-0.00013892312306024442
-0.000130178835984608
-0.00012201232891578015
-0.0001143263619519965
-0.00010715004721629136
-0.00010039508727848494
-0.00009408967585438632
-0.00008815360060423157
-0.00008261405569817184
-0.00007739814148873133
-0.00007253199444420946
-0.00006794933186731071
-0.00006367519410444298
-0.000059649288314886286
-0.000055895537007740175
-0.00005235907168297919
-0.000049062689017160986
-0.00004595643473049799
-0.00004306198335164436
-0.000040333834499364035
-0.000037792553457386386
-0.00003539667852959814
-0.000033165685859650606
-0.00003106177768435429
-0.000029103367269064864
-0.000027255982067667784
-0.000025537003575435378
-0.000023914978235285492
-0.00002240629057954565
-0.000020982229401537324
-0.000019658219291914153
-0.000018408041297352213
-0.000017246198947250354
-0.00001614873941465868
-0.000015129285041139374
-0.000014165944192472707
-0.000013271498846257285
-0.000012425932863806107
-0.000011641228717066715
-0.000010899077724799822
-0.000010210703272567391
-9.559351721267399e-6
-8.955527152997303e-6
-8.38389275498259e-6
-7.85427256398624e-6
-7.352621096040573e-6
-6.888120310939463e-6
-6.44790217789752e-6
-6.0405436872981494e-6
-5.654250506964211e-6
-5.2970304792559975e-6
-4.958068771356202e-6
-4.644838404531375e-6
-4.347418670437417e-6
-4.07278054860656e-6
-3.8118194067887096e-6
-3.5710356694451356e-6
-3.342070158644683e-6
-3.130982711046809e-6
-2.930094879036493e-6
-2.745054313575543e-6
-2.568804733772376e-6
-2.4066087792534477e-6
-2.25197839380124e-6
-2.1098171183990166e-6
-1.9741559828600377e-6
-1.8495639755088486e-6
-1.730546288371609e-6
-1.6213605355865863e-6
-1.5169451475044772e-6
-1.4212679966341852e-6
-1.3296634583572261e-6
-1.2458303284891773e-6
-1.165464633106466e-6
-1.0920155982373112e-6
-1.0215092245839916e-6
-9.57163637646089e-7
-8.953060829254077e-7
-8.389409768507038e-7
-7.846701413015145e-7
-7.353006614649548e-7
-6.876847033560446e-7
-6.444471872902725e-7
-6.026682575338397e-7
-5.648054430079495e-7
-5.281461462268326e-7
-4.949942563771083e-7
-4.6282517178620616e-7
-4.338021157064143e-7
-4.0557097424921105e-7
-3.8016662759847694e-7
-3.553889213003636e-7
-3.3315614073227843e-7
-3.1140668792710467e-7
-2.9195345415620256e-7
-2.728592497179496e-7
-2.558421249123338e-7
-2.3907585448247906e-7
-2.2419402395429533e-7
-2.0946865233186316e-7
-1.964584455675998e-7
-1.8352199798735283e-7
-1.7215240105086874e-7
-1.6078371850254473e-7
-1.5085236381692302e-7
-1.4085740604792136e-7
-1.3218724182964547e-7
-1.2339578397767114e-7
-1.1583182048098779e-7
-1.0809413649609496e-7
-1.0150051043792413e-7
-9.468549802623248e-8
-8.89434306125738e-8
-8.293580474379501e-8
-7.79412606876872e-8
-7.263955783197056e-8
-6.83019159839484e-8
-6.361713111172574e-8
-5.985701871487493e-8
-5.571092541198423e-8
-5.245897482805088e-8
-4.878266406016364e-8
-4.5978379750884757e-8
-4.2711170912529855e-8
-4.030186463515133e-8
-3.73902806477066e-8
-3.53302125098846e-8
-3.2727109359078175e-8
-3.0976309190933986e-8
-2.8639839136467402e-8
-2.7163812390131713e-8
-2.5057219534939715e-8
-2.382582311918471e-8
-2.191651351956365e-8
-2.090387556789339e-8
-1.9162727740976313e-8
-1.8346727234815375e-8
-1.6747744749183463e-8
-1.6109287002219565e-8
-1.462930593384658e-8
-1.4152132021071717e-8
-1.2770448959999237e-8
-1.2441039815583502e-8
-1.1138804421751527e-8
-1.0945604004568253e-8
-9.705869366759867e-9
-9.639515573562499e-9
-8.446765489127947e-9
-8.499706228981747e-9
-7.339534778704982e-9
-7.505844280155913e-9
-6.364987574362667e-9
-6.640243096581774e-9
-5.506294924067968e-9
-5.887404062468473e-9
-4.748673021474543e-9
-5.233795148602142e-9
-4.079074871237789e-9
-4.667693113684159e-9
-3.4860637403513524e-9
-4.1786272123556795e-9
-2.9595983743978223e-9
-3.75776437225843e-9
-2.4909365015478987e-9
-3.3971819629208923e-9
-2.072203812511834e-9
-3.0901025730987497e-9
-1.6965511978919193e-9
-2.8306286573987974e-9
-1.3578826688245836e-9
-2.613598879258888e-9
-1.0507621367759494e-9
-2.4346162772119364e-9
-7.705897966231009e-10
-2.290049168062033e-9
-5.128691282530535e-10
-2.1763201412412044e-9
-2.730769361034706e-10
-2.084784948285185e-9
-0.002557497716572716
-0.005103989280485033
-0.0076116628622715215
-0.010073892716908858
-0.012465925166195102
-0.014777667201885138
-0.016985847981381905
-0.0190785100763181
-0.021032901827847197
-0.02283564764961165
-0.024464165402333066
-0.025904026704399192
-0.027132914377065404
-0.02813593850049615
-0.028891614817654808
-0.02938556465500982
-0.029598200197946355
-0.029517045687542535
-0.029125909741205745
-0.02841594311504948
-0.027376122826209263
-0.026003082450488744
-0.024292758329940815
-0.022248982963436168
-0.019876166187411205
-0.017186625977964623
-0.01419420421008185
-0.01092031686249032
-0.007388435655871886
-0.0036288642414355533
0.0003259493525239387
0.004437870716456745
0.008666940340470776
0.01296899262962438
0.01729867343640644
0.02160812136084635
0.025849115068695697
0.029972706280378878
0.033930476842284105
0.03767501746370542
0.04116029543486388
0.04434289299524197
0.04718151703022295
0.049638939975201905
0.051680713931442204
0.05327778557471162
0.05440449782374699
0.055041867399158555
0.05517495720454377
0.05479680232978427
0.05390520988840812
0.05250729363987974
0.05061570682204596
0.04825370251180687
0.045450738991359825
0.042247935509434655
0.03869292548348247
0.034845543216225114
0.030771756783022353
0.026549418147982434
0.02226110139582414
0.017999789178462317
0.013860482479266448
0.009945784121256896
0.006356233231453768
0.003195874643169127
0.0005613936933362215
-0.0014520889844241412
-0.0027628695413409957
-0.003296254973842351
-0.002997065780856186
-0.0018221241151194347
0.0002470073966971948
0.00321317664437102
0.007051085359895393
0.011718554359913794
0.01714447929444678
0.02324252054205286
0.029899723122988654
0.03699268366670146
0.0443767427367242
0.051904369113886004
0.05941457278811439
0.06675294047209834
0.07376070357315356
0.08029562689413307
0.08622005934535408
0.09142177951712627
0.09580039977243436
0.09928733990290241
0.10183015501191726
0.10341103428399002
0.10402894585978456
0.10371639290964076
0.10251964473333311
0.10051384753137921
0.0977819519883577
0.09442858327635542
0.09055849960921439
0.08628980380287013
0.08173282358513496
0.07700326189419086
0.07220227261519323
0.06743001151696047
0.06276743086297812
0.05829045994753405
0.054053730201430436
0.05010535656845938
0.04647251026494993
0.043176558943437776
0.040220189868886196
0.03760254333444513
0.03530748565990997
0.03331834905354493
0.03160695787336139
0.030147651497995955
0.028906749100093037
0.027855644649989342
0.026960514120821743
0.02619439496695981
0.02552705745973147
0.024936084932032282
0.024396922450254786
0.02389304307749813
0.023406241904565413
0.02292600544534661
0.022440139089436803
0.021943458714869694
0.021428833921921544
0.020895304158556706
0.02033959974641368
0.019763760052957106
0.019167168953327252
0.01855372784218832
0.017924418380292337
0.01728406300779642
0.016634408981493223
0.01598049520477563
0.01532423862411793
0.014670418340893887
0.01402073783983799
0.013379434192475727
0.01274778612272967
0.01212935609615436
0.011524913533520566
0.010937319297027726
0.010366834311879486
0.009815658332297729
0.009283595993906938
0.008772264072189336
0.00828108901136933
0.007811198806194797
0.007361728046040493
0.006933411871910368
0.006525176401250639
0.006137452952361024
0.005769033322672841
0.005420122684941412
0.005089440612772773
0.004777030841864852
0.004481590195052834
0.004203052869042466
0.003940130554918839
0.0036926881633289202
0.0034594794821068797
0.0032403303688910918
0.0030340552737345627
0.0028404629655059614
0.0026584401826736286
0.00248779396659826
0.0023274896041606107
0.002177342655529847
0.002036399208459409
0.0019044897263217689
0.001780740458065162
0.0016650003208713152
0.0015564730920164162
0.0014550276721499794
0.0013599414335951905
0.0012711033935148086
0.0011878598133999597
0.0011101190424911366
0.0010372911335100351
0.0009693024160916189
0.000905621523121425
0.0008461910971181865
0.0007905332161963879
0.0007386050340545509
0.0006899771410569123
0.0006446193836562506
0.000602146212191493
0.0005625384125248565
0.0005254499665759586
0.0004908709587685934
0.00045849091824659365
0.00042830772501786763
0.0004000428160923508
0.0003737005167977989
0.00034903086635512236
0.00032604343958475996
0.0003045138901165675
0.00028445599489086406
0.00026566833284434713
0.00024816797309785103
0.00023177400456387838
0.00021650601020215064
0.0002022014250964883
0.00018888167936112693
0.00017640062081734255
0.00016478096518750314
0.00015389124411861892
0.0001437549871884624
0.00013425386849551878
0.00012541184104076817
0.0001171223427972352
0.00010940943175364127
0.00010217708020402694
0.00009544919020459598
0.00008913917467534612
0.00008327056882003867
0.00007776524817511601
0.00007264621823069386
0.00006784294572228467
0.00006337777724473091
0.000059186992536520493
0.00005529218248048825
0.00005163574789550818
0.000048238452928644915
0.00004504819874204081
0.00004208487503363191
0.00003930132861910669
0.00003671654592927454
0.000034287823967766425
0.0000320332309238969
0.0000299140706153436
0.00002794749171995918
0.000026098407007577767
0.000024383053382548707
0.000022769598021318658
0.00002127337957158805
0.00001986550284629466
0.000018560428886155904
0.000017331914603876806
0.00001619356997821952
0.000015121547854508678
0.000014128635469878656
0.000013193152874624567
0.000012327097372719296
0.000011510747360830462
0.000010755345144844228
0.000010042941317609024
9.38405880198522e-6
8.762353083983794e-6
8.187661650364834e-6
7.645095536769334e-6
7.143841588001415e-6
6.6703301794938505e-6
6.233133400964365e-6
5.819878211265895e-6
5.438556488257283e-6
5.077881166158542e-6
4.745297275763332e-6
4.43050451538444e-6
4.140432769846122e-6
3.86567827086566e-6
3.612688319573404e-6
3.372873545840049e-6
3.1522281479498448e-6
2.94290371458944e-6
2.7504712750787426e-6
2.567755429259332e-6
2.3999313559270297e-6
2.2404370169210765e-6
2.09407780004357e-6
1.954849736125415e-6
1.8272124282243899e-6
1.7056713343160886e-6
1.5943637015280584e-6
1.4882596140728368e-6
1.3911946949323422e-6
1.2985630071180003e-6
1.2139214469065031e-6
1.1330484624120068e-6
1.059242227367965e-6
9.886325685339794e-7
9.242765687730021e-7
8.626255807629761e-7
8.065119348329708e-7
7.526801858275111e-7
7.037548826556623e-7
6.567487018058101e-7
6.140932945347294e-7
5.730447440503734e-7
5.358573556486598e-7
5.00009459254661e-7
4.675907022146193e-7
4.3628262768720867e-7
4.080227164498905e-7
3.806782971107466e-7
3.560454091071944e-7
3.321609893071493e-7
3.106909401019966e-7
2.898270984686231e-7
2.711150343809047e-7
2.528884553302072e-7
2.3658170269253895e-7
2.206572661440139e-7
2.064481152384291e-7
1.9253353941083654e-7
1.8015374532809142e-7
1.6799427144394095e-7
1.572095942517027e-7
1.4658207978407395e-7
1.3718865183247568e-7
1.2789847226415968e-7
1.1971815326594348e-7
1.1159542526824348e-7
1.0447326508348719e-7
9.737004885983714e-8
9.117052019710297e-8
8.49572198863804e-8
7.956267931809523e-8
7.412627081174659e-8
6.943341315544142e-8
6.46755604570993e-8
6.059507337550766e-8
5.642925274705255e-8
5.288232646491352e-8
4.923325531226463e-8
4.6152177753983786e-8
4.295396850316569e-8
4.027944269065351e-8
3.747477506014426e-8
3.515522260925069e-8
3.26935292300533e-8
3.0683700195120375e-8
2.8521279105755042e-8
2.678243573318925e-8
2.4879789647056096e-8
2.3378359394923634e-8
2.170216329176022e-8
2.040826669771267e-8
1.8929321926973726e-8
1.7816859541350378e-8
1.650917559480341e-8
1.5555880169466314e-8
1.4396800856495772e-8
1.3583350808135383e-8
1.2552975599126375e-8
1.1863019572955783e-8
1.094393025568809e-8
1.0362422608332847e-8
9.539189658471511e-9
9.053478101403863e-9
8.312502096009303e-9
7.911784270764625e-9
7.241128999652983e-9
6.916823981920202e-9
6.305415424370803e-9
6.04921790490286e-9
5.488071543433504e-9
5.293420009543719e-9
4.773773692640989e-9
4.635121959126968e-9
4.149228875283481e-9
4.0618580475417645e-9
3.6031116223013374e-9
3.5625323171082722e-9
3.125145836069461e-9
3.1287720865392212e-9
2.706428842403754e-9
2.7514045558042954e-9
2.339369445544884e-9
2.423905148011955e-9
2.017558260534593e-9
2.1403651321530624e-9
1.7347618507873249e-9
1.8950041815279434e-9
1.4857808433196988e-9
1.6827886174595155e-9
1.266507116744672e-9
1.5005043313726533e-9
1.0723423819541963e-9
1.3440350968019305e-9
9.003220875103647e-10
1.2099960368997588e-9
7.474093284567254e-10
1.096819151903005e-9
6.103617533330212e-10
1.0012747139632242e-9
4.874767631269799e-10
9.210058671465109e-10
3.7658983470922935e-10
8.556512705854448e-10
2.757252744635663e-10
8.027369186634876e-10
1.8301493345188646e-10
7.613233440181137e-10
9.76265588098441e-11
7.284362659922838e-10