3.811859267214754e-8
1.0701912055654636e-6
5.7164565363515146e-6
0.000017957457878121717
0.00004379324565175811
0.00009045242885239467
0.00016694595844361847
0.000283462393880904
0.0004517416148429143
0.0006845711124609351
0.0009960482007412479
0.0014011468185240448
0.0019159032649209093
0.0025570412207845867
0.003342101775736368
0.004289121939022862
0.005416721471885455
0.006743832682038642
0.008289750658489536
0.010073912217312889
0.012115911438583874
0.014435324587144477
0.01705168909289573
0.019984369921047334
0.02325249734458561
0.02687486913703078
0.030869840787935962
0.03525525743092803
0.0400482896877574
0.04526538969736203
0.05092206663929083
0.05703286275443258
0.06361106481581702
0.0706686986637118
0.07821617637016602
0.08626231143967752
0.09481390591520485
0.10387579273734059
0.11345037214879203
0.12353769228678549
0.13413494935898682
0.14523662171266366
0.15683395262012445
0.16891515604815577
0.1814649036763988
0.19446462159843667
0.20789200364484947
0.22172141665782047
0.23592345979655308
0.25046549155560044
0.26531124941215567
0.2804215046039644
0.295753748681082
0.31126297295328914
0.32690141919049975
0.3426194707701141
0.3583654552502931
0.37408662501131495
0.3897289911357114
0.4052383641214512
0.4205601927015135
0.43564063107811923
0.45042635385042873
0.4648656157451704
0.47890801499593727
0.4925055147162241
0.505612131619934
0.51818489444498
0.5301834420638644
0.5415709027419916
0.5523133943558047
0.5623808175289589
0.5717462595903074
0.5803867034895362
0.5882823450713734
0.5954172270024413
0.6017784849425962
0.6073569207330342
0.6121461965542729
0.6161433640222306
0.6193480263772885
0.6217628401057097
0.6233926640202899
0.6242450481810122
0.6243293861459817
0.6236574031356674
0.622242324583001
0.6200993724526177
0.6172449601576216
0.6136972032027675
0.6094751478461871
0.6045992998522612
0.5990908918150648
0.592972431461837
0.5862670098774223
0.5789988679985986
0.5711927446288778
0.5628744561717258
0.5540702791752566
0.5448075341067955
0.5351139926662305
0.5250184522623883
0.5145501545196007
0.5037393343183868
0.4926166341337643
0.4812136113579004
0.46956213448602
0.45769483576918024
0.44564448019283714
0.43344435718784086
0.4211276211481423
0.40872762474738805
0.3962772387450713
0.3838091384120377
0.3713551184007642
0.3589463507078689
0.3466127154552923
0.33438305208669983
0.32228452787757705
0.31034290308930773
0.29858195589704206
0.2870237775625986
0.27568826627300075
0.2645934614383191
0.2537551113042495
0.24318704795552687
0.23290082618842772
0.22290613423197614
0.21321049553120658
0.20381970557681617
0.19473758462868304
0.18596642871939897
0.17750679999978533
0.16935797976128072
0.16151778362517188
0.15398300578697224
0.1467492480900201
0.13981134698945843
0.13316320801534554
0.12679820959348617
0.12070903698623162
0.11488805964551879
0.10932716105838429
0.10401808846835427
0.0989522769501148
0.09412117199561719
0.08951604753488865
0.08512830303232141
0.08094927608538821
0.07697051637322054
0.07318359397886051
0.0695803528675918
0.06615271628639134
0.06289292252118332
0.05979332872208135
0.05684663158531493
0.05404567081396395
0.05138363716381635
0.04885387653827216
0.04645008758176437
0.0441661271685613
0.041996199459909664
0.039934663308759166
0.03797621444111326
0.03611569507958809
0.03434827067891933
0.032669241879495374
0.03107421702761609
0.0295589264086562
0.028119391615783522
0.026751741880494395
0.025452381217484
0.02421780656519403
0.023044773526275507
0.02193011594877327
0.020870910997395957
0.019864299743067023
0.018907652236222053
0.01799838862487061
0.01713414485385274
0.016312593795867573
0.015531612166912748
0.014789101128009699
0.014083154984295446
0.013411880694956663
0.012773568909461503
0.01216651180752302
0.011589177019007633
0.01104002320299117
0.010517677396575517
0.010020747731041571
0.009548004758083602
0.00909819069073183
0.008670205262559506
0.00826291087071237
0.007875323533846753
0.0075064133037019524
0.007155300900441609
0.006821052747318145
0.006502883877396142
0.006199946932665691
0.005911541953599964
0.005636898669341357
0.0053753938010430834
0.005126325953293688
0.004889141083621411
0.004663199287006034
0.004448009107244384
0.004242985486104645
0.004047693617448932
0.0038615973102304013
0.003684313113362503
0.003515348317263522
0.0033543661064800484
0.0032009123977781665
0.003054692808530182
0.0029152875003641
0.0027824407843688925
0.0026557631079815566
0.0025350341532290634
0.002419891070780655
0.0023101459648160426
0.002205459441930044
0.002105673415868385
0.002010469000176959
0.0019197156080910682
0.0018331121763630065
0.0017505535801349732
0.0016717541311890587
0.0015966323747756373
0.0015249157585030691
0.0014565449279648536
0.0013912584125128063
0.001329017589242931
0.0012695701788789189
0.0012128971033683131
0.0011587535289107125
0.001107138901220945
0.001057814213251562
0.0010107965642427393
0.0009658512667664297
0.0009230123411554923
0.0008820480099965092
0.0008430086085773108
0.0008056639447200686
0.0007700801786655358
0.0007360274520113155
0.0007035873671468513
0.000672529210860733
0.0006429497442376984
0.0006146162640459931
0.0005876404990988498
0.0005617866656354399
0.000537181355735763
0.0005135846513654213
0.0004911379847332066
0.0004695962792573632
0.0004491158610003565
0.0004294454933055633
0.00041075652286614504
0.000392790567944272
0.0003757341924762997
0.0003593208953661078
0.00034375272156398143
0.0003287540816556923
0.0003145428303512941
0.0003008333211909704
0.00028785961063183796
0.00027532502187304714
0.0002634802670313361
0.0002520166565392467
0.00024120207307986175
0.00023071481840682275
0.0002208405210939566
0.00021124346062922523
0.00020222764697665042
0.00019344230204890474
0.00018521051294469954
0.0001771653830297965
0.00016964983288916496
0.00016227975685359226
0.0001554187265975624
0.00014866430361682625
0.0001424015904378354
0.00013620865485399283
0.00013049307332906623
0.00012481221827991462
0.0001195971479275705
0.00011438329308852149
0.0001096262679462552
0.0001048382671824273
0.00010050060341662743
0.00009610088855317306
0.00009214734650374984
0.0000881016037902546
0.00008450008120042808
0.00008077695738241517
0.0000774982108793169
0.00007406904608354327
0.00007108643826445097
0.00006792502317668969
0.00006521429290226396
0.00006229664795868565
0.0000598357016945988
0.0000571398762240427
0.00005490859847327558
0.0000524144879311215
0.00005039456898842429
0.000048083748590852847
0.00004625852802241426
0.00004411410125659484
0.000042468425655999184
0.00004047488628600222
0.0000389949799965021
0.00003713808631271011
0.00003581143393231346
0.00003407809410938964
0.00003289333370352011
0.00003127150124318593
0.000030218327294252712
0.000028696905616848274
0.000027765980829640173
0.000026334736174888064
0.000025517611339673505
0.00002416709320616786
0.000023456134398904295
0.000022177602830184884
0.000021565925291245192
0.00002035128437682956
0.000019832692476939535
0.000018674429493517653
0.00001824336224836212
0.000017134491921796502
0.000016785973566437435
0.00001571998698132854
0.000015449582161647218
0.000014420399888151837
0.00001422417306938891
0.000013226102114864497
0.00001310058084257988
0.000012128275071948844
0.000012070416755093133
0.000011118840457643486
0.000011126002375980672
0.000010190396680027663
0.000010260308942474537
9.336160810950924e-6
9.466902022124368e-6
8.549915580381434e-6
8.739890990315159e-6
7.82596096623807e-6
8.073882902312133e-6
7.159069969221095e-6
7.4639403669111185e-6
6.544448205344501e-6
6.9055430752401684e-6
5.977696979849021e-6
6.394552657153883e-6
5.454779532983942e-6
5.927180578790806e-6
4.971990183431515e-6
5.499958811660884e-6
4.525926108932955e-6
5.109713033095445e-6
4.113461539807247e-6
4.753538136446488e-6
3.7317241491107254e-6
4.428775852973032e-6
3.3780734486020004e-6
4.132994296469868e-6
3.0500810170760016e-6
3.863969270568231e-6
2.7455124003331367e-6
3.619667182009447e-6
2.4623105357342026e-6
3.398229424453636e-6
2.198580571450863e-6
3.1979581045357634e-6
1.952575957502881e-6
3.0173029960567196e-6
1.7226856977780694e-6
2.8548496156212324e-6
1.5074226631397483e-6
2.709308328688216e-6
1.305412874059778e-6
2.5795043924251753e-6
1.1153856669399442e-6
2.4643688594674613e-6
9.361646694019385e-7
2.362930270028833e-6
7.666595122746474e-7
2.2743070643995143e-6
6.058582151150666e-7
2.1977006424720965e-6
4.528200701307925e-7
2.1323881095551065e-6
3.066618042720336e-7
2.077657767639163e-6
1.6608540167498835e-7
2.029103159594246e-6
-1.3660287473314245e-7
-3.811210053117761e-6
-0.000020337647891588227
-0.00006376528364287241
-0.00015515085834301632
-0.00031951827387132034
-0.0005877525492113859
-0.0009940715315640382
-0.001577350829451566
-0.0023787991043622363
-0.0034430340601775806
-0.004815855529896287
-0.006545269800568962
-0.008679319882184193
-0.01126719449378976
-0.014357094712725461
-0.01799751783393079
-0.022235135312973713
-0.02711629905826804
-0.032684888830823655
-0.03898404828748856
-0.046053939015208684
-0.053933678670732815
-0.06265892062431341
-0.07226394113219402
-0.08277895421594368
-0.09423228320423545
-0.10664732466281925
-0.12004474490359604
-0.13443902716091072
-0.14984065675396094
-0.16625222232611903
-0.18367059255049703
-0.20208259221528088
-0.2214672240678392
-0.24179099804150075
-0.2630103067310765
-0.28506654287983946
-0.3078887867747985
-0.3313888935405096
-0.35546468536168263
-0.3799952164480321
-0.40484467323480966
-0.42985802316291843
-0.4548658054361115
-0.47968033570724694
-0.504101516593425
-0.5279137047082678
-0.5508925874050351
-0.5728027275623268
-0.5934054496948967
-0.6124569724216881
-0.6297171358747601
-0.6449479256993819
-0.6579227691726753
-0.6684251624158345
-0.6762581790615029
-0.6812428473496841
-0.6832274648986914
-0.6820853452997756
-0.6777235250518004
-0.670079517752082
-0.6591290404276156
-0.6448814808609132
-0.6273863613218685
-0.6067273385635961
-0.5830272573502727
-0.556440653006552
-0.5271574105632764
-0.4953939074936375
-0.46139546375369184
-0.4254264214435089
-0.38777171840130786
-0.3487263238288608
-0.30859636659935824
-0.26768840840158875
-0.22631058964860706
-0.1847622137322308
-0.1433353352730865
-0.10230505613759974
-0.06193188592638623
-0.02245303285225769
0.01591425979663956
0.052980278315843975
0.0885784507454231
0.12257173950860951
0.15484723412173385
0.18532143757395914
0.21393394764982565
0.24065176471387234
0.2654622187993196
0.2883764667585403
0.30942185756493806
0.3286448199974816
0.34610289300496505
0.3618672404399968
0.3760146102493865
0.38862974710908127
0.3997975735646756
0.40960578903300554
0.41813756814610803
0.425474614733175
0.4316906285817977
0.4368550118092004
0.44102725869879483
0.444261392448331
0.4466012969158706
0.44808581702119893
0.44874490694990754
0.4486051934597604
0.4476866999983491
0.4460085844470218
0.4435861427600822
0.4404364128523203
0.436575175937123
0.43202216629975837
0.4267978627374106
0.4209281398354698
0.4144407489172905
0.40736935925994594
0.39974973590984497
0.39162321899208963
0.3830326888146412
0.37402559798003315
0.3646498590883122
0.35495657125325175
0.3449959723371948
0.3348199939292337
0.32447839777258414
0.31402126324527907
0.3034953897726323
0.29294678168448157
0.28241735739790746
0.27194745899415146
0.26157287359760867
0.25132736567526615
0.24123999072818333
0.23133762956497986
0.22164255989115186
0.21217496302605449
0.2029507136094089
0.19398382815060758
0.18528443423799598
0.17686113418683894
0.16871912014387677
0.16086243246070908
0.1532921937261626
0.14600874848235187
0.13900999595533683
0.1322934041694035
0.12585442709565764
0.11968839150434697
0.11378898900943547
0.10815003794719029
0.10276404430925488
0.0976238436121401
0.09272122710895123
0.08804847022733223
0.08359702194582823
0.07935892716303294
0.07532557795207842
0.0714890374205638
0.06784085191659103
0.06437328374552302
0.061078183468981306
0.05794813841364235
0.05497540410282373
0.052152974941557045
0.049473573640574565
0.046930649865349325
0.04451742631133387
0.04222783051607323
0.04005559605636866
0.037995132168975765
0.036040678386822046
0.03418711610910176
0.03242917487910815
0.030762189597213958
0.029181356569838838
0.02768243966372745
0.02626107422204812
0.024913425114045398
0.02363553661286168
0.022423944996465977
0.02127507250683435
0.020185796899075747
0.0191528876481195
0.018173534616602774
0.01724482473948094
0.016364231783250426
0.015529131812554598
0.0147372558393627
0.01398624245938175
0.013274055033799989
0.012598569971445255
0.011957959947156989
0.011350316395864004
0.010774000146728715
0.010227296785699938
0.00970873597090146
0.009216778411444183
0.008750105024725556
0.008307334368329795
0.007887282702620553
0.007488710799967528
0.0071105558869958875
0.0067517068388672045
0.006411208891674594
0.006088066310970733
0.005781420685883119
0.005490380238869526
0.005214172440562707
0.004951999201358368
0.004703164475184008
0.004466954646409413
0.004242741724454519
0.004029888306893605
0.003827826905118732
0.0036359889291622633
0.0034538606241088085
0.0032809355850156046
0.003116747727986376
0.0029608469011369143
0.002812809259573674
0.0026722355969367503
0.0025387394406192042
0.0024119677821142693
0.002291567160125562
0.002177226518143221
0.0020686214962835404
0.0019654791939923894
0.0018675008466061663
0.0017744483164251466
0.0016860452872143057
0.0016020853531043507
0.0015223118201301983
0.0014465473066270689
0.0013745522014357917
0.0013061757294793228
0.0012411930787155983
0.0011794779227038271
0.0011208181924407894
0.0010651100855977452
0.0010121524235992263
0.0009618622125563666
0.0009140474924720128
0.000868644550124386
0.0008254691338636398
0.0007844754513909467
0.0007454855940178485
0.0007084704813015374
0.0006732573102843609
0.0006398326391005094
0.0006080276484341924
0.0005778435837025985
0.0005491145887143796
0.00052185575463542
0.0004959032599184
0.0004712852976619407
0.00044783923410285793
0.000425605709076253
0.0004044225027308836
0.000384342125594577
0.00036520206316201063
0.0003470661923197717
0.00032977105340467724
0.00031339144911595617
0.0002977623770221678
0.00028296918249753433
0.0002688447694994041
0.00025548469429420063
0.00024271925918496455
0.00023065394553296756
0.0002191159839118633
0.00020822053604381988
0.00019779132530375895
0.00018795298628157664
0.00017852533008106384
0.00016964228977352303
0.00016111938823567718
0.00015309971049952872
0.00014539414155394987
0.00013815479774037393
0.00013118760055468037
0.00012465359891301956
0.00011835344759424277
0.00011245704884151133
0.00010675950826994425
0.00010143951837100187
0.00009628637319233456
0.00009148750624959726
0.0000868261562024359
0.00008249845964847313
0.00007828137448105777
0.00007437971084305326
0.00007056393868677335
0.00006704751852896075
0.00006359424236951102
0.000060426202189830085
0.00005730034041622233
0.00005444736261988336
0.00005161720772677099
0.0000490491771892841
0.00004648607075266473
0.0000441757649511448
0.000041853803636398896
0.0000397766129570698
0.00003767238380611933
0.000035806058791679454
0.00003389839974414259
0.00003222282330380298
0.000030492607386554045
0.000028989588222743334
0.000027419528856306478
0.000026072615813960227
0.000024647090410029787
0.000023441404016820428
0.000022146295690187245
0.000021068376005008097
0.00001989092978776285
0.000018928599225443373
0.000017857292795993734
0.00001699953155403333
0.000016023958553938547
0.000015260792458062478
0.000014371556701205071
0.000013693955212851731
0.000012882575955638764
0.000012282360090247749
0.000011541185609159832
0.000011010945008311327
0.000010333075425745467
9.866092428884118e-6
9.245309686786595e-6
8.835491023396448e-6
8.266195841554277e-6
7.908010917492926e-6
7.38516592248731e-6
7.073590248600419e-6
6.5926688073384104e-6
6.323133224987518e-6
5.880073246197978e-6
5.648417296175631e-6
5.239579976606811e-6
5.042010128860757e-6
4.664142203722062e-6
4.497193284872514e-6
4.147393831612023e-6
4.007894164115784e-6
3.6835845232863366e-6
3.568624181233682e-6
3.267520822044694e-6
3.174422577041558e-6
2.8945132926895576e-6
2.820805956114706e-6
2.560328262523169e-6
2.503722546038344e-6
2.2611445175477638e-6
2.2195103413677337e-6
1.993513687010261e-6
1.964859995940628e-6
1.7543249363583827e-6
1.7367805787089241e-6
1.5407728105943837e-6
1.5325688666110052e-6
1.3503281956355692e-6
1.3497818808454563e-6
1.1807116094496128e-6
1.1862111681159468e-6
1.0298706139652234e-6
1.0398606802664894e-6
8.959567484954348e-7
9.08925449701996e-7
7.773072336000869e-7
7.9177340832309e-7
6.72427086388498e-7
6.869283186074225e-7
5.799734027938336e-7
5.930543402416412e-7
4.987404968726092e-7
5.089424502571684e-7
4.276477543501182e-7
4.3349750510311087e-7
3.6572733697268907e-7
3.657273567908362e-7
3.121139111961602e-7
3.047317889165434e-7
2.6603493995806343e-7
2.4969377995073647e-7
2.2680212134789248e-7
1.9987083978517895e-7
1.9380395809441375e-7
1.54587214689938e-7
1.6649867027271063e-7
1.1322709830800616e-7
1.4440749483431853e-7
7.522637128848826e-8
1.2709582461401181e-7
3.9961357369737175e-8
1.13324531570505e-7
-2.372148886765719e-7
-6.614613563111909e-6
-0.00003527697246157266
-0.00011049273449721888
-0.0002685157010529318
-0.0005521092518985591
-0.0010137218290701266
-0.0017107616981747046
-0.002707783335008183
-0.004071975158668425
-0.005874952133266529
-0.008188277274511572
-0.01108525565543922
-0.01463642851945195
-0.018911667555359297
-0.023975613849285385
-0.029890293598124937
-0.03671045749280524
-0.04448685898427565
-0.05326140397021169
-0.06307115055073732
-0.073943122449122
-0.08589901480606754
-0.0989494760774674
-0.11309945155737512
-0.12834171469275496
-0.144662761570267
-0.16203538647994348
-0.18042506452663545
-0.19978142341047342
-0.2200451177140018
-0.24113814555283064
-0.26297131769826376
-0.28543349070312257
-0.30839984879911037
-0.3317202530985839
-0.35522865994471126
-0.3787308933774565
-0.40201559446912427
-0.42484178695661434
-0.4469517662415426
-0.4680588281701445
-0.48786245136862194
-0.5060364901568667
-0.5222468801002529
-0.5361404647304162
-0.5473652749031087
-0.5555599835083788
-0.5603765970568797
-0.5614703373830329
-0.558524364828835
-0.5512396957149367
-0.5393613741785702
-0.5226678691952045
-0.5009979450196272
-0.47423885701378815
-0.4423530532905018
-0.40536441765932235
-0.3633838818400113
-0.316592961243559
-0.26526738480968226
-0.20975725222155778
-0.15050791423186416
-0.08803626297529278
-0.02294832973933438
0.044088493741596804
0.112331337649823
0.18099353257627124
0.24923376379278106
0.31619106644750944
0.3809766215535047
0.4427110897801904
0.5005180473676878
0.5535623695376941
0.6010440445879754
0.6422361420321052
0.6764776331460395
0.703209459524165
0.7219650335325929
0.732403048193727
0.7342945058458901
0.7275511440245706
0.7122081039170749
0.6884471480346904
0.6565743960827333
0.6170378530630608
0.5703999958926464
0.517349515863244
0.4586689469215798
0.39524097416190657
0.3280117749532451
0.257992769654053
0.18622089842296824
0.11375726739390447
0.04164615359852961
-0.029087455786705387
-0.09747786638157481
-0.16261987591307053
-0.22370530312985049
-0.2800205169602739
-0.33097718660030606
-0.37610413074470594
-0.41507061631798575
-0.4476713556821874
-0.47384169998073306
-0.49363575093545586
-0.5072339992346074
-0.5149157080804292
-0.5170606585006581
-0.5141179186805168
-0.5066041091136505
-0.49507116879863183
-0.48010377852347164
-0.462288680889583
-0.4422135886147996
-0.4204400767577317
-0.39750559034343036
-0.3739010928946508
-0.3500768970722483
-0.32642535993685495
-0.3032904211564962
-0.28095488740598756
-0.25965294261601113
-0.2395610833520796
-0.2208125375021482
-0.2034907251535684
-0.18764446996214487
-0.1732829162813638
-0.16039056716061312
-0.14892279983138504
-0.13882002169189805
-0.13000320084240677
-0.12238671251774584
-0.11587356731589091
-0.11036676749002848
-0.10576412995989715
-0.10196815589279655
-0.09888049254820541
-0.0964104353135718
-0.09446915505449421
-0.09297700849602047
-0.09185768941100636
-0.09104453659671478
-0.09047476437258417
-0.09009494353992047
-0.08985544427840361
-0.08971523780230484
-0.08963665431906266
-0.0895896211674501
-0.08954680759583418
-0.08948738486180623
-0.089392602439963
-0.08924912981576877
-0.08904508713730441
-0.08877300822359954
-0.08842633284697836
-0.08800201557893748
-0.08749747621393356
-0.08691286869214372
-0.08624847966525821
-0.0855066648841451
-0.0846896825416882
-0.08380130022799873
-0.08284504854036284
-0.08182549919641711
-0.08074692472805955
-0.07961424696126482
-0.07843208984501368
-0.07720539679791652
-0.07593886546356501
-0.07463723205937017
-0.07330507882271403
-0.0719467832762046
-0.07056669115850783
-0.06916872830713146
-0.06775693385623756
-0.06633473216487557
-0.0649058229514654
-0.06347311032798657
-0.06203994831407682
-0.060608723557057397
-0.059182456320702966
-0.057763032891185395
-0.056353163672483234
-0.05495426059958321
-0.05356875541630491
-0.05219761665220417
-0.05084303251820685
-0.0495055611708652
-0.048187183958098546
-0.04688808179225267
-0.045610065729201725
-0.04435297132366951
-0.04311847473417092
-0.04190609594002647
-0.04071740975310598
-0.039551647745262215
-0.03841031472231346
-0.037292378140187855
-0.03619930177052223
-0.035129810283296425
-0.03408535300928439
-0.03306443023187416
-0.03206850113839977
-0.031095857204250888
-0.030147989623767784
-0.029222993975207983
-0.02832241364647452
-0.027444158742624205
-0.026589843267515036
-0.0257571999775552
-0.024947930360575216
-0.024159595838074602
-0.02339400089798531
-0.022648539711872716
-0.021925134128128854
-0.021221013394646993
-0.020538230109541342
-0.019873849319679185
-0.01923006696434308
-0.018603783149519576
-0.01799734910749712
-0.017407497925930125
-0.0168367475864531
-0.016281660855607744
-0.015744933557752472
-0.015222953704687696
-0.014718605814376664
-0.01422809766392455
-0.013754513180197313
-0.013293873449397628
-0.012849472487166856
-0.012417137313547773
-0.012000382768579515
-0.011594833561068345
-0.01120423622439923
-0.010824004083108083
-0.010458126443681874
-0.010101795372034489
-0.009759254304970174
-0.009425463398236359
-0.00910493192112678
-0.008792376704736416
-0.00849258495166745
-0.0082000180032312
-0.007919753551893975
-0.0076459845344942325
-0.007384092199190147
-0.0071279874119984194
-0.006883368599374939
-0.00664385013385585
-0.0064154618493871335
-0.006191506431460971
-0.005978360002886966
-0.005768997586944515
-0.005570157171803783
-0.005374469339959288
-0.005189050265167638
-0.005006168485583641
-0.004833335464355287
-0.004662439243434295
-0.004501404507871207
-0.004341719472474015
-0.004191740850897436
-0.004042536789976302
-0.0039029157569863576
-0.0037635046452065934
-0.003633584362870977
-0.0035033183842732487
-0.0033824817565642727
-0.0032607513475590147
-0.003148419099030102
-0.003034651020705742
-0.0029302798107235465
-0.0028239352619834745
-0.0027270158472577476
-0.0026275886269809764
-0.002537644075730354
-0.0024446588001944096
-0.002361242765704951
-0.002274253144433436
-0.0021969482012480276
-0.0021155353778720535
-0.002043951422367833
-0.0019677223789435123
-0.0019014950990296142
-0.0018300811265619344
-0.001768870537342572
-0.0017019257751647444
-0.001645414824256192
-0.0015826148634099288
-0.0015305081025636705
-0.001471548657107529
-0.0014235709815386879
-0.0013681666235670455
-0.0013240620776078346
-0.00127194503516821
-0.0012314756803722946
-0.0011823946984858091
-0.0011453395448080125
-0.0010990588042358355
-0.001065212801470196
-0.0010215108955277013
-0.0009906839830119067
-0.0009493529500457651
-0.0009213691614331307
-0.0008822135696806612
-0.0008569101923405533
-0.0008197462749550828
-0.0007969730602819237
-0.0007616278992436203
-0.0007412463219598367
-0.0007075570776936359
-0.0006894396424171442
-0.0006572528268619977
-0.0006412824194115662
-0.0006104532095389799
-0.000596522490582491
-0.0005669140827756405
-0.000554924921996767
-0.000526407921155884
-0.0005162708690808235
-0.000488722714654943
-0.0004803565122380925
-0.0004536609346467424
-0.0004469920563032232
-0.0004210385658367128
-0.0004160007950086637
-0.00039068419900976497
-0.000387218236397285
-0.00036243818274683977
-0.00036049128055098484
-0.0003361518280633627
-0.0003356774555623934
-0.00031168666587356905
-0.00031264419937552385
-0.00028891375299780177
-0.00029126819011935203
-0.00026771302216205815
-0.00027143472128597743
-0.00024797267548916504
-0.00025303711560967733
-0.00022958861715860544
-0.0002359761798520021
-0.00021246392426312364
-0.00022015969570986961
-0.00019650835319749824
-0.0002055019437194102
-0.0001816378771785167
-0.0001919232604359226
-0.00016777425610192275
-0.00017934962413208435
-0.00015484463505061277
-0.00016771226897945206
-0.00014278116854442733
-0.000156947326028383
-0.00013152067111552376
-0.00014699548820189907
-0.00012100429235375216
-0.00013780169679929904
-0.00011117721102642388
-0.00012931485258831104
-0.00010198835262343535
-0.00012148754295503325
-0.00009339012446734389
-0.00011427579079376803
-0.00008533816964397128
-0.00010763881897207058
-0.00007779113664921362
-0.0001015388328504094
-0.00007071046636919126
-0.00009594081559114088
-0.00006406019157637613
-0.00009081234011744726
-0.00005780675083452926
-0.00008612339229125752
-0.00005191881566814767
-0.00008184620790728064
-0.00004636712911510762
-0.00007795512012369267
-0.00004112435475924012
-0.00007442641824990569
-0.00003616493586546677
-0.00007123821665352312
-0.000031464965547392144
-0.00006837033221603024
-0.000027002064604852446
-0.00006580417128615812
-0.000022755266924270957
-0.00006352262480917902
-0.000018704914327022154
-0.000061509970198106
-0.000014832557609072088
-0.0000597517805135846
-0.000011120860409751681
-0.00005823481778789807
-7.553329846283608e-6
-0.000056945489432900015
-4.102619104509941e-6
-0.000055777662441137905
-7.534702961837105e-8
-2.104793463617802e-6
-0.000011206156005376871
-0.000035018019486741115
-0.00008484499211753277
-0.0001738107295333156
-0.0003177331679011443
-0.0005334787939275489
-0.0008394833174657552
-0.0012541700754196028
-0.0017963284936782916
-0.0024835765081200984
-0.0033327542964640706
-0.004358446565320056
-0.00557352121618868
-0.006987729408701289
-0.008608489492915867
-0.010439561327428647
-0.012482138795383558
-0.01473355842040141
-0.017188721930146846
-0.019838757621352753
-0.02267275534325124
-0.025676263293671505
-0.02883329070203291
-0.03212450305501587
-0.03552944059415079
-0.03902427862028745
-0.042584226932095445
-0.046180751224897065
-0.049784158810660416
-0.05336022884278563
-0.05687304648024846
-0.060281054881362414
-0.06354026210601732
-0.06659979373527937
-0.06940565027513282
-0.07189589179432045
-0.07400515484822526
-0.07565962752139521
-0.07678253407361604
-0.07728905314888333
-0.07709294187753815
-0.07610151156327186
-0.07422349449510948
-0.07136412661826746
-0.06743426919619284
-0.06234556748749713
-0.05602073756266122
-0.048388684982126125
-0.03939576523541593
-0.029000665378368765
-0.017186352145001832
-0.003954447643240346
0.010662502903657554
0.026607488965548383
0.0437868796377532
0.06207808148206153
0.08131796556330809
0.10131209992036859
0.12182422444402087
0.14258739537681772
0.1632949149073403
0.18361363042344814
0.20317660321121403
0.2215986498389743
0.23847085177907537
0.25337822066846877
0.26589592568974996
0.2756087318957469
0.2821085833461463
0.2850152349450985
0.2839746085059122
0.27867984346743613
0.26886966725983574
0.2543489506608201
0.2349862198380513
0.21073272885255293
0.18161819490878298
0.14776739621752302
0.10939323522488047
0.06680993587121507
0.020422635377429565
-0.029263601590754088
-0.08165828103300488
-0.13608119197569726
-0.19178132479295387
-0.24793749483146632
-0.3036815937547883
-0.35810381517378603
-0.41027960143150993
-0.4592785470636567
-0.5041937577443333
-0.5441528367152076
-0.578347725932462
-0.6060455774719651
-0.6266166470815175
-0.6395424823490108
-0.6444392571096331
-0.6410607351475625
-0.6293147111160017
-0.6092587350767504
-0.5811081100792204
-0.5452233723246611
-0.5021094981856491
-0.45239546527738467
-0.3968257135432748
-0.33623348144245285
-0.27152682992172184
-0.20365852836633555
-0.13360977664811266
-0.06235994002659556
0.00912870776671584
0.0799382502588498
0.1492065154125809
0.2161489430200843
0.2800642321212083
0.34034953745892244
0.39649971294512754
0.44811576516799945
0.49489816233674755
0.5366494737900042
0.5732630453186922
0.6047213827563778
0.6310819155430396
0.6524728958675223
0.6690779978396885
0.6811313658260612
0.6889025284047541
0.6926918660810044
0.6928168940409176
0.6896089664628818
0.6834015264807713
0.6745284317274948
0.6633143735586562
0.6500748636112258
0.6351087329910255
0.6186995881321891
0.6011101229887857
0.5825847291264263
0.5633452746582046
0.5435945158273806
0.5235129891817091
0.5032628920017224
0.48298577150663086
0.46280659355219633
0.4428319714644461
0.4231542065762574
0.4038498631221807
0.38498362723434615
0.36660709310994555
0.34876234176763976
0.33148085247752296
0.31478674592140987
0.29869577225346244
0.28321819516359487
0.2683578346001924
0.25411458996106034
0.24048353320369054
0.22745708295165407
0.21502415446241213
0.2031720038943868
0.19188544732368118
0.18114839758069864
0.17094316682459912
0.16125171869849747
0.15205506915099137
0.14333427528494977
0.1350699480622443
0.127242996938101
0.11983426645358355
0.1128250530460317
0.10619687574128353
0.09993177877770373
0.09401224488100814
0.08842129472572326
0.08314254975649772
0.07816013712683961
0.07345890778091928
0.06902415340224713
0.06484198449430137
0.06089886403464751
0.05718214958965406
0.05367944678006965
0.050379318990123816
0.04727046238992379
0.044342586534791804
0.04158541150234601
0.03898972258122919
0.03654618906089785
0.03424659624827065
0.032082484536930224
0.03004656215459594
0.02813116232684704
0.02632984039937414
0.02463564618781352
0.0230429094278437
0.021545323726714107
0.020137924663981212
0.01881498113000787
0.017572170817556982
0.016404274127892998
0.015307552233700472
0.014277238158578053
0.013310123076851348
0.012401838589456139
0.011549657431486199
0.01074956041020404
0.009999258205409346
0.009295035874934006
0.008635002976870781
0.008015707978625226
0.007435624490426226
0.006891527336493617
0.006382223267910951
0.005904679871664061
0.0054580097246031065
0.005039342718028382
0.0046480732193813655
0.00428146578844554
0.003939175539760525
0.003618576593164123
0.0033195664766427187
0.0030396060178101373
0.0027788192879619287
0.0025347329679476283
0.002307684029860835
0.0020952459233530185
0.0018979568956320005
0.0017134196381696067
0.0015423638760847182
0.0013824053810228597
0.0012344572170462185
0.001096133264615535
0.0009685232908196453
0.000849225349069066
0.0007395006449626121
0.00063691835894581
0.0005429071222426196
0.00045499495604959557
0.0003747750482425656
0.0002997226252888763
0.0002315936103632632
0.00016779934252067222
0.00011025762764533884
0.00005630527143281414
8.022008138218817e-6
-0.000037340175621936324
-0.00007753873677114452
-0.00011541650817245203
-0.00014856647814978112
-0.0001799360846138853
-0.00020695145421361968
-0.0002326742677820339
-0.0002543607033197763
-0.0002751962291175512
-0.00029226332872698234
-0.0003088807681686937
-0.00032195295629798944
-0.00033494148213633146
-0.0003445676897495988
-0.0003544455758612454
-0.0003611078419720449
-0.0003683305796924516
-0.0003724516916217184
-0.0003774191971156214
-0.0003793694794710543
-0.0003824325002880257
-0.00038253584354492123
-0.0003840016475280369
-0.0003825408632046973
-0.0003826782910873969
-0.0003798998654212235
-0.0003789438197566207
-0.0003750621347529979
-0.0003732175642991419
-0.00036841864126099707
-0.0003658640772981641
-0.000360308902836898
-0.0003571995998454656
-0.0003510270720717018
-0.00034749779363915504
-0.0003408273356762764
-0.00033699482542829626
-0.0003299287044662849
-0.0003258938769000075
-0.0003185192552410811
-0.00031436914070143043
-0.0003067598955326044
-0.0003025693600461452
-0.00029478769166759356
-0.0002906209646859099
-0.0002827188208937556
-0.00027863084523571663
-0.0002706511809314348
-0.0002666888099774974
-0.00025866669786550194
-0.00025486975410181925
-0.00024683336827275687
-0.00024323557847011172
-0.0002352070601571667
-0.00023183688553730898
-0.0002238331068143117
-0.00022071447061211896
-0.00021274770727052194
-0.00020990064385788702
-0.00020197916531995578
-0.00019942038864493387
-0.0001915489786471988
-0.00018929238614820936
-0.00018147279740688476
-0.00017952991266165474
-0.00017176126673590627
-0.00017014162987635738
-0.00016242076333248254
-0.00016113227546878112
-0.00015345404596973485
-0.0001525032714847377
-0.00014486082146458499
-0.0001442532537244552
-0.0001366382392379614
-0.0001363785364791405
-0.0001287813269397499
-0.00012887351501195837
-0.00012128336424121558
-0.00012173101804903471
-0.00011413621150291893
-0.00011494261402286376
-0.00010733059248498787
-0.00010849887273668956
-0.000100856340053474
-0.00010238959549589498
-0.0000947026077811417
-0.00009660401185699161
-0.00008885805239775604
-0.00009113094758126565
-0.00008331098760982442
-0.00008595896782907083
-0.00007804951817105259
-0.00008107650148670043
-0.00007306165246506708
-0.00007647194433190265
-0.00006833539540191975
-0.00007213374615521263
-0.00006385882973523233
-0.00006805048307618997
-0.0000596201808677668
-0.00006421091944864508
-0.00005560787188153048
-0.00006060405547935246
-0.00005181056676238157
-0.00005721916751625409
-0.00004821720496631964
-0.00005404584124657489
-0.00004481703030473568
-0.00005107399348042374
-0.000041599611117612026
-0.000048293893847150417
-0.00003855485543948195
-0.000045696174985114246
-0.0000356730199566729
-0.00004327184291799377
-0.0000329447187313934
-0.00004101228074742277
-0.00003036092296683641
-0.00003890925040150403
-0.000027912961632391724
-0.000036954892910358275
-0.000025592520129412236
-0.00003514172350570227
-0.000023391633697032935
-0.00003346262771977032
-0.000021302679777384306
-0.00003191085318946469
-0.00001931837282810524
-0.000030480002649399918
-0.000017431752799503645
-0.000029164024141034783
-0.000015636176332019167
-0.000027957202034848395
-0.000013925304938400551
-0.000026854146982838966
-0.00001229309504239002
-0.00002584978330646415
-0.000010733785645804802
-0.000024939339519762212
-9.24188585433111e-6
-0.000024118337196597777
-7.812164927883617e-6
-0.00002338257955897962
-6.439639207636982e-6
-0.000022728139413718068
-5.1195599236597485e-6
-0.000022151349116118784
-3.8474021139488185e-6
-0.000021648781374018955
-2.6187871939045235e-6
-0.000021216725824483058
-1.4254100879059015e-6
-0.000020818996251610155