0.0003015783811330547
0.0012056685731351023
0.0027093843709309973
0.0048097743119272585
0.007500902449140877
0.010776652629009589
0.014628621673121942
0.019047739960612806
0.024023428372501984
0.02954396630267697
0.03559693932920002
0.042168340159552294
0.04924429145371102
0.05680888958318739
0.06484717222507035
0.07334172501489361
0.08227685752223167
0.09163399819635065
0.10139704005967819
0.11154655269782218
0.12206625850400024
0.13293609295157835
0.14413977262427546
0.15565673712261718
0.16747077101464047
0.1795608627249908
0.19191084373729891
0.2044992018391707
0.21730970228313987
0.23032019487955482
0.24351418328263888
0.25686866763978355
0.2703666296065072
0.2839839545194092
0.29770280102382046
0.31149764892544546
0.32534952326354005
0.33923121594372385
0.35312233449341957
0.36699374706918214
0.38082342574874184
0.39458016530382933
0.40824018948276564
0.42177019383669057
0.43514468086551733
0.4483283760705976
0.4612942540512898
0.47400537488164174
0.48643355842568864
0.4985406853502351
0.5102979714530468
0.5216667745623179
0.5326184150840956
0.5431145272448927
0.5531273669677593
0.5626197439267854
0.5715657538028557
0.5799303268570121
0.5876903189847282
0.5948137132005336
0.6012810028771847
0.607064084666627
0.6121478678377053
0.616508900541444
0.6201371410303915
0.6230143634610412
0.6251360296389811
0.6264895252819308
0.6270760743423752
0.6268888613047215
0.6259349335902283
0.6242132694806749
0.6217366171120302
0.6185095705033422
0.6145502957921308
0.6098686792482607
0.6044878924923331
0.5984226761847078
0.5917006960793384
0.5843410244922261
0.5763752385575062
0.5678261590575504
0.5587286417623379
0.5491086303406331
0.5390035918195379
0.5284419376273458
0.5174630554853541
0.506097150436287
0.49438482801757005
0.4823574053098395
0.4700560037885872
0.45751237853856475
0.4447674831852738
0.43185286283391894
0.4188086573096023
0.40566559954689685
0.39246242657667735
0.3792285198076833
0.36600069575063543
0.35280651816746245
0.3396804428314293
0.3266478245646766
0.3137403931023924
0.30098097146084046
0.28839826389755613
0.2760122965497825
0.26384850391199616
0.251923898504911
0.24026044903067825
0.22887198266877753
0.21777685539911698
0.20698558765361694
0.19651283422356178
0.18636575061118657
0.1765552755521529
0.16708522095607348
0.15796288387287902
0.14918884732019944
0.14076694053877495
0.13269473171863327
0.12497285611774574
0.11759617548231986
0.11056249376082675
0.1038643526752737
0.0974971550146718
0.09145156195543637
0.08572104468043927
0.08029484692539468
0.07516498704091523
0.07031974877086596
0.0657501576888268
0.0614439640610377
0.0573916195318474
0.053580717646650136
0.050001498398986224
0.04664171415991686
0.04349169096972106
0.04053958990244439
0.037776054639898346
0.03518984047577349
0.032772077716807985
0.030512242492566986
0.028402064945711392
0.02643181773648459
0.02459389692240995
0.02287940555562082
0.02128143374426454
0.01979191608283842
0.018404635761559776
0.017112335794194664
0.01590947030789352
0.014789550680805121
0.01374766538930252
0.012778043267957194
0.011876361575056135
0.01103750965720773
0.010257703257526082
0.009532432913436127
0.008858400997836219
0.008231640201978332
0.007649288378814094
0.007107863459559705
0.006604889862326495
0.006137317155769585
0.005703010601663982
0.005299301806270172
0.00492435487637807
0.004575838183760072
0.004252176622520983
0.003951334450511766
0.00367196323328055
0.003412286516145638
0.003171152218509591
0.002947010630277033
0.0027388792720891638
0.0025454063998822866
0.002365755664711377
0.002198747950318562
0.0020436725442882445
0.001899500727095623
0.0017656295986774235
0.001641161385594485
0.0015255855486298086
0.0014181182798058412
0.0013183280427908881
0.0012255301961226984
0.0011393606849567956
0.0010592211536090599
0.0009848051108779145
0.0009155892865790334
0.0008513162300424723
0.0007915280242693058
0.0007360089452963638
0.0006843579764532335
0.0006363948524319674
0.0005917681172375101
0.0005503275985904454
0.0005117650287769647
0.00047595574024221943
0.0004426291207641857
0.0004116820877634789
0.00038287687998766963
0.0003561286543530576
0.0003312283274367885
0.00030810644291054114
0.000286578969258659
0.0002665894065451135
0.0002479756234431924
0.00023069200780756892
0.00021459558770406617
0.0001996498797776971
0.00018572868681770017
0.00017280316003408347
0.00016076180096017244
0.00014958212743637804
0.00013916553140715145
0.000129494822678058
0.00012048270741062827
0.00011211637767266239
0.00010431847906724892
0.00009707981692996356
0.00009033177637351321
0.00008406812694393092
0.00007822794517905726
0.00007280741794110331
0.00006775239705175305
0.00006306102674890848
0.00005868513271240268
0.000054624430563478945
0.00005083601820952684
0.000047320859495855416
0.0000440407097942274
0.00004099751135092331
0.00003815713790371661
0.00003552228550501615
0.00003306247310920628
0.000030780964286878964
0.000028650507580975696
0.000026674780193306006
0.000024829394836749727
0.000023118315825005553
0.000021519698475335887
0.000020037690773717444
0.000018652707411997555
0.000017368996034973074
0.000016168981014464197
0.000015056941961776667
0.000014017092592815745
0.000013053690471316899
0.00001215254404794272
0.00001131784625955275
0.00001053682824182456
9.813585255238108e-6
9.136618870330484e-6
8.50990153962468e-6
7.92307041120489e-6
7.379956549756975e-6
6.871213113870988e-6
6.400516596755402e-6
5.959430057187078e-6
5.551466655578011e-6
5.169005090737942e-6
4.815390030034196e-6
4.48373200009655e-6
4.177204924298652e-6
3.889576565526591e-6
3.6238501809658906e-6
3.374384319693263e-6
3.14401349737229e-6
2.9276277970076814e-6
2.727896356217736e-6
2.5401879104481078e-6
2.3670106847150417e-6
2.2041648277251864e-6
2.0540029404075294e-6
1.9127143488622896e-6
1.7825019095309397e-6
1.6599063300709473e-6
1.5469870040293739e-6
1.440602170675167e-6
1.3426742878412273e-6
1.2503487848868768e-6
1.165417832294723e-6
1.0852868320429343e-6
1.0116243329871205e-6
9.4207127745432e-7
8.781791967631991e-7
8.178026227309742e-7
7.623825485044532e-7
7.099673648257172e-7
6.618938279604572e-7
6.16386440622316e-7
5.746838114020753e-7
5.351705839168073e-7
4.989930647877854e-7
4.6468166010520074e-7
4.332959593540275e-7
4.034991805502077e-7
3.7626950454843273e-7
3.503912945152724e-7
3.267663483858418e-7
3.042896621772698e-7
2.837913882680609e-7
2.6426768480069176e-7
2.4648150753665676e-7
2.2952164392150002e-7
2.1408801609995765e-7
1.993543571765499e-7
1.8596143600454221e-7
1.7316101604709482e-7
1.6153831639196578e-7
1.5041691152961072e-7
1.40329804378806e-7
1.306667962680712e-7
1.219117422821807e-7
1.1351566340773779e-7
1.0591608062154275e-7
9.862075317362435e-8
9.202343489534594e-8
8.568462479135133e-8
7.995663467182089e-8
7.444914774893619e-8
6.947512648099491e-8
6.46902932196399e-8
6.037012527294198e-8
5.621361699858403e-8
5.246040636558113e-8
4.8850343594605725e-8
4.5588658520358805e-8
4.245396905983141e-8
3.961831935063708e-8
3.689731492289931e-8
3.443083108972359e-8
3.20699726180833e-8
2.992326109031666e-8
2.7876087847262403e-8
2.6006236767303265e-8
2.4232437577416022e-8
2.2602154913738187e-8
2.1066762083428288e-8
1.9643626507876674e-8
1.8316317300836912e-8
1.707212964917182e-8
1.5926620182506102e-8
1.4836838339751884e-8
1.3850358759771515e-8
1.2893608249997354e-8
1.2046446448376633e-8
1.1204095727514874e-8
1.0479202390085884e-8
9.734992018338753e-9
9.117638609124709e-9
8.457361315315598e-9
7.93484369870465e-9
7.346063827184101e-9
6.907444932339748e-9
6.379255168110288e-9
6.015142862974487e-9
5.53795247147514e-9
5.240308166150177e-9
4.8056590133106734e-9
4.567631015712438e-9
4.168035082034603e-9
3.983815693295291e-9
3.6126146925818218e-9
3.4773170204441874e-9
3.1285590818954677e-9
3.038110276920716e-9
2.7064410497175996e-9
2.6574930250521507e-9
2.338060876621416e-9
2.327911448174597e-9
2.0162830795451417e-9
2.0428101694291784e-9
1.7348958411531952e-9
1.7965027084242152e-9
1.4884902976044345e-9
1.5840582722106892e-9
1.2723528922937986e-9
1.4012022500103521e-9
1.0823735766986323e-9
1.2442329241452925e-9
9.149661004005997e-10
1.1099467040022438e-9
7.669975326406117e-10
9.955741872007027e-10
6.357280766167845e-10
8.987243906149274e-10
5.187574542457522e-10
8.173364119916349e-10
4.139799143205344e-10
7.496384167262328e-10
3.195432264162674e-10
6.941109115659065e-10
2.3381313766491506e-10
6.494549321468449e-10
1.5534063137039285e-10
6.145380936364988e-10
8.26136211176177e-11
5.866114957059063e-10
-0.0005092383428655432
-0.002033063990449804
-0.004562610780211892
-0.008085905893756231
-0.012582289228361639
-0.018029564691144258
-0.024397472748602378
-0.031654779761651666
-0.03976314255173109
-0.04868393196074438
-0.0583726160253212
-0.06878517772954179
-0.07987304039668601
-0.09158898585653882
-0.10388259694168932
-0.116705599343453
-0.13000777037199812
-0.14374163764100534
-0.1578587939849356
-0.1723138978785366
-0.18706133916937057
-0.20205850367804432
-0.21726275109251378
-0.23263393021026904
-0.24813165592580536
-0.26371709050206843
-0.2793505369534496
-0.29499253248186197
-0.3106018058972181
-0.326135758083394
-0.3415488565016681
-0.3567926004430269
-0.3718144418263068
-0.3865573469371862
-0.4009593365747202
-0.4149527591100142
-0.42846453312060084
-0.44141523861619053
-0.45372012204380985
-0.46528809473086247
-0.47602352573056744
-0.48582521162138276
-0.4945889406670169
-0.5022064696800388
-0.5085687977127404
-0.5135651574973986
-0.5170868925921628
-0.5190264460700889
-0.5192816950643435
-0.5177548997631966
-0.5143573156558545
-0.5090080520340003
-0.501638755835888
-0.49219232054592443
-0.4806274170100415
-0.4669169910405648
-0.4510524074499806
-0.433041679450174
-0.4129129955540975
-0.3907126393778623
-0.3665076893057902
-0.34038361757901014
-0.3124459934079296
-0.282817797597087
-0.2516400215451274
-0.2190687961463528
-0.18527485669897165
-0.1504406546050334
-0.11475874041373055
-0.07842909093378693
-0.04165653426378892
-0.00464856847117191
0.03238800135122424
0.06924846556909867
0.10573417956331803
0.14165292569946972
0.17682333191529648
0.21107398827413923
0.24424820636051042
0.2762017595583656
0.3068079339404719
0.3359538353463399
0.3635457344194672
0.38950394315057646
0.41376849125749726
0.43629261448303175
0.45704881603038733
0.4760210332118638
0.4932111446878202
0.5086299026280301
0.5223039562417671
0.5342656647754276
0.544560728246312
0.5532370358518932
0.5603530234664458
0.5659657540977544
0.5701401447346325
0.5729365027239267
0.5744207624096813
0.5746516950458443
0.573692253073319
0.5715966221137154
0.5684226861264263
0.5642190052231529
0.5590383041975038
0.5529243624182177
0.5459263201175438
0.5380853872470467
0.5294496871842977
0.5200606562835596
0.5099681237190035
0.4992162933927246
0.48785879381151115
0.4759442008131273
0.4635308671054548
0.4506720349420368
0.4374303451633745
0.42386267546121964
0.4100343073789747
0.3960036853786106
0.38183626994463143
0.36758943429251967
0.3533260476004764
0.3390997115237419
0.3249681056585978
0.31097872571032503
0.2971819956044691
0.2836176172786425
0.27032742306279317
0.25734239620971244
0.2446952127520086
0.23240795033217618
0.22050425548974942
0.20899772953517917
0.19790365563249024
0.18722803398339793
0.176978810829708
0.16715552846250192
0.1577600118573376
0.14878659866927482
0.14023225517472074
0.1320873544194108
0.12434520878746858
0.11699336858811
0.1100225722033269
0.1034185412536279
0.09717036009320834
0.091262746636166
0.08568388084047272
0.08041813215408432
0.07545336183704426
0.07077408893940933
0.06636829432510301
0.06222100737805759
0.05832064093217527
0.05465298079022055
0.051207080909205366
0.047969637535097934
0.04493047333944722
0.042077277691293054
0.0394007072934221
0.036889473933853584
0.03453508774885322
0.03232727377932586
0.030258382441503986
0.02831911637216485
0.026502631118958415
0.02480055408452855
0.023206796915168006
0.02171384882678701
0.02031632070487706
0.01900749568899031
0.017782623615271886
0.01663571241839856
0.01556259025739087
0.014557922039041974
0.01361805536529451
0.012738247265125886
0.011915308985907294
0.01114502882069316
0.010424629730342028
0.009750374953822423
0.009119851486517788
0.008529745951175149
0.007977966064371107
0.0074615750156950805
0.006978762222071599
0.006526925206559789
0.006104500166956854
0.005709181056412661
0.005339619772059387
0.004993772817338372
0.004670480244913118
0.004367930922497199
0.0040851287377866655
0.0038204680958309214
0.003573095309617256
0.003341586527453124
0.0031252116878965424
0.0029227076114968584
0.002733451389756568
0.0025563218779159494
0.0023907889138199945
0.0022358569175824857
0.0020910758934740777
0.0019555612818190765
0.0018289322845099088
0.001710402523696991
0.0015996508466401018
0.0014959777288182546
0.0013991133541400454
0.001308435056508299
0.0012237171375769935
0.0011444049721781875
0.0010703107136398014
0.001000939999005403
0.000936137400119951
0.0008754619524199976
0.0008187859404326889
0.0007657157405205317
0.0007161472775852907
0.0006697289221457698
0.0006263767191653425
0.0005857763122333494
0.0005478608265832468
0.0005123490088207051
0.00047918844231122163
0.00044812729218396896
0.00041912534109657135
0.0003919569152882574
0.00036659205325804343
0.0003428283615432322
0.00032064446476202105
0.00029985870074939174
0.00028045684745784766
0.0002622757176475625
0.0002453070153594086
0.00022940402965103938
0.00021456334136440042
0.0002006529445441816
0.00018767340131039625
0.0001755058400888136
0.00016415404173445388
0.00015351087545254033
0.00014358269314023635
0.00013427286730968404
0.0001255897722851112
0.00011744618455386165
0.00010985203744675271
0.00010272853408230721
0.00009608677681425676
0.00008985552606252813
0.00008404672608768782
0.00007859592056353369
0.00007351562292790283
0.00006874747050051065
0.00006430431935133902
0.00006013328590555965
0.000056247381834573324
0.00005259865419197101
0.00004920011722957863
0.000046008259065948514
0.00004303597236179015
0.00004024374875347678
0.00003764425930395507
0.00003520160834883212
0.0000329281661600673
0.0000307912997739315
0.000028803017018245437
0.000026933634495758882
0.000025194750567374867
0.00002355935061514033
0.00002203858903332446
0.000020607868284593748
0.000019277874411433965
0.000018026201194003633
0.000016863050455876444
0.000015768004593025015
0.000014750772344529489
0.000013792742543944295
0.000012903127917002333
0.000012064959868923416
0.000011286956654611156
0.000010553645106128034
9.873254071913223e-6
9.231673471091488e-6
8.636650839142437e-6
8.075319787646626e-6
7.5549568502561636e-6
7.063832099235788e-6
6.608762961311164e-6
6.179059178912912e-6
5.781092275903415e-6
5.405124493852506e-6
5.057095253380461e-6
4.728141025469914e-6
4.4237832672179385e-6
4.135962068679335e-6
3.8697952016026526e-6
3.617962911143758e-6
3.3851934404085898e-6
3.164850204646586e-6
2.9612856280309683e-6
2.7684950785512478e-6
2.590468491389295e-6
2.4217872230412613e-6
2.2660913662331175e-6
2.1185072417674525e-6
1.982336938335175e-6
1.8532149891678762e-6
1.7341166341152692e-6
1.6211520310617902e-6
1.5169793994710377e-6
1.4181560108944083e-6
1.3270319194020273e-6
1.240586007511119e-6
1.160868318785801e-6
1.0852573263761561e-6
1.0155096380696357e-6
9.493842622439143e-7
8.883499569439127e-7
8.305300156652224e-7
7.771098274066593e-7
7.265632992133661e-7
6.797952968571947e-7
6.356195302989065e-7
5.946621513296234e-7
5.560679982609996e-7
5.201846374358497e-7
4.864820294404072e-7
4.550281626810727e-7
4.256138859816898e-7
3.980251233207563e-7
3.7237199294475156e-7
3.4815421803903806e-7
3.2580164616852754e-7
3.045219987317193e-7
2.8506759615956514e-7
2.6634694470365486e-7
2.4943947384025677e-7
2.3294532932103004e-7
2.1827826884120722e-7
2.0371909687082092e-7
1.9102508284287217e-7
1.7814492093575987e-7
1.6719099703221623e-7
1.557649459157085e-7
1.463482955848643e-7
1.3617877004481768e-7
1.2812309281854917e-7
1.1903592094293557e-7
1.1218823243464427e-7
1.0402996091136511e-7
9.825764388916801e-8
9.089259349726046e-8
8.608110346804225e-8
7.938912757846196e-8
7.54397935069984e-8
6.931418231317948e-8
6.614242802764598e-8
6.04880020884361e-8
5.802167593447411e-8
5.275325443377489e-8
5.093114644893851e-8
4.597214469061386e-8
4.474301652405292e-8
4.0024229743225035e-8
3.934558760443998e-8
3.480390681294613e-8
3.4641132182226514e-8
3.021874779405087e-8
3.0544323314978247e-8
2.6187775615893975e-8
2.6980643013341176e-8
2.2639924173508044e-8
2.388497573251873e-8
1.951299078376708e-8
2.1200548996569445e-8
1.675237060847544e-8
1.8877862635357535e-8
1.4310198116561778e-8
1.6873778452551458e-8
1.2144357742123487e-8
1.515071579522701e-8
1.0217822674024407e-8
1.3675971865823614e-8
8.498067407952395e-9
1.2421154998223614e-8
6.956236676338566e-9
1.1361607148278618e-8
5.56707867823715e-9
1.0476080252211195e-8
4.308116046436929e-9
9.746217661206662e-9
3.1593918410737943e-9
9.156192178112642e-9
2.1031886084041956e-9
8.692165686241021e-9
1.1205172936887996e-9
8.317849760222083e-9
-0.0008528333048186102
-0.003416630968290117
-0.00765851392869791
-0.013568513179618791
-0.021093348048638244
-0.030196506417230175
-0.0408104870132333
-0.05287324653443748
-0.06630559006416699
-0.08102207985534478
-0.0969344920908036
-0.11393674403713874
-0.13193439124438322
-0.15080367137961578
-0.1704466517151131
-0.19072473073127566
-0.21153887644958794
-0.23273806810976155
-0.25422398633380205
-0.2758349809060959
-0.2974745423486706
-0.31897147008081617
-0.3402314494491369
-0.361074173150543
-0.38140735294490175
-0.40104161569570007
-0.4198862836278245
-0.43774292233277673
-0.4545222192307942
-0.4700171022118601
-0.4841400271067116
-0.49667661089212917
-0.5075426017727829
-0.5165189796336755
-0.52352782507082
-0.5283498328451028
-0.5309182194298367
-0.5310195752137062
-0.5286048572381402
-0.5234744776721767
-0.5156053258975661
-0.5048209614572798
-0.49113350665580524
-0.47439979018874623
-0.45467685833283955
-0.4318649087726765
-0.40607509477982645
-0.37726010293763185
-0.3455928772913295
-0.31108573167126286
-0.2739786030239789
-0.23434764730514843
-0.19250164359310115
-0.14858109832497501
-0.10296146325047728
-0.055843861585002146
-0.007663851359206648
0.041325016208247814
0.09063806466865909
0.13998179369055172
0.1888374474800376
0.2368877795158022
0.28359827969186524
0.32864694159008684
0.3715040085938454
0.411863257203681
0.44922105265777384
0.4833076854108945
0.5136664937264628
0.540083863164509
0.5621691736866025
0.5797821806829095
0.592614561825537
0.6006135195771662
0.6035657162491469
0.6015160467254995
0.594354739534712
0.5822303272934344
0.5651406498386927
0.5433390972308666
0.5169301885355543
0.48626819523682874
0.45155791309550064
0.41324482342459634
0.3716216608842508
0.3272093698066199
0.28037012787419296
0.23167852614945006
0.1815418475240588
0.1305611389293467
0.07915974427813331
0.027934211184897584
-0.022707710142812688
-0.07220613561710104
-0.12020021924551264
-0.16619685495848147
-0.20990963419757425
-0.2509368365963698
-0.2890869391390154
-0.3240657176442576
-0.35578739673927334
-0.38407098732861167
-0.40893661111005425
-0.43031156405509313
-0.4483118270457805
-0.4629586733087431
-0.4744457897291685
-0.48286744604093323
-0.4884719215531749
-0.4914022704866271
-0.4919368419174845
-0.4902435052992796
-0.48660798379525816
-0.48120209190096613
-0.47430043031800356
-0.46606280898232627
-0.4567396485324978
-0.44646839618202167
-0.4354678100317041
-0.42384788244443644
-0.41179308889440946
-0.3993851431913248
-0.3867752816334584
-0.3740190854622436
-0.3612379284117788
-0.3484650921200585
-0.33579660235026715
-0.32324790239110646
-0.3108944107262354
-0.29873807761144405
-0.2868380921376441
-0.27518670819242513
-0.2638305990106682
-0.252755390055592
-0.2419982007276257
-0.2315403603828264
-0.22141169262332994
-0.21159091843423947
-0.20210223424181994
-0.19292292665323285
-0.18407277770239247
-0.17552843260090503
-0.16730613991741877
-0.15938242988061013
-0.15177066782058024
-0.14444761755116203
-0.13742425598133023
-0.13067781460352673
-0.1242172733306161
-0.11802049312044165
-0.11209477859317084
-0.10641873593229362
-0.10099826698612724
-0.09581280827912274
-0.09086709413261426
-0.08614145437901598
-0.08163966046713024
-0.07734298087019931
-0.07325440205859951
-0.06935616129646144
-0.0656506136674133
-0.06212098174236071
-0.058769120444023736
-0.05557924180674694
-0.0525528112872856
-0.0496750234696207
-0.046947046407629034
-0.044355040636872504
-0.0418999522217862
-0.039568882839572266
-0.037362617349915805
-0.03526916704886756
-0.0332892037348061
-0.031411611552322125
-0.02963698664407917
-0.027955045354708864
-0.026366336593062235
-0.024861365624761687
-0.0234406551532137
-0.022095454542121796
-0.02082627532601564
-0.01962506552992613
-0.018492335777264873
-0.017420687474367386
-0.016410636846740913
-0.015455394175792008
-0.014555484923345302
-0.013704684996898675
-0.012903530565639379
-0.012146321534235869
-0.011433604668538575
-0.010760164120727597
-0.010126556029758238
-0.009528011098772802
-0.008965092872004744
-0.008433443061641661
-0.00793363019485228
-0.007461673650943576
-0.007018144283211629
-0.006599407994479591
-0.006206035239583288
-0.00583470946426054
-0.005485998053624143
-0.00515687511541548
-0.004847902433152731
-0.004556319915242771
-0.004282681407935076
-0.0040244696827864065
-0.003782228547121634
-0.0035536625185443246
-0.003339303514983594
-0.003137058396806173
-0.0029474456008106533
-0.002768556529962945
-0.0026008948036922337
-0.0024427200621799632
-0.0022945200171476114
-0.0021547076291176578
-0.00202375384312201
-0.0019002113074671203
-0.0017845335574537562
-0.0016754004814836187
-0.0015732477586385529
-0.0014768711613722453
-0.0013866882425800742
-0.0013016003074140861
-0.0012220066686127785
-0.0011469047320272294
-0.0010766755956479552
-0.0010104041765055774
-0.0009484535034108954
-0.0008899881849163321
-0.0008353534281886488
-0.0007837864196408103
-0.0007356148778129433
-0.0006901420945550806
-0.0006476787068002912
-0.0006075882240278839
-0.0005701646672034138
-0.0005348264088495722
-0.0005018513660970892
-0.0004707079062894706
-0.00044165839052800657
-0.0004142167542990498
-0.00038863037717897463
-0.0003644547372262682
-0.00034192282645722024
-0.0003206280042652089
-0.00030078947949318613
-0.0002820351645243947
-0.0002645710934048364
-0.0002480567054010504
-0.00023268546759033974
-0.00021814559241746035
-0.00020461858378178642
-0.0001918189221591096
-0.0001799167434944562
-0.00016865051638051482
-0.00015817959218529325
-0.00014826435297593505
-0.00013905393405334174
-0.0001303287430176174
-0.00012222825070822173
-0.00011455117121526115
-0.00010742784482875261
-0.00010067372626099526
-0.00009441053966432081
-0.00008846905512829995
-0.00008296287467084223
-0.00007773678392530331
-0.00007289673628522248
-0.00006830034977264533
-0.00006404638110843683
-0.000060004201031199815
-0.00005626580125438752
-0.000052711321470041366
-0.00004942639749918553
-0.000046301041953376336
-0.00004341492337444952
-0.00004066710859951955
-0.000038131667562438696
-0.0000357159752973069
-0.00003348885068669068
-0.00003136529635193188
-0.00002940920880093339
-0.00002754259653535887
-0.000025824743436286367
-0.00002418409723667385
-0.000022675619409455604
-0.000021233679939580796
-0.000019909191230933776
-0.000018641973714973865
-0.000017479145950855876
-0.000016365548927193553
-0.000015344746187402717
-0.000014366207150911848
-0.000013470163287784732
-0.000012610355094071393
-0.000011823889706565657
-0.000011068452829180535
-0.000010378220782398107
-9.714527502948623e-6
-9.108798321522266e-6
-8.525745489372674e-6
-7.994208938477117e-6
-7.482034552020128e-6
-7.015629781949112e-6
-6.565751867932031e-6
-6.156516985380316e-6
-5.761391276709856e-6
-5.402330492990676e-6
-5.055326498989074e-6
-4.740293268137407e-6
-4.435583955194788e-6
-4.159178439853603e-6
-3.891643258851478e-6
-3.649121676218293e-6
-3.414261698215305e-6
-3.2014571733714563e-6
-2.995319818841511e-6
-2.8085719326646163e-6
-2.6276849710241536e-6
-2.4637784447116485e-6
-2.3050924306713698e-6
-2.1612031625596516e-6
-2.022040265834048e-6
-1.895687475233279e-6
-1.773696674762398e-6
-1.6627013793131491e-6
-1.5558184111499411e-6
-1.458266348347264e-6
-1.3646799923301778e-6
-1.2788884539687722e-6
-1.1970095578750515e-6
-1.1215009281368752e-6
-1.0499358830232118e-6
-9.834105815659643e-7
-9.209375373632786e-7
-8.622531761193937e-7
-8.078016413917672e-7
-7.559529476612787e-7
-7.085852506282411e-7
-6.626877766541004e-7
-6.215837372159223e-7
-5.808582449035205e-7
-5.453006262693796e-7
-5.090603847996503e-7
-4.784228436204998e-7
-4.460615181723962e-7
-4.197976610808142e-7
-3.907796097562899e-7
-3.684147912855717e-7
-3.4226594473227296e-7
-3.2338657039720634e-7
-2.996864782896781e-7
-2.8393552403701524e-7
-2.62310101888544e-7
-2.493785547068288e-7
-2.2949446262476516e-7
-2.1911750090803084e-7
-2.006764916471101e-7
-1.9262744428992714e-7
-1.753612947723588e-7
-1.6944789134707604e-7
-1.5311451884031384e-7
-1.4917542174157052e-7
-1.3355519682301594e-7
-1.3145667699070707e-7
-1.1634830654074638e-7
-1.1598153415835132e-7
-1.0119947087710897e-7
-1.0247840860697788e-7
-8.785031419178599e-8
-9.070983174075705e-8
-7.607431576222438e-8
-8.046764675316377e-8
-6.567141973635713e-8
-7.156992098445829e-8
-5.646636607644176e-8
-6.385751348641968e-8
-4.830455912558063e-8
-5.719134670971815e-8
-4.1049893036235946e-8
-5.1450252426332165e-8
-3.458276032857421e-8
-4.652859873994435e-8
-2.8796887532961574e-8
-4.233361335947636e-8
-2.3598825612007988e-8
-3.878606075368541e-8
-1.8905632265531726e-8
-3.5816517660898957e-8
-1.4644297752442605e-8
-3.3364376972965545e-8
-1.0749066778789143e-8
-3.137832116696907e-8
-7.161270622491227e-9
-2.981268390050046e-8
-3.818365229784153e-9
-2.854491874139387e-8