-1.77730476475208e-9
-5.023981115352674e-8
-2.6925350132168003e-7
-8.488178604528136e-7
-2.080574499251305e-6
-4.322897219289417e-6
-8.035430905144964e-6
-0.000013752812693859977
-0.000022114273289592517
-0.00003384087997186056
-0.00004976258686379723
-0.0000707963650955833
-0.00009797122617108142
-0.00013240546821214664
-0.0001753294216989824
-0.00022806057188001612
-0.0002920235137228717
-0.0003687222122522574
-0.0004597567508509553
-0.0005667925774947028
-0.0006915740014978156
-0.0008358909394843046
-0.0010015896521356623
-0.0011905381624156468
-0.0014046352819139913
-0.0016457763907452073
-0.0019158622233047791
-0.0022167669343473796
-0.0025503482588360256
-0.0029184196415682783
-0.0033227631783924686
-0.0037651070329924774
-0.004247142016782912
-0.00477050462398506
-0.00533679731405992
-0.005947576414906211
-0.006604375299559451
-0.007308695333756189
-0.00806203037399759
-0.008865858062433413
-0.009721663571918794
-0.010630928016988629
-0.011595149216238925
-0.012615823846350037
-0.013694463176580199
-0.014832565809771778
-0.0160316267885353
-0.01729309825399386
-0.01861839092142873
-0.020008820653462808
-0.021465601977882002
-0.02298977937871593
-0.024582213279640802
-0.02624349584708152
-0.027973930772304256
-0.029773434663722384
-0.03164151315579919
-0.03357715065179225
-0.035578786852389625
-0.037644199706825074
-0.03977048833078535
-0.04195395635564146
-0.044190109119586006
-0.04647354676263168
-0.04879798503325819
-0.05115616886336626
-0.053539926510761116
-0.05594011431396399
-0.05834671260732603
-0.06074881039989108
-0.06313474822645389
-0.06549214747012905
-0.06780810015090026
-0.07006924185883819
-0.0722619820389189
-0.07437261285797124
-0.07638756686800699
-0.07829354779144111
-0.08007779682022333
-0.08172822657310519
-0.08323367394943128
-0.08458401649328184
-0.08577038955453109
-0.0867852656185111
-0.0876226168382565
-0.08827794253809881
-0.08874836458979095
-0.08903259557753024
-0.08913096297721429
-0.08904531912095498
-0.08877899923196812
-0.08833668277480992
-0.08772429846855954
-0.08694885328782741
-0.08601830317447146
-0.08494136963903436
-0.08372739706192357
-0.0823861769276158
-0.08092781110976013
-0.07936256040780573
-0.07770072858410763
-0.07595254595764915
-0.07412808239754953
-0.07223716967878524
-0.07028934469075745
-0.06829380766224587
-0.06625939103806415
-0.06419454588423988
-0.062107328320557216
-0.060005404195502564
-0.05789604405487427
-0.055786136566137665
-0.05368218443989272
-0.05159031945477873
-0.04951629466336164
-0.04746549719241413
-0.04544293536883257
-0.04345324867695694
-0.04150069117505581
-0.03958914028766067
-0.03772207947158454
-0.0359026085569764
-0.03413342894573652
-0.03241685807489638
-0.030754819746425716
-0.02914886434785446
-0.027600165673934512
-0.026109547279445484
-0.024677485823256733
-0.023304142760595718
-0.021989373162024036
-0.02073276113590858
-0.01953363242078747
-0.01839109155258624
-0.017304036315251355
-0.016271194688861245
-0.015291139383222612
-0.014362322906880855
-0.013483090770215821
-0.01265171346725344
-0.011866397389445735
-0.01112531299612075
-0.010426602927400944
-0.009768406074484145
-0.009148862757715918
-0.00856613475136037
-0.008018407672947538
-0.007503907255826435
-0.007020899276317107
-0.006567702508467906
-0.006142686609361256
-0.005744282252153326
-0.00537097741703118
-0.005021325202245296
-0.004693938949490983
-0.0043874981985173745
-0.0041007430293662425
-0.0038324785709733375
-0.0035815688830276127
-0.0033469403652259186
-0.0031275754386185122
-0.0029225151382673543
-0.002730852794270204
-0.0025517360316099614
-0.002384360598186145
-0.0022279719442280434
-0.002081859300145349
-0.0019453569649120564
-0.0018178387005565726
-0.0016987188242155822
-0.0015874469580160902
-0.0014835089922563577
-0.001386422208272561
-0.00129573615937311
-0.0012110281688790608
-0.0011319041598878427
-0.0010579945199065532
-0.0009889548991956485
-0.0009244624262512228
-0.0008642164864412397
-0.0008079352681733895
-0.0007553565279952406
-0.0007062344448837124
-0.0006603403743006264
-0.0006174599870933937
-0.0005773940126678148
-0.0005399556390499173
-0.0005049712439716876
-0.00047227803337618834
-0.0004417247585121061
-0.0004131695713211019
-0.00038648072538405813
-0.00036153462802608285
-0.00033821652299472003
-0.00031641872063170156
-0.0002960412603728508
-0.00027699030187480636
-0.00025917876573292747
-0.00024252486995847444
-0.00022695274765880826
-0.00021239111469722487
-0.0001987738634365464
-0.00018603884876010503
-0.00017412845731878913
-0.00016298850033548626
-0.0001525687581082923
-0.00014282196916052674
-0.00013370435002779536
-0.00012517467135146027
-0.00011719475321586731
-0.00010972861971839673
-0.0001027429703256071
-0.00009620640529517465
-0.0000900898736864633
-0.000084365962763543
-0.00007900932343343039
-0.00007399601743336775
-0.00006930392107795383
-0.00006491212463662232
-0.00006080131535555309
-0.00005695322396715163
-0.00005335098801564437
-0.000049978640920756
-0.00004682145667886297
-0.00004386547733014677
-0.00004109784013759885
-0.00003850633968662463
-0.00003607973866144111
-0.00003380736114272785
-0.000031679388110731995
-0.0000296864788070349
-0.000027820052094043104
-0.000026071933011368402
-0.000024434621117651835
-0.000022900959609595678
-0.00002146439176263013
-0.000020118650188476917
-0.00001885800247951818
-0.000017676958367740972
-0.0000165705056635709
-0.000015533833241163433
-0.000014562558349558871
-0.000013652463492881261
-0.000012799716178217891
-0.00001200061788454744
-0.000011251817299095255
-0.000010550069678319467
-9.892444613962458e-6
-9.276094184547979e-6
-8.698456283178638e-6
-8.157030037150796e-6
-7.649575726221609e-6
-7.173896015808171e-6
-6.728033490040716e-6
-6.310056302243749e-6
-5.918254347570874e-6
-5.5509279791011125e-6
-5.206583849936937e-6
-4.883725379306339e-6
-4.581049301136796e-6
-4.297236591347587e-6
-4.031150773378911e-6
-3.7816280332794445e-6
-3.547678348439801e-6
-3.328273528878129e-6
-3.1225522561764992e-6
-2.9296047856175605e-6
-2.7486830121099295e-6
-2.578980561110378e-6
-2.4198490268159717e-6
-2.270572163074939e-6
-2.1305894798763945e-6
-1.9992632193692235e-6
-1.876110538389414e-6
-1.760561923512688e-6
-1.652203237795687e-6
-1.5505241863908927e-6
-1.4551715626910843e-6
-1.3656863269495433e-6
-1.2817694492891512e-6
-1.2030061056864838e-6
-1.1291455881257627e-6
-1.0598110554306696e-6
-9.947950577487855e-7
-9.33753202584133e-7
-8.765169311768426e-7
-8.227693752119891e-7
-7.72377114634379e-7
-7.250464074871095e-7
-6.806757644922224e-7
-6.389906284988597e-7
-5.999187147022348e-7
-5.632011031163055e-7
-5.287924163440288e-7
-4.964461615185131e-7
-4.6614195434446576e-7
-4.3764280803082677e-7
-4.1095175992891847e-7
-3.858386533407415e-7
-3.623286847999436e-7
-3.4019605897540114e-7
-3.194871478656092e-7
-2.9997822120618256e-7
-2.8173609625948024e-7
-2.645369528651801e-7
-2.484675571600234e-7
-2.3330195828728805e-7
-2.191465885872867e-7
-2.0577141355927639e-7
-1.933024505747195e-7
-1.8150369448440672e-7
-1.7052085384359838e-7
-1.6011011071995127e-7
-1.5043714972089274e-7
-1.4124852290004038e-7
-1.3273034691693305e-7
-1.2461773398741354e-7
-1.1711785378504295e-7
-1.0995255931902667e-7
-1.033508581640551e-7
-9.701949766480047e-8
-9.121026751477756e-8
-8.56129227164857e-8
-8.050313944964476e-8
-7.555173704765859e-8
-7.105954334268252e-8
-6.66764280250421e-8
-6.272980076560331e-8
-5.8846481503381914e-8
-5.538205966936647e-8
-5.1938105747471975e-8
-4.89001611740744e-8
-4.584223115942519e-8
-4.318176146589585e-8
-4.046274795639733e-8
-3.813668129673777e-8
-3.571495801405057e-8
-3.368545341247136e-8
-3.15242133894995e-8
-2.9758044664670306e-8
-2.7824715711116417e-8
-2.629273148903278e-8
-2.4558460954453052e-8
-2.3235109034503445e-8
-2.167431135671918e-8
-2.0537220998262985e-8
-1.9127176442089765e-8
-1.815679226424214e-8
-1.6877294303038435e-8
-1.6056554356372774e-8
-1.4889598219157575e-8
-1.4203649823454245e-8
-1.3133156019021046e-8
-1.25691106059692e-8
-1.158068171188947e-8
-1.1127396011274538e-8
-1.020810115313343e-8
-9.855987336816909e-9
-8.994169622048122e-9
-8.735029714977516e-9
-7.92013777018668e-9
-7.7470187700521e-9
-6.969454378267895e-9
-6.876521465924414e-9
-6.127505929094968e-9
-6.1099334403770325e-9
-5.381386092956406e-9
-5.435262432085758e-9
-4.7196943945201315e-9
-4.841939953154646e-9
-4.132356151660645e-9
-4.320653301460895e-9
-3.6104657437320854e-9
-3.863199244895776e-9
-3.146147354592758e-9
-3.462354093875888e-9
-2.7324320244357107e-9
-3.111758677842304e-9
-2.3631507578204164e-9
-2.8058197939631793e-9
-2.032837338214934e-9
-2.539619713962754e-9
-1.736645667121157e-9
-2.3088391116762766e-9
-1.470274747304129e-9
-2.1096885524345178e-9
-1.2299026122472077e-9
-1.9388471879349182e-9
-1.01212826571843e-9
-1.793410536396422e-9
-8.1392091844087e-10
-1.670843483180968e-9
-6.32574234903222e-10
-1.5689390889229162e-9
-4.656657321020265e-10
-1.4857814872461598e-9
-3.110142161593042e-10
-1.4196584756105786e-9
-1.6619887482459096e-10
-1.3654525428356178e-9
1.3008752866341499e-11
1.4227794135824164e-9
8.508733442823426e-9
3.2093618635182126e-8
9.404079709554753e-8
2.357029125560051e-7
5.233207747614454e-7
1.0629526491936841e-6
2.0045370213002825e-6
3.5633682265741013e-6
6.021197763280877e-6
9.754200113220662e-6
0.000015229927726859686
0.00002304169822398249
0.000033900670640556364
0.00004867654565276564
0.0000683843413924555
0.00009423113928793347
0.00012759724991651692
0.00017008847188611207
0.0002235112959902993
0.00028992986413054123
0.0003716347544500085
0.0004712036268731149
0.0005914630225901827
0.000735551593780898
0.0009068742243218615
0.0011091667199854222
0.0013464413465656166
0.001623051828119232
0.001943629045006846
0.0023131451070650707
0.0027368374541401935
0.0032202706436861594
0.0037692464861596117
0.004389862018044282
0.005088402583244142
0.00587139417474863
0.006745475430355883
0.007717441921513578
0.008794091668183828
0.00998225780700112
0.011288620324232248
0.012719721830278224
0.014281735993004266
0.015980459356648692
0.017821025261976525
0.019807863911977027
0.021944350870322225
0.024232729582486266
0.02667368769013952
0.029266242746854423
0.03200724915460195
0.03489126000450531
0.03790998295248909
0.04105214865388574
0.044302954066408246
0.04764398847647586
0.05105272408159684
0.05450256960801739
0.05796248512005278
0.06139724455898688
0.06476725798430913
0.06802912147864608
0.07113571930590197
0.07403711737411912
0.07668098634497948
0.07901385148107472
0.08098182614287694
0.08253216974745613
0.0836142555798566
0.08418131901527551
0.08419151608921817
0.08360968042870105
0.08240827551124526
0.08056893773075836
0.0780831022304295
0.07495310635095208
0.07119228882696946
0.06682547129192311
0.06188839742491826
0.05642749864625776
0.050498645922247766
0.04416622568989269
0.03750130326778965
0.03058016239401133
0.023482098095489387
0.01628767865485489
0.009076468152117299
0.0019253260592711214
-0.0050936173462651
-0.011914318065469982
-0.018478312393843014
-0.024735500942710254
-0.030644939768397224
-0.036174946728847565
-0.0413031575750434
-0.04601599330532047
-0.05030808907023734
-0.05418128650019013
-0.05764364855688487
-0.06070821789643093
-0.0633918776292835
-0.06571413024608778
-0.06769604659013542
-0.06935927323233623
-0.07072524228214928
-0.07181452831580415
-0.07264639547464963
-0.07323852672630829
-0.07360689122918325
-0.07376578612839164
-0.07372793975785417
-0.07350475711438971
-0.07310654446010405
-0.07254283866508429
-0.07182264444982904
-0.0709547478025146
-0.06994788725616097
-0.06881098876184998
-0.06755323218453854
-0.06618418484079237
-0.06471376081782354
-0.06315226216287739
-0.06151025377013794
-0.05979853992932417
-0.05802798914400523
-0.05620947955150909
-0.05435370817499558
-0.052471134983639985
-0.05057180389672819
-0.04866530640117839
-0.046760631449055276
-0.04486615950154753
-0.04298954860194432
-0.04113776107523288
-0.039316985405769965
-0.037532691801828666
-0.03578958468269569
-0.034091680056317686
-0.03244228119328078
-0.030844069772372036
-0.029299097037088072
-0.02780888121193713
-0.02637440735886842
-0.024996224953553536
-0.02367445114756695
-0.02240886407041844
-0.021198905801071852
-0.020043768570053553
-0.018942395178188583
-0.017893556620862224
-0.016895848835437828
-0.01594776128928437
-0.015047669762428781
-0.014193896140623816
-0.01338469747713393
-0.01261831766040342
-0.011892973304472242
-0.011206898180734642
-0.010558326621394208
-0.009945531677394329
-0.009366806739592106
-0.00882049836189087
-0.008304986754962546
-0.007818714135479238
-0.00736016466029388
-0.00692788905804545
-0.006520484470697801
-0.006136616011364701
-0.005774996879729316
-0.0054344073821429
-0.005113675595128363
-0.004811694286280346
-0.004527402320962339
-0.004259799838101112
-0.004007930529367075
-0.003770895353639309
-0.0035478357656909564
-0.003337946195074335
-0.003140458260822914
-0.002954652194450867
-0.0027798420468052544
-0.0026153861980692163
-0.0024606735409183323
-0.0023151331917606196
-0.002178221618946736
-0.0020494316474870687
-0.0019282804906727276
-0.0018143181233100743
-0.0017071161689390037
-0.001606275703527941
-0.001511416947222024
-0.001422186550261308
-0.001338248036971956
-0.0012592886178414279
-0.0011850103340517973
-0.0011151364335533409
-0.0010494031656958216
-0.0009875657545608365
-0.0009293907952094916
-0.0008746618540934393
-0.000823172420701727
-0.0007747311619018596
-0.0007291553854607109
-0.0006862759730311292
-0.0006459313145261304
-0.000607971942498813
-0.0005722548992225685
-0.0005386480935774072
-0.0005070250651690688
-0.00047726908350768964
-0.0004492682761512438
-0.0004229194887328566
-0.0003981237463400217
-0.0003747898918127064
-0.0003528303520783864
-0.00033216457119409633
-0.0003127150551416079
-0.0002944106151945802
-0.00027718266687762696
-0.0002609682984957901
-0.0002457068013046216
-0.00023134257762197637
-0.0002178218807278316
-0.00020509557635698148
-0.00019311607240220818
-0.0001818399468446492
-0.00017122504871698677
-0.00016123300481833905
-0.00015182647481557638
-0.00014297154856341324
-0.00013463513917242483
-0.00012678728231744362
-0.00011939865196739665
-0.00011244277291434871
-0.00010589364462789464
-0.0000997278777559389
-0.00009392241236256224
-0.0000884565888225503
-0.00008330994745615167
-0.00007846424391326381
-0.0000739013176849678
-0.0000696050620960912
-0.0000655593495607442
-0.00006174996594533779
-0.00005816258081287203
-0.00005478465618084262
-0.0000516034501902044
-0.00004860790995017402
-0.000045786697458223545
-0.000043130076219184544
-0.00004062794856833854
-0.00003827174549354415
-0.00003605246474213845
-0.00003396257335716246
-0.00003199403605287643
-0.000030140240021502385
-0.000028394002970311398
-0.000026749530065546327
-0.000025200390836978306
-0.00002374151829820943
-0.00002236714400034659
-0.000021072849461840527
-0.000019853448405206105
-0.00001870510102355856
-0.000017623132102099147
-0.000016604219160388753
-0.000015644134743328235
-0.000014740019638896625
-0.000013888037773599464
-0.000013085745969430245
-0.00001232964906696619
-0.00001161767844443835
-0.000010946634782962695
-0.000010314787886938337
-9.719193722687986e-6
-9.15842911283617e-6
-8.629768788219361e-6
-8.132069393210753e-6
-7.662791543780288e-6
-7.221048214771184e-6
-6.8044561273987065e-6
-6.412364370467437e-6
-6.042518748819459e-6
-5.69448727421609e-6
-5.366120227917495e-6
-5.057190072899261e-6
-4.765628920419337e-6
-4.491401623692083e-6
-4.232501266319594e-6
-3.989075352899545e-6
-3.7591585160231378e-6
-3.543073076566002e-6
-3.338877228314146e-6
-3.1470621680561645e-6
-2.965692581177714e-6
-2.7954242049236815e-6
-2.634312210779659e-6
-2.483174224603477e-6
-2.3400403122672755e-6
-2.205889012951857e-6
-2.07871022459875e-6
-1.9596436107560416e-6
-1.846624300884083e-6
-1.7409548967381092e-6
-1.6405012877413047e-6
-1.546731835754886e-6
-1.4574289972830977e-6
-1.3742310560583446e-6
-1.2948228353299124e-6
-1.2210178384578528e-6
-1.1503887219734044e-6
-1.0849309320175407e-6
-1.0220903987955918e-6
-9.640521908878292e-7
-9.081203793238123e-7
-8.566787790765224e-7
-8.068740587961283e-7
-7.612990364345793e-7
-7.16927021404598e-7
-6.765711884945295e-7
-6.370146196156651e-7
-6.013037936291537e-7
-5.66014070108059e-7
-5.344391535956597e-7
-5.02928408844339e-7
-4.750381819183431e-7
-4.4687244595938653e-7
-4.222669937844738e-7
-3.970601130898807e-7
-3.7538530784905894e-7
-3.5279340220109767e-7
-3.3373560840254926e-7
-3.134524087318064e-7
-2.967341693740895e-7
-2.784865868396623e-7
-2.6386256719570053e-7
-2.474070440472174e-7
-2.3466045421039353e-7
-2.1977947404833726e-7
-2.087190914696476e-7
-1.952180777631606e-7
-1.856752388791124e-7
-1.7338013531501443e-7
-1.6520662674943238e-7
-1.5396126045641066e-7
-1.4702682305871744e-7
-1.3669101847297192e-7
-1.3088160322093947e-7
-1.2132898019311805e-7
-1.1654502225351238e-7
-1.0766178658518297e-7
-1.0381666806361683e-7
-9.549951949705998e-8
-9.251833617340217e-8
-8.467352437293962e-8
-8.249187837426467e-8
-7.503392723561253e-8
-7.359694889234207e-8
-6.64474729474368e-8
-6.570881834592991e-8
-5.879569829174814e-8
-5.87167939873824e-8
-5.1973263011106494e-8
-5.252270314977291e-8
-4.588633140862921e-8
-4.703923288922253e-8
-4.0451589938937864e-8
-4.2189057107694386e-8
-3.5594823211615236e-8
-3.790357865681944e-8
-3.1249935143527e-8
-3.412188857126614e-8
-2.7358149993345723e-8
-3.079011120157329e-8
-2.3866995418781476e-8
-2.7860412403353872e-8
-2.072976334718265e-8
-2.5290448963878344e-8
-1.7904752308441212e-8
-2.3042825639299302e-8
-1.5354666922560923e-8
-2.1084401719201796e-8
-1.3046406197896687e-8
-1.9385960330441085e-8
-1.0950121650024985e-8
-1.7921767562413312e-8
-9.039108214736074e-9
-1.6669121200711714e-8
-7.289531463384999e-9
-1.5608129935066456e-8
-5.679886170945189e-9
-1.4721316085768976e-8
-4.190820346346938e-9
-1.3993377597788775e-8
-2.8047485985809223e-9
-1.3410623333043148e-8
-1.5016860895295116e-9
-1.2928011573126502e-8
-1.1566170645950792e-8
-3.2349662485978216e-7
-1.7234368645243447e-6
-5.4022545707872495e-6
-0.000013128408901416221
-0.000027008531608527265
-0.00004960439820225414
-0.00008375996039846464
-0.00013263830096925023
-0.00019959738343332617
-0.0002881713476379693
-0.00040199505189248335
-0.0005447475601203071
-0.0007201317343385887
-0.000931795761208252
-0.0011833751538381251
-0.0014784055738489583
-0.001820431450442867
-0.0022129185117682327
-0.002659426531530256
-0.0031635228844042983
-0.0037290079816834796
-0.0043598229641000075
-0.0050603071200816035
-0.005835085365169736
-0.006689329549737413
-0.007628606583350989
-0.008659111956865619
-0.009787458716170545
-0.011020852913353361
-0.012366807682916767
-0.013833236801250716
-0.015428086371747427
-0.017159333235184395
-0.019034537771206218
-0.02106074673834021
-0.023243982391373822
-0.025589062256182165
-0.028099050059630756
-0.030775016021453015
-0.03361548250274892
-0.03661615654839311
-0.039769407294220765
-0.04306400784978711
-0.04648468321944547
-0.05001190240594058
-0.05362153658754823
-0.05728474618012509
-0.06096779083886652
-0.06463206103663727
-0.06823408434446479
-0.0717257558815746
-0.07505458721282214
-0.07816419136099044
-0.08099481712364055
-0.0834841368609178
-0.08556809446364456
-0.0871820223355215
-0.08826180104969167
-0.08874529270514239
-0.08857376350993564
-0.08769356562594058
-0.08605771500364823
-0.08362769042359221
-0.0803749980263782
-0.07628289703472105
-0.0713477335330718
-0.06558036210742212
-0.05900700886257612
-0.051670150192081356
-0.04362867960411028
-0.03495803710260625
-0.025749510423605675
-0.016109481727968448
-0.006157787806472033
0.003973942165595451
0.014144821815674558
0.024207177765856087
0.034009802641466365
0.043401002831167254
0.0522322684063377
0.060361556678323096
0.0676569837087418
0.0739999284461308
0.07928830388545903
0.08343904828717581
0.08639054976447447
0.08810413925610465
0.08856532711695964
0.08778402875524671
0.08579442093702254
0.08265380400605928
0.0784410805038539
0.07325436235902705
0.06720828332271532
0.060430658863275144
0.0530590268862348
0.04523682154199671
0.037109654566533146
0.028821537102821787
0.020511439094044966
0.012310067232085786
0.004337164980321762
-0.003300765292555042
-0.010512116931201066
-0.017221310732827618
-0.02336930294496062
-0.028913577215096527
-0.03382760638879473
-0.03809989424346072
-0.041732647678504084
-0.04474017900968712
-0.04714712785304537
-0.04898657673699022
-0.05029816531662296
-0.05112623986853588
-0.05151814111794887
-0.051522624163310396
-0.05118850269834033
-0.05056347015454484
-0.04969317754103433
-0.0486204869058693
-0.04738497121539888
-0.04602255625913851
-0.04456537189003192
-0.043041695458862717
-0.04147605635929249
-0.03988938059377519
-0.038299249162722974
-0.03672015139140955
-0.03516381297348074
-0.03363948559186892
-0.03215428313832783
-0.03071345863968722
-0.02932071028592545
-0.027978418116761106
-0.02668790083469995
-0.025449601301732877
-0.02426328905076435
-0.02312819472929946
-0.02204316185731816
-0.021006736589083162
-0.020017276607034007
-0.01907300517224869
-0.01817208638888322
-0.017312652751569475
-0.01649285555160438
-0.015710874069852547
-0.01496494854137735
-0.014253377545643202
-0.013574539313604474
-0.012926882210127257
-0.012308938613121939
-0.011719311915621491
-0.011156685899483688
-0.01061981050923552
-0.010107508630513032
-0.009618662011029204
-0.009152216620294503
-0.008707169479780279
-0.008282573279826124
-0.007877524473442707
-0.007491167503834126
-0.007122684265044827
-0.006771298096854944
-0.006436264571465891
-0.006116875304182528
-0.005812449952100627
-0.005522339833826754
-0.005245920998655847
-0.0049825976274858715
-0.004731796028825822
-0.004492967789886957
-0.004265584565742578
-0.004049140957086963
-0.003843149976290502
-0.003647145636850948
-0.0034606789971342094
-0.0032833204579382257
-0.0031146563016486617
-0.0029542907022519103
-0.0028018426923654477
-0.002656947896648293
-0.002519255872063047
-0.0023884315799643312
-0.0022641530546850873
-0.0021461126323409903
-0.00203401491122835
-0.001927577757243477
-0.0018265305246834708
-0.0017306148586259038
-0.0016395831505760744
-0.001553199157338485
-0.0014712366690117122
-0.0013934799631814372
-0.0013197226666417747
-0.0012497680616791135
-0.0011834281249008894
-0.0011205237014517864
-0.0010608837063598713
-0.0010043451807164696
-0.0009507526425316293
-0.0008999580372344122
-0.0008518202267276523
-0.000806204844874437
-0.0007629839148753522
-0.0007220356182967363
-0.0006832440324092434
-0.0006464988204154447
-0.0006116950807786919
-0.0005787329653681201
-0.000547517633180003
-0.0005179588022765049
-0.0004899708020140427
-0.0004634720626725532
-0.00043838526063234807
-0.00041463674963174266
-0.00039215679443018847
-0.00037087894544045644
-0.0003507403576378221
-0.0003316811105151818
-0.0003136446087628996
-0.0002965768482715735
-0.0002804268966598442
-0.00026514610561146896
-0.00025068866942465286
-0.00023701078316520715
-0.00022407127846321413
-0.00021183072591923413
-0.00020025214914054198
-0.00018930006815256247
-0.0001789412928440446
-0.00016914390520154996
-0.00015987813314524677
-0.00015111526845088856
-0.00014282862256659667
-0.0001349923775814772
-0.0001275826255552672
-0.00012057614908911247
-0.00011395154672192662
-0.00010768793882332461
-0.00010176618268172564
-0.00009616749846983011
-0.00009087477871365149
-0.00008587112825050077
-0.00008114127276476923
-0.00007667000704431942
-0.0000724437081966256
-0.0000684486852638785
-0.00006467280280714389
-0.00006110372531607784
-0.00005773065753744151
-0.000054542475643784695
-0.00005152959253072421
-0.000048681966356415146
-0.00004599109934457744
-0.00004344791435995505
-0.00004104489691760587
-0.00003877382880570184
-0.000036628083459464467
-0.00003460020599319106
-0.0000326843725825977
-0.000030873805499782544
-0.000029163407562591157
-0.000027546999971249573
-0.00002602014464317528
-0.000024577190881850154
-0.000023214299463765663
-0.000021926283806917928
-0.000020709850286075467
-0.000019560218046230732
-0.000018474591935725208
-0.000017448543901542345
-0.000016479735617397663
-0.000015564043694949472
-0.000014699550292095448
-0.000013882392481740144
-0.00001311104096904183
-0.000012381853047741947
-0.000011693660326332643
-0.000011043003313792169
-0.000010429050745659732
-9.848492016110127e-6
-9.300812611008957e-6
-8.782819240764159e-6
-8.29429713023428e-6
-7.83214067738635e-6
-7.396420890632509e-6
-6.984092153522961e-6
-6.5954999234768885e-6
-6.227632229285896e-6
-5.8811005675140215e-6
-5.552901908945096e-6
-5.243907240166942e-6
-4.951098561468615e-6
-4.67560270464264e-6
-4.414363693292395e-6
-4.168762159502533e-6
-3.935681967596846e-6
-3.7167578506834793e-6
-3.5087914960836422e-6
-3.3136739714735904e-6
-3.1281033221015272e-6
-2.954230699167622e-6
-2.7886291259389046e-6
-2.633715791684313e-6
-2.485917357964873e-6
-2.347924560774367e-6
-2.2159957078862085e-6
-2.093104873076701e-6
-1.975319654607907e-6
-1.8659087729779254e-6
-1.7607264915813575e-6
-1.6633493334368095e-6
-1.5693945241130624e-6
-1.4827615262394865e-6
-1.3988064748199618e-6
-1.3217681660365695e-6
-1.2467164566917433e-6
-1.1782482364257288e-6
-1.1111210960105895e-6
-1.050310279613693e-6
-9.9023363333212e-7
-9.36267168857141e-7
-8.824598245814858e-7
-8.346136776505734e-7
-7.863780291217674e-7
-7.440078038703248e-7
-7.007201535050485e-7
-6.632524186109758e-7
-6.243552914719654e-7
-5.912803565478046e-7
-5.562750466729195e-7
-5.271394929327612e-7
-4.955796188960099e-7
-4.6998121153665395e-7
-4.414669388890815e-7
-4.190485362116564e-7
-3.9322170229750587e-7
-3.736668300596553e-7
-3.502058441789975e-7
-3.3323453170302903e-7
-3.118507040088581e-7
-2.9721528121779445e-7
-2.776490611642131e-7
-2.651310696526428e-7
-2.471482026809012e-7
-2.365554744364853e-7
-2.1994501588085042e-7
-2.1110902307523237e-7
-1.956798720929713e-7
-1.8845312233163242e-7
-1.7403188170610728e-7
-1.6828623041376738e-7
-1.5471511731170444e-7
-1.5033920854297022e-7
-1.374742187657214e-7
-1.3437265391959447e-7
-1.220816132321507e-7
-1.2017308227982592e-7
-1.0833461732075758e-7
-1.0755051431278736e-7
-9.60515995958933e-8
-9.633533879386054e-8
-8.507141147244371e-8
-8.637726040016832e-8
-7.524982200327343e-8
-7.754210888895335e-8
-6.645836655565519e-8
-6.971023058209697e-8
-5.858191639008058e-8
-6.277539939882522e-8
-5.151809388368555e-8
-5.664320970983082e-8
-4.517507176847866e-8
-5.122938094925173e-8
-3.9471150738329905e-8
-4.6459623411695026e-8
-3.433292632415424e-8
-4.226762045032418e-8
-2.969516520907549e-8
-3.85945247203103e-8
-2.5499170292054257e-8
-3.538851167277063e-8
-2.1692337819421898e-8
-3.2603065461634295e-8
-1.8227464579098043e-8
-3.019755043765224e-8
-1.5062061848841246e-8
-2.813580380123614e-8
-1.2158076415364521e-8
-2.6386503678754864e-8
-9.481420040384933e-9
-2.492170933048002e-8
-7.0009584995359055e-9
-2.3717033117835393e-8
-4.6885599024129505e-9
-2.275041105855771e-8
-2.5119288012726753e-9
-2.1947123793755373e-8