-0.00005991928378855618
-0.00023907954453379287
-0.0005375253814210128
-0.0009531646358041218
-0.0014859797742046044
-0.002132389253068445
-0.002892277999900145
-0.003760743110946427
-0.004737583473702633
-0.005816735176409352
-0.006997960851219324
-0.00827419495238607
-0.00964523155755322
-0.01110315705820485
-0.012647867352509973
-0.01427074089337503
-0.015971836174103422
-0.017741942899923892
-0.019581324086650493
-0.021480273404338484
-0.023439275762000916
-0.025448192540055682
-0.027507721588746807
-0.029607327909113666
-0.03174788927110327
-0.03391848715099335
-0.036120128064450224
-0.03834150769524343
-0.04058370075516289
-0.04283500986699379
-0.0450965184495603
-0.047356134774325875
-0.04961490315906294
-0.051860352514680366
-0.05409346116928662
-0.05630141805044255
-0.05848513595115411
-0.06063153221537685
-0.06274148444297967
-0.06480173618743056
-0.06681318825246202
-0.06876253353840385
-0.0706507764843174
-0.0724646998992451
-0.07420550498852056
-0.0758602118531799
-0.07743031307347252
-0.07890320859241064
-0.08028076707961884
-0.08155089512072218
-0.08271590251002514
-0.08376430498219944
-0.08469889204892718
-0.08550886183350284
-0.08619749287968202
-0.08675470887416309
-0.08718425880287964
-0.08747680837978841
-0.08763653581847727
-0.0876548455739251
-0.08753628970113174
-0.08727299804338155
-0.08686983759379271
-0.08631965153294899
-0.08562757117698971
-0.08478715427072472
-0.08380376601374213
-0.08267170469700887
-0.08139656997872162
-0.07997346119004756
-0.07840825253190828
-0.07669694598365144
-0.07484577449535362
-0.07285178719950909
-0.07072170314741587
-0.06845380126693155
-0.06605544903351271
-0.06352636324768372
-0.060874740698731465
-0.05810194839866308
-0.055217187391627454
-0.05222366275641787
-0.049131717910575884
-0.04594652574745604
-0.04267963969634205
-0.039338238059623
-0.03593505011946607
-0.03247917625439251
-0.028984362567897957
-0.025461409686720834
-0.021924787314605544
-0.01838663454771781
-0.01486172556346729
-0.011363053488154721
-0.00790517890163392
-0.004501377382650352
-0.0011654222638922509
0.002089737299284861
0.005251690171713464
0.00830840245626306
0.011249344139144864
0.014063909093366895
0.016743859749474354
0.019280407398486403
0.021667872857603892
0.023899521923697636
0.02597233605102816
0.027881711312941777
0.029627231664179545
0.031206350338461333
0.032621058370697294
0.033870674141184956
0.0349593005813312
0.03588785115263631
0.03666218991669698
0.037284520723196046
0.03776210485358466
0.038098135226989356
0.03830092681395707
0.03837439029209503
0.03832759138628315
0.03816492982984826
0.037895965868631615
0.037525401721819854
0.037063077236288086
0.03651384306428155
0.03588763312168881
0.035189311697264664
0.034428737816942806
0.03361066229187349
0.03274470784106089
0.031835386177472655
0.03089192712614054
0.029918479659449534
0.028923732611000917
0.0279113566642328
0.0268893681215388
0.02586086106769253
0.024833073775848116
0.023808451757046507
0.022793383763433355
0.021789627572584604
0.0208026893149815
0.019833635098763736
0.018887093706135272
0.01796346898153774
0.01706655192328842
0.016196141460628463
0.015355257639565417
0.014543172177620871
0.013762219754066884
0.013011234594846337
0.012291961727679502
0.011602891753670004
0.010945278209896894
0.010317359512536274
0.009719992200191173
0.009151246649671941
0.008611668910511756
0.008099235066235395
0.007614256617404061
0.007154677171339639
0.006720637929575015
0.006310099639759544
0.005923085762962815
0.00555761223263943
0.005213626402419767
0.004889227062530935
0.0045843173885845925
0.004297097810431325
0.004027450982749472
0.0037736904376374923
0.003535695155940827
0.0033118974218689047
0.0031021839566322913
0.002905106995084382
0.0027205682056404682
0.002547237694131592
0.002385036120510999
0.002232747076875779
0.00209031195681193
0.00195662193013387
0.0018316392512843862
0.0017143558439334083
0.0016047538702230616
0.0015019187287387014
0.0014058508607078717
0.0013157217430497647
0.0012315480907399696
0.0011525801835621876
0.0010788488422858796
0.001009676156729553
0.0009451048711829393
0.0008845222778548637
0.0008279809462537166
0.0007749272071004439
0.000725421501920553
0.0006789635064681405
0.0006356197603377705
0.0005949380653163827
0.00055698947945013
0.0005213651747575462
0.00048813934445078713
0.00045694221693892153
0.00042784992705014574
0.00040052786046838835
0.0003750530779015981
0.0003511226075516927
0.0003288135831757716
0.00030785151360242214
0.00028831289946355733
0.00026994888993353946
0.00025283477651582317
0.00023674479994498522
0.00022175258077821033
0.00020765316558813828
0.00019451814130718185
0.00018216131125171556
0.0001706519513441235
0.00015982078486983457
0.00014973457210908962
0.00014023930970050275
0.00013139909920063163
0.00012307373407017183
0.00011532456570307329
0.00010802385984506426
0.00010123016924625575
0.00009482704315448937
0.00008887022259729698
0.00008325347275519905
0.00007802973872665792
0.00007310204228390666
0.00006852057165189223
0.00006419674250128242
0.00006017804370697054
0.00005638350847773683
0.00005285799825696219
0.00004952746458233544
0.00004643422433376219
0.00004351051715338645
0.00004079620628087183
0.00003822925095571368
0.00003584715733357499
0.000033593091002813075
0.00003150230121142438
0.000029522696153632085
0.00002768737030822829
0.000025948555125027482
0.000024337293051676304
0.000022809759278267302
0.000021395046458178543
0.0000200529297845989
0.000018810652965007698
0.000017631279621653642
0.00001654030327478484
0.000015503793335806506
0.0000145455892630508
0.000013634509673474393
0.000012792833039296948
0.000011991894084313837
0.000011252500013938135
0.000010548289745528844
9.898685367746889e-6
9.279437205255495e-6
8.708664670995965e-6
8.16405399860184e-6
7.66250057721954e-6
7.183466686893975e-6
6.742698531074912e-6
6.321288730130416e-6
5.933905338643673e-6
5.563138437740786e-6
5.222645215322795e-6
4.896391968687843e-6
4.597088617876809e-6
4.309966991922668e-6
4.0468497522588075e-6
3.7941331706124163e-6
3.5628091758697274e-6
3.340346118717274e-6
3.1369583550183544e-6
2.9411018946894382e-6
2.762263441433357e-6
2.5898094794436745e-6
2.4325458728255483e-6
2.2806789944031884e-6
2.142377703804716e-6
2.0086237008846528e-6
1.8869898341148753e-6
1.7691740723907898e-6
1.6621915363043668e-6
1.558402438533626e-6
1.464299877467839e-6
1.3728568927219496e-6
1.290077812599133e-6
1.2095033129642225e-6
1.1366798753298118e-6
1.0656744963293197e-6
1.0016045257952903e-6
9.390255271510045e-7
8.826523357811447e-7
8.274946063133983e-7
7.778892900273346e-7
7.292686741877266e-7
6.85614572419119e-7
6.427532334374587e-7
6.043322891155153e-7
5.665458533623321e-7
5.327266374968373e-7
4.994129087565466e-7
4.696401049314885e-7
4.402691504259438e-7
4.140543232650939e-7
3.8815976456901275e-7
3.650732487201193e-7
3.422446129330469e-7
3.219083909548792e-7
3.017843888497283e-7
2.8386583359609286e-7
2.661284541232575e-7
2.5033483061180707e-7
2.3470415140398045e-7
2.2077778617694805e-7
2.0700741145091e-7
1.9472144614530585e-7
1.8259449933593558e-7
1.7174915840019686e-7
1.6107475780756523e-7
1.5149406828337077e-7
1.4210422929836934e-7
1.3363313521310928e-7
1.2538004760760502e-7
1.1788187377780263e-7
1.1063550833492441e-7
1.03989727880124e-7
9.76357317551039e-8
9.173600304054476e-8
8.61738502040151e-8
8.092628888683174e-8
7.606765355130953e-8
7.138931224874418e-8
6.715664036383521e-8
6.297416857571595e-8
5.929942090654047e-8
5.554788507740848e-8
5.237143430130176e-8
4.899327894027605e-8
4.6262940895822326e-8
4.320707050235044e-8
4.0877251271356904e-8
3.80982234577205e-8
3.6129174322883984e-8
3.358648382218833e-8
3.1943645322419876e-8
2.9601093612749915e-8
2.8254520776779885e-8
2.6079658781268525e-8
2.5003519180825397e-8
2.2967152036877083e-8
2.2139285878415894e-8
2.0215034511246816e-8
1.9616570989568798e-8
1.7780483755624278e-8
1.739550732749447e-8
1.562571208911511e-8
1.544097030376554e-8
1.3717366369944023e-8
1.3722019627578766e-8
1.2025999385779572e-8
1.221140299990762e-8
1.052560539671989e-8
1.0885123347504917e-8
9.193207530033796e-9
9.722053684923133e-9
8.008497440583998e-9
8.703601188906408e-9
6.953516304436666e-9
7.813410638019149e-9
6.012373192128447e-9
7.037101803631358e-9
5.170996212327614e-9
6.362040043573048e-9
4.416914300467624e-9
5.777133307945229e-9
3.739063487954488e-9
5.272655177840821e-9
3.12761663792852e-9
4.840086557346586e-9
2.5738321242353557e-9
4.47197903655124e-9
2.069920841302591e-9
4.161833187871997e-9
1.608927916025429e-9
3.903991917032714e-9
1.1846281990715465e-9
3.6935455791598394e-9
7.91415101703176e-10
3.5261049179010383e-9
4.230741484180511e-10
3.3886038992874766e-9
0.0001248825882252696
0.0004945036839324207
0.0011104940974824555
0.001957083760132564
0.0030358090284734844
0.004321079636935213
0.005814268456249652
0.007481702452408336
0.009325154209496153
0.011304617598009024
0.013423183722710692
0.015636259294301017
0.017949277382889744
0.020314685242072056
0.022741194029145453
0.025179680660020166
0.027642840521582578
0.03008104041101878
0.032511349559635756
0.03488431410296673
0.03722142384400483
0.03947373513548023
0.041666892444169365
0.04375249554974523
0.04575984023583192
0.04764090097267427
0.04942798629793974
0.0510731859490876
0.05261115571836501
0.053993856515019686
0.055257693045915296
0.0563543510791213
0.05732151711769658
0.05811059970686253
0.05876025663528658
0.05922176747643202
0.05953459410100657
0.05965015580165808
0.05960865092034707
0.05936197351771874
0.058951030697452576
0.0583285307884905
0.057536043263341316
0.05652738190146572
0.05534467156585982
0.053943044166864185
0.052364997466127786
0.05056711481371003
0.04859202353909424
0.04639783943098843
0.04402705420252028
0.041439391164597376
0.03867697146731681
0.03570124799514363
0.03255381840176315
0.02919808056844606
0.02567507774045898
0.021950492297441268
0.01806492612026433
0.013986821388174359
0.009756599264690137
0.005346067804853836
0.0007958651903655992
-0.003918114729658258
-0.008754501953826712
-0.013732508774718842
-0.018809430144117373
-0.023998725050102657
-0.029255704608285447
-0.034587220519035164
-0.039945974389021754
-0.0453314522922103
-0.05069325149430485
-0.05602296469661694
-0.06126687514482479
-0.0664085662497322
-0.07139127739169002
-0.07619109035576897
-0.08074915985944288
-0.08503540287292856
-0.08899071522337113
-0.09258115927693271
-0.09575014962035402
-0.09846319675079465
-0.10066989481045152
-0.10233933501782227
-0.10343156690908259
-0.10392384976651431
-0.10379110159521339
-0.10302321670320638
-0.10161388291602169
-0.09956926606115446
-0.09690448465185358
-0.09364405224340078
-0.08982526426711518
-0.08549089677537468
-0.080698787677509
-0.07550740790500818
-0.06999100283331194
-0.0642187647839018
-0.05827502200017202
-0.05223282997350856
-0.04617882813405997
-0.0401821112473482
-0.034323487749658016
-0.028660475719210095
-0.023260765047386632
-0.018164099865734848
-0.013419753668755505
-0.009045920157368412
-0.005070955479424743
-0.001490725005409918
0.0016867345123507294
0.00448564063241767
0.006914850538900866
0.009013929207186237
0.010803156504984696
0.012331185930411529
0.013623314005254284
0.01473067794021406
0.01567743826112727
0.016511391121982362
0.017250670870928325
0.017935530228152273
0.018575086151636375
0.0191998831328972
0.019809106976932677
0.020423428871567766
0.021033020975571835
0.02165010912249539
0.02225805721219074
0.022863047113805615
0.0234444603203829
0.024005151671899802
0.024523340738178478
0.025001036183414763
0.02541764400593759
0.02577621095036978
0.026058949546723338
0.02627108215320723
0.026398464882560813
0.02644891424187156
0.02641208031624823
0.02629821814909271
0.026100416961574394
0.025830837110348386
0.025485351890084624
0.025077310851034016
0.024604600033717595
0.02408101808612144
0.023505714912505294
0.02289228285798423
0.022240496175587342
0.021563229073531087
0.020860390577186447
0.020143786813778725
0.019413127594139747
0.018678953283526707
0.01794057952729515
0.017207210089478665
0.01647768287845061
0.01575988952866205
0.015052187470505667
0.014361244953595522
0.013684988761070865
0.013028989989029741
0.012390823855846228
0.011775107061542483
0.011179154038075389
0.01060677135799198
0.01005510305215908
0.009527281574298536
0.009020363052476648
0.00853692799265501
0.008074015269511391
0.007633759289379911
0.007213239023366717
0.006814231926947165
0.006433901309099681
0.006073741061742525
0.0057310311239749
0.005407041107051297
0.005099189562042551
0.004808568957701593
0.004532749918414107
0.004272684756466853
0.004026102845344544
0.0037938450396627276
0.0035738009201264336
0.00336672194852806
0.0031706555009820086
0.0029862804890871727
0.002811796918329324
0.0026478239411595957
0.00249270716775907
0.002347015679421535
0.0022092325077220816
0.002079884001385831
0.00195758180408095
0.0018428151105653967
0.001734315136419481
0.0016325381954606576
0.0015363260888656468
0.0014461055623207328
0.0013608202677547817
0.0012808699956845797
0.0012052918968934218
0.001134460912431873
0.0010674998038435134
0.0010047604035574806
0.0009454437037809533
0.0008898799069147425
0.0008373413809744308
0.0007881379888770294
0.000741607143490438
0.0006980395226271232
0.000656831762566552
0.0006182564114224436
0.0005817639939613904
0.0005476099096841034
0.0005152936961544475
0.0004850545282250188
0.0004564365090087884
0.0004296634664948491
0.0004043200194986461
0.00038061548788898236
0.0003581713225842061
0.00033718313930859256
0.0003173058733534803
0.0002987222083744128
0.00028111752320062096
0.00026466231092686204
0.00024906963335511367
0.0002344985045035728
0.00022068716335683707
0.0002077838270474562
0.00019554963743939933
0.0001841226675080802
0.0001732848980288123
0.00016316488141453496
0.0001535635638073519
0.00014460057188121802
0.00013609411627752636
0.00012815546397847616
0.00012061854594877581
0.00011358680722047476
0.00010690849636055258
0.00010067974667865393
0.00009476185007551062
0.0000892441112087455
0.00008399970714287974
0.00007911157046340028
0.00007446371066106291
0.0000701331193665521
0.00006601368099924917
0.00006217685263538018
0.000058525522530406096
0.000055125995830553704
0.00005188937185213024
0.00004887716364917376
0.000046007959692445984
0.00004333881912365531
0.000040795161986760057
0.00003842991073923553
0.00003617471792043865
0.000034078666820372345
0.000032079096302841646
0.000030221529113025045
0.000028448492228692938
0.000026802209019985878
0.000025229939888471487
0.000023770853101853114
0.000022376527365762412
0.00002108330450561561
0.00001984670224107226
0.000018700449606975718
0.00001760365674869389
0.00001658763980505908
0.000015614784120150544
0.000014714179819879585
0.00001385119729168777
0.000013052875172040692
0.000012287302983870704
0.00001157963122897855
0.000010900424728395409
0.000010273098649282497
9.670469390917006e-6
9.114359553814744e-6
8.579631658810303e-6
8.08664955342113e-6
7.612132918603079e-6
7.17511180121262e-6
6.753989266891184e-6
6.366579094991605e-6
5.9928072262869775e-6
5.649381231085776e-6
5.317601921586297e-6
5.0131741202371005e-6
4.718636584227501e-6
4.448788704970835e-6
4.187280240009061e-6
3.9480968943979195e-6
3.7158816490508953e-6
3.503893152986097e-6
3.2976578366519606e-6
3.1097894085196695e-6
2.9265952707027215e-6
2.760122134639434e-6
2.5973622763525206e-6
2.4498697052613827e-6
2.305231362041711e-6
2.1745795942613395e-6
2.0460107504620825e-6
1.9303036504874313e-6
1.8159833406001014e-6
1.713540821578768e-6
1.61185299681626e-6
1.5211863102705777e-6
1.4306963905793275e-6
1.3504866942064592e-6
1.269921073321338e-6
1.199000047756562e-6
1.127227625071941e-6
1.0645605540003695e-6
1.000576660185391e-6
9.45247229133881e-7
8.881591095033841e-7
8.393562121177388e-7
7.883704801315907e-7
7.453761520755768e-7
6.997872363524671e-7
6.619663821396369e-7
6.211467192382404e-7
5.879375797319136e-7
5.513283906950581e-7
5.222347096556418e-7
4.893385360766699e-7
4.639219699623595e-7
4.3429509425562714e-7
4.1216888033509436e-7
3.8541572533782863e-7
3.662388637345271e-7
3.420058679764012e-7
3.2547836422837276e-7
3.0344951749949345e-7
2.8930756152928265e-7
2.6919977614712405e-7
2.572121692912917e-7
2.3877121301339574e-7
2.2873554329838424e-7
2.117331686985974e-7
2.0347294917784856e-7
1.8770313951512893e-7
1.8106505083044922e-7
1.663416928888917e-7
1.6119328257606332e-7
1.473474182227112e-7
1.435747687454122e-7
1.3045265149652565e-7
1.279587981884793e-7
1.1541972360069186e-7
1.1412293093294964e-7
1.0203757447013916e-7
1.0186979121172096e-7
9.011857652223133e-8
9.102442967627587e-8
7.94961783655021e-8
8.143174444921622e-8
7.002225955801986e-8
7.295421206820718e-8
6.156509393705071e-8
6.546999276591095e-8
5.40076840847628e-8
5.887115723647089e-8
4.724578018541512e-8
5.3062056069823997e-8
4.11867590636011e-8
4.795808680049878e-8
3.5747950778519616e-8
4.348439250376873e-8
3.0855811788689474e-8
3.9574816612930844e-8
2.6444690288080958e-8
3.617097241662835e-8
2.2456077017716112e-8
3.3221270040389314e-8
1.8837509319691445e-8
3.068040062571249e-8
1.5542262312581103e-8
2.850841164289418e-8
1.2528213749854528e-8
2.667026050573592e-8
9.757743188255683e-9
2.5135259017290642e-8
7.19690803405812e-9
2.3876804274713818e-8
4.814970120738481e-9
2.2870751993600815e-8
2.5770707170814193e-9
2.20394117903335e-8
-0.00012365411839073928
-0.00048665799245700724
-0.0010933642175060426
-0.0019200841369681296
-0.002972117379516332
-0.004211754308332651
-0.0056443787036444685
-0.007220403644190379
-0.008945523412152937
-0.01076034913853056
-0.012671706141906113
-0.014612569306812007
-0.016592077080838534
-0.01853781341584108
-0.02046261458652727
-0.022290930947326697
-0.024040746091645238
-0.025635554185128136
-0.027099872130520813
-0.02835823412422981
-0.029442892750432638
-0.030281136070233396
-0.030913861467779816
-0.031272448688503846
-0.03140696092824908
-0.03125375264220447
-0.030872111584916942
-0.03020373905046288
-0.02931669766079771
-0.028157871761093786
-0.02680313049997015
-0.025203855816599736
-0.02344226945733556
-0.021473103733007166
-0.01938307445398789
-0.01712876336351666
-0.01479924587633583
-0.012351251229646101
-0.009873973496378703
-0.007322573095741838
-0.004784211151884999
-0.002210951131083435
0.00031393976074559483
0.002842639876738229
0.005297164284345767
0.0077345324646316774
0.01008281949066844
0.012403833110218717
0.01463180145395498
0.016832580653757406
0.01894596163825751
0.02104046513752902
0.02306024899952083
0.02507458739505551
0.02703034828133094
0.028995296966080747
0.030917088618608656
0.03285958290181465
0.03476925807593999
0.036703773668681536
0.03860666137649166
0.04052742748299769
0.04240531286583319
0.044280286424900527
0.04608659351961626
0.04785405520246977
0.04951204223456434
0.05108056003635212
0.05248519421555135
0.05373752406089616
0.05476148517991385
0.05556271077621025
0.05606664831196666
0.05627647433751507
0.05612318805331613
0.05561178114202999
0.05468341794954351
0.05334956908789912
0.05156628530350672
0.04935602849861897
0.046693965979489785
0.04361726306121763
0.04012327769282035
0.036266122844800214
0.03206663624470752
0.027596083224574307
0.022897813494859417
0.01805805582510235
0.013139245922264156
0.008237957088107544
0.0034299745836410904
-0.0011844997276763251
-0.005523862140209424
-0.009492408518741268
-0.01301121004056406
-0.015997642037432473
-0.01838387363366654
-0.020108316260153372
-0.02112151799178712
-0.021389223390350553
-0.020885560198867656
-0.01960742169042969
-0.017554981406265262
-0.014757134729483472
-0.011239560972667283
-0.007060975982507926
-0.002269160286189961
0.0030522358943629846
0.00883908455362554
0.014989727342331245
0.02143099948222657
0.02805132003593193
0.03477641799959454
0.04149307671613469
0.04813352837314735
0.05459051018167174
0.060809227576097705
0.06669453731149637
0.07220934819079741
0.07727489918109694
0.08187446377885295
0.08594782434796715
0.0894991657395706
0.09248694726783813
0.0949349064946241
0.09681858796541017
0.09817842355233349
0.09900418696678473
0.09934916860943055
0.09921378655333862
0.0986599293661202
0.09769487229759838
0.09638492103999222
0.09474066515676403
0.09282912090492426
0.09066121422407308
0.08830169382955948
0.08575958583681653
0.0830952309311428
0.08031430317201808
0.07747141705992022
0.07456816277288843
0.07165282824442253
0.06872277727582325
0.06581993448176925
0.06293772361790116
0.06011206476156249
0.05733299778751028
0.05463103685947071
0.051993526979713336
0.04944628708410921
0.04697468417550131
0.04460057065497055
0.04230800892119132
0.04011556999274402
0.03800660004206306
0.03599699598572418
0.03406987291221131
0.03223896907586877
0.030487548471218977
0.028827613983265648
0.027242861487784376
0.025743897402289426
0.02431504874536429
0.022965791615713653
0.021681214761025223
0.02046987006952003
0.019317684552359566
0.01823244405776086
0.017200949381647228
0.016230341201463338
0.015308299573678602
0.014441412427355403
0.013618223347446867
0.012844838581828348
0.012110635184265212
0.011421292945786974
0.01076698320972092
0.010153002877132455
0.009570273123732008
0.009023742991260953
0.008505036518120183
0.008018783673261792
0.007557263816725942
0.007124812049785357
0.006714316263595935
0.006329837511522207
0.005964827042725414
0.005623090149820643
0.005298598422531201
0.004994917752016439
0.004706499510977797
0.0044366850477756325
0.00418036756069018
0.003940677515300261
0.0037129146069314147
0.0035000110927334263
0.0032976404190609952
0.0031085484743581947
0.0029287521984058397
0.0027608222250609326
0.002601091094064092
0.0024519646513368625
0.0023100653681124707
0.002177644180210607
0.002051589899602052
0.0019340078858113877
0.0018220316309672357
0.001717629742624184
0.0016181605177933741
0.0015254641568688604
0.0014371055327880506
0.001354804327821357
0.0012763152766859785
0.0012032449993246298
0.0011335227689899974
0.001068649185383982
0.0010067140128423883
0.0009491184786305859
0.0008940999596809539
0.0008429665811010812
0.0007940915244327054
0.0007486957238122796
0.0007052773367196377
0.0006649756741220808
0.0006264039374027746
0.0005906250554395133
0.0005563581612777437
0.0005245947316847262
0.0004941514694822312
0.00046595303356625857
0.0004389060205201806
0.00041387262523089497
0.0003898422900608487
0.00036761883333272797
0.00034626806973205753
0.00032653927645979634
0.0003075686926322071
0.00029005465132968543
0.00027319835022674723
0.0002576505491893253
0.0002426723795830226
0.00022887018604574174
0.00021556041291708296
0.00020330794713284905
0.00019148029473832582
0.00018060365288856316
0.0001700926783725118
0.00016043746791275532
0.00015109622886100464
0.00014252537957064982
0.00013422336313435575
0.00012661518367144273
0.00011923646737265744
0.00011248291971522656
0.00010592453787032221
0.00009992970531407724
0.00009410019936996368
0.00008877892679704068
0.0000835970569792354
0.00007887374304491962
0.00007426734504870787
0.00007007487033721775
0.00006597984000828449
0.00006225861538932123
0.00005861800667986392
0.00005531512828100425
0.000052078352834946046
0.000049146852203189385
0.00004626896822924195
0.000043667146147418204
0.000041108226970092684
0.0000387990624048578
0.000036523635845864536
0.000034474261064305464
0.00003245081169075521
0.00003063204617119455
0.00002883257290754764
0.000027218509905700233
0.000025618133437331298
0.00002418577241967049
0.000022762386572050815
0.000021491307315209506
0.000020225269169901612
0.000019097342421262044
0.00001797119738591812
0.00001697032763513844
0.000015968565217100317
0.000015080462610090225
0.000014189299602247573
0.000013401277447675924
0.000012608464661696624
0.000011909259411113639
0.000011203911307585862
0.000010583522782838697
9.95596490138467e-6
9.40551500377114e-6
8.847149198556774e-6
8.35875539762427e-6
7.86194006790933e-6
7.428604066799551e-6
6.986547256633586e-6
6.6020554287629086e-6
6.208720357792393e-6
5.86755604638496e-6
5.517577444919079e-6
5.214842367958287e-6
4.903451147464965e-6
4.634796095320861e-6
4.3577535686284385e-6
4.119316641764568e-6
3.8728551076087165e-6
3.661207122291501e-6
3.4419781974529808e-6
3.2540736327722378e-6
3.0591013600592545e-6
2.8922357641871017e-6
2.7188752299709883e-6
2.570646261336252e-6
2.416547005780566e-6
2.2848208289531114e-6
2.1478944634688397e-6
2.0307752012901683e-6
1.909166193754984e-6
1.8049692437292371e-6
1.6970294452792375e-6
1.6042574534885059e-6
1.5085228980933291e-6
1.425844834154606e-6
1.3410158028614612e-6
1.2672478032561663e-6
1.1921705102356308e-6
1.1262591892251481e-6
1.0599102839133206e-6
1.0009180471882894e-6
9.423898534570906e-7
8.894814973859101e-7
8.37969792627072e-7
7.904008549679599e-7
7.451934981188546e-7
7.022995950321873e-7
6.627666092470812e-7
6.239544204548297e-7
5.895392166589072e-7
5.542781243821822e-7
5.244897149279381e-7
4.923045296181393e-7
4.6671056237609534e-7
4.371746482241974e-7
4.153950399213525e-7
3.8812482412795834e-7
3.698271395902018e-7
3.4447651529807495e-7
3.2937015215256653e-7
3.0562625285092827e-7
2.934587358217223e-7
2.710375013168615e-7
2.6159070785468644e-7
2.402331569173528e-7
2.333199646548876e-7
2.1278887482741903e-7
2.0825026852278397e-7
1.8832724740886877e-7
1.8602993058582873e-7
1.665125686256482e-7
1.6634660078859925e-7
1.4704626386873783e-7
1.4892305049066875e-7
1.296623536504028e-7
1.335132116583707e-7
1.1412411833423356e-7
1.1989863312514226e-7
1.0022075398206941e-7
1.0788586086230151e-7
8.776462945262687e-8
9.730298947489135e-8
7.65882670602941e-8
8.799808197806284e-8
6.65424578053925e-8
7.983647426714649e-8
5.7493836134274686e-8
7.269861970836761e-8
4.9323476507180225e-8
6.647939575826126e-8
4.1925038288821624e-8
6.108546015442449e-8
3.520330798002758e-8
5.643482300914308e-8
2.9072966333766164e-8
5.2455143351810395e-8
2.345725049440328e-8
4.90827970636257e-8
1.8287310056494967e-8
4.626203345024268e-8
1.3500770164451605e-8
4.3943891607364334e-8
9.041404598563324e-9
4.2084342737415176e-8
4.8445131448222315e-9
4.053820625463137e-8
-0.0001743702393162979
-0.0006872463395364184
-0.0015414580221487686
-0.002706096917183818
-0.004182704689261194
-0.00592180259907944
-0.007924021661435094
-0.01012513291155179
-0.012526553131603042
-0.01505324941754638
-0.017709863866847936
-0.020414505902341465
-0.023177636245578434
-0.02591412943577504
-0.02864254929731128
-0.03127752010222969
-0.03384734369829484
-0.03626851684367335
-0.03857986888901254
-0.040700939320207075
-0.04268098878178195
-0.044442869434612196
-0.04604539538863757
-0.04741427809510085
-0.04861644099930953
-0.04957954010280467
-0.050376875429714724
-0.050936965996687775
-0.051337751422286
-0.05150763792304555
-0.051527702505581675
-0.051325572508685934
-0.05098434935124098
-0.05043063090414796
-0.04974886977097281
-0.04886479871463536
-0.047863937860358384
-0.04667164166306728
-0.04537447680801179
-0.04389807672928183
-0.0423301314276705
-0.04059721237832351
-0.03878814794521984
-0.03683096555428355
-0.03481546971077537
-0.03267143571270585
-0.03048925692945101
-0.028200510394449336
-0.025895590380261797
-0.023507746625385035
-0.02112666724405139
-0.018687062425108477
-0.016277198154145335
-0.013833061723000637
-0.011440878118129568
-0.009037850874811505
-0.006707717392559142
-0.00438901359287164
-0.0021627465648584015
0.00003091151363835453
0.0021137313167208095
0.004143435661103403
0.00604445830235081
0.00787182146034029
0.009552383912150797
0.011137781682152374
0.012556969642184711
0.01385745271024698
0.014969891030256085
0.015936889901973204
0.016690405863957192
0.017267417698156876
0.017600837651978243
0.017721455139467043
0.01756301812037591
0.017149923776897814
0.016417080214027272
0.015382909302776327
0.01398451697777478
0.012235665636595294
0.010077662167274681
0.0075220442479704865
0.004517433494230677
0.00107675812502739
-0.0028398827859217285
-0.007213567153832616
-0.01206785625504944
-0.017372749670255337
-0.023130574409328093
-0.029295501883006943
-0.0358446341501983
-0.042712931563765454
-0.04985025245024086
-0.057171399191929484
-0.06459992374743187
-0.0720328230164402
-0.07937188188543837
-0.0865023469289006
-0.09331245038134998
-0.09968518922768427
-0.10550648829084347
-0.11066904434186174
-0.11506939163967375
-0.11862267495054576
-0.12124873010408654
-0.12289665451270819
-0.12351995527360589
-0.12310990069221532
-0.1216598456283434
-0.11920655651399241
-0.1157839956708382
-0.11147207311954922
-0.1063404265727991
-0.10050430552042312
-0.09405916799271986
-0.08714358208882084
-0.07986571406396167
-0.07237318984839358
-0.06477272146360165
-0.05720678526454709
-0.04976769903264123
-0.042580759595020744
-0.03571404468965495
-0.029267357308916286
-0.02327891353563412
-0.017819130217682024
-0.012895214761402811
-0.008548572675577069
-0.004758178444654907
-0.001540219306606379
0.0011489755212245414
0.0033124768150312274
0.005009550166035874
0.006255728675597164
0.0071186418980006775
0.007619799602162934
0.007828780515066837
0.007767692931330764
0.007503073071092998
0.007053760295116992
0.006479901810670359
0.005794766496760711
0.005050327245530831
0.004253354038932254
0.003447143582005351
0.0026320848617655897
0.001843218546676728
0.0010753549852961593
0.0003562619199781016
-0.0003236698351556308
-0.000942702503585938
-0.001513605429763575
-0.0020193917137423406
-0.0024748058729591508
-0.0028664399329596997
-0.003210002866901781
-0.003494675830991691
-0.00373633686672117
-0.003925973041823296
-0.004079051933889977
-0.004187781422945927
-0.004266831444242181
-0.004309217211737015
-0.00432858149882022
-0.004318471336860187
-0.004291393394160505
-0.004241255193260376
-0.004179404720181623
-0.004100012892424875
-0.004013304046535715
-0.003913665162331053
-0.0038102670283089025
-0.003697696391275322
-0.0035841590177220217
-0.0034644426314172153
-0.0033458833313489964
-0.0032234792916527575
-0.003103791542975843
-0.00298204052530344
-0.0028641014752106317
-0.0027454277621986626
-0.0026312903516269226
-0.002517383248088306
-0.0024084459410384034
-0.002300417116319549
-0.0021975688021313444
-0.0020960847328704096
-0.001999825198763
-0.0019052160324542133
-0.0018157539890984186
-0.0017281012719064398
-0.0016454326665577338
-0.0015646388358166155
-0.0014886084094996109
-0.0014144509884571107
-0.0013447999401423462
-0.0012769731822961847
-0.0012133755394516646
-0.0011515219590255762
-0.001093611915773283
-0.0010373457884604192
-0.0009847379238767902
-0.0009336624978441109
-0.0008859664470813826
-0.0008396862850173328
-0.0007965171409081459
-0.0007546467348714228
-0.0007156321976867063
-0.0006778017625691087
-0.0006425868422793417
-0.0006084459966746927
-0.0005766958925548004
-0.0005459157798156413
-0.000517317422254484
-0.0004895916932465119
-0.0004638543182161841
-0.0004388993004740564
-0.0004157543375193416
-0.000393308634603853
-0.0003725091210276295
-0.00035233282539711455
-0.0003336525050875256
-0.0003155261601274579
-0.000298758383963644
-0.0002824817974125515
-0.00026743831094980903
-0.00025282928958151625
-0.00023933897107950976
-0.000226232032266651
-0.00021413962376717882
-0.0002023847183551153
-0.0001915495816235599
-0.00018101085419405265
-0.00017130577122852385
-0.0001618603743909241
-0.00015317040743167756
-0.00014470738070409194
-0.00013692879786500418
-0.00012934801557186145
-0.00012238728665430308
-0.00011559847907603481
-0.00010937134455453168
-0.00010329319060770496
-0.0000977237992359545
-0.00009228309152927587
-0.00008730320885171591
-0.00008243408436813421
-0.00007798236573552861
-0.0000736256037472201
-0.00006964692932083199
-0.00006574930867934849
-0.00006219417888061448
-0.00005870789357912464
-0.00005553187631950885
-0.00005241400277109286
-0.00004957723258769206
-0.00004678924685814288
-0.000044255970428755504
-0.000041763310161432026
-0.00003950147438084477
-0.00003727314214993707
-0.000035254021217788036
-0.000033262226106185845
-0.00003146008538820036
-0.000029679918024703417
-0.00002807170977861868
-0.00002648085056218013
-0.00002504593934679853
-0.000023624394170225424
-0.000022344310034329113
-0.00002107417258695867
-0.000019932387911226596
-0.00001879762503707786
-0.000017779354206733497
-0.000016765613622356136
-0.000015857632796336043
-0.00001495206879359397
-0.000014142553575407335
-0.00001333367171141271
-0.00001261205179894488
-0.000011889568457163016
-0.000011246395778568337
-0.000010601111954826725
-0.000010027944398233599
-9.451632587596315e-6
-8.94092763349634e-6
-8.426230993831886e-6
-7.971251172415327e-6
-7.511591329024346e-6
-7.106319852183498e-6
-6.69581614846845e-6
-6.3348808528847705e-6
-5.968276362514724e-6
-5.6468811278588405e-6
-5.31947715096518e-6
-5.033340727058103e-6
-4.740938278109734e-6
-4.486240786742948e-6
-4.2250871127737615e-6
-3.998419682150275e-6
-3.7651617279206915e-6
-3.5634834388745786e-6
-3.355125262768257e-6
-3.1757235877032847e-6
-2.98958852390864e-6
-2.8300447899014626e-6
-2.6637414382820126e-6
-2.521898688085969e-6
-2.373290496870901e-6
-2.247226240563601e-6
-2.114405035211468e-6
-2.0024056611565645e-6
-1.8836655850467637e-6
-1.7842043933924727e-6
-1.678022431991638e-6
-1.5897390320197517e-6
-1.4947539913194658e-6
-1.4164369814096892e-6
-1.331432851486045e-6
-1.262003450773795e-6
-1.1858936746637952e-6
-1.1243915193777469e-6
-1.0562047189928072e-6
-1.0017752816714346e-6
-9.406432770157489e-7
-8.925268978171983e-7
-8.376736513619797e-7
-7.951946332278466e-7
-7.459258703899165e-7
-7.08483926049421e-7
-6.641784314305482e-7
-6.312401986027638e-7
-5.913420674191985e-7
-5.62434326484899e-7
-5.264457389984809e-7
-5.011490696538595e-7
-4.6862397255696776e-7
-4.4656642369348356e-7
-4.171046270503068e-7
-3.979576751229599e-7
-3.711998288940068e-7
-3.5467262937325115e-7
-3.302963486699851e-7
-3.1613237227536023e-7
-2.938474697206005e-7
-2.818211798447446e-7
-2.613660946757246e-7
-2.512791268239662e-7
-2.324173192573163e-7
-2.2409622891859233e-7
-2.0661406812034926e-7
-1.9990773105665205e-7
-1.8361126511172187e-7
-1.7838852983704818e-7
-1.6310175841394074e-7
-1.592487986531266e-7
-1.4481092585560643e-7
-1.422313132354129e-7
-1.284944123830909e-7
-1.2710538858876374e-7
-1.1393424152203748e-7
-1.1366694930144649e-7
-1.0093598551406564e-7
-1.0173407809333932e-7
-8.932672086379059e-8
-9.114450755259275e-8
-7.895179185754391e-8
-8.175430365223746e-8
-6.967335745176398e-8
-7.34349995509322e-8
-6.13683047051716e-8
-6.607288928964662e-8
-5.392712962422525e-8
-5.9566564399811515e-8
-4.7252017462340157e-8
-5.38260465564093e-8
-4.125534397850185e-8
-4.87710573573686e-8
-3.5858899307540644e-8
-4.4331026687734475e-8
-3.099322240764157e-8
-4.044296132076578e-8
-2.6595646919692428e-8
-3.705126336459525e-8
-2.260972046483804e-8
-3.4106444111771454e-8
-1.8986046293579002e-8
-3.156527738268837e-8
-1.567884053633507e-8
-2.9388840117737257e-8
-1.2648649944660142e-8
-2.7544226838560078e-8
-9.858481782765723e-9
-2.6001132599069433e-8
-7.2752359336624316e-9
-2.4734109350410297e-8
-4.869645394055085e-9
-2.3719826105660158e-8
-2.607157594840809e-9
-2.2880236594217405e-8