2.2514650638148387e-8
6.334041279784309e-7
3.3853570461265222e-6
0.000010643394612043028
0.000025984137756965832
0.00005373873569553627
0.00009933503714978525
0.00016895502839893488
0.0002697721559894572
0.0004096704977336802
0.0005974139396937441
0.0008424064294821378
0.0011548100422769712
0.001545336840031466
0.0020253252090856105
0.0026065592665434458
0.003301309227447708
0.004122177130071391
0.005082105031910033
0.006194247387617476
0.0074719496903213
0.00892864868597582
0.010577823269348518
0.01243292411009956
0.014507297979644491
0.01681414842276702
0.019366434125690203
0.022176862064882386
0.0252577599765292
0.028621103007473562
0.03227835980023449
0.0362405531189808
0.04051807854370542
0.04512079891851939
0.05005783420251223
0.055337688974409785
0.06096801168496299
0.06695575394659353
0.07330689735108599
0.08002664297049446
0.08711910411852648
0.09458752447169606
0.10243393571803197
0.1106594030296631
0.11926364747960941
0.1282453182721424
0.13760158109267193
0.14732841749256842
0.15742018188979262
0.16786992971621398
0.17866894747312356
0.1898071125327845
0.20127240228941629
0.2130512896704675
0.22512823879268395
0.23748614106732235
0.250105805647715
0.26296644129875024
0.2760451501091319
0.28931745987562973
0.30275682891729877
0.3163352325170682
0.3300226851830293
0.3437878827209651
0.35759774602575867
0.3714181177752993
0.3852133290085794
0.3989469464875238
0.4125813602272235
0.4260785745918863
0.43939981193617905
0.4525063378290082
0.4653590733881418
0.47791944297253425
0.49014898593657585
0.5020102139349248
0.5134662118906866
0.5244814918530629
0.535021573062681
0.5450538201203748
0.5545469931305963
0.563472059701319
0.5718017081349418
0.5795111253062122
0.5865774685324097
0.5929806043999979
0.5987025379806726
0.6037281108607726
0.608044389419707
0.6116413232912395
0.6145110971216121
0.6166487531177556
0.6180515127471329
0.6187193686568111
0.6186543839795827
0.6178612596385827
0.6163466192596141
0.6141195577737049
0.6111909195362093
0.6075738334062804
0.6032829907763231
0.5983351712071692
0.5927485259303034
0.5865430968826785
0.5797401100373949
0.5723624894344888
0.5644341634725463
0.5559805742595386
0.5470279986899653
0.5376040520469041
0.5277370241951744
0.5174563747830224
0.5067920831923081
0.4957751309996363
0.48443686263232144
0.4728094492671945
0.46092525586772665
0.44881727993393417
0.43651852029614424
0.4240623846308104
0.41148205654035125
0.39881086786752257
0.38608166335947014
0.37332713747496143
0.3605791999831476
0.3478692815713563
0.33522770824037856
0.3226839845756176
0.31026618865413325
0.298001245196067
0.28591435482826133
0.2740292705772424
0.2623677750765366
0.2509499726222347
0.2397938252221724
0.22891546898250856
0.218328815351294
0.208045895748632
0.19807652894274205
0.18842869264875886
0.17910825277967857
0.17011935623397445
0.1614642136767085
0.1531435046218004
0.14515620292774176
0.13749998384667012
0.1301710806514874
0.12316468347115898
0.116474816150072
0.11009471804894422
0.1040167319273914
0.09823266197785199
0.09273366572617885
0.08751058391268694
0.08255383169391872
0.07785369822045432
0.07340023448808053
0.06918352234935425
0.06519355802997018
0.06142049174024279
0.05785450708290019
0.05448603339054236
0.051305622026321794
0.048304134116686014
0.0454726151554855
0.04280246101220231
0.04028529238073887
0.037913101913662574
0.03567812999626243
0.033572995671183437
0.03159057504132731
0.029724118375427724
0.027967132208483843
0.026313484708765166
0.024757292293400464
0.023293015026182147
0.021915348325721205
0.02061930987302203
0.01940013677572898
0.01825336520635012
0.017174733205645915
0.016160254051071913
0.0152061247367449
0.01430879388701284
0.01346487583771117
0.01267121375893104
0.01192479917864454
0.011222830857593687
0.010562639537278944
0.009941743013853331
0.009357775853351114
0.008808541036102112
0.008291944358685103
0.007806042961645988
0.007348984126288258
0.006919050952912653
0.006514605258101194
0.0061341306353908725
0.005776179162659887
0.00543941204974058
0.00512254987388138
0.00482441099743692
0.004543865060611465
0.004279869335570868
0.0040314252186206155
0.003797612673732858
0.003577549480113946
0.0033704239073854606
0.003175456488527325
0.0029919310601503857
0.002819158844625934
0.0026565079815662283
0.0025033697162728918
0.0023591865423516693
0.0022234203062372376
0.0020955790755541855
0.0019751869812869314
0.0018618099218838619
0.0017550269755718742
0.0016544550461563016
0.0015597216880092963
0.0014704887959494936
0.0013864266945632882
0.001307236971401635
0.0012326276905370661
0.0011623354655453078
0.0010961016645953277
0.0010336938172600565
0.0009748826850161804
0.0009194630938368929
0.0008672317497804696
0.0008180075875500316
0.0007716102159100894
0.0007278798709478425
0.0006866563804207057
0.0006477988093168848
0.000611164835931102
0.0005766301765056856
0.0005440682688917995
0.000513369562558313
0.0004844214081507342
0.0004571272989806646
0.0004313868666731213
0.00040711516041097687
0.0003842226501806379
0.0003626346305357177
0.0003422711337383672
0.0003230665456468102
0.0003049493313032403
0.0002878619517467714
0.00027174030434434115
0.000256534030884523
0.00024218557419351743
0.00022865096979095352
0.00021587841907774326
0.00020382965915200142
0.00019245795110259394
0.00018173012529073003
0.00017160388103924565
0.00016205060780628638
0.00015303188981314862
0.00014452320708453759
0.0001364895353052482
0.00012891003469188425
0.00012175263160439882
0.00011499980766312498
0.00010862204534960232
0.00010260483471847863
0.00009692086038844587
0.00009155834863181506
0.00008649186777036331
0.00008171214439122483
0.00007719534319164392
0.00007293448758631004
0.00006890707848351444
0.00006510826164644575
0.00006151663768829832
0.00005812932626184064
0.00005492581172188359
0.000051905062567827084
0.00004904724869463082
0.000046353083546821386
0.000043803239636080125
0.000041400090617169784
0.00003912464174868291
0.0000369808596119866
0.00003494992339758665
0.00003303734130156959
0.000031224316886172065
0.00002951786335015556
0.000027899066690684342
0.000026376422111362248
0.000024930762253233684
0.000023572054020326668
0.000022280745697896874
0.000021068277513394333
0.0000199145859495431
0.000018832597469390157
0.000017801611713008993
0.00001683606507058039
0.000015914496642809137
0.000015052886815451228
0.000014228890798543451
0.000013460077121437818
0.000012723093158431957
0.000012037149601633507
0.000011377760558955062
0.000010765842657173457
0.00001017564896248305
9.629875525333748e-6
9.10138342153875e-6
8.614731365003367e-6
8.14125351402543e-6
7.707464346242688e-6
7.28303140097689e-6
6.896528059098303e-6
6.515809976383389e-6
6.1716228582230585e-6
5.829858862417685e-6
5.523560030728246e-6
5.216496264079373e-6
4.944140912878282e-6
4.667974914022569e-6
4.4260492921181875e-6
4.177380543717076e-6
3.9627556202965114e-6
3.7385414887946203e-6
3.5484317262146253e-6
3.3459481971597714e-6
3.17787486575763e-6
2.9946815389390627e-6
2.846440077327504e-6
2.680348950746272e-6
2.549979923544433e-6
2.399027545792832e-6
2.284790806261169e-6
2.147213423455956e-6
2.0475651310759487e-6
1.9217764953962818e-6
1.8353486757731853e-6
1.7199202222465524e-6
1.6455025942435538e-6
1.5391457209451982e-6
1.4756695451080798e-6
1.3772197642411948e-6
1.3237434945623934e-6
1.2321462468221834e-6
1.187842790240739e-6
1.1021407338233023e-6
1.0662861492692736e-6
9.85607763926815e-7
9.575712433636585e-7
8.811205978055121e-7
8.603555971249886e-7
7.874031498171955e-7
7.734395466495716e-7
7.03313864615539e-7
6.95751038652546e-7
6.278313270855497e-7
6.263320632056044e-7
5.600414150783705e-7
5.643265514804341e-7
4.991258313728746e-7
5.089695725219492e-7
4.4435186172471e-7
4.5957769351791653e-7
3.950632297039359e-7
4.155403752130721e-7
3.506719244869014e-7
3.7631229169503337e-7
3.1065090194831006e-7
3.414064764472614e-7
2.745275606806937e-7
3.1038820217131157e-7
2.418779111066848e-7
2.8286952083497707e-7
2.1232136207313124e-7
2.585043878379589e-7
1.8551605839117102e-7
2.3698431155301676e-7
1.611547103727609e-7
2.180344702182202e-7
1.38960861440053e-7
2.014102486315959e-7
1.1868554705085995e-7
1.8689414689443284e-7
1.0010430253033931e-7
1.742930236214495e-7
8.301448270617569e-8
1.634356389367293e-7
6.723285796857581e-8
1.5417046458329757e-7
5.259345846099364e-8
1.4636372989582307e-7
3.894562976909229e-8
1.3989760953138912e-7
2.615168596845417e-8
1.3466384072524356e-7
1.4046844173028244e-8
1.302559821495207e-7
-5.23537674391375e-8
-1.466847138704341e-6
-7.8365793805544e-6
-0.000024609551390522607
-0.00006000416896883778
-0.00012388720860869294
-0.00022856637593079822
-0.0003878819759829989
-0.0006177837307080884
-0.0009355055769006095
-0.0013600288328017155
-0.0019112867972987258
-0.002610570365129416
-0.003479737239264817
-0.004541597695822042
-0.005819117471550306
-0.007335811926339979
-0.009114939323840651
-0.011179925548415029
-0.013553548525629802
-0.016258410762759648
-0.01931611724371014
-0.02274780836924203
-0.026573333318630148
-0.030811850968479118
-0.03548099872312881
-0.04059756350182593
-0.046176642683786774
-0.052232381355196665
-0.05877711770002773
-0.06582217673803083
-0.07337698782842741
-0.08144991970192014
-0.09004735354351434
-0.09917454002660117
-0.10883460865048697
-0.11902942562239816
-0.1297585197180505
-0.14101992106622116
-0.15280898660331255
-0.16511920469710606
-0.17794090976995905
-0.19126204643219125
-0.20506677303764403
-0.21933619119216607
-0.23404685123460928
-0.249171467596293
-0.2646773541614221
-0.2805271612997892
-0.2966772838510644
-0.31307866955380426
-0.3296752547215611
-0.34640490383038625
-0.36319793543816103
-0.3799782565882877
-0.39666204213544715
-0.4131591236680066
-0.42937187789112
-0.4451969172531261
-0.46052422729012493
-0.47523918562616474
-0.48922196540234736
-0.5023498826793797
-0.5144970556467658
-0.5255370505835468
-0.5353427576288884
-0.543789275748692
-0.5507539387643672
-0.5561193535003721
-0.5597734874281186
-0.5616127539948917
-0.561542057834545
-0.5594778091057067
-0.5553478152312651
-0.5490941032068648
-0.5406725492934307
-0.5300553956663948
-0.5172305221882517
-0.502203562132657
-0.48499674349749206
-0.46565053783100346
-0.4442220319085538
-0.4207860824293455
-0.39543321983328145
-0.3682703261939385
-0.3394181167668361
-0.3090114028643358
-0.2771962367614395
-0.24412985843873836
-0.20997761857780212
-0.17491273104485722
-0.13911310133537244
-0.10276101147873394
-0.06603997551411728
-0.029134470368045687
0.007773081566544772
0.04450244828735513
0.08087840898450098
0.11673070079511073
0.15189660452053896
0.18622067470162426
0.21955707586430695
0.25176908748983023
0.2827311897260755
0.3123283434172914
0.3404578278202527
0.3670282970412611
0.39196137112775786
0.41519046996482045
0.4366621594519559
0.45633476780987026
0.4741794948591541
0.49017882631594856
0.5043274268908037
0.5166303836476016
0.5271039189094398
0.5357735087813496
0.5426744636185644
0.5478499762842778
0.5513516210023625
0.5532373841752805
0.553572125181593
0.5524256312541546
0.5498730690361255
0.5459930887734438
0.5408682791098338
0.5345833310997237
0.5272254969409413
0.5188828162127106
0.5096445756133544
0.49959960010067556
0.4888367149431315
0.4774431110072371
0.4655048190030026
0.4531051665496334
0.44032528254212777
0.4272426692040471
0.41393175805633836
0.4004626200444584
0.3869015919877437
0.37331014169606747
0.35974557583203526
0.3462600665155384
0.33290144071486216
0.31971236305103445
0.30673119607308835
0.29399132357842495
0.2815220627738554
0.2693481052708421
0.2574904574393986
0.2459659729920811
0.23478829692471778
0.22396746394204584
0.21351082355815407
0.20342268160080512
0.19370518822942057
0.18435800424844673
0.1753791388809948
0.1667646275900443
0.15850931151845907
0.15060651819805965
0.14304877902745167
0.13582750818583375
0.12893365806420667
0.12235739470422949
0.1160886936499589
0.11011701230849714
0.10443183032648391
0.09902232053764091
0.09387783884939985
0.08898759607328295
0.08434110261872658
0.0799278436694982
0.07573768389914412
0.07176054832135423
0.06798679190963322
0.06440688813772896
0.061011767919828604
0.05779251746299608
0.054740690427478325
0.05184801629750126
0.04910668914731482
0.046509087346744776
0.044048041835559125
0.04171656763191149
0.03950811409010212
0.03741630838611216
0.035435189862619405
0.03355896542567864
0.03178222976714668
0.03009973241983487
0.028506585387758052
0.026998041463048402
0.025569690581558065
0.02421724890251263
0.022936745031530478
0.02172431929287787
0.020576400823345286
0.019489516417752296
0.01846045938653511
0.017486107327131902
0.016563583547371596
0.015690083103203994
0.014863027518823145
0.014079898427028439
0.013338386260005318
0.012636230834541401
0.011971364641393926
0.011341759725854212
0.010745566168406308
0.010180964624013513
0.009646300556947563
0.009139941816733752
0.008660409166790974
0.008206238290162522
0.007776107132654009
0.007368701746522179
0.0069828409541106825
0.006617345451943283
0.0062711602893368145
0.005943226667450339
0.005632602719848639
0.0053383374523567305
0.005059590306338071
0.004795506693797386
0.004545336821605559
0.004308312283953305
0.004083764623874878
0.00387100245004686
0.0036694302137296863
0.003478425318882749
0.0032974575971060492
0.0031259658795504226
0.0029634786572420744
0.002809489582815928
0.0026635798100699453
0.0025252918893682824
0.002394254289323633
0.002270053143941682
0.002152359470347743
0.0020407982170143357
0.0019350787033953288
0.0018348604093421888
0.0017398871782849416
0.001649849171828397
0.0015645213960123116
0.0014836212318717974
0.001406951861625623
0.0013342547680883336
0.0012653586591925717
0.001200026308163098
0.0011381096000855542
0.0010793900605373238
0.0010237406735568038
0.0009709594216099752
0.0009209385530080615
0.0008734904268539667
0.0008285249403826049
0.0007858669403603734
0.0007454425546074688
0.0007070873975844074
0.0006707425876024158
0.0006362529366044415
0.000603573474550002
0.0005725567724088041
0.0005431708383210093
0.0005152746799516151
0.0004888484837061546
0.00046375647246180266
0.00043999033123450507
0.0004174183660885964
0.00039604319152950884
0.0003757361412368454
0.0003565102912984579
0.0003382390138919777
0.00032094547191504556
0.00030450414372422863
0.00028894799074545487
0.00027415171227591597
0.00026015786058683954
0.00024684051055207107
0.0002342516724149262
0.00022226398339314182
0.00021093884972598373
0.00020014668270433626
0.00018995828962844785
0.0001802410869728963
0.00017107535140573722
0.00016232474850237812
0.00015407915439305569
0.0001461977348943376
0.00013878015463906926
0.00013168033319690392
0.00012500797073299616
0.00011861099082490977
0.00011260943276275118
0.00010684446717987102
0.00010144683197353475
0.00009625017526506405
0.00009139634908348399
0.00008671069313869077
0.00008234664458351908
0.0000781204276903323
0.00007419759224740506
0.00007038441495545248
0.00006685914292977247
0.00006341724318297502
0.000060250303524803857
0.000057142085777163885
0.000054298221240910616
0.00005148983260389285
0.00004893735995590361
0.000046398310346019925
0.00004410876141209723
0.000041811581366972165
0.00003975938093868107
0.000037679314697973805
0.00003584149092529292
0.000033956220256689174
0.000032312145233986375
0.00003060154125173487
0.000029132697572536503
0.00002757859737939745
0.000026268368705122172
0.000024854374679423412
0.000023687857503420022
0.000022399156344598956
0.000021362991224741108
0.0000201861919615372
0.00001926841199389841
0.000018191399135722838
0.000017381293868319583
0.000016393095523675684
0.000015681089079540823
0.000014771758688574253
0.00001414929989583159
0.000013309808763410725
0.000012769273636441862
0.000011991414610993368
0.000011526017378701024
0.000010802317690283034
0.000010406032688815539
9.729675394195289e-6
9.39716609594553e-6
8.761919035696266e-6
8.488475036324244e-6
7.888626678247149e-6
7.670106857839203e-6
7.100408067843957e-6
6.933190389801672e-6
6.38880157742899e-6
6.269738159358661e-6
5.746181790470785e-6
5.672558673586582e-6
5.165675445867199e-6
5.135177041982895e-6
4.6410865443672835e-6
4.651764144773918e-6
4.1668285957481174e-6
4.217072245527603e-6
3.737863930523471e-6
3.826378097817325e-6
3.3496486498885116e-6
3.4754305627917944e-6
2.99808332776688e-6
3.1604038672405853e-6
2.679468271586091e-6
2.877856233072097e-6
2.390463897961684e-6
2.6246915867450237e-6
2.1280547478809357e-6
2.3981259636461597e-6
1.8895163458622196e-6
2.195656746430634e-6
1.672386601224075e-6
2.015035292510194e-6
1.4744390126313704e-6
1.8542420994103694e-6
1.2936590709384746e-6
1.7114648349876999e-6
1.1282227165479152e-6
1.5850778272382445e-6
9.764772652052781e-7
1.4736246125071877e-6
8.369231607763749e-7
1.3758015949326782e-6
7.081993944154646e-7
1.2904433232473735e-6
5.89068530687304e-7
1.2165096205044218e-6
4.784040436287408e-7
1.153073710821949e-6
3.7517851800545873e-7
1.0993121358710039e-6
2.78453340878812e-7
1.0544943513623865e-6
1.8736492923544228e-7
1.0179391619873303e-6
1.0083778739779238e-7
9.867973220437576e-7
-1.1616753542450675e-7
-3.2687588258481963e-6
-0.000017455220414927143
-0.000054795047825809264
-0.00013353041328219612
-0.00027552165107770383
-0.0005079283553782966
-0.0008612017089979337
-0.0013702086357093438
-0.002072453337508824
-0.003008844438313443
-0.0042220449911884225
-0.005756984025780304
-0.007659292857045311
-0.009975626664414764
-0.012752174001832742
-0.016034840240963844
-0.019867833399699553
-0.02429375736758582
-0.02935228719287928
-0.03508022083688171
-0.04151026295140404
-0.048671086151207354
-0.05658624394627155
-0.06527429329139683
-0.07474785358897282
-0.08501383903251493
-0.09607267024977417
-0.10791865594268445
-0.12053934634781062
-0.13391608848692935
-0.14802348723475883
-0.16283013855930858
-0.17829813752248508
-0.1943839726182958
-0.2110379951660956
-0.2282054402061331
-0.24582575428077974
-0.263833699915301
-0.2821584344500563
-0.3007246608454859
-0.31945136330065105
-0.33825298976033025
-0.357037781961833
-0.3757090140917846
-0.3941629032789234
-0.41228997992249844
-0.42997262316560764
-0.44708669339605067
-0.46349879627831475
-0.479068356219901
-0.49364476081346315
-0.5070700845291775
-0.5191762921758886
-0.5297888254000966
-0.5387240412020908
-0.5457938446849737
-0.5508035037619172
-0.5535574501552174
-0.5538575468435585
-0.5515100912783484
-0.5463245255714563
-0.5381215712501005
-0.5267322745698843
-0.5120070927983984
-0.49381506983441276
-0.4720535912718688
-0.44664739856954777
-0.41755864285319216
-0.3847853763791277
-0.34837146944530467
-0.308404170912309
-0.2650234136073539
-0.2184180160419234
-0.1688338947945455
-0.11656849357068289
-0.06197745346865433
-0.005466911194697554
0.052501742000302526
0.11142194603288305
0.17073936027446884
0.2298644281430595
0.2881719622823678
0.3450160767307864
0.39973179020127714
0.4516519760633606
0.50011055596623
0.5444608732400154
0.5840798096295731
0.6183867685849214
0.6468478502102817
0.6689944679806308
0.6844265891285094
0.6928299252432689
0.6939772060671552
0.6877428949076931
0.6741015220721408
0.6531389849849135
0.6250471251132519
0.5901308802636942
0.5487985448242573
0.5015643466382955
0.44903418241638315
0.39190358996656455
0.3309391909532913
0.26697250735258443
0.2008778492166267
0.13356294687844314
0.0659445422124545
-0.0010626903491701802
-0.06657113591812269
-0.12973117098495016
-0.18975474164540115
-0.24592412831647265
-0.2976121012365977
-0.3442866474878744
-0.38552601873298104
-0.4210180404312321
-0.45056901576446773
-0.4740970142974673
-0.49163447133439514
-0.5033157780113413
-0.5093743442827149
-0.5101256904836583
-0.5059605231924785
-0.49732516613023725
-0.4847126610562528
-0.4686426400076901
-0.44965252189556737
-0.4282787853856898
-0.4050500075032774
-0.38047101922362186
-0.3550189407042401
-0.3291310370164374
-0.3032042113829574
-0.27758669666064223
-0.25258083499191325
-0.2284381837228456
-0.20536495150159498
-0.18351974672906896
-0.16302080339790115
-0.14394546999584654
-0.12633832826305316
-0.11021157225384362
-0.09555324419464212
-0.08232782154920101
-0.07048399661375031
-0.059955005719218954
-0.050665600406036695
-0.04253186330823618
-0.03546721473327119
-0.02938163122121983
-0.024186679433128463
-0.019794172761132302
-0.016120319515195738
-0.013083921791959524
-0.010609773397675668
-0.008626533167079077
-0.007069521522357448
-0.005878400100814321
-0.004999506787254667
-0.00438345660022533
-0.003987134094643903
-0.0037713062246082286
-0.003702365960936348
-0.0037500225556621916
-0.0038888659889409153
-0.0040961773581452395
-0.004353362935735916
-0.004643908943080326
-0.0049547175365207375
-0.005274216330517466
-0.005593616472591712
-0.005905177567032511
-0.006203399562236258
-0.006483437454539564
-0.006742233238345362
-0.006977071118323036
-0.007186652488643227
-0.007369780623337804
-0.007526379888791001
-0.007656298382135903
-0.007760271828992504
-0.007838832930652217
-0.007893220243876509
-0.007924383747186847
-0.00793383917562048
-0.007922760282496097
-0.00789277942569904
-0.00784515802937984
-0.007781534581682494
-0.007703165804377816
-0.007611623553987135
-0.007508100135684524
-0.007394055873691241
-0.007270582835289266
-0.0071390050358931915
-0.00700029556578199
-0.006855631528453458
-0.006705860192023597
-0.006552010819603049
-0.006394806009432274
-0.0062351325884876735
-0.0060735947685404195
-0.005910946241569123
-0.005747682171523194
-0.005584434567479696
-0.005421600471889908
-0.005259702595731594
-0.005099051359964318
-0.004940072668825075
-0.0047830017160299335
-0.0046281796582834335
-0.004475777320674022
-0.004326062405771882
-0.004179151436979352
-0.004035249008072659
-0.003894426482374803
-0.0037568346594878885
-0.0036225079124702435
-0.0034915515197289663
-0.0033639700694103884
-0.0032398305810335238
-0.0031191141447308155
-0.0030018558341298493
-0.0028880186748302047
-0.0027776112332463096
-0.0026705831276191295
-0.0025669210636468033
-0.0024665652150340227
-0.0023694843633599782
-0.002275612586622323
-0.0021849040523112748
-0.002097289552324245
-0.002012711399077676
-0.0019310994429944126
-0.0018523864187437846
-0.0017765031786679461
-0.0017033747408116797
-0.0016329345620940661
-0.0015651014432546209
-0.001499812759016792
-0.001436982284452833
-0.0013765523831692685
-0.0013184327284368903
-0.0012625715424091771
-0.0012088750950869718
-0.001157298170705778
-0.0011077441399178903
-0.001060174917385624
-0.0010144913127144504
-0.0009706628323335006
-0.0009285879218298874
-0.0008882440545020291
-0.0008495273901628802
-0.0008124236782564782
-0.0007768267677577943
-0.0007427309442161791
-0.0007100276339875185
-0.00067871988518508
-0.0006486965125473663
-0.0006199695305934901
-0.0005924248904028402
-0.0005660837640947302
-0.000540828928787202
-0.0005166909036363166
-0.0004935489322192227
-0.00047144307398626546
-0.0004502486339921338
-0.00043001541847847036
-0.00041061434770810976
-0.0003921051965734114
-0.00037435401885264403
-0.0003574308020575585
-0.0003411962149781352
-0.00032573072883037993
-0.0003108890758219254
-0.00029676251158287557
-0.0002831992461065141
-0.0002703016555136
-0.00025791080906943246
-0.0002461405751774432
-0.00023482423106682611
-0.00022408754943408453
-0.00021375532987645302
-0.00020396570490125243
-0.00019453427431603148
-0.00018561203197089204
-0.00017700461965611359
-0.0001688764412915411
-0.0001610223834166846
-0.00015362086057183315
-0.00014645516543385393
-0.0001397183766178369
-0.00013318131158217487
-0.00012705242309812728
-0.00012108912465255243
-0.0001155160129312559
-0.00011007611987017628
-0.00010501101700759023
-0.0001000483254699325
-0.00009544748727933575
-0.00009091962719649255
-0.00008674302325387737
-0.00008261115739549117
-0.00007882217991537714
-0.00007505072149406345
-0.00007161591778359127
-0.0000681722686649707
-0.0000650610885401196
-0.00006191539602905057
-0.000059099960412950074
-0.000056224890784149455
-0.0000536797756164094
-0.00005105030474046396
-0.000048752343205884085
-0.00004634556225437535
-0.00004427365941593737
-0.00004206859608511351
-0.00004020356070411152
-0.00003818101284315684
-0.00003650540065190533
-0.00003464778338659237
-0.00003314575267778598
-0.00003143695788994276
-0.00003009413844476557
-0.00002851940383795973
-0.000027322775085335507
-0.0000258685649521696
-0.000024806345333706342
-0.000023460239887257542
-0.000022521784586721804
-0.000021272378529387535
-0.000020448086292590347
-0.000019284895337472128
-0.000018566124032729255
-0.000017479498563695448
-0.000016858486997130665
-0.000015839533503265676
-0.000015309330840406793
-0.000014349838304564787
-0.000013904239295595208
-0.000012996612847468969
-0.000012630099581571824
-0.000011767298186161475
-0.00001147498705921531
-0.000010650466876832225
-0.00001042805937861881
-9.635721388191402e-6
-9.479461861616006e-6
-8.713603180126143e-6
-8.62023898923203e-6
-7.875508647307474e-6
-7.842254927187298e-6
-7.113611765189815e-6
-7.138119308355971e-6
-6.42079449230122e-6
-6.501121613090571e-6
-5.790582506847971e-6
-5.9251704700065716e-6
-5.217087841266264e-6
-5.40473741316804e-6
-4.6949544281945256e-6
-4.934807083539512e-6
-4.219310772723456e-6
-4.5108309395886165e-6
-3.7857245865140732e-6
-4.128685279063584e-6
-3.3901635661115643e-6
-3.7846328622528158e-6
-3.028957796575744e-6
-3.4752893646150255e-6
-2.6987668850970792e-6
-3.1975900606752204e-6
-2.3965495298703465e-6
-2.94876311048625e-6
-2.119535236927828e-6
-2.726300992577661e-6
-1.8651988615458148e-6
-2.5279393587520274e-6
-1.6312389097732068e-6
-2.3516336054754382e-6
-1.415554933191082e-6
-2.1955399086909895e-6
-1.216228623580533e-6
-2.057997581469954e-6
-1.0315073002754083e-6
-1.93751278366048e-6
-8.597873435557514e-7
-1.83274426373698e-6
-6.995995805031049e-7
-1.742489393054816e-6
-5.495963534802456e-7
-1.6656728647351537e-6
-4.0854005324744004e-7
-1.6013349570443988e-6
-2.752840644142123e-7
-1.548569745056395e-6
-1.4835377967709278e-7
-1.503253856325342e-6