-8.11540331876814e-6
-0.00003240484080281806
-0.00007278550011499763
-0.00012911134804754828
-0.0002011764519717603
-0.00028873194406627944
-0.0003914786366663729
-0.0005090901985458045
-0.0006412028926377771
-0.0007874454327109661
-0.0009474244637585298
-0.0011207606560678326
-0.001307068504400051
-0.001505998064852217
-0.00171720773852108
-0.0019404109350379163
-0.0021753407164348797
-0.0024218006134128778
-0.0026796203314841914
-0.002948709960997136
-0.003229006373275112
-0.0035205301508556414
-0.0038233228019387677
-0.0041375058818136495
-0.004463209697963834
-0.004800634277117295
-0.005149970782139652
-0.005511464173130908
-0.0058853290658767345
-0.006271814104813937
-0.006671114412864892
-0.007083437800604481
-0.007508916241629513
-0.00794767405004533
-0.008399740925179963
-0.008865122112525098
-0.00934371547378615
-0.009835383396034928
-0.010339876058256762
-0.0108569044842564
-0.01138607172282702
-0.011926945991341847
-0.012479000917493242
-0.013041687252894642
-0.013614382713233513
-0.01419646032618386
-0.01478724783364491
-0.015386090444671702
-0.015992319299410834
-0.016605306276819578
-0.01722444071310612
-0.01784917398753252
-0.018479003554396342
-0.01911350528564596
-0.019752323896907408
-0.020395191419992055
-0.02104192323676315
-0.021692421526948974
-0.022346676315049652
-0.023004753228321198
-0.023666799165990474
-0.024333014166423726
-0.025003661503526866
-0.025679023889821226
-0.026359418003212388
-0.02704513566654165
-0.02773646304835414
-0.028433607905436666
-0.02913672403505371
-0.0298458261926647
-0.030560820837791654
-0.031281410966049826
-0.03200713478225555
-0.03273726338384794
-0.03347084964650254
-0.034206622368768445
-0.03494304823337727
-0.03567822651350973
-0.03640996729274458
-0.03713569095209714
-0.03785252569747224
-0.03855721561881454
-0.03924623983390609
-0.03991573183429186
-0.040561621156583814
-0.0411795650250971
-0.04176511149677196
-0.04231364224883503
-0.04282055385366105
-0.04328120825323535
-0.04369112657103956
-0.044045941766644385
-0.04434159760354881
-0.04457429659943877
-0.04474069582664156
-0.04483784289428499
-0.04486336041867049
-0.044815363553072814
-0.044692626289114856
-0.044494475931809246
-0.04422093671623176
-0.043872599334690794
-0.043450740310831376
-0.04295716777679427
-0.042394318142151444
-0.0417650822621202
-0.04107288364160356
-0.040321491425280874
-0.03951508623395824
-0.03865806766632481
-0.03775511459282635
-0.03681099491647366
-0.03583062669453533
-0.03481889683227849
-0.033780727948152525
-0.03272091076127464
-0.031644179536017995
-0.030555060613350466
-0.02945795704079491
-0.0283570134749517
-0.027256208683111294
-0.026159235322551776
-0.025069597727876456
-0.023990504098736782
-0.022924966504330638
-0.021875702820867298
-0.020845236124374243
-0.019835804154642245
-0.018849455999221734
-0.017887967641267127
-0.0169529347563435
-0.016045693722434563
-0.015167410175323493
-0.01431900548048678
-0.013501241238444796
-0.012714651519790399
-0.011959623722329928
-0.011236336855979061
-0.01054483908276709
-0.009884992101794733
-0.009256545469471949
-0.008659086807265492
-0.008092112731905151
-0.007554984309339407
-0.007046994222198916
-0.006567326698980236
-0.006115120459335373
-0.005689432284614825
-0.005289295314387849
-0.004913685478928874
-0.004561574844521611
-0.004231900262798309
-0.003923611635766533
-0.003635642307657848
-0.003366952302429057
-0.0031165001538069636
-0.002883281327716211
-0.0026663013305866516
-0.0024646096494509422
-0.0022772740852700308
-0.002103410618975566
-0.001942158983899343
-0.0017927089000366447
-0.0016542769326606517
-0.0015261295375751632
-0.0014075612598693017
-0.0012979150096047787
-0.0011965616442043186
-0.0011029178560923272
-0.0010164271621731478
-0.0009365757400166748
-0.0008628748242696978
-0.0007948747816505902
-0.0007321488910648858
-0.0006743059036259522
-0.0006209751631805292
-0.0005718178579010321
-0.0005265134220404021
-0.00048476965127153303
-0.00044631031505665617
-0.00041088427896433387
-0.000378254249784529
-0.00034820502417237914
-0.0003205332849833859
-0.00029505507618239173
-0.00027159656812486695
-0.00025000084303289046
-0.00023011954841652545
-0.00021181906488269134
-0.0001949729699513255
-0.00017946764991146668
-0.00016519550041201852
-0.0001520600359885875
-0.00013996975857368175
-0.00012884281175304458
-0.00011860145342186803
-0.00010917629644501269
-0.00010050132683881496
-0.00009251776803555424
-0.00008516959103002567
-0.00007840703567448295
-0.00007218256408171913
-0.00006645406914275058
-0.00006118122705097253
-0.00005632842042991612
-0.00005186145009430913
-0.000047750197708638586
-0.00004396566082042012
-0.00004048237777362423
-0.000037275753629367196
-0.00003432426809245893
-0.00003160706319105261
-0.00002910595319355776
-0.00002680324786570527
-0.00002468358173903954
-0.00002273194942223769
-0.00002093537010526873
-0.000019281113799443675
-0.000017758215608347784
-0.000016355873921401227
-0.000015064827746432478
-0.000013875909812408971
-0.000012781299118483126
-0.000011773213637671953
-0.000010845049193510143
-9.990198006135408e-6
-9.20308404986927e-6
-8.47809507713972e-6
-7.810523727504813e-6
-7.195601914165007e-6
-6.629356146160374e-6
-6.107734280312695e-6
-5.627382777647711e-6
-5.1848568239320885e-6
-4.7773265661234305e-6
-4.4018625010576384e-6
-4.056077115507513e-6
-3.737478249721919e-6
-3.4440519933414364e-6
-3.173677456481215e-6
-2.9246562528868886e-6
-2.6951827568355846e-6
-2.4838250325984716e-6
-2.289045240870693e-6
-2.109636432973772e-6
-1.9442882957926354e-6
-1.7919838360756224e-6
-1.6516061201956425e-6
-1.522298512047389e-6
-1.4031084907531252e-6
-1.2933147705387811e-6
-1.1921046627080951e-6
-1.098871105928213e-6
-1.0129203802851694e-6
-9.337418025719328e-7
-8.607429082563504e-7
-7.93494315392348e-7
-7.314897726375513e-7
-6.743684656481695e-7
-6.216975773720312e-7
-5.731741043406532e-7
-5.284278058252919e-7
-4.872044061480519e-7
-4.4918701004972927e-7
-4.141623995816874e-7
-3.8185917741044393e-7
-3.5209870639804556e-7
-3.2464841231566186e-7
-2.993587711126508e-7
-2.760303521210924e-7
-2.545381288749634e-7
-2.3471098112792368e-7
-2.1644448522962588e-7
-1.9959171481773927e-7
-1.8406556360478698e-7
-1.6973979346075712e-7
-1.565418431980975e-7
-1.4436317480697877e-7
-1.3314343628913648e-7
-1.2278924316772812e-7
-1.13250481031091e-7
-1.0444674728659336e-7
-9.63365051399432e-8
-8.885048041269739e-8
-8.19543153610799e-8
-7.558828307374225e-8
-6.972402561696512e-8
-6.431001389829545e-8
-5.9322897703850145e-8
-5.4718192256711006e-8
-5.047672068802013e-8
-4.656005632556236e-8
-4.295249330718818e-8
-3.962082186138634e-8
-3.6552215817930736e-8
-3.371796134554932e-8
-3.1107616211667485e-8
-2.8696347137549603e-8
-2.6475677343456085e-8
-2.442412679356504e-8
-2.253483409438321e-8
-2.078922175410967e-8
-1.918174993050232e-8
-1.769635647614884e-8
-1.632857476812907e-8
-1.506452960765607e-8
-1.3900619902660158e-8
-1.2824873293717843e-8
-1.1834380139697419e-8
-1.0918829754298379e-8
-1.007585618221017e-8
-9.296603694245647e-9
-8.579126936754832e-9
-7.915849076492595e-9
-7.305139910255553e-9
-6.740551306009656e-9
-6.220680417181486e-9
-5.740079229688777e-9
-5.297496971864061e-9
-4.8883776520327146e-9
-4.511558294007867e-9
-4.163282266288757e-9
-3.842420538257607e-9
-3.54593873725991e-9
-3.272692069414795e-9
-3.0203054332931057e-9
-2.7875753222231805e-9
-2.5727340506403777e-9
-2.374480377064493e-9
-2.191611687210193e-9
-2.0226936124124635e-9
-1.867056461044145e-9
-1.7230988291596353e-9
-1.5906587806507156e-9
-1.4679371167369795e-9
-1.3552622478262997e-9
-1.250605830388655e-9
-1.1547756877956566e-9
-1.065484075064019e-9
-9.840148613541287e-10
-9.077882172220043e-10
-8.385668246824967e-10
-7.734465873785155e-10
-7.14674923799278e-10
-6.589919565687815e-10
-6.091420599403181e-10
-5.614725633834895e-10
-5.192455234447826e-10
-4.783760418636167e-10
-4.4266814312533813e-10
-4.075626774545471e-10
-3.774363551577613e-10
-3.4721054447252247e-10
-3.2187018982301655e-10
-2.9576790963847073e-10
-2.745391995782391e-10
-2.5191344121603934e-10
-2.342251713789282e-10
-2.1452130728328024e-10
-1.9989075007377875e-10
-1.8263275676835482e-10
-1.7065329633205766e-10
-1.5543152477219122e-10
-1.4576032238016817e-10
-1.3222153294387896e-10
-1.2457201115184034e-10
-1.1240941387759591e-10
-1.0654281742425488e-10
-9.549021262879417e-11
-9.120919906370866e-11
-8.10326755188183e-11
-7.817574056573704e-11
-6.866946233285667e-11
-6.710597464889559e-11
-5.808769719681914e-11
-5.771374794529567e-11
-4.901926633218398e-11
-4.975587592863036e-11
-4.123654694100526e-11
-4.302526563046892e-11
-3.454431472431591e-11
-3.73461460303654e-11
-2.8775914103175168e-11
-3.256947082937168e-11
-2.378923835467514e-11
-2.8568448671576637e-11
-1.9461891453566352e-11
-2.5235654940159215e-11
-1.568903803671109e-11
-2.2480924008335635e-11
-1.238102186657117e-11
-2.0227232983814625e-11
-9.459899450120761e-12
-1.841023762131048e-11
-6.858882185748568e-12
-1.6975830764144234e-11
-4.519716282633313e-12
-1.587852910682191e-11
-2.385322671148759e-12
-1.502961492259717e-11
0.000032317963132975835
0.00012887364594691537
0.0002886010770431902
0.0005102338011106639
0.0007913653477847526
0.0011296573170577365
0.0015216966046981719
0.0019642834752356254
0.002453266125983939
0.002984860353228751
0.0035544873736805534
0.004158091084878482
0.004790989572713601
0.005449165961879163
0.006128138043379504
0.006824204790134601
0.007533336532234958
0.008252364085164676
0.008977892058228564
0.009707421942646026
0.01043829242167943
0.011168731769052333
0.011896830703881861
0.012621522894023175
0.013341597402936285
0.014056608757287486
0.014765936952673555
0.015469630253160465
0.016167520800410284
0.016860003988418464
0.017547216867838333
0.018229757638927264
0.018907932342991044
0.019582416937736512
0.020253575460552977
0.020922065612305727
0.0215882290197383
0.02225263965286034
0.02291556442115297
0.023577452491048062
0.024238462615553097
0.0248988908353096
0.025558759949941556
0.026218183363443
0.026877012065746483
0.02753513350340082
0.028192172246472823
0.028847724498968167
0.02950110997661339
0.030151544625260457
0.03079794270300015
0.031439031991507126
0.032073206230498794
0.03269858819898137
0.03331293318949327
0.033913645610581314
0.034497734046918936
0.035061786569383406
0.03560197731386515
0.036114004823145474
0.03659314941806752
0.03703417814016708
0.037431451986149306
0.0377788008610884
0.03806968038536456
0.03829702098502885
0.038453435543001624
0.03853104826166142
0.038521756590312664
0.03841704728964886
0.0382083180971215
0.03788668965202806
0.037443393266035595
0.0368695870266489
0.03615681480960539
0.03529683208774122
0.03428213722313122
0.033105806812121115
0.03176209316374154
0.03024626063340992
0.028555233643818744
0.02668741544196234
0.024643360508157665
0.02242554735285148
0.020039039869960352
0.017491178578257632
0.014792189976337545
0.011954758564532106
0.008994543977771724
0.005929601260577595
0.0027807741211076003
-0.00042905579539487173
-0.003674714575930775
-0.006929656372288064
-0.010165840049340392
-0.013354792398774608
-0.01646758203673327
-0.01947597319489416
-0.022352439576842926
-0.025071336011396484
-0.02760887911989971
-0.0299442540892712
-0.03205948545737709
-0.033940400245695855
-0.03557632331901955
-0.03696083693004704
-0.03809126013162941
-0.03896917581101494
-0.039599688278232854
-0.03999172630317069
-0.04015711032568975
-0.04011067607224198
-0.039869214792247254
-0.0394514888780953
-0.038877128079624824
-0.03816662038173417
-0.037340250174325434
-0.036418142330721215
-0.035419314812945364
-0.034361833587907765
-0.033262026201579
-0.03213477560492155
-0.030992909720333407
-0.029847630999683305
-0.028708067551152294
-0.027581809498545592
-0.026474586017587617
-0.025390864154065614
-0.024333606341941365
-0.023304883757686346
-0.022305670352705736
-0.021336429351137744
-0.020396909582226033
-0.01948667653740174
-0.018604890538746095
-0.017750768436227592
-0.016923336742877635
-0.01612182290976669
-0.015345387068595251
-0.014593450726803302
-0.013865416902038685
-0.013160948507486898
-0.012479688614009908
-0.011821501436087666
-0.011186203302826278
-0.010573777306109866
-0.009984122692365515
-0.009417251250063704
-0.008873059487064057
-0.008351511772717611
-0.007852436686024476
-0.007375699421808674
-0.006921021502750019
-0.006488143252325321
-0.0060766647403318694
-0.005686198189038867
-0.00531622744043842
-0.004966249824770737
-0.004635651386036279
-0.004323837791435261
-0.004030122814826703
-0.0037538481126302608
-0.003494282868891526
-0.0032507325698261547
-0.0030224481400380134
-0.0028087241287859483
-0.0026088160484642573
-0.0024220285991027324
-0.002247640227852252
-0.002084982154125034
-0.0019333693988320818
-0.0017921714369725835
-0.0016607491071968699
-0.0015385177271229147
-0.0014248894016309559
-0.00131932940495838
-0.0012213034755468196
-0.001130328213410308
-0.001045922992735053
-0.0009676550549116922
-0.0008950956981043398
-0.0008278606738474202
-0.0007655703323621718
-0.0007078858598868283
-0.0006544730739586466
-0.0006050349727297572
-0.0005592788885674283
-0.0005169457615588825
-0.0004777803738989298
-0.0004415577076128365
-0.00040805599713252075
-0.0003770804858704945
-0.00034843904999368576
-0.0003219636296957375
-0.00029748819333481213
-0.0002748680854477811
-0.00025396011717915875
-0.00023464004430441863
-0.00021678458622631248
-0.0002002872225231977
-0.00018504195896028826
-0.00017095760995846184
-0.00015794314508939662
-0.00014592060670224583
-0.00013481188511470146
-0.00012455040460100704
-0.00011506918902284479
-0.00010631143564674553
-0.00009821974576642195
-0.0000907456934738047
-0.00008384010762073513
-0.0000774617318919031
-0.00007156845529118215
-0.00006612515040084099
-0.00006109575932388308
-0.00005645038844111004
-0.000052158165993325304
-0.00004819366411093663
-0.000044530451963861555
-0.000041146909161070324
-0.000038020406299520556
-0.00003513256732418157
-0.00003246401587386461
-0.00002999913888296214
-0.00002772134323715395
-0.0000256173678817158
-0.000023673000778094903
-0.000021876982284543966
-0.00002021713723820993
-0.000018683908420438326
-0.000017266863215167146
-0.000015957892131156045
-0.00001474805331024259
-0.000013630467994522785
-0.000012597469904691386
-0.000011643226219634219
-0.000010761162259546291
-9.946333947083461e-6
-9.193100928703093e-6
-8.497274028669038e-6
-7.854012731474911e-6
-7.259769066152509e-6
-6.710387370562738e-6
-6.202863989244547e-6
-5.733629913972784e-6
-5.300143546610508e-6
-4.899338389901542e-6
-4.529064993773247e-6
-4.186687551160407e-6
-3.870389220080834e-6
-3.57790337785905e-6
-3.3076953534507305e-6
-3.0578150804579105e-6
-2.8269670277209857e-6
-2.6134727526295707e-6
-2.416239391820599e-6
-2.2338215747791045e-6
-2.0652981241083994e-6
-1.9094237646009213e-6
-1.7654227616128492e-6
-1.632221582751267e-6
-1.509167599146612e-6
-1.3953348735266173e-6
-1.2901749557360073e-6
-1.1928887169047915e-6
-1.1030158172847074e-6
-1.0198661675580591e-6
-9.430538510953316e-7
-8.719826021745873e-7
-8.06329399987589e-7
-7.455786644926782e-7
-6.894604802096342e-7
-6.375287153634791e-7
-5.895583238239093e-7
-5.451629355698425e-7
-5.041552730058502e-7
-4.662005651028684e-7
-4.3114333515520196e-7
-3.986932330696807e-7
-3.687215502096895e-7
-3.40976250770215e-7
-3.1535119041846763e-7
-2.9162740503832086e-7
-2.6971757630070856e-7
-2.494313488909396e-7
-2.3069731646995185e-7
-2.1334971016362328e-7
-1.9733042807900917e-7
-1.824950305723876e-7
-1.687965030471283e-7
-1.5610888685993315e-7
-1.4439443220714074e-7
-1.3354311355348326e-7
-1.235249623762637e-7
-1.1424374454476601e-7
-1.0567593409758635e-7
-9.773725617647792e-8
-9.040951756040646e-8
-8.361883957531518e-8
-7.735150769352959e-8
-7.154255467350792e-8
-6.618198603790125e-8
-6.121253826933134e-8
-5.6627420638580564e-8
-5.237595163457412e-8
-4.845399274873552e-8
-4.481656503183021e-8
-4.1461809723175667e-8
-3.834956521343658e-8
-3.547986929981747e-8
-3.2816835166194984e-8
-3.036203887979645e-8
-2.808325622051392e-8
-2.5983350595698573e-8
-2.4033211813445452e-8
-2.223690264408769e-8
-2.056793561482005e-8
-1.903131341498417e-8
-1.7602835552233062e-8
-1.6288397729674115e-8
-1.5065618998541775e-8
-1.394125021072183e-8
-1.2894465541054634e-8
-1.1932745840054287e-8
-1.1036506198750355e-8
-1.021397729665853e-8
-9.44654385165059e-9
-8.743076275390234e-9
-8.08578650061077e-9
-7.484287906514377e-9
-6.9211842295008196e-9
-6.406965055451444e-9
-5.924420428568052e-9
-5.484933436137027e-9
-5.071317380441287e-9
-4.695824881003985e-9
-4.3410865473319e-9
-4.020423862465752e-9
-3.716029054691331e-9
-3.4423505743991682e-9
-3.1809817635827276e-9
-2.9475637573156565e-9
-2.7229728466974076e-9
-2.5240600632970777e-9
-2.330850537110021e-9
-2.161582449309245e-9
-1.995128545231414e-9
-1.8512996543541254e-9
-1.707708240525229e-9
-1.5857478791037483e-9
-1.4615524495489987e-9
-1.3584547653320469e-9
-1.250769733938733e-9
-1.1639344688457834e-9
-1.0702510469927932e-9
-9.974584780580995e-10
-9.156312854226346e-10
-8.550142094646413e-10
-7.83167890687462e-10
-7.331273535605551e-10
-6.696725007640163e-10
-6.288599863782217e-10
-5.723878560620244e-10
-5.39699441425441e-10
-4.889911624907037e-10
-4.6344872963990534e-10
-4.1744799475032034e-10
-3.9829251187895574e-10
-3.5605762637079934e-10
-3.426321519992551e-10
-3.0334946172149444e-10
-2.9511258525034344e-10
-2.5807322672840724e-10
-2.545734676955012e-10
-2.1912886704361193e-10
-2.2005747614709996e-10
-1.8560732372684058e-10
-1.9068755631105421e-10
-1.566960279534743e-10
-1.657311278952321e-10
-1.3172634100492604e-10
-1.4454825620736028e-10
-1.1008494519927062e-10
-1.266826244137515e-10
-9.127460342113069e-11
-1.1166560963232048e-10
-7.488350559188754e-11
-9.911085719884604e-11
-6.053318104985626e-11
-8.870758062925808e-11
-4.790053482438943e-11
-8.016924064237207e-11
-3.666949371349865e-11
-7.327157918702672e-11
-2.6620950500564923e-11
-6.779880384053464e-11
-1.75668987904683e-11
-6.359015839453595e-11
-9.290872273696575e-12
-6.030283139394028e-11
0.000046153121726588285
0.00018402052014738964
0.0004121468694803104
0.0007286825986882964
0.0011302387481541137
0.0016133252289109695
0.0021729378796592675
0.0028040775996695556
0.0035003134766885013
0.004255334968022999
0.005061531572139714
0.0059115472915310845
0.006796898612692238
0.007709512042546081
0.008640393209349912
0.009581133447975801
0.010522637137152253
0.011456585681602852
0.012374225961027878
0.013267780952770362
0.014129298691345576
0.014951998864638686
0.015729178750268462
0.016455484867905552
0.01712587000514208
0.017736778832020968
0.01828514854210665
0.018769497635422825
0.019188962148157306
0.019544277962080355
0.019836845333051994
0.020069597376147545
0.020246087778744978
0.020371241649444063
0.02045046486541637
0.020490278120032228
0.020497450984644675
0.020479525318850448
0.0204439822278992
0.020398666332616264
0.020350998574149976
0.020308317360588735
0.0202771537542388
0.020263508437046388
0.020272207497295715
0.020307134941843795
0.020370686697963363
0.02046397690924216
0.020586404966573567
0.020735850398559665
0.02090836330493586
0.021098358059491465
0.02129843235393046
0.021499565176472796
0.021691064808411667
0.02186077257982436
0.02199513642044581
0.022079419325404193
0.022097892791885964
0.02203404776594338
0.021870901194629137
0.021591206817890975
0.021177867207746157
0.02061414093479072
0.019884150537011726
0.018973079941548787
0.0178677645212045
0.016556867089193555
0.015031528812471209
0.013285503305892154
0.011315836951299904
0.009122929483757244
0.006711200789949947
0.004089035139750309
0.001269381666469434
-0.0017304685936278927
-0.0048884058945529475
-0.00817794368182437
-0.011567918356202857
-0.015023192392244143
-0.01850456751385547
-0.02196976984196129
-0.025373585338392207
-0.028669115420939313
-0.03180810630783525
-0.03474242448334414
-0.03742451089157474
-0.03980898689557436
-0.041853128139307125
-0.043518481685306185
-0.04477123133852043
-0.04558369341469233
-0.04593444231243338
-0.04580956108424318
-0.04520241627338439
-0.044114570908718835
-0.04255513932948904
-0.040541320029200585
-0.03809731758359239
-0.035254512041200045
-0.032049995637798166
-0.028526452687986283
-0.02473041166738567
-0.02071195342299234
-0.016522814104436467
-0.012216061487833796
-0.007844194853424136
-0.003458925778817296
0.0008905933631756662
0.005157774432417815
0.009300139398805952
0.013279044159104404
0.017060947827681094
0.020616836942848486
0.02392321417758076
0.0269612489031117
0.029717519962482456
0.03218295085687206
0.034353365630794636
0.03622828340697935
0.03781135502975229
0.03910909281573753
0.04013125071149901
0.040889554739690394
0.04139807580188621
0.04167200969238818
0.041728074649050546
0.04158337201802816
0.041255824588527765
0.04076313357613369
0.04012326124266427
0.03935348849160906
0.038470937040672316
0.037491724669914364
0.0364315177769729
0.03530477734229861
0.0341253309787717
0.032905700876775586
0.03165768438056202
0.03039175462081302
0.029117639422652386
0.027843785436554344
0.02657792635566163
0.025326601822657346
0.024095707306067818
0.022890059771677036
0.021713923048032314
0.020570613150887106
0.019462994501630342
0.01839311882044397
0.017362689075667532
0.01637272694080867
0.015424002769256494
0.014516727654779031
0.013650948971866424
0.01282626401629437
0.012042181674346992
0.011297855402264847
0.01059241236491728
0.009924704120591538
0.009293605107327827
0.008697779837452109
0.008135952934584316
0.007606691931579703
0.007108651210470745
0.0066403696705585
0.006200490939017654
0.005787575262084278
0.005400298275664595
0.005037276503751435
0.0046972468395633385
0.00437890503178539
0.00408106785638297
0.003802523953578047
0.0035421804846466893
0.003298925661355765
0.003071761499527435
0.002859677363950919
0.0026617702557997524
0.0024771286876816637
0.0023049417803514853
0.0021443927825362994
0.001994758107725723
0.0018553098236221434
0.0017254056296837918
0.001604399659279277
0.0014917242863193264
0.0013868086063539718
0.0012891528618918227
0.001198253998700285
0.001113673412460713
0.0010349690091817098
0.0009617569007284725
0.0008936494334171219
0.0008303113936757012
0.0007714035042139385
0.000716633644453161
0.0006657053485576725
0.000618364494828456
0.0005743523747606193
0.000533448261081864
0.0004954266498501086
0.00046009607804084886
0.00042726017279225793
0.0003967530538615293
0.00036840385433064356
0.0003420690119215725
0.0003175999539849194
0.0002948725530484581
0.00027375769549093954
0.0002541481518930082
0.0002359317723130048
0.0002190159998700478
0.00020330345790685165
0.00018871431455239342
0.0001751640473708157
0.00016258384873343154
0.00015090037286114458
0.00014005435368012967
0.00012998215713982402
0.0001206327686144985
0.00011195098859360343
0.0001038929322088619
0.00009641072211173698
0.00008946662984525089
0.00008301913198755894
0.00007703581235099273
0.00007148065958914064
0.0000663258386229561
0.00006154011851496258
0.00005709961246922266
0.00005297723457576614
0.0000491524988481318
0.00004560191306916383
0.00004230791871898791
0.00003925013868544384
0.00003641353341293917
0.00003378042580060076
0.00003133794245509428
0.00002907074635844064
0.0000269678260132734
0.000025015872430997837
0.000023205473410335228
0.000021525077720732764
0.000019966646512975088
0.000018520151760899107
0.000017178732956106782
0.000015933682534198357
0.0000147791506378856
0.000013707574193089727
0.00001271396950100859
0.000011791765600903449
0.00001093672107777704
0.000010143125134246661
9.407371479710762e-6
8.724495285708373e-6
8.091433843776121e-6
7.503869323949124e-6
6.959203575869667e-6
6.4536801107901045e-6
5.985097583414173e-6
5.550186642893177e-6
5.1470847007388815e-6
4.772945317249771e-6
4.4261945927128705e-6
4.104353317793562e-6
3.806093700311789e-6
3.52925548441766e-6
3.27272034710837e-6
3.0346050016554413e-6
2.813969510116062e-6
2.6091712018849724e-6
2.4194216092422807e-6
2.243287405903356e-6
2.080108558632034e-6
1.928633690796478e-6
1.7883118839014204e-6
1.6580499931651352e-6
1.5373893656267702e-6
1.4253747102084939e-6
1.3216253706718916e-6
1.2253059990811225e-6
1.1361017823006464e-6
1.0532818848710858e-6
9.765869965262261e-7
9.053774885289345e-7
8.394405290673415e-7
7.78216210049548e-7
7.215304696563974e-7
6.688931580020321e-7
6.201626395401353e-7
5.749096542006694e-7
5.330194574726254e-7
4.941163397475124e-7
4.5810755508001903e-7
4.246644987534603e-7
3.937124938560385e-7
3.649641613820361e-7
3.3835978614677036e-7
3.1364806023514837e-7
2.9078114325241553e-7
2.6953982580377806e-7
2.4988602691104514e-7
2.3162848578223604e-7
2.1473678389269274e-7
1.9904446549718252e-7
1.845269399165538e-7
1.7103993988479923e-7
1.585631792250899e-7
1.4697204014787455e-7
1.362492420711645e-7
1.262879671442205e-7
1.1707274642523272e-7
1.0851248275843338e-7
1.0059284289086464e-7
9.323707783623416e-8
8.643085341323227e-8
8.011034928715721e-8
7.426086364481137e-8
6.883048959849658e-8
6.380310483362852e-8
5.9137756893348e-8
5.481672245942474e-8
5.080917214205586e-8
4.709498587905839e-8
4.3652831757130905e-8
4.0459934171588254e-8
3.750402121628032e-8
3.475880665255138e-8
3.222090077130927e-8
2.9860228414989615e-8
2.7681793603632884e-8
2.5651307736843336e-8
2.3781972802159532e-8
2.2034901970360968e-8
2.0431560377870102e-8
1.8927697299331665e-8
1.7553215861938968e-8
1.625805054690563e-8
1.5080502975792204e-8
1.3964315594787705e-8
1.2956409557528415e-8
1.199353912498394e-8
1.1131776664217419e-8
1.0300262951905984e-8
9.564533205575005e-9
8.845393877863392e-9
8.218256905957234e-9
7.595394473521568e-9
7.062076293636101e-9
6.521213108646096e-9
6.0691308774712e-9
5.598166106015024e-9
5.2165022047592455e-9
4.804967146370634e-9
4.484420297949659e-9
4.123157326335681e-9
3.855871674114316e-9
3.5371329741640135e-9
3.316407109665569e-9
3.0332771984238243e-9
2.8534455266484863e-9
2.600093092662551e-9
2.4563263717211926e-9
2.2275167391009714e-9
2.1157100925110822e-9
1.9068816324529255e-9
1.8237232000110344e-9
1.6308954037666869e-9
1.5735261837332026e-9
1.3931835488080082e-9
1.3593611177656478e-9
1.1882131858618831e-9
1.176078572981122e-9
1.0114117904560981e-9
1.0196275578270102e-9
8.58695513107754e-10
8.861560623271917e-10
7.265750313158933e-10
7.725253576860666e-10
6.120299098064692e-10
6.759757664492566e-10
5.125502315338585e-10
5.942387884900887e-10
4.2579673068491556e-10
5.25354264202929e-10
3.4991042809049645e-10
4.676226442392816e-10
2.8332164278817234e-10
4.196375460690053e-10
2.2444562223244448e-10
3.8013212615220517e-10
1.7217922103173492e-10
3.480838872780116e-10
1.2529104845199157e-10
3.225825862947523e-10
8.286912433699682e-11
3.029975797172351e-10
4.390387709236677e-11
2.8764363654383497e-10
0.00007791031695479396
0.00031018088999346474
0.0006934947553667889
0.0012234243594240783
0.0018923698875711215
0.0026924495859354963
0.003612993814152777
0.004643562496974888
0.005771485830693807
0.006984894411474399
0.008270334046809855
0.009615718524876101
0.011008008441408907
0.012436020788122682
0.013888150578898726
0.015354989152187226
0.01682706888917276
0.018297259573233936
0.019758525677354706
0.021206088298781466
0.022635197890577285
0.024043067332747425
0.025426677639673278
0.026784504050675687
0.02811438550440419
0.029415078466480286
0.030684230555294165
0.03191980461615459
0.03311820107209812
0.03427559642930708
0.035386256762426224
0.036443830061237574
0.037439884706702335
0.038365184432698866
0.039208471689419246
0.03995773905013074
0.040599259955648156
0.04111885348286774
0.04150114680954834
0.0417308142294219
0.041792039718120136
0.041669698729767245
0.04134897815627733
0.04081646295613239
0.0400598663518028
0.03906898375828821
0.037835488676304395
0.03635372327875751
0.0346205240429579
0.03263582981794285
0.03040251338786356
0.027926800955380856
0.025218098371523844
0.02228922744758278
0.0191562454357348
0.015838510690487292
0.012358498964662876
0.008741712268515887
0.005016495081848677
0.0012137961969770827
-0.0026330166849780692
-0.006488539600076238
-0.010315526821154691
-0.014075422425623136
-0.01772857490807755
-0.021234924916350782
-0.02455424857791651
-0.02764700418194428
-0.030474602194186875
-0.03300040053172316
-0.03518998030118226
-0.037012258592625254
-0.03843972422454968
-0.039449612353260166
-0.04002402893602062
-0.04015110876137365
-0.03982493763583302
-0.0390466016586035
-0.0378238093391555
-0.03617174155090367
-0.03411228752968561
-0.03167462611992298
-0.02889402225618736
-0.02581211102105455
-0.022475252446391418
-0.018934545639109904
-0.015243802015572083
-0.011459377530118133
-0.007637885885289682
-0.0038359896052664977
-0.00010802142156979485
0.003494093917564629
0.006923122580366472
0.010136297912196841
0.013097335820257182
0.015775774199932636
0.0181485993710952
0.020199080963826554
0.02191796450018192
0.02330181928313797
0.024353838725903767
0.025081803645196393
0.025498608855067523
0.025620009170811125
0.025465039854805954
0.025053742049069645
0.024407653984773056
0.023547699359725612
0.02249489374885477
0.021268527233550612
0.01988716492204185
0.01836717762677656
0.016724034223836094
0.014971151592878266
0.013121401046500386
0.011186182224643168
0.0091770152218573
0.007104708691602264
0.004980895178212204
0.0028171677087864156
0.0006264389964377399
-0.0015780415234777439
-0.0037815732651447238
-0.005969137643700416
-0.008124535548595296
-0.01023164235180783
-0.012273750042021898
-0.014234871727245682
-0.01609920758030434
-0.01785240729225495
-0.019481071763948938
-0.020973888847352806
-0.0223210990205484
-0.023515446284235998
-0.02455156689290397
-0.02542673280624058
-0.02614015680165201
-0.026693539641611128
-0.02709031311818576
-0.027336026413958457
-0.027437565417813642
-0.02740342543432105
-0.027242949517416695
-0.026966534638636422
-0.026584926263423226
-0.026109396810704413
-0.025551122348692175
-0.02492135995294597
-0.024230919354176275
-0.023490353339798094
-0.022709525523320756
-0.021897817673107875
-0.02106378619276899
-0.020215383259133565
-0.019359689538883514
-0.018503142277687103
-0.017651329822032887
-0.016809218692164368
-0.01598099580645327
-0.015170287226003639
-0.01438003569343459
-0.013612705347201354
-0.012870184523180037
-0.012153972660000255
-0.011465100727368087
-0.010804298368387888
-0.010171926483661524
-0.009568124161016095
-0.00899274971016824
-0.008445508034831422
-0.007925897747550991
-0.007433320366766043
-0.006967032082330717
-0.006526236561436599
-0.0061100405585262476
-0.005717532273964053
-0.005347740386156071
-0.004999699892784716
-0.004672414355058741
-0.004364911033934536
-0.0040762062386111705
-0.0038053513950577892
-0.0035514014211241117
-0.003313453165470657
-0.003090616729029994
-0.0028820475127005374
-0.002686920381129455
-0.0025044563715012026
-0.0023338995678408372
-0.002174539355704015
-0.002025689852922524
-0.0018867084470305985
-0.0017569776114253356
-0.001635920335247732
-0.0015229841436490647
-0.0014176539285718653
-0.0013194379845090638
-0.0012278786588278748
-0.001142540218806218
-0.0010630176703371331
-0.0009889262720516822
-0.0009199088151793578
-0.0008556266109932684
-0.0007957654724739415
-0.0007400280129120653
-0.00068813853328925
-0.0006398364799552905
-0.0005948804072902934
-0.0005530424553593928
-0.000514111534196092
-0.0004778886939492599
-0.00044418964900370104
-0.000412840932489315
-0.00038368185919436775
-0.0003565613626944041
-0.0003313394855468697
-0.00030788480826103375
-0.00028607554022084397
-0.0002657974601970892
-0.00024694467147120175
-0.00022941798287692965
-0.00021312538275434096
-0.0001979807952843292
-0.00018390432322031147
-0.00017082132209339632
-0.00015866245152607004
-0.000147363020431417
-0.00013686287875288935
-0.0001271059927000177
-0.00011804020722551656
-0.00010961701227487253
-0.00010179120166785483
-0.0000945207997566564
-0.00008776663675199587
-0.00008149240689777196
-0.00007566418101308341
-0.00007025057081255506
-0.00006522219459983492
-0.00006055192668159576
-0.00005621432905314717
-0.000052185969063135335
-0.000048444826975692216
-0.00004497066838410179
-0.000041744436935886756
-0.000038748664668748984
-0.000035966862861711045
-0.000033383957794671925
-0.000030985684063285464
-0.000028759038724373992
-0.000026691680769527626
-0.000024772397733170532
-0.000022990514573190524
-0.00002133636543425182
-0.000019800717499602897
-0.000018375241670930598
-0.000017051951900230612
-0.000015823673709786744
-0.000014683500725055935
-0.00001362525349871443
-0.000012642959845457065
-0.00001173130073530529
-0.000010885110127533945
-0.00001009981141329494
-9.370936788748704e-6
-8.694549620723865e-6
-8.066784317138934e-6
-7.484257683969822e-6
-6.943625071689683e-6
-6.4419784997058516e-6
-5.9764248753888845e-6
-5.544466028581088e-6
-5.143598259485955e-6
-4.771677347575661e-6
-4.4265364161031e-6
-4.106333811499261e-6
-3.809195875313398e-6
-3.5335411759229776e-6
-3.2777493905603993e-6
-3.040462725314123e-6
-2.820280202416885e-6
-2.6160358394078363e-6
-2.4265185234899988e-6
-2.2507275761495564e-6
-2.0876158002039366e-6
-1.936324358229755e-6
-1.795948505451826e-6
-1.6657508409128825e-6
-1.5449494414235428e-6
-1.4329117396686182e-6
-1.3289618456782444e-6
-1.2325566019973248e-6
-1.143113113915784e-6
-1.060164334350872e-6
-9.832071011428659e-7
-9.118403880367546e-7
-8.456302909393763e-7
-7.842320437379704e-7
-7.272714031246793e-7
-6.744517711616647e-7
-6.254511229265828e-7
-5.800132866659019e-7
-5.378630171431213e-7
-4.987774605857618e-7
-4.6252189829805426e-7
-4.2890137961938025e-7
-3.9771797771238156e-7
-3.688000152075095e-7
-3.4198065675482287e-7
-3.171084327890482e-7
-2.9404353426432845e-7
-2.7265132661142675e-7
-2.528168777720629e-7
-2.3441805318654856e-7
-2.1736263529597347e-7
-2.0153851726120237e-7
-1.8687453880522227e-7
-1.7326495141616012e-7
-1.6065741167276356e-7
-1.4895208252050019e-7
-1.3811393077517732e-7
-1.2804664459602594e-7
-1.1873044058837315e-7
-1.1007136586130682e-7
-1.0206447567196873e-7
-9.461591971952637e-8
-8.773570254319932e-8
-8.13279443244254e-8
-7.541630175139856e-8
-6.990371363921014e-8
-6.482576512661872e-8
-6.008207509327858e-8
-5.572141055411892e-8
-5.163837026164734e-8
-4.78947739108927e-8
-4.437925781266955e-8
-4.116742188580818e-8
-3.81390215857586e-8
-3.538472740055366e-8
-3.277463123116335e-8
-3.041416901650286e-8
-2.816274712954187e-8
-2.6141910555432397e-8
-2.4198604200592443e-8
-2.247025003067275e-8
-2.0790931612594667e-8
-1.931529379577598e-8
-1.7861590536608537e-8
-1.6604279600131857e-8
-1.534361816917153e-8
-1.4274506660916992e-8
-1.3179267320498944e-8
-1.2272719068105547e-8
-1.1318019110481254e-8
-1.055272275871017e-8
-9.7177895082165e-9
-9.075299383954251e-9
-8.341970135124713e-9
-7.80635259559872e-9
-7.158865282861621e-9
-6.716655683243776e-9
-6.141277035678233e-9
-5.781173277660814e-9
-5.265780596680515e-9
-4.9786016748206245e-9
-4.512762807565379e-9
-4.290231912071905e-9
-3.864556207566973e-9
-3.6994570211337486e-9
-3.3062545337821964e-9
-3.1931234859148605e-9
-2.8250916162047493e-9
-2.759552773311956e-9
-2.4103306582368566e-9
-2.388410504537956e-9
-2.052456649468563e-9
-2.0710392931414254e-9
-1.7432330887114707e-9
-1.800581407079976e-9
-1.4752278535549508e-9
-1.569872419763772e-9
-1.2430584229701171e-9
-1.3740337562344653e-9
-1.0409934305649732e-9
-1.2082339280708225e-9
-8.649887670514973e-10
-1.0689441377388094e-9
-7.110590035612649e-10
-9.51844254548338e-10
-5.757018697061079e-10
-8.545728316928941e-10
-4.5630689936043795e-10
-7.745822880069414e-10
-3.5012017302141125e-10
-7.095873771311932e-10
-2.5468941287736584e-10
-6.577430221208472e-10
-1.6824092176887233e-10
-6.177327607426548e-10
-8.892587840409108e-11
-5.863797551038454e-10