0.0022228543764541767
0.004443922601732546
0.006658718650028065
0.008866212926760514
0.011062494122559644
0.013246086987949504
0.015413459890093135
0.01756300787745344
0.019691468668892338
0.02179721442069874
0.023877208966181413
0.02592985219112833
0.02795230823690128
0.029943026861519357
0.0318993492675833
0.03381977932938827
0.035701810501275036
0.037543993556866335
0.03934394806809569
0.04110025840159696
0.04281064512995241
0.04447371184157048
0.046087259273002563
0.047649899412339575
0.049159499937506984
0.050614677810550825
0.052013364745884576
0.053354189296954666
0.05463515613452112
0.05585492313328884
0.05701158858461012
0.05810386779639216
0.059129983258906095
0.06008874368110973
0.060978532768790686
0.061798292398564915
0.06254660620331111
0.06322258772206936
0.06382505552519317
0.06435332666605888
0.06480648068131968
0.06518405848427754
0.06548541326462767
0.06571031505331348
0.06585838730216109
0.06592961763948323
0.06592387968371212
0.06584135090313009
0.06568211994396997
0.06544651290758131
0.0651347870890644
0.06474736730454654
0.06428462739551026
0.063747038417852
0.06313503955197233
0.062449099977957716
0.06168968095417285
0.06085721305485453
0.05995215117355281
0.05897486851630551
0.057925806188823835
0.05680528494840713
0.055613750868788
0.05435150537025754
0.05301904821737889
0.05161672575759793
0.05014517215445727
0.048604875036809526
0.04699671534126212
0.045321448671385024
0.043580343360356794
0.04177457475695357
0.0399059601068667
0.03797626178083334
0.03598801637114132
0.033943741710388525
0.03184685634248285
0.02970078429548084
0.027509960050554186
0.025278824737982628
0.023012911166498503
0.020717725712309582
0.01839990812160379
0.01606599507225016
0.01372365044102275
0.01138030937592553
0.009044476457726809
0.006724252940032141
0.004428702452081587
0.002166268428656369
-0.00005379076054945079
-0.0022230828404839137
-0.004332573479411901
-0.006374350773354218
-0.00834003981299173
-0.010222633199635357
-0.012014824810483308
-0.013710888097929532
-0.015304927781288174
-0.016792788526515015
-0.01817022685620012
-0.01943483509651628
-0.020584140213097825
-0.021617531164867716
-0.02253429599093856
-0.023335544289157344
-0.02402219798572545
-0.024596903895787926
-0.02506199656652466
-0.025421398221132308
-0.025678573441259823
-0.025838414905001626
-0.025905209314211898
-0.025884507154220745
-0.02578111733644423
-0.02560095796056076
-0.02534909406751327
-0.02503156452709113
-0.02465347369014203
-0.024220787620521954
-0.023738486942007683
-0.02321232421809115
-0.022647042439845343
-0.022048084802864364
-0.021419881380435903
-0.020767502980694387
-0.02009501762119718
-0.019407081440673313
-0.0187073664172599
-0.01800008313526912
-0.01728848140404617
-0.016576301640901802
-0.01586635026790797
-0.015161878213563648
-0.014465232905366566
-0.013779163695930546
-0.013105551805051789
-0.012446643287101143
-0.011803857443552638
-0.011178948351433843
-0.010572891213019889
-0.009986973618784239
-0.009421758212417282
-0.00887810493182109
-0.008356207408912755
-0.007856547541836605
-0.007379002323627056
-0.006923732307554426
-0.006490355101070104
-0.006078769594908272
-0.005688392147411245
-0.0053189188186815355
-0.004969620251301399
-0.00464004453002729
-0.004329366873995757
-0.0040370360802369125
-0.003762175321848736
-0.003504175394524594
-0.003262143121567858
-0.0030354447890539966
-0.0028231988647870266
-0.0026247730779434732
-0.002439318351719367
-0.0022662229669585606
-0.002104684783495283
-0.00195412584033022
-0.0018138001002353022
-0.0016831716996039872
-0.0015615555987376628
-0.001448462519867277
-0.0013432700258823858
-0.0012455369900153746
-0.001154702761937861
-0.0010703738089408723
-0.0009920487623821261
-0.0009193796665092046
-0.0008519208310836345
-0.0007893669262026984
-0.0007313236985280065
-0.0006775249623045833
-0.0006276233663552828
-0.0005813881550817642
-0.000538514300337987
-0.0004988027424481322
-0.0004619863242525427
-0.00042789407125362264
-0.0003962924836064321
-0.0003670352760560734
-0.00033991869667920655
-0.00031481802067076975
-0.0002915556716584727
-0.0002700256478653959
-0.0002500733224640349
-0.00023160887533247944
-0.00021449774301994862
-0.00019866403340250757
-0.00018399068337159115
-0.00017041374637361104
-0.00015783139702694408
-0.0001461899020379009
-0.00013540068580642162
-0.00012541872284941688
-0.00011616694734465586
-0.00010760773932664338
-0.00009967402435990528
-0.00009233446580612108
-0.0000855306587660426
-0.00007923658612830729
-0.00007340136391670379
-0.00006800346913176977
-0.00006299854205983099
-0.00005836884866551731
-0.00005407568960220295
-0.00005010451871378477
-0.00004642154876995901
-0.000043014910118563275
-0.00003985507988388499
-0.000036932430644488675
-0.00003422114327070991
-0.00003171346439145093
-0.00002938679349047118
-0.000027234939598990075
-0.000025238100974509632
-0.00002339138566104047
-0.00002167742729001853
-0.000020092410655358182
-0.000018621090124478945
-0.000017260539974640184
-0.00001599736278227019
-0.00001482936478242527
-0.00001374476059608368
-0.000012741956131275666
-0.000011810573290926913
-0.000010949506765348048
-0.000010149608094415238
-9.410167977574585e-6
-8.72311336979534e-6
-8.08805352849015e-6
-7.497856843180723e-6
-6.952386620547981e-6
-6.445336199381649e-6
-5.976769348732805e-6
-5.5411030034904585e-6
-5.138557010443821e-6
-4.764183640726173e-6
-4.418322179731885e-6
-4.096583310619958e-6
-3.7993956277291204e-6
-3.5228611229427006e-6
-3.267473032712488e-6
-3.0297660662236986e-6
-2.8102780117314676e-6
-2.6059250913396585e-6
-2.417273380984517e-6
-2.2415758220787106e-6
-2.079413707340568e-6
-1.9283374758059268e-6
-1.7889332246675722e-6
-1.6590145123322506e-6
-1.5391640358327027e-6
-1.427428310539216e-6
-1.3243802570307812e-6
-1.228272856599191e-6
-1.1396643854097443e-6
-1.0569910008807563e-6
-9.807927067740191e-7
-9.096683388942445e-7
-8.441370170719346e-7
-7.829421963676602e-7
-7.265803267936658e-7
-6.739235557591674e-7
-6.254445472128878e-7
-5.801300789919191e-7
-5.384284498988611e-7
-4.994286402143089e-7
-4.6355443163402314e-7
-4.299860118850175e-7
-3.991228313220074e-7
-3.7022654522366134e-7
-3.436727202391106e-7
-3.1879584370082614e-7
-2.9594824716260697e-7
-2.7452958284673064e-7
-2.5486974557073e-7
-2.3642674007917642e-7
-2.1950892861054742e-7
-2.0362660938253573e-7
-1.8906758960549216e-7
-1.7538906402335016e-7
-1.628593098181738e-7
-1.510776063435867e-7
-1.4029374918777563e-7
-1.301448080144858e-7
-1.208631525381596e-7
-1.1211980476533457e-7
-1.0413075762824416e-7
-9.659755190918222e-8
-8.972083648483904e-8
-8.322959501164703e-8
-7.731013842406816e-8
-7.171613650049543e-8
-6.662053737825154e-8
-6.179922071100061e-8
-5.74127128163621e-8
-5.3256875961715353e-8
-4.9480717395623775e-8
-4.5898078604421565e-8
-4.264731035139932e-8
-3.9558425439967424e-8
-3.675994242723699e-8
-3.4096412848521034e-8
-3.168730658560898e-8
-2.9390237448935687e-8
-2.7316371361451025e-8
-2.5335045493305877e-8
-2.3549829240460022e-8
-2.1840566585934377e-8
-2.030390304154661e-8
-1.882908162867685e-8
-1.7506459910707983e-8
-1.6233670410760464e-8
-1.5095387636362028e-8
-1.3996708177285502e-8
-1.3017198758612093e-8
-1.2068570594194159e-8
-1.122583004038014e-8
-1.04065200731546e-8
-9.681608805837946e-9
-8.973747115189213e-9
-8.35036469687508e-9
-7.73854603630927e-9
-7.202663305463116e-9
-6.6736056381133814e-9
-6.213149498278556e-9
-5.755397248984615e-9
-5.359979168901682e-9
-4.9636515765990865e-9
-4.6243339571977505e-9
-4.280904661009493e-9
-3.9899994846845685e-9
-3.692107953935604e-9
-3.4430040348723665e-9
-3.1842948139590958e-9
-2.971309140971318e-9
-2.746291404230092e-9
-2.564540430072573e-9
-2.368466564789829e-9
-2.213757254156541e-9
-2.0425206023338883e-9
-1.9112546875340005e-9
-1.761298566089422e-9
-1.6503915088821854e-9
-1.5186328811891455e-9
-1.4254440894084577e-9
-1.3092068225982053e-9
-1.2314794034989574e-9
-1.1284363594702762e-9
-1.0642449871007464e-9
-9.723683015610963e-10
-9.200761221811525e-10
-8.375942953430904e-10
-7.958136900086701e-10
-7.211743720067322e-10
-6.887345483410505e-10
-6.20572354529218e-10
-5.964921068907925e-10
-5.336007149990651e-10
-5.170642540445919e-10
-4.583711165464701e-10
-4.4870773381365786e-10
-3.9325422724551424e-10
-3.899211463886923e-10
-3.3684300483672193e-10
-3.3941126648284504e-10
-2.8792308660764756e-10
-2.9606447334227116e-10
-2.4544406943078783e-10
-2.5892147033060647e-10
-2.0849926629515064e-10
-2.2715781475782748e-10
-1.7630344832074774e-10
-2.00063774770348e-10
-1.4817710969434865e-10
-1.7703030508224543e-10
-1.235319795718229e-10
-1.575342456369346e-10
-1.0185681748765106e-10
-1.4112723621005514e-10
-8.270883797649438e-11
-1.274265981646517e-10
-6.57019842172263e-11
-1.1610457819643332e-10
-5.049914636454084e-11
-1.0688287531107751e-10
-3.680619308586046e-11
-9.952538067845327e-11
-2.4364444778842937e-11
-9.382953617265886e-11
-1.2911218447859041e-11
-8.934749338138742e-11
-0.002571609557604946
-0.0051364297407556735
-0.007677496567042007
-0.0101910968343547
-0.012662766369890355
-0.015087565304006893
-0.017453014081464466
-0.01975433717216666
-0.021980783401484256
-0.024128268062452527
-0.026187688707923977
-0.02815588467378273
-0.03002530855185133
-0.03179377258356196
-0.03345512974178348
-0.035008084355643565
-0.03644767722633812
-0.037773340524428364
-0.0389810571527693
-0.04007078430677257
-0.04103920099105451
-0.04188658931417612
-0.04261011001667777
-0.04321020597159846
-0.04368436110443566
-0.044033072151683686
-0.04425405570206864
-0.044347819927136094
-0.044312290397393816
-0.044148002359879666
-0.043853120355789484
-0.043428263354795583
-0.04287189726382826
-0.04218479967277127
-0.04136580879429407
-0.04041593148418297
-0.03933443719297702
-0.03812261184414471
-0.036780190788209266
-0.03530876138399462
-0.03370853419751856
-0.031981397928645336
-0.030128032531279273
-0.02815062066724858
-0.026050309447912093
-0.023829582278780247
-0.021490077193554225
-0.019034621514400503
-0.016465414297007624
-0.01378572382005206
-0.010998439891771189
-0.008107431301159835
-0.005116471335332115
-0.002030249666861054
0.0011463278736881138
0.004407480296070753
0.007746878060158676
0.011157344889973176
0.014630812358495303
0.018158390006457862
0.02172995013128658
0.025334572815575784
0.02895976427604558
0.032592282952900335
0.036216997318465484
0.039818099933119244
0.04337761521039828
0.04687701057475146
0.05029537127837353
0.05361142092054877
0.056801388028776656
0.059841450676585965
0.06270532628828258
0.0653671546217997
0.06779884568559842
0.06997340939221375
0.07186209421710935
0.07343815835783853
0.0746738223088242
0.07554445471446641
0.07602534548834326
0.07609625109125609
0.07573797340003527
0.07493717756360856
0.07368273985472104
0.07197072229842487
0.0698004360696689
0.06717943761152846
0.06411924895607055
0.06064023654796237
0.05676694107223434
0.052532717036092254
0.04797465425611946
0.043137894051165686
0.038070170283358615
0.032825772710728035
0.027459790687898767
0.022031757183236335
0.01659973253448264
0.011223722008995745
0.00595977828339807
0.0008633286122807104
-0.004016508032216858
-0.008633531460412678
-0.012949746198675905
-0.016931772035396298
-0.020555595918385634
-0.023802690050425956
-0.026664162566044976
-0.02913655695865568
-0.031225416025106915
-0.032940809578614845
-0.0343004030690429
-0.03532482435262443
-0.036040384613826665
-0.03647443537202264
-0.03665791361151619
-0.036620849092715596
-0.036394894431538274
-0.0360091201030128
-0.03549264866804248
-0.03487082838952591
-0.034168030897205826
-0.03340423711703671
-0.03259799471282786
-0.031763396336536805
-0.030913141405024477
-0.0300558479350786
-0.029199132015903365
-0.02834717646895539
-0.02750373354093023
-0.026669875761792233
-0.025846839481235905
-0.025033900070945535
-0.024230998539436853
-0.02343670678811135
-0.0226506081839969
-0.021871341493703532
-0.021098731956099473
-0.02033191967426283
-0.019571256252920357
-0.018816532722611155
-0.018068667044434314
-0.017328048558817356
-0.016596044722988368
-0.015873475680725842
-0.015161966738621928
-0.014462560489343402
-0.013776937154921717
-0.013106164981398927
-0.012451805600574014
-0.011814797643024004
-0.01119645988985344
-0.010597498942513167
-0.010018919677280361
-0.009461145472871612
-0.008924843384171493
-0.00841014460378581
-0.007917390613741488
-0.007446441825902651
-0.006997350445864211
-0.006569746174903667
-0.006163441338934776
-0.005777883794861182
-0.005412699824953896
-0.0050672057243775475
-0.004740893903337737
-0.004432995892148832
-0.00414291696356109
-0.0038698444002706876
-0.003613135731105041
-0.0033719670409033445
-0.003145679615681385
-0.0029334638433090305
-0.0027346687068662483
-0.002548517448766094
-0.002374383964966415
-0.002211536908643045
-0.002059386644595794
-0.0019172548792058886
-0.0017845954498395798
-0.0016607869059545083
-0.0015453300461441355
-0.0014376611585752565
-0.0013373288856503868
-0.0012438260731434492
-0.0011567482412780101
-0.0010756422016064587
-0.0010001481451408763
-0.000929863369986789
-0.0008644697604978117
-0.0008036111314446872
-0.0007470076648538684
-0.0006943455231289161
-0.0006453796280032955
-0.0005998343262520123
-0.0005574957372196587
-0.0005181223738323858
-0.00048152814576893626
-0.000447501946054384
-0.00041588227635318823
-0.00038648490664953966
-0.0003591699823915874
-0.0003337769527917982
-0.00031018492745442443
-0.0002882541473529006
-0.0002678802765837807
-0.00024894176250050965
-0.00023134867579056252
-0.00021499537085702242
-0.00019980442335876028
-0.00018568406093275448
-0.000172567690341482
-0.000160375621048537
-0.0001490506242075137
-0.00013852351918344877
-0.00012874516099436152
-0.00011965550312878442
-0.00011121237015573009
-0.00010336364868430634
-0.00009607316543739032
-0.00008929569325483217
-0.00008300022323741327
-0.00007714750345746536
-0.00007171096495771511
-0.000066656539087655
-0.00006196147144717236
-0.00005759618894880234
-0.00005354121233754574
-0.000049770867367958334
-0.000046268485294097596
-0.00004301177303772204
-0.00003998647248897538
-0.00003717322297973913
-0.000034559833047896296
-0.000032129485524694177
-0.000029871759968871873
-0.000027772045473365746
-0.000025821438791895223
-0.0000240072431355312
-0.000022321854453768745
-0.000020754236890276673
-0.000019297898542141224
-0.000017943245024905233
-0.00001668473610108901
-0.000015514028835079033
-0.000014426396957559699
-0.000013414584114410373
-0.000012474560089659913
-0.000011600012224620968
-0.000010787505258458616
-0.000010031546345903442
-9.329208626543362e-6
-8.675711555757228e-6
-8.068562523610046e-6
-7.50360012162133e-6
-6.978702411677775e-6
-6.490246392688169e-6
-6.036426431329209e-6
-5.614087644359196e-6
-5.221694160431046e-6
-4.8564985463276345e-6
-4.517194796484389e-6
-4.201389890354342e-6
-3.9079737991685435e-6
-3.6348620742718074e-6
-3.3811114814086893e-6
-3.1449061865223313e-6
-2.925444996102808e-6
-2.721146062864281e-6
-2.5313288854873233e-6
-2.3546155336118485e-6
-2.190428076356252e-6
-2.037566340788555e-6
-1.8955394114951338e-6
-1.7633021090824197e-6
-1.6404373182477938e-6
-1.5260351348985307e-6
-1.4197408795082806e-6
-1.3207627258927595e-6
-1.2287987553004977e-6
-1.1431603643714076e-6
-1.0635901829041435e-6
-9.894896595268544e-7
-9.206390393242776e-7
-8.565185506520511e-7
-7.969399666657668e-7
-7.414525062206747e-7
-6.898943853587974e-7
-6.418752518122338e-7
-5.972553835147655e-7
-5.55697395442907e-7
-5.17079909198748e-7
-4.811119883516346e-7
-4.4768754395562097e-7
-4.165564071046892e-7
-3.8762496761896476e-7
-3.606790487756562e-7
-3.356352325159101e-7
-3.123110259413797e-7
-2.9063109628782074e-7
-2.704410834555726e-7
-2.5167208539400396e-7
-2.3419459313857524e-7
-2.1794458127474977e-7
-2.0281478981756698e-7
-1.8874472547580024e-7
-1.7564700749566611e-7
-1.6346350037608038e-7
-1.5212477828939416e-7
-1.415740475128754e-7
-1.3175809601653762e-7
-1.2262049315226774e-7
-1.141228897968253e-7
-1.0620833854344262e-7
-9.885213936240645e-8
-9.199612145610963e-8
-8.562829336245045e-8
-7.968847194830466e-8
-7.417656247794009e-8
-6.902965486325901e-8
-6.425902397087198e-8
-5.979844296584742e-8
-5.566988906193269e-8
-5.1803209853571136e-8
-4.8230889002440465e-8
-4.487818926183237e-8
-4.1787837687854255e-8
-3.8879850092341904e-8
-3.620718200724128e-8
-3.368396164604958e-8
-3.137337277983243e-8
-2.9182947832132685e-8
-2.7186364949674302e-8
-2.528371301833992e-8
-2.3559477759977425e-8
-2.1905600128628653e-8
-2.041775845274083e-8
-1.897884940203911e-8
-1.769623671898835e-8
-1.6442923793496685e-8
-1.5338658456172227e-8
-1.424554516105436e-8
-1.3296398892865779e-8
-1.2341401458684729e-8
-1.1527280026161532e-8
-1.0691202673282931e-8
-9.994780129870366e-9
-9.260973677776662e-9
-8.66729071860112e-9
-8.021273670335186e-9
-7.51745113882948e-9
-6.946534033102764e-9
-6.5215475751282475e-9
-6.014732268563108e-9
-5.659049993119755e-9
-5.206696996012324e-9
-4.912230697328502e-9
-4.505849969908584e-9
-4.265595645104115e-9
-3.897783689230773e-9
-3.7059045835436727e-9
-3.370080994868007e-9
-3.221569763883332e-9
-2.911945812891585e-9
-2.8026005515294185e-9
-2.51406528153721e-9
-2.440351307619379e-9
-2.1682820768530402e-9
-2.1273446861647922e-9
-1.867568858337708e-9
-1.8570337583764686e-9
-1.60581664416831e-9
-1.6239096215799158e-9
-1.3777255338109161e-9
-1.4230673314497987e-9
-1.1787077820282491e-9
-1.2503321647377879e-9
-1.0048015544286935e-9
-1.1019977160193839e-9
-8.524991021743049e-10
-9.75062779775413e-10
-7.188115230279796e-10
-8.667305442206466e-10
-6.01098879023706e-10
-7.747495125575439e-10
-4.970514042693338e-10
-6.970502043117166e-10
-4.047010497478365e-10
-6.319558361417916e-10
-3.2232932616447747e-10
-5.7793064320343e-10
-2.483274842933917e-10
-5.337592800167691e-10
-1.8139117872612114e-10
-4.984040616851244e-10
-1.2031907357142e-10
-4.708643073417876e-10
-6.389328430623624e-11
-4.490121896879043e-10
0.002184775390777755
0.004359283033631849
0.006497924261229293
0.008595193639119125
0.010629481195624629
0.012593718549684307
0.014469692895214709
0.01625106681967985
0.017922849088040482
0.01948044429126252
0.02091219037371288
0.022215810282746527
0.02338305221187711
0.024414234819401723
0.025304465175397185
0.026056678654251035
0.026669118728828954
0.027147127341097473
0.027491684219932467
0.0277101235625255
0.027805597972675407
0.027786850380264017
0.027658510541146323
0.02743002226370323
0.027106709166301268
0.026697938673730416
0.02620891388772928
0.025648142994197324
0.02501992862034036
0.024331201462684537
0.02358468893548487
0.02278516309369402
0.02193327749124677
0.02103127054361396
0.020077463672391764
0.01907145133539134
0.018009254996582423
0.01688801984794092
0.015701818266286062
0.014445860970702749
0.013112940980015966
0.011697154263299593
0.010190971589352615
0.008588451650326508
0.006882924519841756
0.005069669908089781
0.00314419309410472
0.0011043334424641464
-0.0010508877324867819
-0.003319767311091675
-0.005698520873625282
-0.008180430843306722
-0.01075591405335812
-0.013412354372915335
-0.0161336537497515
-0.018900780459817662
-0.02169081796178839
-0.024478252979520814
-0.027233535338429548
-0.029925122224919342
-0.032517562100003186
-0.03497430275210343
-0.03725531277494531
-0.039320650743848405
-0.04112763714243185
-0.04263516880753866
-0.04380045057581354
-0.04458402153959944
-0.04494604716070866
-0.04485200093149495
-0.0442685033539102
-0.043169574899421075
-0.041531989026675785
-0.0393419826890699
-0.03659006980476327
-0.033278069186221906
-0.029413308122927903
-0.025015811463793246
-0.020111818939349702
-0.014740980396870253
-0.008949121239799017
-0.002795312788926714
0.0036561489627863456
0.010328880933187807
0.01714320605216819
0.024009514033540437
0.030837749565862615
0.037530933338394135
0.04399520525478944
0.050133367551382826
0.05585529140894638
0.06107128597600993
0.06570264900219873
0.06967463654335951
0.07292694219831203
0.07540604864426459
0.07707545728227513
0.07790724403158299
0.0778919263263071
0.07702911453355248
0.07533698522510698
0.0728420039581789
0.06958805829780111
0.06562531315364584
0.06101912979715144
0.05583818806512978
0.050163367063058996
0.044075319406886825
0.03766350877946339
0.031013445056664476
0.024216062409469143
0.01735482099810848
0.010515571111882815
0.0037737018398579843
-0.0027954202077134067
-0.009129114748099144
-0.015166351916943219
-0.020860134304452122
-0.02616590654556848
-0.031053606014462304
-0.035495617230487435
-0.03947847924550945
-0.04299052653426146
-0.04603326778418318
-0.048608880046342486
-0.05073128796418718
-0.05241368533319311
-0.05367934626162917
-0.05454933957811101
-0.05505309605882175
-0.05521645966066993
-0.0550720209782374
-0.05464761951073639
-0.05397643671009719
-0.053086030247064944
-0.05200816408595247
-0.05076842344968392
-0.04939574727564336
-0.04791264468118603
-0.046344388673727054
-0.044709833333911396
-0.04303022716093704
-0.041320615389675866
-0.03959823607548825
-0.037874483252296774
-0.036162857268586784
-0.03447146050664303
-0.03281048379541476
-0.031185205578058074
-0.029603006833267706
-0.028066845490252117
-0.026581801989130203
-0.025149002359386045
-0.023771704613154376
-0.02244964557538489
-0.021184684463551103
-0.019975549969105097
-0.01882306166526934
-0.017725254913572797
-0.016682203396311223
-0.01569150020777717
-0.01475270614196193
-0.013863165933536665
-0.013022107269854479
-0.012226771673513426
-0.011476188842964358
-0.010767602196400269
-0.010099942313568346
-0.009470527744892128
-0.008878260203482025
-0.008320581909854713
-0.0077964139005658
-0.007303351926115764
-0.00684036789154161
-0.006405227146761077
-0.00599697171314486
-0.005613542680265573
-0.005254062541594864
-0.004916647323364106
-0.004600504071678012
-0.004303918264346875
-0.004026181279330102
-0.003765739562867189
-0.003521965767319789
-0.0032934570573986744
-0.0030796625369390327
-0.0028793189532166997
-0.002691946039278212
-0.0025164087233304423
-0.0023522910869895083
-0.002198574991768682
-0.002054902500003565
-0.001920361589656777
-0.0017946460944908255
-0.0016769398938840663
-0.0015669826989641508
-0.0014640447726275202
-0.001367906215782971
-0.0012779148971093536
-0.0011938862726149193
-0.001115237784893274
-0.0010418156789277452
-0.0009730996665840659
-0.0009089626784315396
-0.0008489400858009766
-0.000792927843860534
-0.000740511025565221
-0.0006916053655821875
-0.0006458402839577303
-0.0006031484339751316
-0.0005631987831716568
-0.0005259383926681035
-0.0004910714835517989
-0.0004585573306459925
-0.00042813157321119585
-0.0003997637893132887
-0.00037321761473482816
-0.00034847127412555216
-0.00032531334954034316
-0.00030372927944055997
-0.00028352987692626395
-0.0002647065585305252
-0.0002470899512705551
-0.0002306763892693755
-0.00021531416230200387
-0.00020100361334008862
-0.0001876087823112008
-0.00017513324529574168
-0.00016345509136819585
-0.0001525804698259302
-0.00014240000606836192
-0.0001329218637861677
-0.00012404785874476794
-0.00011578769785794687
-0.00010805319064553428
-0.0001008551903857102
-0.00009411443577612458
-0.00008784259542745164
-0.00008196838985464536
-0.00007650402740915681
-0.00007138536748541213
-0.00006662493050954243
-0.00006216496426559406
-0.00005801811444480847
-0.00005413234882975212
-0.00005052028659166581
-0.000047135020182964385
-0.0000439890204279134
-0.00004103997304749416
-0.00003830010404816402
-0.00003573121918086914
-0.00003334522420806462
-0.00003110762236333166
-0.000029029941588439183
-0.00002708100567451769
-0.000025271922704281974
-0.00002357449972378502
-0.000021999395235734048
-0.000020521098926984293
-0.000019149800176125754
-0.000017862401777698418
-0.00001666861316780598
-0.00001554750996578177
-0.000014508317589629963
-0.000013532068824394013
-0.000012627507303615445
-0.000011777429445610048
-0.000010990103580461208
-0.000010249916767700082
-9.56467237448243e-6
-8.920192490524875e-6
-8.323828387451574e-6
-7.762697840423959e-6
-7.243715171958662e-6
-6.755168739699746e-6
-6.303552395182136e-6
-5.878212309638099e-6
-5.485239747064761e-6
-5.1149374668804e-6
-4.773012653538263e-6
-4.45063336227059e-6
-4.153141637168786e-6
-3.8724885936704946e-6
-3.6136701927487772e-6
-3.3693466984897314e-6
-3.1441868121495605e-6
-2.9314930752387542e-6
-2.735625627579957e-6
-2.5504688175398055e-6
-2.380092713174917e-6
-2.2189090125831514e-6
-2.070715259676885e-6
-1.9304012647331092e-6
-1.8015095439747691e-6
-1.6793631939156394e-6
-1.567266396752718e-6
-1.4609350197330278e-6
-1.3634509362402313e-6
-1.2708861177702362e-6
-1.1861157176258493e-6
-1.1055340534940508e-6
-1.031824487747224e-6
-9.616734831189712e-7
-8.975862901923396e-7
-8.365139867814595e-7
-7.807977461808608e-7
-7.276275467137073e-7
-6.791930982410538e-7
-6.329004428816685e-7
-5.908004097343296e-7
-5.504936777805589e-7
-5.139035328170544e-7
-4.788062216146033e-7
-4.470088456771529e-7
-4.164450981332592e-7
-3.8881669311828585e-7
-3.6219817332075453e-7
-3.3819599931503394e-7
-3.150105613716654e-7
-2.941626471080462e-7
-2.739644026098363e-7
-2.55860261851145e-7
-2.3826106994039202e-7
-2.225436493881198e-7
-2.0720547830487585e-7
-1.9356443935563692e-7
-1.8019293089940366e-7
-1.6835856142168088e-7
-1.566974219126347e-7
-1.4643511518390797e-7
-1.3626127240569417e-7
-1.2736727011740806e-7
-1.184861287663382e-7
-1.1078335898144656e-7
-1.0302590066100827e-7
-9.636036430888709e-8
-8.957882221379269e-8
-8.381708455720838e-8
-7.788277924863177e-8
-7.290893983274746e-8
-6.77098406125543e-8
-6.34230782611018e-8
-5.886146514372522e-8
-5.5174496996233567e-8
-5.1164837743147804e-8
-4.800211732728049e-8
-4.447000226676268e-8
-4.1766101153060985e-8
-3.8646206575713465e-8
-3.6344490939732764e-8
-3.357985700191836e-8
-3.163148766298672e-8
-2.9172062536291222e-8
-2.7534775339591945e-8
-2.533669611909859e-8
-2.3974542308222598e-8
-2.199922482125537e-8
-2.0880918059877633e-8
-1.9094327099889537e-8
-1.8193427531457598e-8
-1.656554825907054e-8
-1.5859220116246018e-8
-1.4363440884137636e-8
-1.3832704857087714e-8
-1.2445265729031957e-8
-1.2074016646226954e-8
-1.0773546257391391e-8
-1.0548546015402075e-8
-9.315951583475534e-9
-9.226328787557804e-9
-8.0441714418031e-9
-8.08126640938963e-9
-6.933451844551482e-9
-7.090445252557549e-9
-5.962459281628226e-9
-6.234442642742338e-9
-5.1125596092992375e-9
-5.495973684807354e-9
-4.367398185706979e-9
-4.860381695286924e-9
-3.7127727903586908e-9
-4.3147238831919585e-9
-3.1363720824139766e-9
-3.848006437910373e-9
-2.627253784759002e-9
-3.4505913288261514e-9
-2.176079492006775e-9
-3.1142813045386243e-9
-1.7742560758370326e-9
-2.8315935400701708e-9
-1.4148013252423564e-9
-2.5967797100764745e-9
-1.0910547285064452e-9
-2.4042596266869505e-9
-7.976868390999684e-10
-2.249804111170095e-9
-5.294508524205236e-10
-2.1292034395074045e-9
-2.8124394208889893e-10
-2.0332392143610065e-9
0.0010795669012482899
0.0021536256123530786
0.0032085369702501963
0.004241535590585182
0.005241394585306872
0.006204914040860504
0.007123085060862422
0.007993556600042062
0.008809405395732888
0.009569551312117374
0.01026899799435732
0.010907956122907582
0.01148303515081207
0.011995479399988863
0.012443037432299641
0.012827566966036714
0.013147427610008982
0.01340463418467782
0.013597681127277312
0.013728376183059028
0.01379503679477801
0.013799100065848531
0.013738644991210773
0.01361484327342298
0.013425763534665045
0.013172699096953967
0.012854206648931882
0.012472322110586543
0.012026781006123921
0.0115211137800698
0.01095699193224364
0.01034018155542875
0.00967496067797695
0.008969905646618983
0.008232332340370569
0.0074738944523335795
0.0067050140408595246
0.005940282477648146
0.005192862499803991
0.004479698982334346
0.0038158924808149464
0.0032197445704540127
0.0027071186103922737
0.0022963595422048795
0.002002668370295114
0.0018429460821283827
0.0018302123450841426
0.001978426018877594
0.0022969756647209546
0.0027955251606910816
0.003478595386883936
0.004350474598796062
0.005409900037762599
0.006655061934542478
0.008078384265882364
0.009671641663302028
0.011420833050113094
0.013311424481841229
0.015323309361968478
0.017436187718683983
0.019624611348217948
0.021863509477073877
0.02412332357981897
0.02637568722318903
0.028588659072110632
0.030732556660734982
0.03277529271178652
0.03468834511279137
0.03644218809561217
0.038012352681787445
0.03937492044825375
0.04051259265146646
0.04141018405100213
0.042060581410486825
0.04246014575391973
0.04261441192647396
0.04253328987283137
0.04223634777736476
0.041747706802205624
0.04110077088370379
0.04033274216355361
0.03948871575070608
0.038615806017490956
0.03776661161836979
0.03699302873006477
0.03634919813878863
0.03588517463209097
0.03564957350312052
0.035683343697411954
0.03602241063287297
0.03669184119951155
0.037708809910069765
0.03907742850974827
0.04079232817980072
0.04283434887970722
0.04517493067574179
0.047772726884397154
0.050578848030370126
0.053534302450204053
0.05657596658175571
0.0596346015133183
0.0626412706834227
0.06552556774913092
0.06822210312652852
0.0706685367660867
0.07281173276609078
0.07460523342872061
0.07601474247500843
0.07701479679477236
0.07759336894502979
0.07774766352405522
0.07748779685783665
0.07683182642830513
0.07580862956649956
0.07445242517229568
0.07280509601614875
0.07091054952988003
0.06881678492155384
0.06657044912246779
0.06421893421801317
0.06180542136380261
0.0593712190226949
0.05695147488292417
0.05457785760482348
0.05227498683232588
0.05006345158495498
0.047956892965240284
0.04596526708123101
0.044092436448892845
0.042339539194703825
0.0407029123082787
0.039177423491892314
0.03775455815002854
0.03642559659879153
0.03517973398063291
0.03400702906856379
0.03289647607812667
0.03183869736858572
0.030823934297913594
0.029844493920352776
0.028892663450864855
0.027962945205038125
0.027049922320610577
0.026150326273631633
0.025260891082867377
0.024380296642328783
0.023507048124127183
0.022641330329261068
0.021782942532212756
0.02093308817347459
0.02009238658351716
0.019262611673299818
0.01844479338036036
0.017640910346564984
0.016852086919613034
0.016080238826660955
0.01532636658842067
0.014592149812916842
0.013878334805812112
0.013186271818645732
0.012516393057873968
0.011869687380180264
0.011246264336802252
0.010646761829498672
0.010070991842740715
0.00951927798740695
0.00899117886846296
0.00848675391938108
0.008005360724770493
0.0075468488968350655
0.007110428005158461
0.006695790372455828
0.006302046520503562
0.005928778636514136
0.005575040611320129
0.005240344565382863
0.00492372265109808
0.004624649457998171
0.0043421628014875015
0.0040757250835805345
0.0038244003138320827
0.0035876576360585467
0.003364601835611659
0.0031547222792868428
0.002957174176678354
0.002771476149063992
0.0025968395384853306
0.0024328177386714234
0.0022786808870452683
0.0021340199811705077
0.0019981643428531215
0.0018707434163027824
0.0017511444616887565
0.0016390347895050659
0.0015338572287334163
0.0014353154080360548
0.0013429046299249822
0.0012563626692812906
0.0011752337887564453
0.0010992873769029078
0.0010281129473676321
0.0009615088016314537
0.0008991059625523098
0.0008407289137470419
0.0007860465255395289
0.0007349067966534418
0.0006870129393907988
0.0006422339259677018
0.0006003040079641752
0.0005611107536987296
0.0005244163807576421
0.0004901248607199613
0.00045802354361541847
0.00042803080364876703
0.00039995653162773075
0.00037373169518670077
0.00034918636845382005
0.0003262624896951159
0.0003048081809178335
0.0002847749029361877
0.0002660269026632459
0.0002485238765165889
0.00023214446606991353
0.0002168554683978318
0.0002025483683648455
0.00018919606378255854
0.0001767014939242114
0.00016504278067616253
0.00015413307737351453
0.00014395496263639755
0.00013443069702501084
0.00012554664795025512
0.00011723319511347982
0.00010947991365343241
0.00010222442308729529
0.00009545900212047001
0.00008912772689207622
0.00008322514414789787
0.00007770108926420873
0.00007255200075821663
0.0000677328538318647
0.00006324165410518094
0.000059037965109415695
0.00005512108186310273
0.000051454665775382896
0.00004803906257959953
0.00004484159493795774
0.00004186345703675551
0.00003907524367033103
0.000036478824464967474
0.000034047721242916405
0.00003178433258385622
0.000029664798712286508
0.00002769192390135826
0.000025844192946099705
0.000024124711690310893
0.000022514064728797282
0.000021015572690871333
0.000019611702939829536
0.000018305918139308185
0.000017082373495683275
0.000015944613987712393
0.000014878310224640231
0.000013887040213328431
0.000012957835488842967
0.00001209426582736556
0.000011284586669735101
0.000010532327490213274
9.826843688594652e-6
9.171599232701568e-6
8.556939693415063e-6
7.986242382566015e-6
7.450745102749499e-6
6.9537231768958765e-6
6.4872181474657015e-6
6.054392402183398e-6
5.648011841869405e-6
5.271117895438468e-6
4.917129676786355e-6
4.5889632131615706e-6
4.280626666387897e-6
3.994908035553524e-6
3.7263469194104072e-6
3.4776029298821974e-6
3.2436955941578254e-6
3.027156248793595e-6
2.8234385658469092e-6
2.634947336784595e-6
2.457528775304779e-6
2.2934637812635238e-6
2.1389539265105505e-6
1.9961595474749766e-6
1.861603826223664e-6
1.7373310017519683e-6
1.6201549162218452e-6
1.5120087199678415e-6
1.409969450564224e-6
1.315864386925538e-6
1.2270076892746423e-6
1.145126755952121e-6
1.0677502306145955e-6
9.96511075845839e-7
9.2913164841969e-7
8.67156094415651e-7
8.084817898391374e-7
7.545701019046084e-7
7.03475434432327e-7
6.565829140831715e-7
6.120877496174885e-7
5.713044033158345e-7
5.325552203101404e-7
4.970894767102153e-7
4.6334252133406313e-7
4.3250458870892715e-7
4.031123180256184e-7
3.763021520940426e-7
3.5070048705014165e-7
3.2739591339005055e-7
3.050939591991154e-7
2.84840341319596e-7
2.654099747794451e-7
2.4781193579055806e-7
2.3088058063203396e-7
2.1559340104314637e-7
2.0083659033310702e-7
1.8756117976844325e-7
1.7469623284517825e-7
1.6317223900443233e-7
1.5195279931834825e-7
1.419535916683833e-7
1.3216508550145394e-7
1.234938581792106e-7
1.1494916518569468e-7
1.0743486498990323e-7
9.997152534618696e-8
9.346483022640933e-8
8.694100152134436e-8
8.131263400683064e-8
7.560432091045548e-8
7.074232676648782e-8
6.574159708308434e-8
6.154809540772073e-8
5.716102354183104e-8
5.3551311845981333e-8
4.9695610093300016e-8
4.659682153238289e-8
4.320032209709988e-8
4.054911608737294e-8
3.754938356720972e-8
3.5290056938391246e-8
3.263216082358946e-8
3.0717460802787127e-8
2.83531262722949e-8
2.6742438779318354e-8
2.462926076651356e-8
2.3287005246524433e-8
2.1387996180381365e-8
2.0284455476011e-8
1.85666656133205e-8
1.767533827259653e-8
1.610978986455321e-8
1.5409246199641382e-8
1.3970426938765749e-8
1.344130953217658e-8
1.2105915652928274e-8
1.1733217936547609e-8
1.0481142135819983e-8
1.0251627962831417e-8
9.06428502550136e-9
8.96728674846056e-9
7.827795591605669e-9
7.854561547545012e-9
6.747659529907206e-9
6.891941778472235e-9
5.803412351481264e-9
6.060073459192801e-9
4.976728973748875e-9
5.3425245059098755e-9
4.251919100535421e-9
4.724977839779199e-9
3.615080738179388e-9
4.194639302042128e-9
3.0542021947310174e-9
3.741092112374601e-9
2.5587412577978273e-9
3.3547132537439118e-9
2.1194592469647507e-9
3.0277097782128808e-9
1.7281499382699739e-9
2.753015614497704e-9
1.3780975190739293e-9
2.524657103053269e-9
1.0626844136904701e-9
2.3375942834363234e-9
7.769064028632508e-10
2.187102333447877e-9
5.154644435683267e-10
2.069790909135131e-9
2.7375979926479736e-10
1.976519991829947e-9