0.3627388179974003
0.362720290096001
0.3626893551421329
0.36264596751341666
0.3625900411630039
0.3625214769479635
0.3624401480486539
0.3623459119677706
0.362238603251225
0.36211804142689447
0.36198402684113273
0.3618363468174506
0.36167477322614583
0.3614990676788822
0.36130898020159036
0.3611042538174937
0.3608846239716165
0.36064982266389445
0.3603995783976113
0.36013361993313
0.3598516765956911
0.3595534816730153
0.35923877295377504
0.35890729576687297
0.35855880364447995
0.3581930609873314
0.3578098437619189
0.35740894176974775
0.3569901593002674
0.35655331698009435
0.3560982523132969
0.3556248210876648
0.3551328977430809
0.3546223763152499
0.3540931705818225
0.35354521452923837
0.3529784622356094
0.3523928878534291
0.3517884851985083
0.35116526725034236
0.3505232654281306
0.3498625286217693
0.34918312214957636
0.34848512634635503
0.34776863521317225
0.34703375460473673
0.3462806005994703
0.3455092973463563
0.344719975203264
0.3439127683228571
0.34308781262794735
0.34224524323594274
0.34138519236066445
0.3405077866936462
0.33961314534060766
0.338701377293733
0.3377725795257656
0.33682683469796254
0.33586420954328183
0.33488475295779757
0.33388849480458704
0.3328754445300725
0.3318455905103502
0.33079889931699513
0.3297353157069584
0.3286547626346307
0.3275571419554672
0.3264423352436215
0.32531020523982507
0.32416059748901593
0.32299334251760387
0.32180825825668125
0.32060515288647334
0.3193838279620822
0.3181440818179189
0.3168857132687983
0.31560852542859114
0.31431232982370577
0.3129969504514443
0.31166222811831046
0.3103080245467534
0.308934226738784
0.3075407509356094
0.3061275468076715
0.30469460107932483
0.30324194135822835
0.3017696392547442
0.300277813684269
0.2987666333358103
0.29723631930759287
0.2956871468085984
0.2941194470181046
0.2925336079355846
0.29093007538683013
0.28930935297003435
0.2876720021637495
0.2860186413495786
0.2843499450100806
0.28266664184117485
0.28096951306127327
0.2792593896592906
0.2775371498696204
0.2758037156342495
0.27406004933105693
0.27230714955995433
0.2705460472430269
0.26877780087321085
0.267003492132052
0.265224220763137
0.2634410998746107
0.2616552506163739
0.25986779734815607
0.2580798623079006
0.2562925608309765
0.2545069961964783
0.2527242550787626
0.2509454027486477
0.2491714789252236
0.24740349349076465
0.24564242288945856
0.24388920648913717
0.24214474364514588
0.24040989080978958
0.23868545934512875
0.2369722134435628
0.23527086873432973
0.23358209103762315
0.23190649576801084
0.23024464750230256
0.22859706014176034
0.22696419723370084
0.22534647281660652
0.22374425240062693
0.22215785438894603
0.22058755159617227
0.2190335731184201
0.2174961062533195
0.21597529868182874
0.21447126065006433
0.21298406732788278
0.21151376112011927
0.21006035407891613
0.20862383022807102
0.20720414792528064
0.20580124210510672
0.2044150265105475
0.20304539578441663
0.20169222751385996
0.20035538412384563
0.19903471470090153
0.1977300566637939
0.196441237352163
0.19516807546705406
0.19391038242540615
0.19266796357639945
0.19144061933376555
0.19022814618305178
0.18903033761081728
0.18784698492342441
0.1866778779960063
0.18552280592598377
0.1843815576260025
0.18325392233580304
0.18213969008284592
0.1810386520751275
0.17995060105158453
0.17887533157651753
0.17781264029959779
0.17676232617017823
0.17572419062418437
0.17469803773407472
0.1736836743373463
0.1726809101354542
0.171689557776257
0.17070943291294882
0.16974035425060324
0.16878214357416516
0.16783462576735958
0.16689762881706263
0.1659709838112282
0.16505452492549758
0.16414808940544515
0.16325151754007744
0.16236465263258812
0.16148734096440093
0.16061943175772062
0.15976077713297301
0.15891123206570673
0.15807065433964035
0.15723890449988642
0.15641584580330242
0.15560134416954674
0.1547952681300238
0.15399748877791788
0.15320787971670352
0.152426317010016
0.15165267913045039
0.15088684690990445
0.1501287034891947
0.149378134269334
0.14863502686234356
0.14789927104379452
0.14717075870507892
0.1464493838074388
0.14573504233587406
0.14502763225480414
0.1443270534637194
0.14363320775456492
0.14294599876919029
0.1422653319584972
0.14159111454170775
0.14092325546728313
0.14026166537400128
0.13960625655363082
0.13895694291378705
0.1383136399423276
0.13767626467194224
0.13704473564622294
0.13641897288593421
0.13579889785669935
0.1351844334368914
0.1345755038868766
0.13397203481845762
0.13337395316560988
0.13278118715541148
0.13219366628020587
0.13161132126994943
0.13103408406573513
0.1304618877934904
0.12989466673879574
0.12933235632186652
0.12877489307360268
0.12822221461179018
0.12767425961831924
0.12713096781654312
0.12659227994960484
0.1260581377588935
0.12552848396342178
0.1250032622393228
0.1244824172002225
0.12396589437772293
0.12345364020271739
0.12294560198680704
0.1224417279045099
0.12194196697556077
0.12144626904796665
0.1209545847811438
0.12046686562977411
0.1199830638277352
0.11950313237271479
0.11902702501089282
0.1185546962222733
0.11808610120607783
0.1176211958667588
0.11715993680006578
0.11670228127970399
0.11624818724403915
0.11579761328336664
0.1153505186272223
0.11490686313222978
0.11446660726998537
0.11402971211545462
0.11359613933540112
0.11316585117730352
0.11273881045830043
0.11231498055460161
0.11189432539092244
0.11147680943036332
0.11106239766430956
0.11065105560275486
0.11024274926464306
0.10983744516861343
0.10943511032376209
0.10903571222078788
0.10863921882315167
0.10824559855860427
0.10785482031072328
0.1074668534108032
0.10708166762975238
0.10669923317032713
0.10631952065937061
0.1059425011403747
0.10556814606604394
0.10519642729116908
0.10482731706550077
0.10446078802691881
0.10409681319460154
0.10373536596247672
0.10337642009267149
0.10301994970923198
0.10266592929184076
0.10231433366979253
0.10196513801596553
0.10161831784104192
0.10127384898772164
0.10093170762517446
0.10059187024348706
0.10025431364833502
0.0999190149556512
0.09958595158650933
0.09925510126200268
0.09892644199832974
0.09859995210187276
0.09827561016447707
0.09795339505872112
0.09763328593337911
0.0973152622088746
0.09699930357291824
0.09668538997613675
0.09637350162787794
0.09606361899200688
0.09575572278287087
0.09544979396125577
0.09514581373050383
0.09484376353262242
0.09454362504454863
0.09424538017440362
0.09394901105789744
0.09365450005472321
0.093361829745095
0.09307098292627661
0.09278194260924691
0.09249469201535665
0.0922092145731168
0.09192549391497681
0.0916435138742313
0.09136325848191512
0.09108471196382233
0.09080785873751406
0.0905326834094443
0.09025917077207603
0.08998730580111007
0.089717073652704
0.08944845966079996
0.0891814493344427
0.0889160283552018
0.08865218257458453
0.08838989801154909
0.08812916085000806
0.08786995743642914
0.08761227427742559
0.08735609803744036
0.08710141553642059
0.08684821374758178
0.08659647979516254
0.08634620095226554
0.08609736463868985
0.08584995841884532
0.08560396999965923
0.08535938722856153
0.08511619809146231
0.08487439071080591
0.08463395334361587
0.08439487437961499
0.08415714233933606
0.08392074587230401
0.08368567375521073
0.08345191489015727
0.08321945830288899
0.08298829314109615
0.08275840867270756
0.08252979428424699
0.08230243947918262
0.08207633387633723
0.08185146720829195
0.081627829319848
0.08140541016648192
0.08118419981285792
0.08096418843133235
0.08074536630051393
0.0805277238038168
0.08031125142806651
0.0800959397620995
0.07988177949541307
0.07966876141681
0.07945687641309108
0.07924611546774207
0.0790364696596685
0.07882793016192305
0.07862048824048017
0.078414135253004
0.07820886264766012
0.07800466196192252
0.07780152482142229
0.0775994429387913
0.0773984081125464
0.07719841222596878
0.07699944724602255
0.07680150522226833
0.07660457828581514
0.07640865864826685
0.07621373860070577
0.07601981051267175
0.07582686683117576
0.0756349000797102
0.0754439028572924
0.07525386783750405
0.07506478776756394
0.07487665546739565
0.07468946382872822
-0.43382277198626107
-0.43360250592251515
-0.4332350584520491
-0.43272085548814204
-0.4320599245385237
-0.4312525647035781
-0.43029897673023493
-0.42919953153953966
-0.42795458395052133
-0.4265646274626102
-0.4250301847386434
-0.4233519075333265
-0.42153050861148467
-0.41956682850744326
-0.41746179290024216
-0.41521645620904246
-0.4128319757025628
-0.4103096372121471
-0.4076508405717137
-0.4048571105482336
-0.4019300899637986
-0.3988715378673239
-0.39568332773725656
-0.3923674343816332
-0.3889259353163673
-0.38536098763481746
-0.3816748311696784
-0.37786975649570875
-0.37394810889814034
-0.36991224870387607
-0.36576455544065567
-0.36150738179033204
-0.3571430576586144
-0.35267383918163026
-0.3481019127381621
-0.34342934059997565
-0.3386580652056056
-0.33378985319909976
-0.32882630054538825
-0.3237687768394849
-0.318618432066675
-0.3133761431773866
-0.30804252348467365
-0.302617873581607
-0.2971021945289892
-0.29149514524635345
-0.28579606077317915
-0.2800039182924365
-0.274117361848054
-0.2681346791461049
-0.26205383416061556
-0.25587245677510145
-0.2495878846675118
-0.24319716765163077
-0.236697120040822
-0.2300843411579494
-0.22335527896683335
-0.2165062675716171
-0.20953360220623066
-0.20243359358957497
-0.195202653350209
-0.1878373638292236
-0.1803345717093875
-0.1726914703297808
-0.164905697776456
-0.15697542712310733
-0.14889946370364532
-0.1406773371254035
-0.13230939111028572
-0.12379686990231996
-0.11514199319330475
-0.10634802892059655
-0.09741934563179525
-0.08836146385658601
-0.07918107898475966
-0.06988608452336616
-0.06048556021776524
-0.05098976256071001
-0.041410075396263776
-0.03175896587110698
-0.022049897889301895
-0.012297254989532672
-0.002516220409255065
0.007277328267851958
0.017066965455944758
0.026835843319481353
0.036566854917436144
0.04624277031691586
0.05584640526190637
0.06536075647451313
0.07476916407804668
0.08405543499220444
0.09320398807225237
0.10219995576303076
0.11102930276058816
0.11967889835466106
0.12813660214054104
0.1363913024767772
0.1444329660767324
0.1522526414251375
0.15984247263851026
0.16719567020126438
0.17430649297828882
0.1811701919229537
0.18778296722001872
0.19414189333580845
0.20024486060645666
0.206090491779602
0.21167807857099327
0.21700750033552763
0.22207916588797177
0.22689394389723128
0.23145311846224823
0.23575833823846007
0.23981159102768082
0.2436151748366755
0.2471716925725971
0.2504840438613776
0.25355543662892
0.2563893944509975
0.25898977826665953
0.26136080117806826
0.26350705157151855
0.26543350627098145
0.2671455463546925
0.268648960560315
0.26994994699679664
0.2710551013617264
0.2719714009874191
0.27270617601725383
0.2732670759305724
0.27366202542164875
0.2738991768286116
0.2739868552633757
0.27393350256260973
0.27374761774154804
0.2734376988991494
0.27301218521902704
0.27247940278851307
0.271847513393336
0.27112446881565205
0.27031797000917007
0.2694354326075189
0.2684839582010733
0.2674703119601139
0.266400906053532
0.265281788787413
0.2641186389433789
0.26291676480858067
0.2616811074485655
0.26041624747240366
0.25912641495306804
0.2578155016535553
0.2564870753589324
0.25514439546532
0.2537904297665185
0.2524278716491962
0.25105915776805093
0.24968648549755357
0.24831183034220736
0.24693696269386659
0.24556346420243005
0.24419274323504223
0.2428260497482886
0.24146448912266902
0.24010903531993502
0.23876054297175187
0.23741975877874358
0.23608733187426154
0.23476382353500877
0.2334497159296074
0.2321454202789401
0.23085128414742548
0.22956759822494135
0.2282946023395559
0.22703249104284043
0.22578141852424707
0.22454150317681046
0.22331283158373763
0.22209546222788779
0.2208894287048052
0.21969474272122758
0.21851139667015063
0.21733936604454954
0.21617861149073678
0.2150290807446127
0.2138907102609101
0.21276342676238444
0.21164714852635283
0.21054178662109083
0.20944724591713376
0.20836342607189948
0.20729022232023991
0.20622752625727792
0.20517522645294858
0.20413320907315735
0.203101358353977
0.2020795570939199
0.2010676870166764
0.20006562916026202
0.1990732641517858
0.19809047251423675
0.1971171348715728
0.19615313219024083
0.19519834592913787
0.19425265822923013
0.19331595201977472
0.19238811116708535
0.19146902054668133
0.19055856615882805
0.18965663517452894
0.18876311602460502
0.1878778984251264
0.18700087344591218
0.1861319335196017
0.185270972493885
0.1844178856283176
0.18357256963339497
0.18273492265787736
0.1819048443177258
0.18108223567620743
0.18026699926482492
0.17945903905798521
0.1786582604875277
0.17786457041371875
0.17707787713463866
0.17629809035438687
0.17552512118872632
0.17475888213136057
0.17399928705650133
0.17324625118418707
0.17249969108028598
0.1717595246213258
0.17102567099277585
0.17029805065361683
0.1695765853333557
0.16886119799667065
0.16815181283939268
0.16744835525379284
0.16675075182361992
0.16605893028995583
0.16537281954596358
0.16469234960337892
0.16401745158679865
0.16334805770111258
0.1626841012256995
0.1620255164826203
0.1613722388307108
0.1607242046347838
0.1600813512597926
0.15944361704089835
0.15881094127759912
0.15818326420502224
0.1575605269880156
0.15694267169342258
0.15632964128430135
0.1557213795932807
0.1551178313168561
0.1545189419896541
0.15392465797908106
0.15333492646041166
0.15274969541164482
0.15216891358959025
0.1515925305247488
0.15102049649847427
0.1504527625380653
0.1498892803945993
0.14933000253847634
0.14877488213792187
0.14822387305471943
0.14767692982373412
0.14713400764866927
0.14659506238234474
0.14606005052275392
0.14552892919409796
0.14500165614294747
0.14447818971998905
0.14395848887657237
0.1434425131469841
0.1429302226450099
0.14242157804727837
0.14191654058969475
0.14141507205156453
0.1409171347520479
0.14042269153503092
0.13993170576577407
0.1394441413161573
0.13895996256168924
0.13847913436726178
0.13800162208423833
0.13752739153685276
0.13705640901931052
0.1365886412827896
0.13612405553274867
0.13566261941617028
0.13520430101930989
0.13474906885519464
0.13429689186150306
0.13384773938865607
0.13340158119770934
0.13295838744890895
0.13251812869959406
0.13208077589335226
0.13164630035794936
0.13121467379472235
0.13078586827692038
0.13035985623922516
0.1299366104761999
0.129516104132435
0.12909831070074745
0.12868320401283787
0.12827075823758313
0.1278609478720682
0.12745374773983098
0.12704913298232592
0.1266470790571531
0.12624756173000468
0.12585055707273327
0.12545604145566516
0.12506399154596098
0.1246743842999368
0.12428719696152796
0.12390240705500608
0.12351999238352054
0.12313993102187484
0.12276220131525434
0.12238678187231798
0.12201365156391705
0.12164278951639222
0.12127417511041143
0.12090778797446018
0.1205436079836968
0.12018161525370297
0.11982179013947945
0.11946411322930629
0.1191085653437362
0.11875512752977999
0.11840378105982864
0.11805450742617878
0.11770728833987651
0.11736210572544259
0.117018941719849
0.11667777866729025
0.11633859911835899
0.11600138582479246
0.11566612173885912
0.11533279000828664
0.1150013739754131
0.11467185717266508
0.11434422332149329
0.11401845632791888
0.11369454028184127
0.11337245945243953
0.11305219828758069
0.11273374140948418
0.11241707361396101
0.11210217986640698
0.11178904530093604
0.11147765521660018
0.1111679950764381
0.110860050503857
0.11055380728189833
0.1102492513495199
0.10994636880084374
0.10964514588176068
0.10934556898915485
0.1090476246673982
0.10875129960791692
0.10845658064566992
0.108163454758602
0.10787190906438385
0.10758193081988979
0.10729350741798428
0.10700662638702675
0.10672127538773651
0.10643744221276813
0.10615511478365561
0.10587428115029553
0.10559492948824127
0.10531704809799632
0.10504062540233707
0.10476564994583026
0.10449211039218251
0.10421999552359477
0.10394929423847094
0.10367999555062947
0.10341208858696158
0.10314556258701428
0.10288040690042323
0.1026166109865674
0.10235416441213611
0.10209305685086618
0.10183327808099406
0.10157481798508253
0.10131766654765795
0.10106181385486344
0.10080725009230933
0.1005539655446233
0.10030195059349353
0.10005119571708823