-1.4123631674535662e-11
-9.736399113870479e-10
-7.538221065476327e-9
-3.141994569006047e-8
-9.562472781516391e-8
-2.372207339237789e-7
-5.113810460845627e-7
-9.940124867755325e-7
-1.785560907604995e-6
-3.0132022242598797e-6
-4.8345592779831645e-6
-7.4392912298155e-6
-0.000011052845738206003
-0.000015937354951954663
-0.00002239554521830748
-0.00003077089390877367
-0.00004145180703850896
-0.00005487101296461734
-0.00007151008564392674
-0.00009189804792474086
-0.00011661626330479286
-0.0001462961949049717
-0.000181624617026892
-0.00022334043249989496
-0.0002722400786002032
-0.000329173256626923
-0.00039504834085772296
-0.0004708268346145368
-0.0005575285538986954
-0.0006562246091989265
-0.0007680421437268922
-0.0008941556622184024
-0.0010357911681255806
-0.0011942157253422385
-0.0013707409607363913
-0.0015667108479088972
-0.0017835047106310841
-0.002022523344074097
-0.0022851918485956284
-0.002572944328160833
-0.002887227070870893
-0.0032294821557764188
-0.0036011516414011686
-0.004003660441051843
-0.004438422252064253
-0.004906822004647243
-0.005410224242473656
-0.005949955304101347
-0.006527314745654427
-0.007143557187146048
-0.007799907163016456
-0.008497540283786882
-0.009237601635915063
-0.010021185606963856
-0.010849357664308954
-0.011723131905194577
-0.012643495753921093
-0.013611384056103694
-0.014627705968268687
-0.015693314238001913
-0.016809033333140575
-0.01797562244934825
-0.019193803751910703
-0.02046421764477533
-0.021787449899308295
-0.023163977832210567
-0.02459419511464875
-0.026078347789178523
-0.027616555753598778
-0.029208738064973067
-0.03085463055160502
-0.032553700671622686
-0.03430516148716353
-0.036107877501332174
-0.037960376345775676
-0.03986074848009097
-0.04180665932588742
-0.04379524734259664
-0.04582314080514264
-0.04788636032181409
-0.04998034570772832
-0.05209987014390557
-0.05423908328536121
-0.05639144460296567
-0.058549788631827686
-0.06070628427402035
-0.0628525266955232
-0.06497952734292001
-0.06707783439420041
-0.06913755504323535
-0.07114850282548005
-0.0731002497157116
-0.0749822945771985
-0.07678413841203495
-0.07849546431538604
-0.08010622556844368
-0.08160682458077602
-0.0829882011671745
-0.08424199669518465
-0.08536062939982969
-0.08633743072175748
-0.08716669611950016
-0.08784378340726191
-0.08836513104253854
-0.08872831275256036
-0.08893202012063084
-0.0889760731643276
-0.08886136932976214
-0.08858985497302592
-0.08816444759026357
-0.08758897736778985
-0.08686809272309307
-0.08600718345680239
-0.08501228086868866
-0.08388997420006725
-0.08264731559967796
-0.08129173962565629
-0.07983098055381706
-0.07827300132650686
-0.07662592691445314
-0.07489798518350883
-0.07309745623061242
-0.07123262417790664
-0.06931173951394697
-0.0673429785936549
-0.06533441460754626
-0.0632939809209862
-0.061229446472904944
-0.0591483798966748
-0.05705812656183271
-0.054965772154503004
-0.052878120568855984
-0.050801657577525035
-0.048742530644282404
-0.0467065148374184
-0.044698996830919165
-0.042724945909532124
-0.04078890471446269
-0.03889496798276398
-0.03704678204845095
-0.03524753305010216
-0.03349995611121319
-0.03180633348861634
-0.030168513099015522
-0.02858791582979526
-0.027065561978909164
-0.025602085981072005
-0.024197768591693758
-0.02285255673118337
-0.021566098938406966
-0.02033776791050162
-0.019166696833403756
-0.018051802410973126
-0.01699182004014342
-0.015985325556838473
-0.015030767732738896
-0.014126487491543804
-0.013270746749107937
-0.012461744372172224
-0.01169764088126074
-0.010976570870123428
-0.01029666349417865
-0.009656051411169085
-0.00905288727019514
-0.008485349467101281
-0.007951655034716284
-0.007450062641580383
-0.006978882379588588
-0.0065364764914749565
-0.0061212665792181745
-0.0057317325459575
-0.005366417728685397
-0.00502392650396093
-0.00470292780005515
-0.004402151759250817
-0.00412039202208689
-0.0038565017743072486
-0.003609395129393886
-0.003378042823557432
-0.0031614729589657374
-0.0029587665505637294
-0.002769057835070654
-0.0025915298214611716
-0.0024254143216527646
-0.0022699876130829206
-0.002124570306398993
-0.001988523193574744
-0.0018612470353769554
-0.00174217864111216
-0.0016307906332686784
-0.0015265877842232857
-0.0014291067961544742
-0.0013379129047451426
-0.0012525996981376994
-0.0011727859867668674
-0.001098115674767392
-0.0010282548876028661
-0.0009628919020577839
-0.0009017345184821775
-0.0008445100505660904
-0.0007909629261207716
-0.0007408547346454907
-0.0006939620390869446
-0.0006500764772914268
-0.0006090027667023558
-0.0005705588547821365
-0.0005345740988100935
-0.0005008894599759889
-0.00046935584108980037
-0.0004398343190890731
-0.00041219462438995066
-0.0003863154068616867
-0.00036208284161471304
-0.0003393909239681808
-0.00031814018759471506
-0.00029823802456699843
-0.00027959750290218406
-0.0002621377083666704
-0.0002457826495441281
-0.00023046161867436383
-0.00021610817338773796
-0.00020266051442610668
-0.00019006053412186957
-0.000178254209392851
-0.00016719070789920267
-0.0001568227952025469
-0.00014710599029754817
-0.0001379989862892848
-0.00012946284767763252
-0.00012146144432402294
-0.00011396068346466866
-0.00010692895712256564
-0.00010033640234524151
-0.00009415536256590516
-0.00008835967001183135
-0.00008292512183748525
-0.0000778287790304639
-0.0000730494584329818
-0.0000685670427940162
-0.00006436299006932954
-0.000060419649530807895
-0.000056720789989958194
-0.00005325091709220143
-0.000049995822349390974
-0.00004694189690812313
-0.00004407670351422833
-0.0000413882821660982
-0.00003886574735763474
-0.00003649858110836489
-0.00003427725805808247
-0.000032192521404650134
-0.000030236038648379825
-0.00002839965597516838
-0.000026676087675354512
-0.0000250581444803294
-0.000023539459915500885
-0.000022113688034222457
-0.000020775270206420603
-0.000019518597599485087
-0.000018338822157908112
-0.000017230979051196105
-0.00001619084586763457
-0.00001521402008965352
-0.000014296830806768478
-0.000013435366089889026
-0.000012626441825675862
-0.000011866573640312443
-0.000011153007775274983
-0.000010482631960398583
-9.85307358742704e-6
-9.261543649534561e-6
-8.706007829479674e-6
-8.183957306918113e-6
-7.69365876531527e-6
-7.232845516519626e-6
-6.8000528457343965e-6
-6.393222517438772e-6
-6.011130322472935e-6
-5.6518966044684524e-6
-5.314513352123538e-6
-4.997252925388932e-6
-4.699302545592355e-6
-4.419062897958686e-6
-4.155898424611473e-6
-3.908316935767639e-6
-3.6758446995917085e-6
-3.4570776026610653e-6
-3.25169066660553e-6
-3.0583506608377206e-6
-2.876870357614897e-6
-2.7059718097778055e-6
-2.5455963852142326e-6
-2.394507181249188e-6
-2.252766665727332e-6
-2.119165898178794e-6
-1.9938824453587556e-6
-1.8757232188267046e-6
-1.7649762381389867e-6
-1.660452966974247e-6
-1.5625484664300864e-6
-1.4700681153722098e-6
-1.383511738385826e-6
-1.3016685246233325e-6
-1.225141832247577e-6
-1.1526949684497715e-6
-1.0850345713577593e-6
-1.0208886772211325e-6
-9.610678700164552e-7
-9.042557327807918e-7
-8.513683320540614e-7
-8.010357263422485e-7
-7.542818380651793e-7
-7.09674160071687e-7
-6.683476510803325e-7
-6.287981443259983e-7
-5.922756063728749e-7
-5.571949900741971e-7
-5.249260213443009e-7
-4.937933507241302e-7
-4.6529199150781e-7
-4.376466014774143e-7
-4.124837911657312e-7
-3.8791819547187084e-7
-3.6571512351751173e-7
-3.4386875218735267e-7
-3.242909983478883e-7
-3.048446734777613e-7
-2.875970443106709e-7
-2.7026810872760714e-7
-2.5509008411874494e-7
-2.396281001975779e-7
-2.262898212158263e-7
-2.1247277499118835e-7
-2.0077150406372347e-7
-1.8840245447912098e-7
-1.7815945757415765e-7
-1.6706357473436513e-7
-1.581213706797835e-7
-1.4814332143835038e-7
-1.4036325845062109e-7
-1.3136489313641685e-7
-1.246250108397086e-7
-1.1648331800639944e-7
-1.1067646497148634e-7
-1.0328176366613493e-7
-9.831393828433243e-8
-9.156827420258278e-8
-8.735716292344608e-8
-8.117289153523752e-8
-7.764658246706388e-8
-7.194510933647326e-8
-6.904096030540111e-8
-6.375162499941408e-8
-6.141526735328517e-8
-5.6474352400318736e-8
-5.465881826919521e-8
-5.000866677928017e-8
-4.867362003551361e-8
-4.42618503178549e-8
-4.3372916333334616e-8
-3.915172134193083e-8
-3.867989741282426e-8
-3.460541865295099e-8
-3.452656341289423e-8
-3.055833034440059e-8
-3.0852715746394035e-8
-2.69531414098339e-8
-2.7605067820913025e-8
-2.373899523394854e-8
-2.473645692116258e-8
-2.0870749440002873e-8
-2.2205149612541564e-8
-1.8308317668148538e-8
-1.9974224287112947e-8
-1.6016086627197633e-8
-1.801102852333622e-8
-1.396240024200172e-8
-1.6286696445527476e-8
-1.2119102880804861e-8
-1.4775724818726136e-8
-1.0461133965586085e-8
-1.3455594778674003e-8
-8.9661691056538e-9
-1.2306440348264309e-8
-7.614301794322004e-9
-1.1310754079997147e-8
-6.387761175993981e-9
-1.0453126814104632e-8
-5.270661749467782e-9
-9.720019513128021e-9
-4.248780646448876e-9
-9.099558682157139e-9
-3.30936060539327e-9
-8.581358936899529e-9
-2.4409328146347195e-9
-8.15636004375014e-9
-1.6331243172037917e-9
-7.816389614072116e-9
-8.741427261638557e-10
-7.535126019204784e-9
-2.8788288603404923e-11
-2.000493645945577e-9
-1.5438719003622412e-8
-6.431096216731519e-8
-1.9527922765646225e-7
-4.834588937557644e-7
-1.0393508992655404e-6
-2.014671996622322e-6
-3.6074999357615737e-6
-6.068110606354826e-6
-9.702437762063577e-6
-0.00001487831615976025
-0.00002202745527227931
-0.00003165269013781424
-0.00004432869753158721
-0.000060710818405794
-0.00008153459556484687
-0.00010762645353962365
-0.0001399018061766998
-0.0001793774129657222
-0.0002271673657526949
-0.00028449639716017337
-0.0003526926402208516
-0.0004332006990886862
-0.0005275698421185187
-0.0006374654194696738
-0.0007646512449633291
-0.0009109980837962582
-0.0010784594862027232
-0.0012690766183077375
-0.0014849477186446812
-0.0017282294428965328
-0.0020011012922905545
-0.0023057647123740977
-0.0026444050560490966
-0.003019190653005423
-0.003432235821507186
-0.0038856027162123725
-0.004381269306784665
-0.004921136775755984
-0.005507006042728058
-0.0061405927097550154
-0.006823514595094231
-0.0075573147791666555
-0.008343460874911193
-0.009183374859454389
-0.010078442761960519
-0.011030048034137258
-0.012039588355324034
-0.01310850766154789
-0.014238315168634354
-0.015430610083806836
-0.016687096876084072
-0.01800959616579181
-0.019400049657359912
-0.020860510569947668
-0.02239313126401991
-0.02400012657707579
-0.02568373680161738
-0.027446157275229068
-0.02928946901155937
-0.031215528043395196
-0.03322585609179102
-0.035321484117314735
-0.037502796825816885
-0.03976932770597116
-0.04211955510927504
-0.04455065193614733
-0.04705823860466119
-0.04963610034183346
-0.052275914038258306
-0.05496695971722687
-0.057695853316419916
-0.060446294811645554
-0.06319885501253637
-0.0659308178016845
-0.06861608209695777
-0.0712251650965831
-0.07372528556783743
-0.07608059362549989
-0.0782524933964123
-0.08020014823087218
-0.08188107608609858
-0.08325194515026872
-0.08426943377062202
-0.08489128223273237
-0.08507735506658189
-0.08479085701389262
-0.08399947828498014
-0.0826766279301237
-0.08080249506525586
-0.07836511494486696
-0.07536115545165363
-0.07179662352796767
-0.0676871978721802
-0.06305841479077531
-0.05794542006595176
-0.05239254429318818
-0.04645243482158133
-0.04018503162049533
-0.03365614940388483
-0.026935976924846415
-0.02009728725590385
-0.0132136812519436
-0.006357684898147158
0.0004009830766872653
0.006997135613222144
0.013371542248003998
0.019472211849014907
0.025255283653796128
0.03068568916613562
0.03573738879264781
0.040393356086952444
0.04464516984351108
0.04849239516494589
0.051941664128795195
0.055005636610045365
0.057701789194063734
0.060051199098606324
0.06207729191681506
0.06380469303490524
0.0652581570837211
0.06646167835871293
0.06743775163694062
0.06820684577845033
0.06878705088122687
0.0691939239873529
0.06944048809130156
0.06953738047328016
0.06949310586418363
0.06931437230683082
0.06900647382394783
0.06857368977563374
0.06801967981607931
0.06734784368532776
0.06656164251052965
0.06566485384561033
0.06466177442468836
0.06355734621439414
0.06235723400848344
0.06106783178499267
0.059696236067810916
0.05825016270315544
0.05673785103182007
0.055167928948156066
0.05354928514006397
0.051890917871853535
0.050201806644464046
0.0484907717516074
0.046766366912729514
0.04503676623083554
0.04330968910080843
0.04159232157422252
0.03989127630615148
0.03821254801990145
0.03656150534880409
0.03494287550924791
0.03336076162971658
0.031818649592356744
0.03031944332045965
0.028865486411560434
0.02745860819588024
0.02610015357784956
0.02479103383716926
0.023531759439082884
0.02232249102581099
0.021163071432762567
0.0200530737763083
0.018991830266554512
0.017978475553454727
0.017011971033228688
0.016091142593884295
0.015214699935662825
0.014381268556119608
0.013589404165717802
0.012837619206684437
0.012124392787287119
0.01144819228909358
0.010807479420200937
0.010200727583762009
0.009626424711426248
0.009083087088624119
0.008569259614683921
0.008083526743215814
0.007624510757630424
0.007190880415646862
0.006781347749542077
0.006394674920679915
0.0060296699685602135
0.005685192296684085
0.005360147712133013
0.005053492885050078
0.004764229945905946
0.004491410191203431
0.004234128441446123
0.00399152620647439
0.0037627859536447108
0.0035471338973484053
0.00334383428354964
0.003152191928943379
0.0029715465937652998
0.002801275364886702
0.002640787162483875
0.0024895250374757736
0.0023469608372419853
0.002212597469769119
0.0020859637386844722
0.001966616612751114
0.0018541362294026875
0.0017481281987046383
0.0016482187659968678
0.0015540571727178977
0.0014653109634889523
0.0013816684209811212
0.0013028339986961874
0.0012285308440257725
0.0011584963357146813
0.0010924847068961155
0.0010302626645700068
0.0009716121232792211
0.0009163258833515931
0.0008642104849488404
0.0008150819211017428
0.0007687686224808212
0.0007251071810158156
0.0006839454753524474
0.0006451383809482063
0.0006085510475497832
0.0005740545708585868
0.0005415294341310562
0.000510861116880161
0.0004819437138166114
0.00045467545530508154
0.0004289625180724849
0.0004047144323205358
0.00038184809984577624
0.0003602830621839588
0.0003399457428343635
0.0003207645506365672
0.00030267436442060633
0.0002856114449645606
0.00026951818174691857
0.00025433778632999595
0.00024001932234813823
0.00022651215228194427
0.00021377127358332052
0.00020175148959422872
0.00019041307635878017
0.00017971564765960305
0.00016962417889214567
0.00016010253430211128
0.00015111987613290992
0.0001426438214227304
0.00013464726681511113
0.0001271011395516815
0.00011998167069181178
0.00011326270417487631
0.0001069234524194795
0.0001009403254489747
0.00009529520568853286
0.00008996675697858963
0.00008493925722590908
0.00008019334522310909
0.00007571545290447526
0.00007148794487148851
0.00006749919496008205
0.00006373307037120365
0.00006017970075684827
0.000056824255848908896
0.00005365845846053449
0.00005066860071117108
0.000047847856566249595
0.00004518347845740084
0.00004266996816852244
0.00004029539168013608
0.00003805547184540572
0.00003593895526017377
0.000033942693925760726
0.00003205599396886812
0.000030276758123008594
0.000028594741467102812
0.00002700883090111436
0.00002550912868929974
0.000024095450725060853
0.000022758152417484058
0.00002149793305135324
0.000020305313780252533
0.000019181841247556125
0.000018118120230554487
0.000017116516856296782
0.000016167642278821036
0.000015274662132155226
0.000014428120285427535
0.000013631969174752271
0.000012876614792155312
0.000012166790223155073
0.000011492695432245804
0.000010859844455504789
0.000010258164794581824
9.693957659018313e-6
9.156812739377692e-6
8.653830427730868e-6
8.174197901683436e-6
7.725832311983889e-6
7.297453499262574e-6
6.897818489103373e-6
6.515114563041331e-6
6.1589669805015145e-6
5.816964331816495e-6
5.499633782888493e-6
5.1938973956804024e-6
4.911223401138757e-6
4.637798042774957e-6
4.3860748862613325e-6
4.141432384763342e-6
3.917359142141615e-6
3.698351408662745e-6
3.498988091745823e-6
3.302805751463885e-6
3.1255342581899844e-6
2.9496692232936157e-6
2.792158156648705e-6
2.6343708500994515e-6
2.494544851903071e-6
2.3528344325999265e-6
2.2288462127178004e-6
2.101424601582221e-6
1.9916307046358686e-6
1.876899082324053e-6
1.7798377044718214e-6
1.676365585465946e-6
1.5907372591037793e-6
1.4972441242595733e-6
1.4218943839257462e-6
1.3372329529825823e-6
1.2711369602595995e-6
1.1942784298590008e-6
1.1365271729275647e-6
1.066548112787118e-6
1.0163363702128892e-6
9.524067833294574e-7
9.090221780424672e-7
8.503951536200903e-7
8.132084982404753e-7
7.592104996833232e-7
7.276673165301816e-7
6.776901852973511e-7
6.513031185123053e-7
6.047962994956605e-7
5.831383521304583e-7
5.396020464107478e-7
5.223005316086322e-7
4.812799578962235e-7
4.680113539071415e-7
4.290910059545745e-7
4.195761708223354e-7
3.823751805043143e-7
3.763752557140717e-7
3.405428204858464e-7
3.3785563885964404e-7
3.0306718801360556e-7
3.0352397423322795e-7
2.6947743137571973e-7
2.729401167659809e-7
2.393527767621924e-7
2.4571146737202796e-7
2.1231700100037564e-7
2.2148792621418422e-7
1.8803367141561895e-7
1.9995725455804202e-7
1.662017535900188e-7
1.8084115096587624e-7
1.4655198505765356e-7
1.6389170669975736e-7
1.2884326016464259e-7
1.4888797615287922e-7
1.128594885859404e-7
1.3563317749242055e-7
9.840718802851236e-8
1.2395233759453833e-7
8.53126026873261e-8
1.1368972730014186e-7
7.341993970700719e-8
1.0470710107496144e-7
6.258916781182834e-8
9.688177587365223e-8
5.2694398280185545e-8
9.010511486575158e-8
4.362236840057336e-8
8.428079077875086e-8
3.527080024198609e-8
7.93239711248306e-8
2.7547231072519403e-8
7.515953546994066e-8
2.036813588005587e-8
7.172190725496584e-8
1.3657351803984275e-8
6.895089509737129e-8
7.325375009917325e-9
6.663205686997564e-8
9.59710244034923e-11
6.6156531726545726e-9
5.091536189096357e-8
2.1169009421970895e-7
6.405592392556806e-7
1.5796617989923516e-6
3.3792186951704035e-6
6.513513483564021e-6
0.000011586794114762042
0.000019347082102391434
0.000030678948919155173
0.00004661660556880278
0.0000683230473838352
0.00009710525378670743
0.00013438029439636498
0.00018169630738890794
0.00024068701028627737
0.0003131023442147284
0.0004007532791980338
0.00050555559940605
0.0006294669225569496
0.0007745461409468099
0.0009428842731840658
0.0011366807203968701
0.001358169075002591
0.0016097097915535922
0.0018937115277936675
0.0022127382308000233
0.0025694260734099635
0.002966601433747606
0.003407193044062434
0.0038943559423298734
0.0044313780347089125
0.005021803827876513
0.005669334166293442
0.0063779424166305375
0.007151765650892966
0.007995205003108727
0.008912806086158336
0.009909334625345094
0.010989643585867704
0.012158715141669205
0.01342151211138971
0.014782978136491045
0.016247871856917468
0.01782071910020372
0.0195056299793672
0.021306200038411653
0.023225313144714328
0.02526499275901765
0.02742619689399149
0.029708625575965826
0.03211051778360674
0.03462842614224752
0.037257029065257276
0.03998888814197695
0.042814291180207485
0.04572101117225567
0.04869419738169639
0.05171615712910744
0.05476631268712227
0.05782102875059309
0.060853653256115955
0.06383441485544566
0.06673056646771486
0.06950637878179607
0.07212340660442407
0.07454060618758945
0.0767147456487174
0.07860067460643062
0.08015189946770299
0.08132103130330738
0.08206054208213795
0.08232340816562163
0.08206405181391044
0.08123918056589495
0.07980889743099039
0.07773770943714833
0.07499575948978585
0.07155994143576468
0.06741516883803372
0.0625554927958327
0.05698528300510084
0.05072020494009001
0.04378815431826479
0.0362299209365965
0.028099698424954998
0.019465252766458063
0.010407834406600036
0.0010216890165236994
-0.0085867640031768
-0.018300187058891405
-0.02799194356192656
-0.037528139853515975
-0.04677000269612977
-0.05557661169178278
-0.06380787151892306
-0.07132771049313032
-0.0780073580512078
-0.083728666401349
-0.08838730071490214
-0.09189575819056985
-0.09418602467624754
-0.09521184403822817
-0.09495041238517347
-0.0934035075125866
-0.09059789098959811
-0.08658504518529463
-0.0814401275710597
-0.07526026524462415
-0.06816212907260556
-0.06027896816736819
-0.05175710210695324
-0.042752093606231854
-0.033424645832921554
-0.023936462257834433
-0.014446139021412287
-0.005105310091281941
0.003944884377155555
0.012576835447171876
0.02067896054245867
0.02815755769719812
0.034938007260385866
0.04096530427491981
0.04620394788164646
0.050637247029466696
0.054266096404026416
0.05710733952741411
0.05919178191420612
0.06056200366925678
0.06127002265413834
0.0613749647707535
0.0609407637742885
0.060034034695682095
0.058722105319506855
0.05707132634136424
0.055145606181957775
0.053005265292700145
0.05070612413818097
0.048298897978249
0.04582879161234568
0.04333535278224258
0.040852467939229226
0.03840855219429217
0.03602681755346232
0.033725670243376804
0.03151912846526126
0.02941731376809998
0.027426918263768103
0.025551704336525004
0.023792950979527473
0.02214990627992899
0.02062017137102637
0.019200076759894963
0.01788498591797946
0.016669586717707
0.015548113307247062
0.014514557171180461
0.013562815964704936
0.01268683593172722
0.01188070111476468
0.011138721578602153
0.010455477469242134
0.009825867279948965
0.009245120073159283
0.008708816206950952
0.008212878798023456
0.007753576859259383
0.007327504545128254
0.006931574141770942
0.0065629892542965135
0.006219232873326603
0.005898038659710927
0.005597377517472611
0.005315429571534704
0.005050571325177454
0.004801349788052205
0.004566471335569201
0.0043447786617850015
0.004135241816582139
0.003936938154408358
0.003749045623567452
0.0035708255811660976
0.003401618180578083
0.00324082776543588
0.00308792008757745
0.0029424099279068763
0.0028038598398636184
0.0026718696365167775
0.0025460763593676086
0.002426145296060786
0.0023117709036304607
0.002202669060401984
0.0020985787123043603
0.0019992551068688667
0.001904471973317593
0.0018140155297501788
0.0017276870474549873
0.001645297460473157
0.001566670200345554
0.0014916362707703473
0.0014200372677774136
0.001351720810693902
0.0012865436867087088
0.0012243675511956177
0.001165062155257443
0.0011085012469629811
0.0010545658537462201
0.0010031403307608053
0.0009541156825385686
0.0009073857136242141
0.0008628503826118261
0.0008204120195034633
0.0007799787112412751
0.0007414605546344493
0.0007047730788522015
0.0006698335077542375
0.0006365642264668474
0.0006048890303157134
0.0005747366464033078
0.0005460369479538565
0.0005187245431511182
0.000492734935337829
0.0004680081936997618
0.00044448503969671775
0.0004221106150839399
0.00040083047613668343
0.0003805944756671947
0.0003613526454339457
0.00034305921035162853
0.00032566834008947306
0.0003091383139299941
0.00029342712045605894
0.00027849679459892343
0.00026430884413727315
0.0002508287790472051
0.00023802134331645522
0.00022585525890021478
0.00021429824038700113
0.0002033219752649174
0.00019289689917863874
0.00018299743545053984
0.00017359650674800847
0.00016467105844345198
0.00015619628122296516
0.0001481514443711028
0.00014051380157255292
0.00013326476270616387
0.00012638345394720273
0.00011985325685362461
0.0001136549917892718
0.00010777385655785068
0.00010219220063996
0.0000968968958083904
0.00009187166679289523
0.00008710492934397485
0.00008258164063879809
0.00007829164220732356
0.00007422099103892057
0.0000703608471622482
0.00006669824427790981
0.00006322556423110443
0.00005993070308245734
0.000056807177312139296
0.00005384363906411687
0.00005103466151238092
0.0000483695541193744
0.000045843877646367976
0.00004344750661559226
0.00004117692775096589
0.00003902249472850085
0.00003698156680341623
0.00003504489626158388
0.00003321066814182761
0.00003146995746434582
0.000029821735440120368
0.000028257328325566886
0.000026776460217147783
0.000025370640474154072
0.000024040318880046568
0.000022777123321855432
0.000021582207573192753
0.0000204472563910582
0.00001937411100406579
0.000018354453729893054
0.000017390801700348968
0.00001647477754381994
0.0000156095678003732
0.000014786679656386937
0.000014009966923472082
0.000013270766775730212
0.000012573603112146797
0.000011909588897623075
0.00001128392511729125
0.000010687447220474759
0.00001012604451579496
9.590221189770628e-6
9.086570648409334e-6
8.605211747442066e-6
8.153462007773906e-6
7.721000409831661e-6
7.315892433648132e-6
6.927321291570521e-6
6.564129109101887e-6
6.214946519669384e-6
5.88942424619094e-6
5.57558181643025e-6
5.2839155083737044e-6
5.001773478010969e-6
4.740538395259649e-6
4.486823978072622e-6
4.2529451140815535e-6
4.024715811737671e-6
3.8154330697940234e-6
3.6100428265542114e-6
3.4228795766874912e-6
3.2379493717083508e-6
3.070683658381396e-6
2.90407360953114e-6
2.7547128445609692e-6
2.6044984732207856e-6
2.471256458947343e-6
2.3357060877713888e-6
2.2169820221118248e-6
2.0945376020098597e-6
1.988897969649754e-6
1.8781568849431273e-6
1.784318362340786e-6
1.6840174612984097e-6
1.6008318480342437e-6
1.509833080905287e-6
1.436274162366579e-6
1.353551581308321e-6
1.2887027246690203e-6
1.2133305862059208e-6
1.1563739864357046e-6
1.0875163866874847e-6
1.0377231406619053e-6
9.746244477058216e-7
9.313461403913744e-7
8.733226336979084e-7
8.359832203306748e-7
7.824150986187413e-7
7.505040854211477e-7
7.00828607213299e-7
6.738944772564601e-7
6.275999801246558e-7
6.052451063639175e-7
5.618646347367677e-7
5.437396490948148e-7
5.028465356158384e-7
4.886462498321508e-7
4.4984926605621033e-7
4.393089402701123e-7
4.0224793885283346e-7
3.9513911661093363e-7
3.5948155038674153e-7
3.556091318769664e-7
3.2104612021877515e-7
3.202458655604781e-7
2.864897542032201e-7
2.8862544012176563e-7
2.554064522312362e-7
2.603680775505833e-7
2.2743182483763752e-7
2.3513343956497547e-7
2.0223849944659137e-7
2.1261658110754086e-7
1.7953223156127425e-7
1.925444637539136e-7
1.5904877006857748e-7
1.746729021931262e-7
1.4055105068497196e-7
1.5878333554502496e-7
1.2382510306145075e-7
1.4467999209970308e-7
1.0867929313120802e-7
1.3218840332645608e-7
9.494050911324989e-8
1.2115219065206695e-7
8.245335181094623e-8
1.1143232925729275e-7
7.10774128057108e-8
1.0290416212545717e-7
6.068616754409371e-8
9.545732357540089e-8
5.116566914002064e-8
8.899345479175366e-8
4.2412676765259625e-8
8.34249856030949e-8
3.433379600187988e-8
7.867477936745618e-8
2.6844516736026723e-8
7.467402420391903e-8
1.986781577380348e-8
7.136266985011712e-8
1.3333509122786071e-8
6.868510257693334e-8
7.157637893973472e-9
6.643399775481053e-8
1.0999438007708954e-10
7.501586468068706e-9
5.757502998639167e-8
2.388859805241226e-7
7.202209561649283e-7
1.7688507541883066e-6
3.7647011596308475e-6
7.215179783471372e-6
0.000012751040458777068
0.000021137933107786437
0.00003325203494344194
0.00005009170902448392
0.0000727329978950716
0.00010234693198796174
0.00014013676017598953
0.00018736738058872102
0.000245287078742886
0.00031517508366538663
0.0003982504046836447
0.0004957417305506179
0.000608784862836913
0.0007385164647389015
0.0008859600430618711
0.001052142023866714
0.001237964840782941
0.0014443411574896218
0.0016720519712137651
0.001921893102426999
0.0021945167146111234
0.0024905837701980978
0.0028105890617597987
0.0031550141430564554
0.0035241385578286713
0.0039181893811905625
0.004337144187624397
0.004780875119834779
0.005248951484438986
0.005740777492520057
0.006255403544372262
0.006791656954021591
0.007347970633811042
0.007922505128183915
0.008513001691531075
0.009116892220031888
0.009731181262286653
0.010352538739202007
0.010977213177417414
0.01160110138730404
0.012219694067800577
0.012828117545976602
0.013421113352937853
0.013993049821760029
0.014537939065757536
0.01504942001548939
0.01552081849442976
0.015945106841664197
0.016315014054262413
0.016622968965552945
0.01686126636187332
0.017021999636137982
0.0170972847505082
0.01707918421396099
0.016959984284013314
0.01673210617992252
0.016388424810332647
0.01592215761153828
0.01532720800286135
0.014598019917735058
0.013729928796704783
0.012718973043401674
0.01156224132735678
0.010257641643377809
0.008804245751170423
0.0072020308547238706
0.005452237527074806
0.0035571145040065415
0.001520320606950416
-0.0006532858545141418
-0.002957164024593503
-0.005383214772850619
-0.00792118637562155
-0.01055868662706862
-0.013280471902269941
-0.016068355586654204
-0.018900417812073567
-0.021750868843679837
-0.02458927174792025
-0.027380476599359157
-0.0300840036944658
-0.032654213867281796
-0.03504003835772883
-0.03718557333623788
-0.039030344904200084
-0.04051049379288903
-0.041559714326637506
-0.04211111641997405
-0.042098869622322815
-0.04146069516764816
-0.04014008987108824
-0.038089229505031845
-0.035271469674901905
-0.03166426889585822
-0.027261507139309
-0.022075909880993796
-0.0161406386978505
-0.009510663580615543
-0.0022631056739499293
0.005502902997139486
0.013667486888844253
0.02209191873243146
0.03062158317743713
0.03908953925696842
0.04732092226158079
0.05513774465947567
0.06236414439115672
0.0688316952804543
0.07438467426518201
0.07888499282251507
0.08221658878091138
0.08428912084910661
0.08504072227991423
0.08443982463962134
0.08248581632948244
0.07920872828293213
0.07466774591049041
0.06894890656061442
0.062161816394230296
0.054435872460053034
0.045915837680570795
0.03675732445649556
0.027122016802539176
0.017173197507594627
0.007071363109353293
-0.003029544570378552
-0.012985571430230453
-0.02266538724562661
-0.03195246970783102
-0.040746451299465476
-0.048964021811985836
-0.05653907029278872
-0.0634224824859581
-0.06958132963209301
-0.07499786125421448
-0.07966807121427336
-0.08360022375734366
-0.08681312695336012
-0.08933449947288016
-0.09119922677193498
-0.09244780516005315
-0.09312477482164132
-0.0932773929166745
-0.09295435345446582
-0.09220476229044894
-0.09107718249460449
-0.08961892238953074
-0.08787539355805156
-0.08588968212889565
-0.08370217559511524
-0.08135036578767588
-0.07886868697491582
-0.07628849208247963
-0.07363804325170462
-0.07094260587064348
-0.06822453904837006
-0.06550346045692527
-0.06279639406313074
-0.06011796927509399
-0.05748059398165777
-0.054894661838218915
-0.05236872850494162
-0.04990970988871925
-0.0475230476293677
-0.04521288824056217
-0.0429822301375015
-0.04083307887331598
-0.03876657245240203
-0.036783111445988496
-0.03488246228759809
-0.033063863319698523
-0.03132610754003604
-0.02966762690086227
-0.028086556918008584
-0.026580802116882338
-0.025148085270028275
-0.02378599700772332
-0.02249203244905
-0.021263627835489
-0.02009818711008015
-0.01899310813261342
-0.017945801445916666
-0.01695370827000592
-0.01601431334632944
-0.015125156540948707
-0.014283841321203621
-0.013488041451721312
-0.012735506347738195
-0.01202406404870252
-0.011351624428989598
-0.010716179366494813
-0.010115804573701263
-0.009548657668178695
-0.009012979200870156
-0.008507089160365947
-0.008029387635607042
-0.007578350149278543
-0.0071525282750860555
-0.006750544087955981
-0.006371090971957241
-0.0060129273906287355
-0.005674878054174949
-0.005355827151756193
-0.005054719998573031
-0.004770555819650457
-0.004502389966169357
-0.004249326302434966
-0.004010520052558742
-0.003785169817573581
-0.0035725210988188853
-0.0033718579484234824
-0.003182507203662795
-0.00300382975895405
-0.0028352255394122053
-0.0026761243720674495
-0.0025259917227158047
-0.0023843191324810983
-0.0022506307423505617
-0.0021244732547049117
-0.002005423272325185
-0.001893076737195883
-0.0017870571115610292
-0.001687004241686367
-0.001592583412743015
-0.0015034735831029947
-0.001419377345923588
-0.0013400084748634562
-0.0012651028312996874
-0.0011944051576873635
-0.0011276809747857925
-0.0010647025559210202
-0.0010052618629955979
-0.0009491556289181812
-0.0008961993897021215
-0.0008462115958232223
-0.0007990288055492494
-0.0007544887423635682
-0.0007124467171945905
-0.00067275754586227
-0.0006352932746590046
-0.0005999238674684738
-0.0005665363145241561
-0.000535013994731818
-0.0005052572523916103
-0.00047716133542186675
-0.000450638532927867
-0.00042559458128866564
-0.0004019524661499711
-0.00037962718086828335
-0.00035855130207582776
-0.00033864797859906715
-0.00031985840142625607
-0.0003021128905978488
-0.0002853603888558035
-0.00026953750529021573
-0.0002546001733503594
-0.0002404905004858471
-0.0002271707419689435
-0.000214587792888714
-0.0002027096428471376
-0.00019148733546982933
-0.0001808940794189506
-0.00017088449025060167
-0.0001614365457437928
-0.00015250791306016575
-0.0001440809470747443
-0.0001361158942513736
-0.000128599147677563
-0.00012149310359720298
-0.00011478790193247208
-0.00010844769548373445
-0.0001024661226737244
-0.00009680873277397087
-0.0000914724527428738
-0.00008642389517822134
-0.00008166310192618152
-0.00007715744109565336
-0.00007290992643074564
-0.00006888839313116266
-0.00006509871454205009
-0.0000615089228001219
-0.000058127665657258244
-0.000054922915083322675
-0.00005190603340104552
-0.000049044688062022885
-0.00004635291987525996
-0.00004379785564634168
-0.00004139620000737988
-0.00003911431164405634
-0.000036971566335293564
-0.000034933330050231875
-0.00003302167788541231
-0.00003120076113083723
-0.000029495400579090973
-0.000027868313514768168
-0.000026347132896222947
-0.000024892920423025315
-0.000023536204100106922
-0.000022236167937205736
-0.000021026337430033677
-0.000019863793477618357
-0.000018785176886033135
-0.00001774523294770241
-0.0000167838565452079
-0.00001585321973359799
-0.00001499662621769566
-0.000014163427599493905
-0.000013400512072959275
-0.000012654153397977229
-0.000011975016260062396
-0.000011306029780204447
-0.000010701848645290192
-0.000010101776476485508
-9.564689226098555e-6
-9.025971340081132e-6
-8.548973197171674e-6
-8.064851156656154e-6
-7.641703105654397e-6
-7.206131303252692e-6
-6.831278851626164e-6
-6.438847599120138e-6
-6.107345990106362e-6
-5.75321187984816e-6
-5.460664237359652e-6
-5.140487522687749e-6
-4.882983523772154e-6
-4.592873678135757e-6
-4.3669411001818835e-6
-4.1034062703677475e-6
-3.905963697118301e-6
-3.6658674951448933e-6
-3.4941831894496206e-6
-3.274703759417709e-6
-3.1263600030937442e-6
-2.9249559145753246e-6
-2.797816908118485e-6
-2.6121957958386247e-6
-2.50437741455847e-6
-2.3324671823874967e-6
-2.2423146428273548e-6
-2.0822377175961092e-6
-2.008298834441887e-6
-1.8583505532240721e-6
-1.7993586280483177e-6
-1.6579849987233086e-6
-1.612840203296102e-6
-1.4786215048491473e-6
-1.4463743745898988e-6
-1.3180079820132722e-6
-1.2978469261938304e-6
-1.1741321379557089e-6
-1.165369315176217e-6
-1.0451936664242664e-6
-1.0472556817605631e-6
-9.295841512888411e-7
-9.420026083148899e-7
-8.258645891138121e-7
-8.48267346821661e-7
-7.327491379829907e-7
-7.648527160196354e-7
-6.490855135915356e-7
-6.906896343178551e-7
-5.738437333596927e-7
-6.248254056524796e-7
-5.061003728538983e-7
-5.664102186436724e-7
-4.4503008882748905e-7
-5.146877376542251e-7
-3.898917134288805e-7
-4.6898297201943754e-7
-3.400210443540612e-7
-4.2869597886476287e-7
-2.948224507207461e-7
-3.9329198424450474e-7
-2.537610459597779e-7
-3.622973678973062e-7
-2.1635622613984237e-7
-3.352900369112666e-7
-1.8217543517153912e-7
-3.118966140937841e-7
-1.5082881718626184e-7
-2.917866332218199e-7
-1.2196489992210645e-7
-2.7466768720619666e-7
-9.526600461803279e-8
-2.6028333976614097e-7
-7.044454339451192e-8
-2.4840611298335085e-7
-4.7238814316344006e-8
-2.3883009553805434e-7
-2.533907878718329e-8
-2.3081310812480335e-7