0.0005248098138591061
0.002103795129402199
0.004717880933805244
0.00837268880555941
0.013034060476941927
0.018702440203726082
0.025332380545395838
0.0329184340961498
0.0414052122281727
0.05078127855100433
0.0609824728686213
0.07199162583196163
0.08373695842409015
0.09619604068069847
0.10929064796084631
0.12299370575673653
0.13722173899095874
0.15194373869038832
0.1670721843662307
0.18257289803564192
0.198355511601379
0.21438346743937745
0.23056472259396185
0.24686112729292461
0.26318009495247763
0.2794826485123053
0.29567673352358337
0.3117232718156897
0.3275317505958869
0.34306366657258663
0.3582309846872046
0.3729963952940894
0.3872752003391005
0.4010318427718828
0.414185744616828
0.4267036023083054
0.43850966937091673
0.44957334439952024
0.4598243603283201
0.4692352237286644
0.47774174233391253
0.48531990549364346
0.49191215122129783
0.49749830826072994
0.5020279729783381
0.5054851637901993
0.5078271463433166
0.5090424812642138
0.5090966029766202
0.5079829721578394
0.5056756790593507
0.5021734430462277
0.4974594754045304
0.491538100293756
0.48440207487314085
0.4760616393440327
0.46651945407592876
0.45579192155673476
0.44389186141881815
0.4308419843610031
0.4166653869794096
0.4013910972186697
0.3850524320920107
0.36768457586538067
0.3493308054078888
0.3300321057336924
0.3098412300294662
0.2888044017156098
0.2669831391910128
0.24442813834227636
0.2212087556738249
0.19737920918635898
0.17301557774750764
0.14817450048647296
0.12293751499037543
0.09736247496849164
0.07153501523225012
0.045512943745765325
0.01938458759705959
-0.0067935516881902115
-0.03293184950776588
-0.05897632168315471
-0.08483738238951545
-0.11046468312360892
-0.13576991533273433
-0.16070735946039216
-0.18519109691231492
-0.20918088477944374
-0.23259416558641505
-0.2553968669040452
-0.27751061817348666
-0.2989080602288499
-0.3195156961868514
-0.3393132835203266
-0.3582327604459158
-0.3762612823500289
-0.3933366763092955
-0.40945367427438734
-0.4245563564588116
-0.4386471258319598
-0.4516766063474483
-0.46365489724767356
-0.4745393947304085
-0.4843478606629622
-0.49304463647772134
-0.5006550594420321
-0.5071505353246752
-0.5125638365599339
-0.5168734953248773
-0.5201195218438214
-0.5222875716099342
-0.5234246287400375
-0.5235233898381054
-0.5226374668977913
-0.5207664156403498
-0.5179700254131671
-0.5142544020081583
-0.5096849290624502
-0.504273794999724
-0.49809123249776904
-0.4911548570755194
-0.48353881896436496
-0.4752652975912494
-0.4664112338069654
-0.4570023001913667
-0.44711692030282685
-0.4367830088089829
-0.42607902656539215
-0.4150337560090705
-0.4037241841722342
-0.3921785464434855
-0.3804708717135085
-0.3686274908464667
-0.356718117168579
-0.3447659750216519
-0.3328353237511649
-0.3209453177749871
-0.30915391306052376
-0.2974755252828007
-0.2859612851628003
-0.27462051790792463
-0.26349733867130215
-0.2525959367867066
-0.2419535258415756
-0.2315693818736588
-0.22147418458995619
-0.21166273053665072
-0.20215972285641132
-0.19295605857099615
-0.18407114361268892
-0.1754926372849848
-0.16723538662056361
-0.15928449998467553
-0.15165100960379774
-0.14431813920754483
-0.13729381548585914
-0.13055999073288688
-0.12412213288180304
-0.11796146255733848
-0.11208155727175292
-0.10646336251401606
-0.10110904890376972
-0.09599965849913879
-0.09113635454561743
-0.08650056674776395
-0.08209277211867012
-0.07789500629811984
-0.07390731131385242
-0.07011248396364879
-0.06651032242327254
-0.0630844871031233
-0.05983467331471928
-0.05674546474815788
-0.053816554120339
-0.05103347439734115
-0.048395983720001735
-0.04589056462728181
-0.043517083765273946
-0.04126295457613853
-0.03912817647907454
-0.03710106170720383
-0.03518175290197172
-0.033359419950334014
-0.03163434932754892
-0.02999652186205285
-0.02844636174363332
-0.02697461108582303
-0.025581821318119452
-0.02425944519664895
-0.02300814833894881
-0.021820043931898854
-0.020695897454831875
-0.019628433734884976
-0.0186185034413645
-0.017659396333997143
-0.01675203389627748
-0.015890226607507035
-0.015074953109714186
-0.014300503109493719
-0.013567899734184454
-0.012871873236892864
-0.012213479683669187
-0.011587853999454382
-0.010996074828868259
-0.010433648628478044
-0.009901667448933059
-0.009395978757370594
-0.008917679987269871
-0.008462931572149049
-0.008032829391031868
-0.007623821119457985
-0.007236995152427561
-0.006869062839908612
-0.006521100085465239
-0.0061900603396901925
-0.005877002841730613
-0.005579103404039614
-0.005297401176432461
-0.005029276277660127
-0.0047757450086568995
-0.004534375278812356
-0.00430615836838282
-0.004088834867745287
-0.003883369380677307
-0.0036876613507339506
-0.003502647499855511
-0.0033263734643311504
-0.003159747270012145
-0.0030009491477637935
-0.00285085795092016
-0.002707777872921513
-0.0025725584084392537
-0.0024436179599277652
-0.0023217767253588314
-0.002205558361190378
-0.002095754041534905
-0.0019909844477315583
-0.0018920121810398398
-0.0017975473784162257
-0.0017083246688228265
-0.0016231366754564534
-0.0015426907801586998
-0.001465855668428038
-0.0013933123031543704
-0.0013239995042000703
-0.0012585727279914435
-0.0011960354519159034
-0.0011370186066940477
-0.001080585260704949
-0.0010273428542711715
-0.0009764093534510115
-0.0009283697863655925
-0.0008823926629262892
-0.0008390417103019334
-0.0007975319371964399
-0.0007584069058958548
-0.0007209243596088812
-0.0006856088498134804
-0.0006517573451573084
-0.0006198765528214116
-0.0005892993897119557
-0.000560515893187081
-0.0005328918617605791
-0.0005069018418978066
-0.0004819416380307351
-0.00045847148645492903
-0.0004359144948372182
-0.0004147177699021369
-0.00039432917635669635
-0.0003751838705713086
-0.00035675206937251744
-0.0003394581559276105
-0.0003227924214856019
-0.000307169650923987
-0.0002920980464387171
-0.0002779839675701721
-0.0002643514661414647
-0.00025159964802811617
-0.0002392664442886198
-0.0002277448785591221
-0.0002165848711937502
-0.00020617453612397656
-0.00019607396370301225
-0.00018666753343964584
-0.00017752374782123933
-0.00016902443186556765
-0.00016074479507334212
-0.00015306529469023193
-0.00014556618663180349
-0.00013862775623928923
-0.00013183368195330934
-0.00012556528478653234
-0.00011940807106888245
-0.00011374561952619121
-0.00010816369184317662
-0.00010304936390775309
-0.0000979870954418717
-0.00009336871946799918
-0.00008877584498009927
-0.00008460634592444607
-0.00008043743387055639
-0.00007667433476035934
-0.00007288831177631563
-0.00006949328484561832
-0.0000660530073121274
-0.00006299146980779242
-0.00005986333775231832
-0.000057104087923746104
-0.00005425769700088057
-0.00005177258624101009
-0.000049180413961456646
-0.00004694405148589622
-0.00004458117426012699
-0.000042570661072840573
-0.00004041449897720103
-0.00003860918820402253
-0.00003663927469684334
-0.000035020555665788264
-0.00003321832975584481
-0.000031769433464211275
-0.000030118052090287957
-0.000028823875944767602
-0.000027308044544232608
-0.000026154994466620198
-0.000024760813922774573
-0.000023736662111479723
-0.000022451490442375194
-0.000021545247250377742
-0.000020357574571048165
-0.000019559373117298753
-0.000018458708550916777
-0.00001775970081756745
-0.000016736470165894814
-0.00001612873346688177
-0.000015174186564058426
-0.000014650639374100451
-0.000013756766156656103
-0.000013311092398029064
-0.000012470546822462522
-0.000012097127794615428
-0.000011303158812420247
-0.000010997012029626835
-0.000010243400914639235
-0.000010000125195868178
-9.281128581776709e-6
-9.096854799863812e-6
-8.407152850780621e-6
-8.278499806186487e-6
-7.613149001331923e-6
-7.537183943813971e-6
-6.891574001596199e-6
-6.865777367920507e-6
-6.235591886330702e-6
-6.257825868240487e-6
-5.639006295026851e-6
-5.707486890323408e-6
-5.096199473775117e-6
-5.2094717068915914e-6
-4.602077111695925e-6
-4.758993147941261e-6
-4.152018450126812e-6
-4.351718348368475e-6
-3.741831147211262e-6
-3.983726030695692e-6
-3.36771044309026e-6
-3.6514678857789213e-6
-3.0262022057425393e-6
-3.3517336552155134e-6
-2.7141694852352583e-6
-3.0816195617884733e-6
-2.428762233629852e-6
-2.8384997661374732e-6
-2.1673898887746607e-6
-2.6200005585689995e-6
-1.9276965450443975e-6
-2.4239770263443895e-6
-1.7075384565241424e-6
-2.2484919580725014e-6
-1.5049636544195495e-6
-2.091796774196411e-6
-1.3181934720240157e-6
-1.9523142885966747e-6
-1.145605790826325e-6
-1.8286231307771023e-6
-9.857198473429184e-7
-1.7194436683707667e-6
-8.371824425074046e-7
-1.6236252898051668e-6
-6.987554264662692e-7
-1.5401349197718651e-6
-5.69304328607269e-7
-1.4680466499891374e-6
-4.4778802418957666e-7
-1.4065323723903955e-6
-3.332492540840525e-7
-1.3548526705267037e-6
-2.2480074769554683e-7
-1.3123068814697911e-6
-1.212810172062463e-7
-1.275552678044095e-6
0.0002208187660554793
0.0008915636797328899
0.0019797133457538857
0.003496394784681475
0.00538410348609838
0.007646605477072672
0.010208768709398377
0.01306650432292043
0.016130550042021817
0.019389783406971638
0.022744184643175895
0.02617714871266333
0.02958129313963262
0.03293645033564286
0.0361312344928407
0.039143974689010236
0.041862513445484556
0.04426571599425688
0.046243675850046705
0.04777770819318375
0.04876291387077762
0.04918477959324811
0.048945866973215325
0.048037320882221075
0.04637128739654824
0.043945786243890415
0.04068431290595244
0.03659266940703229
0.03160706852364539
0.025741645042636024
0.018946253964668775
0.011243506259847356
0.0025973389642958912
-0.0069614615597138555
-0.017454941272540516
-0.02884488729535214
-0.04113987504536464
-0.054295413524961963
-0.06830755314878871
-0.08312696092011986
-0.09873836136593504
-0.11508913162432279
-0.13215392609262624
-0.14987828866830666
-0.16822789589585488
-0.18714760338186223
-0.2065948360609423
-0.22651441790497223
-0.2468557428097901
-0.2675636782282999
-0.28857926481096163
-0.3098469300588792
-0.331298585454384
-0.35287732850344405
-0.37450492722957
-0.39612212062872104
-0.4176395962446447
-0.43899491408148295
-0.4600871887213568
-0.4808505570817465
-0.5011728695051887
-0.520985498269966
-0.5401664222226286
-0.558646035453347
-0.5762950795462353
-0.593045968075803
-0.6087660827412579
-0.6233939883539299
-0.6367986669904996
-0.6489298683601693
-0.6596639111105795
-0.6689673013755095
-0.6767297820099258
-0.6829402618482341
-0.6875078401018796
-0.6904490227344602
-0.6916974886674682
-0.6913015293028877
-0.6892233550576026
-0.6855456811458202
-0.6802613988819446
-0.6734882471989604
-0.6652496963821745
-0.6556966913887196
-0.6448806197695567
-0.6329811881473176
-0.620072373247407
-0.6063555915515434
-0.5919195622381694
-0.576978042577309
-0.5616245612281838
-0.5460741057469061
-0.5304137096404481
-0.5148475796482985
-0.4994445358176166
-0.4843861422515632
-0.4697120031274859
-0.4555705010876234
-0.44196294182480583
-0.4289965016232127
-0.416628187535557
-0.4049195442939994
-0.39378135404496173
-0.3832295493862267
-0.3731315130587033
-0.36346248795402686
-0.3540542511892494
-0.34485111000256174
-0.3356616195517512
-0.32641302324174354
-0.316906572093077
-0.30706904077935604
-0.2967121120859141
-0.285779419497151
-0.2741104136370328
-0.26168129619107483
-0.24837381390200716
-0.23420849457161264
-0.21911892984107928
-0.20317591501909107
-0.18636796951311035
-0.16881529754439395
-0.15055751074134588
-0.13175671370186676
-0.11249357323233608
-0.0929592203119776
-0.07326089027169447
-0.05360265341382402
-0.03410178634417036
-0.014958553652026444
0.0037157450425291693
0.021739628620232404
0.039021103420415454
0.055408840623365346
0.07083935111830085
0.08519822622548406
0.0984550009989152
0.11053424989346809
0.1214386511069074
0.13112974806828098
0.13963996104246504
0.14696279799987044
0.15315468898543222
0.1582343614091959
0.16227541068235077
0.16531446279139894
0.16743536617936638
0.1686856697867389
0.16915325330186518
0.16889056955906012
0.16798444621299477
0.16648748846977449
0.1644817009641749
0.1620164238621756
0.15916634801853305
0.15597536227066303
0.15250947096375878
0.14880595700381552
0.1449216581375546
0.1408868920262493
0.13674950416315745
0.1325330511899377
0.1282769965483952
0.12399870104812795
0.11973011014999033
0.11548315249914205
0.11128323360702055
0.10713769123700193
0.10306638326393126
0.09907289216996613
0.09517246956378088
0.09136572017888452
0.08766414177596987
0.08406605205513862
0.08057994044286632
0.07720242965863722
0.07393963526284734
0.07078697781544997
0.0677487270831405
0.064819501386772
0.062002156048821096
0.0592908242060255
0.05668729339209299
0.054185457287469346
0.051786310210586495
0.049483692410886904
0.047278019583811635
0.04516321573925515
0.04313928354450974
0.04120032880607317
0.039346067353371435
0.03757085399061502
0.03587421263661626
0.03425079042523807
0.03269998978701367
0.031216775353613786
0.029800479494066792
0.028446395935225
0.02715382384103665
0.025918387696986518
0.024739379258450957
0.02361274834238432
0.022537796783476664
0.021510789403988442
0.02053104943463942
0.019595143146705556
0.01870242195593322
0.017849738048998556
0.017036474541491813
0.016259752952956705
0.015518989286390103
0.014811557438286852
0.014136905868859021
0.013492644004978448
0.012878251241664723
0.012291556134616122
0.0117320667852158
0.011197815146219817
0.010688335370711203
0.010201847889257976
0.0097379100251742
0.00929491666295678
0.008872445327251956
0.008469052266495936
0.008084332245538735
0.00771699072851526
0.007366636829269446
0.007032114007192973
0.0067130429417890216
0.006408394766828403
0.006117799073523425
0.005840345210577677
0.0055756691646450685
0.0053229698584055865
0.005081887296021071
0.004851722105252539
0.004632116062554885
0.00442246435703261
0.004222408415392313
0.004031431523431446
0.003849172747430918
0.003675197639135018
0.0035091409923581262
0.00335064538514889
0.0031993395110522112
0.0030549382860609944
0.0029170625461752532
0.002785495370004552
0.0026598480356604054
0.0025399680875048533
0.002425455588820266
0.0023162192992573047
0.002211846440495123
0.0021123041541810006
0.0020171652118193668
0.0019264526938604241
0.0018397233194267493
0.0017570540305369413
0.0016779838868120262
0.0016026419588175654
0.0015305480242213823
0.0014618818732588632
0.0013961423536030333
0.0013335588736023815
0.0012736076673560825
0.0012165669509716104
0.0011618886166956373
0.001109899156031802
0.0010600243374605943
0.0010126386613361633
0.0009671399276775061
0.0009239506348751823
0.0008824386988362908
0.0008430748521249702
0.0008051951312109747
0.0007693189784972512
0.00073474846789571
0.0007020524611964168
0.0006704968903676648
0.000640700975305839
0.0006118922217602215
0.0005847413724737004
0.0005584351096094712
0.0005336970873192041
0.0005096706450757238
0.00048713395941006447
0.00046518437791491605
0.00044465643307609965
0.0004245986917997222
0.0004059041001821076
0.0003875695069986998
0.0003705485551762416
0.0003537832801984778
0.00033829053389098534
0.0003229542751867905
0.00030885730979222085
0.00029482207893343176
0.0002820003249424387
0.00026914934170078696
0.0002574930343142717
0.0002457197199513608
0.00023512894334462749
0.00022433600425110996
0.00021471982206039186
0.00020481841531458072
0.00019609407961567165
0.00018700305261113188
0.0001790952842677965
0.00017074048220897754
0.00016358081617064688
0.00015589445129801017
0.00014942064074505761
0.00014234071725161639
0.00013649619185850454
0.00012996598178069242
0.00012469935486415467
0.00011866692001248876
0.00011393154010227632
0.00010834929659959448
0.00010410283983645879
0.00009892716036758775
0.00009513125970051625
0.00009032211083003061
0.00008694201899313264
0.00008246263005024441
0.00007946691336211558
0.00007528347406693105
0.00007264373397424559
0.00006872511816055072
0.00006641573848450469
0.00006273325161910084
0.000060731169216669145
0.000057258317526994545
0.0000555428137786446
0.000052255092950284175
0.00005080760493005175
0.00004768230647761727
0.00004648625597189839
0.000043502290061773406
0.00004254292839622373
0.00003968066115208291
0.000038944929115998865
0.00003618603320175811
0.000035662434169098716
0.00003298975167041944
0.000032668237509853235
0.00003006565330367192
0.00002993752138411443
0.00002738984697918623
0.00002744764754303799
0.000024940513244790894
0.000025177966506743104
0.00002269772223306197
0.000023109643957882476
0.000020643266908308042
0.000021225502400134025
0.00001876051161368899
0.000019509876826765968
0.00001703425338291384
0.000017948483148319592
0.000015450595616567226
0.000016528298103265924
0.000013996833260111612
0.000015237450111982742
0.000012661347145261306
0.000014065119393993171
0.00001143350831752189
0.000013001447240291002
0.00001030359048901603
0.000012037453122861383
9.262689919465115e-6
0.000011164959030069883
8.302652488706916e-6
0.000010376520729614556
7.4160071077677865e-6
9.66536499290774e-6
6.595904664638449e-6
9.025332503953584e-6
5.836062593738897e-6
8.450825653951139e-6
5.130713909944572e-6
7.936761136856809e-6
4.474560978132099e-6
7.478526606483302e-6
3.862732760374059e-6
7.071941454025809e-6
3.2907460892518596e-6
6.713220892582896e-6
2.754470265697671e-6
6.398943285161776e-6
2.250094425272762e-6
6.126020396478372e-6
1.7740976003370296e-6
5.891670497158009e-6
1.3232212995579486e-6
5.693390949726039e-6
8.944231050710531e-7
5.528766132511967e-6
4.835044880164169e-7
5.384733599639005e-6
0.00039020741493620643
0.0015598960631060927
0.003505951852518415
0.006224601432161643
0.009708975231906294
0.013951275922028572
0.01894101707095109
0.02466616004072021
0.03111226188522983
0.03826280360551768
0.04609903163454196
0.05459974599204408
0.06374158179222988
0.07349853291047906
0.08384241409409567
0.09474237701415347
0.10616530348159672
0.11807553921635021
0.13043499111228127
0.14320326711560225
0.15633728443295275
0.16979196660307944
0.18351921376273012
0.1974692733100353
0.21158897534726093
0.22582386212986078
0.24011564759137854
0.2544051619918774
0.2686290487907905
0.2827235522160149
0.29662051205222695
0.3102519906241255
0.32354566135870905
0.33643023611219686
0.34883036344094676
0.3606727773204073
0.371880825247634
0.38238121752882315
0.39209829578326255
0.40096122259384165
0.40889808224236207
0.4158433194702986
0.42173174233362015
0.42650600198837085
0.4301105484552582
0.43249894518066356
0.43362781694607827
0.4334638151714202
0.43197759547142744
0.4291502905146326
0.4249675621520658
0.41942549297851867
0.4125247711774785
0.40427597206678373
0.39469394770827465
0.38380252699336076
0.37162919114800314
0.35820926750892496
0.3435809718960807
0.3277892018010827
0.31088101492257675
0.29290914018461894
0.2739279387326787
0.25399674766023606
0.233176337616821
0.21153218860397136
0.18913141996877228
0.16604607554677916
0.14235045957753026
0.11812448493991698
0.09345130335798091
0.06842074959306649
0.04312710573997335
0.017672659220929525
-0.007834611834485495
-0.03327735485671305
-0.05853150617210175
-0.08346246205527337
-0.10792841878270154
-0.13177635223510575
-0.15484641714565878
-0.17696763661089507
-0.19796378711558396
-0.21764861611150366
-0.23583366696497693
-0.25232272732483835
-0.2669220555979564
-0.2794336193561819
-0.2896681726637954
-0.29743668271570267
-0.3025666795670371
-0.30489110618869486
-0.3042683256047706
-0.3005674830832389
-0.2936925175582979
-0.2835630133836478
-0.2701425291964459
-0.2534138573209641
-0.23341195819521754
-0.21019255211259893
-0.18386993416411243
-0.1545779065829367
-0.1225127507790585
-0.08788567665895068
-0.05097124716572279
-0.01205077548764846
0.028533466807846852
0.07044414049090149
0.11328847049204063
0.1566932701526187
0.20023799903720974
0.24353835730985662
0.28617235410650016
0.32777153219954974
0.3679396996376802
0.4063505560951705
0.44265890626943855
0.4766033025075669
0.5079098314138576
0.5363983816796417
0.5618794569364536
0.5842628091228834
0.603448133330128
0.619435030702225
0.6322088184268957
0.6418510396779209
0.6484219066212826
0.6520707974283716
0.6529169931884596
0.6511597518392465
0.6469589837803061
0.6405445565564198
0.6320983952885487
0.6218626642483375
0.6100245191933258
0.5968227640453049
0.5824361762466296
0.5670881840373735
0.5509393828956415
0.5341897495132029
0.5169757033824498
0.4994693823199406
0.48178039700627484
0.46405174106754565
0.4463662409439912
0.42883875250659803
0.411527216456256
0.39452088986589445
0.3778558657618307
0.3615991882924888
0.3457686709553663
0.33041283749592293
0.31553486525722163
0.3011683735178235
0.2873053186184958
0.2739677141818245
0.26113930802702523
0.2488333644417484
0.23702795684110498
0.2257299727340899
0.21491385962072448
0.20458203118619933
0.19470690694799522
0.18528790641470688
0.17629662577315763
0.1677306079375927
0.1595615024571193
0.1517857958018119
0.14437580395346614
0.1373275406751089
0.13061439608170586
0.12423231230737278
0.11815600577453725
0.11238161051311318
0.1068853068052374
0.10166358302077545
0.09669413870682633
0.09197390656251705
0.0874821037419959
0.0832161467155603
0.07915673043245382
0.07530176042204599
0.0716333454028643
0.0681498631133084
0.06483475785415836
0.06168684921217847
0.05869083180738085
0.05584592926753469
0.053137999059140364
0.05056662775500192
0.04811874922261818
0.045794271367737116
0.04358112110474792
0.04147948731873954
0.03947821094100102
0.037577723816446994
0.03576770684250014
0.034048799729510554
0.032411454535642995
0.030856486929401072
0.029375056576085946
0.02796812643071391
0.026627505306791914
0.0253542779199944
0.024140848613384207
0.022988401313705352
0.02188988680473873
0.020846568436537236
0.019851898543264277
0.01890720263764238
0.018006393575860976
0.017150844062284204
0.016334889982436162
0.015559938320193478
0.014820713720983248
0.01411864637672394
0.013448818355877922
0.012812673625680933
0.01220562300454461
0.011629116255143864
0.011078866688143703
0.010556323168717735
0.010057477431856489
0.009583771888317355
0.009131454613987094
0.008701957008818288
0.008291763205048997
0.007902289917049436
0.0075302386785993415
0.007177008617928381
0.006839501493407976
0.006519096627587648
0.006212880164691709
0.005922210000310552
0.005644342040512554
0.005380611657275038
0.005128430994407635
0.004889112265272436
0.004660211325618105
0.004443016999173815
0.004235217233531855
0.00403807758713334
0.0038494072997189922
0.003670449101199316
0.0034991234682469536
0.003336651013533577
0.0031810540700208984
0.003033532086756245
0.0028922004829712612
0.0027582387122787474
0.0026298470621665903
0.0025081863499308047
0.002391534013134734
0.0022810337601492027
0.0021750329113593017
0.002074659746610176
0.0019783246080117903
0.001887142163320328
0.001799579281135668
0.00171673895887919
0.0016371384224345116
0.001561871055519704
0.0014894985648790196
0.0014211068842080545
0.001355296583885477
0.0012931484112623335
0.0012332964126744424
0.0011768185089580446
0.0011223770364602922
0.0010710495411824221
0.0010215216380960895
0.0009748730411420223
0.0009298077835882962
0.0008874103798141092
0.0008463985466271913
0.0008078643226845563
0.0007705344792558228
0.0007355113943404966
0.0007015263482789799
0.0006696949681471629
0.0006387485620393486
0.0006098190132715459
0.0005816332210769247
0.000555342434363248
0.0005296647328966177
0.0005057739475391256
0.0004823749366326068
0.0004606674412739163
0.0004393386875020804
0.00041961777432983984
0.0004001698582280341
0.0003822569700761214
0.00036451771705906015
0.0003482507694380419
0.0003320636460952209
0.00031729550651149046
0.0003025181674416364
0.00028911527892673105
0.00027561824917539797
0.00026345938138132654
0.0002511248616592007
0.000240099981167505
0.00022882076474534135
0.00021883000953665236
0.00020850849911228784
0.00019946125004215298
0.00019000856671790817
0.00018182260523974617
0.00017315777885144946
0.00016575852476827222
0.0001578077596975318
0.00015112757832387602
0.00014382358667015469
0.00013780116268109391
0.00013108255852573342
0.00012566232765607685
0.00011947307718432097
0.00011460471030019795
0.00010889363226540243
0.00010453156910449558
0.00009925187996905571
0.00009535490527699388
0.00009046380661261373
0.00008699466721969861
0.00008245296951188653
0.00007937802628086686
0.00007514980753989102
0.00007243872077661113
0.0000684910151990482
0.00006611645956513459
0.00006241897364494169
0.00006035638035750574
0.00005688123491527642
0.000055108557412525034
0.00005183005219790698
0.00005032755567810222
0.00004722195405037289
0.000045972024128544147
0.000043017356758498365
0.00004200432687432885
0.000039180212585898965
0.0000383902082160321
0.000035677689501098304
0.00003509848809962146
0.00003247988079564902
0.0000321007852636297
0.000029559540634536494
0.000029371265542602224
0.00002689184401520503
0.000026886413621295634
0.000024454167626216296
0.000024624824736078706
0.000022225891693095282
0.000022567015932067222
0.000020188219345808898
0.000020695254187066026
0.000018324011696458553
0.000018993400490475926
0.00001661763843851767
0.00001744676695900969
0.000015054841730643072
0.000016041988572093124
0.000013622612824508813
0.000014766905550196037
0.000012309078914182145
0.000013610456516826256
0.000011103400301834976
0.000012562580612725275
9.995677608067164e-6
0.000011614130753413345
8.976866196812077e-6
0.000010756791863604703
8.038698975003355e-6
9.983008695500655e-6
7.173615859761247e-6
9.285919192350761e-6
6.37469913259094e-6
8.659293718050244e-6
5.6356153496224705e-6
8.097480924074289e-6
4.950561200838088e-6
7.595357499266089e-6
4.31421551766501e-6
7.148282370270135e-6
3.7216945847353975e-6
6.752056500052597e-6
3.1685113071120987e-6
6.402884414508396e-6
2.6505383305045887e-6
6.097340917691789e-6
2.1639745382075893e-6
5.8323397244841544e-6
1.7053135666065193e-6
5.605105992107023e-6
1.2713158396484818e-6
5.41314772470207e-6
8.589616663714127e-7
5.2540700931158886e-6
4.6413464369568486e-7
5.115282220467794e-6
0.0000261577612912313
0.00007661555641298087
0.00021498108375012098
0.00039144461882621164
0.0007076534851733965
0.001111938266752283
0.0017280694249599657
0.002503787316973555
0.0035765232005175204
0.004891675581298319
0.006592422474970111
0.008618701270749266
0.011111912838538162
0.014003068235247875
0.017424979825666268
0.021296621946412467
0.025736488040867662
0.030649244530854127
0.03613469379878934
0.0420820481321876
0.04856954142740737
0.055471015621369496
0.06284174837638767
0.0705414844124131
0.07860253114346251
0.08687286126604961
0.09536299065410643
0.10391231552884454
0.11251173139791182
0.12099594094320974
0.12933919651235692
0.13737591797657783
0.14506733787229167
0.1522523978002816
0.15888343804586563
0.16480899453534595
0.1699769989344747
0.17425077621888846
0.17757850559250693
0.17984342441750323
0.18099854732023757
0.18095182044909333
0.17966531146431708
0.1770758341501174
0.17315801294655517
0.16788071574481156
0.16123357050412523
0.15321940443847967
0.14384395273630948
0.13314440195095306
0.12114218496129675
0.1079076574640808
0.09347601941404385
0.07794810483360723
0.06136960636380655
0.043867917123497066
0.02549495927050322
0.006399969644877504
-0.013363656401640814
-0.033629806797970854
-0.054348286278384575
-0.07534074272595312
-0.09656418749527797
-0.11783177549095772
-0.13911054924243876
-0.1602075800435196
-0.18110120853033684
-0.2015932156096581
-0.22167277444013866
-0.2411354992958973
-0.2599792707203554
-0.27799120008342537
-0.2951744391819847
-0.31130428739403265
-0.3263850457711583
-0.3401766691006346
-0.3526806677031553
-0.3636388537614218
-0.3730472258686145
-0.38062846390873545
-0.386372646607569
-0.3899852017005544
-0.3914532016414931
-0.39047047084929243
-0.3870280777610018
-0.3808182400243527
-0.3718474824472409
-0.35982087179624644
-0.3447761412274841
-0.32644964244432
-0.30492955025657337
-0.2800047606985156
-0.25183508893454964
-0.220284193496256
-0.18560447559693796
-0.14775500513053186
-0.1070986349853463
-0.06370588404986924
-0.01806161940737765
0.029644040471020695
0.07880222091062712
0.12910602680671812
0.1798329675520626
0.2305755161181457
0.2805221140296568
0.32919506668550863
0.3757325716743368
0.41963063716798416
0.4600283014182075
0.4964493709060041
0.5280927262925695
0.5545688578430564
0.5751969799374362
0.5897307524836203
0.5976639504931152
0.5989395505550761
0.5932659900473175
0.5808040630037001
0.5614963552016338
0.5357271398225014
0.5036683033565207
0.4659085584889979
0.4228199141808653
0.375153841772563
0.3234328795062936
0.2685126664017746
0.21100341140997972
0.15179773988350784
0.09152638323565025
0.031052439083047462
-0.0290352493483813
-0.08796054869895338
-0.14522677257937372
-0.20018700782007212
-0.2524702312350897
-0.3015828316313487
-0.3472947777218734
-0.38927181995862914
-0.4274235500041757
-0.4615658048307443
-0.49173327597328154
-0.517871514001569
-0.5401171894193968
-0.5585188302640348
-0.5732879543522953
-0.5845473287681844
-0.5925560737532307
-0.5974838844801273
-0.5996129473970334
-0.5991362746700165
-0.5963389571863656
-0.5914185689487651
-0.5846479651146886
-0.5762156298788366
-0.566371945012401
-0.555287371956209
-0.5431838780301738
-0.530208940583928
-0.5165536230325473
-0.5023405403331567
-0.4877299176204702
-0.4728198375345381
-0.4577414812664635
-0.4425701693646237
-0.4274108703906231
-0.41231873340292885
-0.39737584727389147
-0.3826201360580918
-0.3681142586615208
-0.3538818930691653
-0.33996957954545265
-0.3263895547044672
-0.31317526095577625
-0.3003300071484237
-0.28787679240485214
-0.2758121682149144
-0.26415095617536793
-0.2528847691331472
-0.24202213974962314
-0.2315512278669877
-0.22147582022713824
-0.2117818097945246
-0.20246947622446188
-0.1935233723360302
-0.1849412497161582
-0.17670702954320086
-0.1688166976523202
-0.16125407277831627
-0.15401396005033563
-0.14708046056862464
-0.1404476411516338
-0.13410015587765164
-0.1280316624910295
-0.12222754983564937
-0.11668130720845575
-0.11137917205109292
-0.10631463727045073
-0.10147485162375652
-0.09685343124500531
-0.09243846119285717
-0.08822376079577907
-0.08419834915367912
-0.08035629914242355
-0.07668754250802842
-0.07318643420460044
-0.06984378428295297
-0.06665424246695716
-0.06360945449984132
-0.060704366286054294
-0.05793141184780825
-0.05528582683667365
-0.052760783883576357
-0.0503517966753574
-0.04805272635858981
-0.04585934955693134
-0.043766166701567695
-0.041769200251844454
-0.03986354243314907
-0.038045443428570226
-0.03631054207906515
-0.03465529786876966
-0.03307585373643221
-0.03156886021621126
-0.030130924668508835
-0.028758870915810378
-0.027449733976005537
-0.026200493887436845
-0.025008579456041895
-0.023871110668528473
-0.022785879072086672
-0.021750129190330814
-0.020761986981901882
-0.019818806962315423
-0.01891902375292237
-0.018060088162470962
-0.017240720171790576
-0.01645845398546953
-0.01571227393358172
-0.014999785471605718
-0.014320218416142772
-0.013671238018248698
-0.013052302720954066
-0.012461126740535004
-0.011897382154517853
-0.011358821871553971
-0.010845318348763794
-0.010354653407751586
-0.009886888247076241
-0.009439824249418936
-0.009013701222827847
-0.008606331125585467
-0.008218123644914465
-0.007846892636836324
-0.007493210246271007
-0.007154883800071569
-0.0068326417034867
-0.006524276523767986
-0.006230667876254094
-0.005949585486556564
-0.0056820562056878465
-0.0054258189348903255
-0.005182044803544597
-0.004948433959553108
-0.004726299813586627
-0.004513295842369921
-0.004310876655394303
-0.004116641108560172
-0.003932184799255486
-0.0037550439413028677
-0.003586955746596088
-0.003425385657314226
-0.003272213930298261
-0.0031248269604002873
-0.002985250260347062
-0.002850782720873267
-0.002723598079727555
-0.0026008990479362143
-0.002485011303210576
-0.00237303244821322
-0.002267444546284237
-0.002165230876238231
-0.0020690350562599163
-0.001975716505409454
-0.0018880862849059313
-0.0018028700613739598
-0.0017230529486468493
-0.0016452165770127966
-0.0015725274449173337
-0.0015014124358405472
-0.001435227495340793
-0.0013702335878357874
-0.0013099849107119854
-0.001250564833985073
-0.001195735366155229
-0.0011413900743299274
-0.001091509106292792
-0.001041783439350346
-0.0009964224822001822
-0.0009509012196880905
-0.0009096702558133517
-0.000867974523309324
-0.0008305185970514845
-0.000792302595389733
-0.0007582987092884004
-0.0007232467360313573
-0.0006924010304390281
-0.0006602247684126501
-0.0006322699541169083
-0.0006027060007903685
-0.0005773990238572697
-0.0005502066418005061
-0.0005273265612157119
-0.0005022856272642619
-0.0004816316823614675
-0.00045854081939684943
-0.00043993067420126274
-0.0004186055485342734
-0.00040187369404028566
-0.00038214546174000134
-0.00036714176351380613
-0.0003488556553776143
-0.00033544403345570236
-0.0003184580617060618
-0.00030651529002388093
-0.0002906990699629383
-0.00028011368652821434
-0.0002653473591461543
-0.0002560186748320575
-0.00024219192495685755
-0.00023402912364033136
-0.00022104027944723934
-0.00021396160210469792
-0.0002017168156423561
-0.00019564881856197678
-0.00018406131205093862
-0.0001789381953308716
-0.00016792757479129077
-0.00016369057331908177
-0.00015318219689118475
-0.00014977902897003547
-0.00013970342920643786
-0.00013708779848590469
-0.00012738015141187017
-0.00012551129660038872
-0.00011611093360168984
-0.00011495322108557335
-0.00010580318133674539
-0.00010532574051348381
-0.00009637235556200969
-0.00009654874950853079
-0.00008774126234574905
-0.00008854919157802056
-0.00007983940471986338
-0.00008126044515453559
-0.0000726023920006032
-0.00007462175803907293
-0.00006597140001586879
-0.00006857773758075756
-0.00005989268185144986
-0.00006307788206611265
-0.00005431711678682663
-0.0000580761557957103
-0.00004919980396906952
-0.000053530599835420135
-0.000044499686916826726
-0.000049402980230355726
-0.00004017921546157251
-0.00004565846376177774
-0.00003620403396099764
-0.00004226532606799915
-0.00003254269796737447
-0.00003919468229787384
-0.00002916641538156345
-0.00003642024326433549
-0.000026048810517390887
-0.00003391809308042607
-0.000023165708087121045
-0.000031666488235609546
-0.000020494936421766467
-0.000029645670992120277
-0.000018016147165596476
-0.000027837700776583668
-0.000015710650641240467
-0.000026226303274009258
-0.0000135612656904548
-0.000024796729102074323
-0.000011552182128417822
-0.000023535627973991147
-9.668834858925872e-6
-0.000022430932210742414
-7.897788948485947e-6
-0.000021471752248113388
-6.2266339401917205e-6
-0.000020648281399873868
-4.6438861060813955e-6
-0.000019951697588404612
-3.1388247485206054e-6
-0.000019373491173439387
-1.6966783964634964e-6
-0.000018867802121937306