6.404940459183687e-8
5.123866373137012e-7
2.640543142447391e-6
8.318225482097563e-6
0.000020289587070266754
0.000042000692943568964
0.00007766908018591316
0.0001322136011176862
0.00021126851849594504
0.00032113488115433216
0.00046877256014883655
0.0006617567950566557
0.0009082580515711204
0.001216998633511523
0.0015972244810923068
0.002058659946472201
0.00261147371087763
0.003266230956057509
0.004033854752463545
0.004925575307598395
0.005952887759667254
0.007127498377795313
0.00846127946662894
0.009966212500386613
0.011654340729937264
0.013537709327981496
0.01562831626395276
0.01793804965516974
0.020478637521798033
0.023261582688402213
0.026298112136187646
0.029599109974510422
0.033175067251373494
0.037036013697521394
0.04119146901535423
0.04565037426541888
0.050421045803673986
0.055511107306249294
0.060927447642239986
0.0666761545951573
0.07276247802476012
0.07919076632629396
0.08596443623853199
0.09308591297609002
0.10055660797738818
0.10837686345057809
0.11654593922689102
0.12506196218405546
0.13392192318553103
0.1431216315002799
0.1526557225794153
0.1625176171971651
0.17269954056050205
0.18319248547843262
0.19398624303924342
0.20506936870627954
0.21642922456026048
0.22805194686063537
0.23992249967401835
0.25202464218157955
0.26434099344421597
0.2768529976357136
0.2895409997798329
0.3023842072028102
0.3153607763597371
0.32844776917035734
0.3416212515525317
0.354856243941517
0.36812683284774433
0.3814061157214784
0.3946663276785655
0.4078787818612154
0.4210140143029045
0.43404172190253465
0.446930929064573
0.4596499261718971
0.47216646196933304
0.4844476858241009
0.49646036968226454
0.5081708573266724
0.5195453190530094
0.5305497105283465
0.5411500621117824
0.5513124488134349
0.5610033144994876
0.570189452942026
0.5788383651201782
0.5869182495575123
0.5943983886985047
0.6012491447842274
0.6074423689895387
0.6129513971280229
0.6177514730338243
0.6218197365731756
0.6251356508298694
0.6276809734341312
0.6294401756906544
0.6304003873595532
0.630551795208487
0.6298875513463017
0.6284041390179426
0.62610123558448
0.6229820348303474
0.6190530577312932
0.6143244230286788
0.6088096018313535
0.6025256314149101
0.5954928130417986
0.5877348673582109
0.5792785780368814
0.5701538902139673
0.5603935051539349
0.5500329254798685
0.5391100077604252
0.5276649597382235
0.5157398586368921
0.5033786064525914
0.49062642230591
0.47752976266427616
0.46413579680319944
0.45049230011893265
0.43664712316297405
0.42264806824698986
0.408542364612985
0.3943765410985484
0.3801959223227051
0.3660445125534363
0.3519645294483752
0.3379963154786585
0.3241779258120918
0.310545082851798
0.2971308326499115
0.2839655549513904
0.27107669804034834
0.25848885143394246
0.24622356290670977
0.23429947453922575
0.2227322189189576
0.21153461280246688
0.20071662336029591
0.19028560839401767
0.18024633896300624
0.17060127168905756
0.1613506117116515
0.1524926013963334
0.1440236073453563
0.13593841061354672
0.12823030307738528
0.12089136654080666
0.11391256653140076
0.10728401080085764
0.10099503192034176
0.09503441903079689
0.08939048389359402
0.08405126284906364
0.07900456385425941
0.07423813816909425
0.06973970817241808
0.06549711018956277
0.06149830446579478
0.05773149178305544
0.05418510793771865
0.05084791745591408
0.04770899538099273
0.04475780161220995
0.041984152887515676
0.039378281171391534
0.03693079854613768
0.03463274277892187
0.032475537515394164
0.030451027757559094
0.028551437367973317
0.026769396757423916
0.02509789931229099
0.023530323169659598
0.022060387809909078
0.020682171413621452
0.019390068535257363
0.018178804204072148
0.017043393320581954
0.015979152386308038
0.014981661042927535
0.014046772090828073
0.013170575417301513
0.012349406786210843
0.011579814270085954
0.01085856615588884
0.01018261989946007
0.009549129388409685
0.008955416369272504
0.008398977231387278
0.007877456811240708
0.007388654805051473
0.006930501825884588
0.006501065512657402
0.006098528699364696
0.0057211952603989326
0.005367470244183507
0.0050358654758788
0.004724981507168254
0.004433512985144784
0.004160232273863037
0.003903994590583493
0.0036637231614426156
0.003438414121851595
0.0032271230771124823
0.003028969761583021
0.0028431258844532487
0.0026688195415319697
0.0025053242361298116
0.0023519630374493152
0.0022080986762022074
0.002073137444211971
0.0019465202737709816
0.0018277263739282265
0.0017162652115088844
0.0016116798804817391
0.0015135399109329696
0.0014214443687773763
0.0013350154267621542
0.0012539011925290597
0.0011777699829176162
0.0011063128789678034
0.0010392386514123007
0.0009762760416066058
0.0009171692921787266
0.0008616801530901147
0.0008095839769848386
0.0007606714496113278
0.0007147452145307391
0.0006716213269881175
0.0006311263773364956
0.0005930986671362304
0.0005573858049834358
0.0005238456031564376
0.0004923441235346314
0.0004627562925100323
0.00043496437839751783
0.00040885832159619966
0.0003843346283538794
0.0003612964123110223
0.0003396526927298282
0.00031931814258582636
0.00030021278243645504
0.00028226142915350935
0.00026539377951965087
0.0002495435525172462
0.00023464895952598678
0.00022065153181047146
0.00020749697688375097
0.00019513368146066996
0.0001835139561627445
0.0001725922027348078
0.0001623265518294696
0.000152676681711937
0.00014360585639216407
0.00013507838136993835
0.0001270620519024042
0.00011952522956103754
0.00011243971295078153
0.00010577741695567115
0.00009951368078625293
0.00009362352977624938
0.00008808543823736798
0.00008287715153091038
0.00007797992387845443
0.00007337387615702237
0.00006904273155885708
0.00006496868214595838
0.00006113764809659475
0.000057533623484553163
0.00005414448780728498
0.0000509557987227748
0.00004795718764522145
0.000045135564261186137
0.00004248213121885771
0.00003998496214225598
0.00003763667385222382
0.00003542633628773556
0.000033347844294468314
0.000031391114331630085
0.000029551201672427638
0.000027818735003152078
0.00002618982891527777
0.00002465570347493246
0.00002321344617163023
0.00002185475923296165
0.000020577629753319736
0.000019374142921968898
0.00001824312391087641
0.00001717695026152944
0.000016175234285754002
0.000015230562584220298
0.000014343293241926199
0.000013506144808360838
0.000012720188470175771
0.000011978202780031901
0.000011281947298871952
0.000010624192887368799
0.000010007370059238404
9.424177713351078e-6
8.877706660636728e-6
8.360522242730667e-6
7.876371228541778e-6
7.417625797910716e-6
6.9886902848163335e-6
6.581685463397008e-6
6.201680487941787e-6
5.8404872612616185e-6
5.503852429757146e-6
5.183221793405843e-6
4.885037405520558e-6
4.600321454540948e-6
4.336234441735031e-6
4.08331667144766e-6
3.849475192576755e-6
3.62470892227567e-6
3.417704596380936e-6
3.217858559738995e-6
3.0346754386451045e-6
2.8568856972325794e-6
2.694855187266535e-6
2.536582623445242e-6
2.393343657001681e-6
2.252336391218479e-6
2.125800237077121e-6
2.000060392126371e-6
1.888379558426555e-6
1.7761338604905062e-6
1.6776746155378257e-6
1.5773483817117647e-6
1.490666470998029e-6
1.4008605900304428e-6
1.324679776041293e-6
1.244150327951811e-6
1.1773434275159752e-6
1.104983636926443e-6
1.0465557657189794e-6
9.813800146639548e-7
9.304537826662844e-7
8.715834404796814e-7
8.273858754995591e-7
7.740367377386965e-7
7.35887736681498e-7
6.873588795290586e-7
6.546610131939369e-7
6.103249025540233e-7
5.825544180420541e-7
5.418481209728411e-7
5.185470064819452e-7
4.809643815284483e-7
4.6173337263943724e-7
4.2681811769757955e-7
4.113105379108739e-7
3.7864999936517064e-7
3.6656634454930733e-7
3.3578599378663906e-7
3.268691712989951e-7
2.976276712492243e-7
2.9165882904737015e-7
2.6364361838324127e-7
2.6043849316116364e-7
2.333618280271902e-7
2.3276755894836042e-7
2.0636295177866568e-7
2.0825530945659887e-7
1.822743214533657e-7
1.865553094439925e-7
1.607646471110834e-7
1.6736043366551166e-7
1.4153931401999083e-7
1.5039846583290416e-7
1.2433621192422246e-7
1.3542819640297803e-7
1.0892203668466519e-7
1.2223596704629458e-7
9.508900423582743e-8
1.1063260784709763e-7
8.265193784158496e-8
1.0045072456462665e-7
7.14456791176332e-8
9.154229508942911e-8
6.132278874160694e-8
8.377654107504523e-8
5.2151503959096954e-8
7.703804290086648e-8
4.381392261325114e-8
7.122507054222322e-8
3.6204386712860574e-8
6.624810724752582e-8
2.9228044883965502e-8
6.202854175227062e-8
2.2799571429308714e-8
5.849751369783584e-8
1.684201969553594e-8
5.5594860194299324e-8
1.1285543785303255e-8
5.32661450790473e-8
6.050018119169176e-9
5.1330726868231856e-8
1.3832430059661305e-7
1.1065628298397642e-6
5.698353739648884e-6
0.00001793622053427843
0.000043706006901259584
0.00009036638472276944
0.0001668762462192014
0.000283616875231848
0.0004523919955679271
0.0006862907925428779
0.0009996346194423753
0.0014078483566054504
0.0019273767763248503
0.002575555810355907
0.003370508528699624
0.004331014308098357
0.005476389408062222
0.006826353900863046
0.008400899324185676
0.010220153742036917
0.012304237599299554
0.014673127522320788
0.017346500945216562
0.020343599646993022
0.023683063808348236
0.027382796914088126
0.0314597904507936
0.035929992583271356
0.040808125480840805
0.0461075609046462
0.051840132899399184
0.058016023898284176
0.06464357603576566
0.07172919146002796
0.07927714572537778
0.08728950570489531
0.09576594846793232
0.10470369965227284
0.11409736110209259
0.12393887202483836
0.13421734868365498
0.1449190703607049
0.1560273347336873
0.16752247071884258
0.17938171382919502
0.19157924831885262
0.20408610763618426
0.21687024867802684
0.22989648305641508
0.24312658631514766
0.2565192657013338
0.2700303065324182
0.28361258119089716
0.29721623329033975
0.31078873067261115
0.32427508580242137
0.33761795302149467
0.3507578813061637
0.36363345369441585
0.3761815670795285
0.3883376105246423
0.40003576704945193
0.4112092282493601
0.4217905155618101
0.4317117313618396
0.440904901646095
0.4493022677957984
0.4568366576616504
0.46344182572697173
0.4690528630641303
0.47360659440761976
0.47704203704193104
0.4793008592584859
0.48032789227976297
0.48007164484288867
0.4784848606719977
0.4755250694413255
0.4711551669521444
0.46534396631388925
0.4580667623815441
0.44930583268923807
0.439050936035943
0.42729970449787547
0.41405802176152273
0.39934024804558205
0.38316942847632784
0.36557730239307995
0.3466043051057134
0.3262993302058466
0.3047195071685584
0.28192970723841637
0.2580021018804878
0.23301542714323428
0.20705435210699066
0.1802085420876007
0.1525718913075919
0.12424145147233862
0.09531660839990536
0.06589796820002192
0.03608658119883692
0.005982899166927472
-0.024313834388234663
-0.05470643369875901
-0.08510009669412139
-0.11540295299080221
-0.14552601807351584
-0.1753833771065757
-0.2048917417300628
-0.23397028458230243
-0.2625398631950881
-0.2905226175293783
-0.31784102403232944
-0.34441746026093617
-0.37017332908918815
-0.39502884817616435
-0.41890250785725236
-0.44171133113946687
-0.46337087871907895
-0.48379613736300847
-0.5029021641014297
-0.520605612820032
-0.5368259452440368
-0.5514874364231553
-0.5645207194233837
-0.5758649704471973
-0.5854694463456825
-0.5932954827448697
-0.5993176619703896
-0.6035252830564216
-0.6059228678600335
-0.6065308705387225
-0.6053853680273285
-0.6025379338446346
-0.5980545235083659
-0.5920145977582184
-0.5845093590476692
-0.5756403321525034
-0.5655172018516477
-0.5542561211989651
-0.541977430080898
-0.5288039605953865
-0.5148588879661783
-0.5002642525223077
-0.4851391277962044
-0.46959850189728264
-0.45375186580960697
-0.4377025158182873
-0.42154658799799605
-0.40537277434767527
-0.38926176990842
-0.37328634706053176
-0.3575111445215206
-0.34199301838846435
-0.3267810862328701
-0.31191726663145874
-0.29743649195771105
-0.283367354757366
-0.26973241374613116
-0.2565488796497591
-0.24382895494265633
-0.2315805088764662
-0.21980740853582445
-0.208510149379425
-0.19768615064418288
-0.18733032191185411
-0.17743530846016878
-0.16799198537116192
-0.15898964775190805
-0.15041643170141852
-0.14225945064093493
-0.1345051474651447
-0.1271393820457576
-0.12014772169861852
-0.11351548686561731
-0.10722798822821761
-0.10127053819341672
-0.09562864310911752
-0.09028798795684834
-0.08523459158949073
-0.08045477132671845
-0.07593526825413209
-0.07166319748393057
-0.06762614953500941
-0.06381213103065864
-0.060209647160377806
-0.05680763664053159
-0.05359553931438752
-0.050563228356363045
-0.04770106623889699
-0.04499983643852625
-0.04245079029650158
-0.040045579888808795
-0.03777629772970608
-0.035635411989493854
-0.033615800525825586
-0.031710689258073244
-0.029913681642672003
-0.028218700727289468
-0.026620014899151296
-0.025112183927268064
-0.023690081592712717
-0.022348845870422303
-0.02108389888148468
-0.01989090125490553
-0.018765769715388327
-0.017704635589005546
-0.0167038602445913
-0.015759997657207175
-0.014869807850935984
-0.014030223404059667
-0.013238360987652093
-0.012491491681574185
-0.011787050664573735
-0.011122611204655347
-0.010495892526762416
-0.009904737345027627
-0.009347117912071184
-0.008821116967666343
-0.008324931956590108
-0.007856859281013553
-0.00741529666004418
-0.0069987305863752755
-0.006605736790304815
-0.006234970816552727
-0.005885166545536695
-0.005555129822921145
-0.005243734982606224
-0.00494992147806977
-0.004672688342936673
-0.004411093790978528
-0.004164247541428861
-0.003931313371813346
-0.003711499226736411
-0.003504062725587382
-0.0033082989640863384
-0.003123548995559658
-0.0029491852263779784
-0.0027846229072834364
-0.002629303012076518
-0.0024827067936495388
-0.002344336025241127
-0.002213730693702242
-0.002090446469213444
-0.00197407562701625
-0.0018642216004688015
-0.0017605232396312985
-0.001662626288417421
-0.0015702111077567308
-0.001482960903979061
-0.0014005930622527332
-0.0013228239382739283
-0.0012494039680344292
-0.0011800788177413458
-0.0011146284565065792
-0.001052824442088451
-0.0009944731642615278
-0.0009393690249487078
-0.0008873420823896126
-0.0008382068645981311
-0.000791814666524665
-0.0007479977149232092
-0.0007066263946046971
-0.0006675484611619546
-0.0006306514972524338
-0.0005957968440491274
-0.0005628876159452242
-0.0005317969973826227
-0.0005024421712990316
-0.0004747065992545991
-0.0004485202501664385
-0.00042377545230128766
-0.00040041383994462803
-0.00037833533444833127
-0.0003574922598156865
-0.0003377909763646121
-0.00031919365315828105
-0.0003016120405124621
-0.000285017424839213
-0.0002693259887405832
-0.0002545175147659951
-0.00024051173968837249
-0.00022729641672967923
-0.00021479402723527036
-0.00020299985733680088
-0.0001918383823682367
-0.0001813120633527789
-0.00017134666912702837
-0.00016195155073301233
-0.0001530531122024102
-0.00014466737718589828
-0.00013672076189576358
-0.0001292358079020382
-0.00012213834857265226
-0.00011545734726179242
-0.0001091174821077873
-0.00010315409695768348
-0.0000974901592291345
-0.00009216740423091251
-0.00008710654452576479
-0.0000823557671897303
-0.0000778329934864441
-0.00007359297054670627
-0.00006955029372243842
-0.00006576642464820448
-0.00006215209696605927
-0.00005877568654620015
-0.00005554352330399853
-0.000052531142334559946
-0.00004963991792757254
-0.000046952833732711525
-0.00004436574270460733
-0.00004196941166240541
-0.00003965358911317918
-0.00003751720501131599
-0.00003544329902261214
-0.000033539390191770555
-0.00003168118020599395
-0.000029985250852782487
-0.000028319308375666146
-0.000026809519060207905
-0.000025314903957958612
-0.000023971786629517815
-0.0000226297770523636
-0.00002143598105241756
-0.000020229832287575385
-0.000019169898568836006
-0.000018084627824764624
-0.000017144787306916036
-0.000016166981699081073
-0.000015334975551572656
-0.000014452620924433497
-0.000013717541039546816
-0.000012919868661291921
-0.000012272014617041098
-0.000011549364904477778
-0.000010980117597864887
-0.000010323817835552335
-9.825526178218851e-6
-9.22778121189242e-6
-8.793661689814376e-6
-8.247456770248221e-6
-7.87150388228067e-6
-7.3705168786650365e-6
-7.047423228571788e-6
-6.585946846084682e-6
-6.311032885438816e-6
-5.8839047441989045e-6
-5.653055503585656e-6
-5.255595280010795e-6
-5.065204211282943e-6
-4.693157059975996e-6
-4.540077368241269e-6
-4.189563907879631e-6
-4.071063698802699e-6
-3.7385341823848282e-6
-3.6522582636358664e-6
-3.3344514659167107e-6
-3.278387038027406e-6
-2.9722938989847647e-6
-2.944740087407308e-6
-2.647569526886451e-6
-2.6471110609597518e-6
-2.356260005188354e-6
-2.381744054109535e-6
-2.094769969024778e-6
-2.1452859866676943e-6
-1.8598815729088035e-6
-1.9347433579125267e-6
-1.6487136991535233e-6
-1.7474449067683286e-6
-1.458686365359814e-6
-1.5810070410655093e-6
-1.2874880042236263e-6
-1.4333042004450814e-6
-1.1330465468469557e-6
-1.3024409621851514e-6
-9.93503828426642e-7
-1.1867285244229269e-6
-8.671920167232395e-7
-1.0846627964077268e-6
-7.526134998726496e-7
-9.949052631675877e-7
-6.484218793530277e-7
-9.162658933517465e-7
-5.534055822527476e-7
-8.476878064014133e-7
-4.664732186749218e-7
-7.882337824164801e-7
-3.8664014973851033e-7
-7.370736992169958e-7
-3.130163994875412e-7
-6.934738475045233e-7
-2.4479605402746753e-7
-6.567877144962751e-7
-1.812481032447001e-7
-6.26446390994664e-7
-1.217044083792448e-7
-6.019290971686444e-7
-6.53729749403909e-8
-5.813319066758635e-7
-1.4960768220067217e-7
-1.1968370231919246e-6
-6.1676111425101e-6
-0.000019428407715943876
-0.000047386495036347936
-0.00009808429477483153
-0.000181357414989117
-0.0003086625357353163
-0.0004930992587378713
-0.0007492786086129457
-0.0010932837167477443
-0.0015425372836552782
-0.0021157226967688566
-0.0028326368486414778
-0.003714082194093772
-0.004781701124218456
-0.006057847421488813
-0.0075654031584470195
-0.009327637888727201
-0.011368011244100236
-0.013710027687875135
-0.01637702813269688
-0.019392046372359015
-0.022777591465283065
-0.02655550907093703
-0.030746753653702955
-0.035371254488323636
-0.040447673864596655
-0.04599327445298145
-0.05202365768121428
-0.05855262745908368
-0.06559190264489397
-0.07315097252632059
-0.08123677925007207
-0.08985356312214733
-0.09900251487128173
-0.10868161332188576
-0.11888525265415732
-0.12960408035987145
-0.14082461011772263
-0.15252907299211774
-0.16469503100797508
-0.1772952582845096
-0.19029737307280684
-0.2036637674248181
-0.2173512761907149
-0.23131117409017227
-0.24548889949566152
-0.25982413719628505
-0.2742506137573045
-0.2886962839445945
-0.3030832141343119
-0.3173278911659624
-0.3313412112692133
-0.3450289321351398
-0.35829178671305795
-0.37102610146983994
-0.38312405554870144
-0.39447448832184684
-0.4049633221963341
-0.4144745778194837
-0.4228909704913343
-0.4300951393315575
-0.4359704110933595
-0.4404022295311386
-0.4432790569981004
-0.44449396424130905
-0.4439456131677486
-0.4415399404915642
-0.43719114091681527
-0.43082335774547176
-0.42237157205161174
-0.4117832067226869
-0.3990188301074
-0.3840535912315311
-0.36687766768452973
-0.3474974777553056
-0.3259358376748056
-0.302232933778772
-0.27644619363730105
-0.24865103614059003
-0.2189404916177226
-0.18742576733157237
-0.1542356622234957
-0.1195169812416859
-0.08343377590202888
-0.046167612679700064
-0.00791663509358413
0.031104352496951582
0.07066505012767428
0.11051984651755518
0.15040929834361094
0.1900606962603598
0.22918996249953053
0.26750271709253
0.3046966888205383
0.34046337731226517
0.37449103825236685
0.40646699193634517
0.43608119215029445
0.4630291725255605
0.4870161468113402
0.5077605159808479
0.5249983775135217
0.5384874373364565
0.5480117231191315
0.5533856508186766
0.5544586377541322
0.5511189635648203
0.5432978688382105
0.5309727392161173
0.5141701785950626
0.49296796683916416
0.4674965548614295
0.4379392478589241
0.40453163000156417
0.36755954826494225
0.3273561676479787
0.28429758947373523
0.23879755667373184
0.19130090381235806
0.14227632118148975
0.09220822570202723
0.04158836036229428
-0.009093005165991928
-0.05935561730252071
-0.10873764313356994
-0.15680328197755833
-0.20314976538784724
-0.2474131263428277
-0.28927303898940515
-0.32845616685792456
-0.3647384710755877
-0.3979459742586424
-0.4279545821821185
-0.45468849692676283
-0.4781179500015735
-0.49825579456065966
-0.5151537735182327
-0.5288979731039658
-0.5396043265793139
-0.547413620017336
-0.5524868790694609
-0.5550005153516856
-0.5551421030140123
-0.5531060887068376
-0.5490902859626758
-0.5432923906997179
-0.5359073469073613
-0.5271247485237264
-0.5171270873078226
-0.5060880004726762
-0.49417131306247636
-0.48153001437094917
-0.46830595240656797
-0.4546293863132473
-0.44061917184728555
-0.42638273202667787
-0.4120165792106648
-0.3976065611080651
-0.38322858652397357
-0.36894902902438315
-0.354825551190487
-0.3409075764527664
-0.32723713485683964
-0.3138493402059003
-0.3007732054158327
-0.2880320846796897
-0.2756444268780616
-0.26362416013161255
-0.2519813671309848
-0.2407226022946286
-0.22985148373491202
-0.21936894194145665
-0.2092737301862751
-0.19956260906462994
-0.1902307813414414
-0.18127201963968825
-0.1726790338448174
-0.16444355048954876
-0.1565566215357327
-0.14900866414606037
-0.14178971947740993
-0.13488946100958096
-0.12829741129038813
-0.12200292611458165
-0.11599537622000389
-0.11026411360323592
-0.10479862415009694
-0.09958848135082424
-0.09462347486411495
-0.08989355595047198
-0.08538894606427393
-0.08110007748227024
-0.0770176852325165
-0.07313274567519566
-0.06943655440419852
-0.06592066494103997
-0.06257695468451294
-0.05939756539133186
-0.05637495878653172
-0.05350186012012345
-0.050771304676074346
-0.04817658538948437
-0.04571129118838957
-0.04336925942283777
-0.04114460673422036
-0.03903168686639407
-0.037025114565062606
-0.03511972920834869
-0.033310612086032254
-0.031593056188303555
-0.02996257709217903
-0.028414889179474098
-0.026945910256937447
-0.025551744430341777
-0.024228680502407885
-0.02297318170415522
-0.02178187784466509
-0.02065156208846884
-0.019579176772400283
-0.0185618174177915
-0.017596712078398743
-0.016681232781916584
-0.01581286822824747
-0.014989242869066796
-0.01420808273359538
-0.013467242376693542
-0.012764663567764751
-0.012098410362376365
-0.011466620350142849
-0.010867548138203259
-0.010299508813601359
-0.009760930158350311
-0.009250287942227152
-0.008766167227629894
-0.008307189068796553
-0.007872081304649357
-0.007459596195200722
-0.0070685911452496655
-0.006697936766753738
-0.006346608021438086
-0.006013582150166263
-0.005697940772469608
-0.005398757075891751
-0.005115209461808191
-0.004846457335811515
-0.004591766947770866
-0.004350375066835505
-0.004121627720407514
-0.0039048309826078646
-0.0036994033799888472
-0.003504712958615818
-0.003320244190471812
-0.0031454204196194064
-0.00297978617300213
-0.002822814014836916
-0.0026741032426664427
-0.0025331701039404235
-0.0023996639367419715
-0.002273139621262295
-0.0021532923121518194
-0.002039710911499494
-0.001932132629606379
-0.0018301761739724371
-0.0017336174727276212
-0.001642101175657068
-0.0015554389778843789
-0.001473297924071067
-0.001395522881550739
-0.0013218000237910541
-0.001252005120932008
-0.0011858404580065043
-0.001123210738398707
-0.0010638315625185535
-0.001007634873517796
-0.0009543469838156376
-0.0009039256375954388
-0.000856105425681917
-0.0008108686905145683
-0.0007679560136360515
-0.0007273733531490704
-0.0006888651193904857
-0.000652460106865667
-0.0006179044983336875
-0.0005852493398136496
-0.0005542406178756665
-0.0005249512251900886
-0.0004971250541767147
-0.00047085661196346424
-0.000445885853716659
-0.0004223288327415432
-0.00039991976278084054
-0.00037879633396707696
-0.00035868524138583507
-0.00033974605401331274
-0.0003216961820319651
-0.0003047174647214739
-0.00028851626119926035
-0.00027329721848481524
-0.00025875386466261215
-0.00024511433635234794
-0.00023205752456543433
-0.0002198358822570977
-0.00020811182097209047
-0.00019716307970489794
-0.00018663369844553103
-0.00017682781838525692
-0.00016736915667223172
-0.0001585895195978857
-0.00015009027801103216
-0.00014223231718366123
-0.00013459255611206943
-0.00012756252929021505
-0.00012069250168133394
-0.00011440638535136982
-0.00010822548439556434
-0.00010260798404173787
-0.00009704380164707428
-0.0000920274629138696
-0.00008701494115568625
-0.00008253935145009794
-0.00007802002247054847
-0.00007403109583144228
-0.00006995239777516121
-0.00006640173240941029
-0.00006271639444874228
-0.000059560696363953784
-0.00005622618721564966
-0.00005342675455554386
-0.00005040478613779623
-0.00004792704642975149
-0.000045183129370290337
-0.00004299622328583737
-0.00004049926421174975
-0.000038575675569070584
-0.000036297618780101304
-0.00003461284083324413
-0.00003252834339435588
-0.00003106058093587065
-0.000029146720664768897
-0.000027876624004085574
-0.00002611263853185453
-0.000025023064702300823
-0.000023390113276304838
-0.00002246591435943603
-0.000020946866718834905
-0.000020174697820173045
-0.000018753940001511252
-0.0000181220916015437
-0.000016785353895062468
-0.000016283600431190783
-0.000015017800849465525
-0.000014637265595986575
-0.000013430367346776665
-0.000013163405550716625
-0.000012004289082805088
-0.000011844379635405986
-0.000010722725938331845
-0.000010664379890268528
-9.570563921818785e-6
-9.609241846829573e-6
-8.53423703794005e-6
-8.666276706022803e-6
-7.60156469958808e-6
-7.824119103902769e-6
-6.761610194734058e-6
-7.072591935153155e-6
-6.004549430550313e-6
-6.402584361741944e-6
-5.321555799719234e-6
-5.80594350039356e-6
-4.7046962641022725e-6
-5.2753750828608976e-6
-4.1468374497537285e-6
-4.804357377552199e-6
-3.641561452224689e-6
-4.38706224986209e-6
-3.1830920941966438e-6
-4.0182846646989305e-6
-2.7662251179513152e-6
-3.693380677988097e-6
-2.3862701680316207e-6
-3.4082093994808116e-6
-2.038993584790744e-6
-3.159084687547022e-6
-1.720570703375292e-6
-2.9427269168499654e-6
-1.4275407484098567e-6
-2.7562252302525397e-6
-1.1567683904169706e-6
-2.597000639135059e-6
-9.054067242617505e-7
-2.462773107217369e-6
-6.708663461101425e-7
-2.3515331119368915e-6
-4.5077399262393647e-7
-2.2614297982451863e-6
-2.422840204325708e-7
-2.1854651011300645e-6
-3.7146145623807e-7
-2.9715144525181243e-6
-0.00001527455200993308
-0.00004798265742068964
-0.00011663854084507599
-0.00024046324122689545
-0.00044255493282545014
-0.00074925174068279
-0.0011899510841622523
-0.0017965639626624712
-0.002603175187188168
-0.003645532469805404
-0.00496063135828497
-0.0065862471178482354
-0.008560489543140213
-0.01092139926735049
-0.013706497552910701
-0.016952467115110302
-0.02069470654934474
-0.02496710860240282
-0.029801615785294295
-0.0352281003220952
-0.04127390696901662
-0.047963830765232064
-0.05531962566444532
-0.06336006975262484
-0.07210041420063651
-0.08155252109814941
-0.09172422623684517
-0.10261953202030642
-0.11423785932443177
-0.1265742769372519
-0.13961862200691252
-0.15335574833604027
-0.16776450195649645
-0.18281797405744746
-0.1984823287335685
-0.21471705348105716
-0.23147365110608042
-0.24869589272823692
-0.26631840588655803
-0.284266952388595
-0.30245696955426954
-0.32079391736016344
-0.3391718577860978
-0.3574739401392305
-0.3755711311295309
-0.3933229299405525
-0.4105763840131474
-0.42716714108229314
-0.44291889705940174
-0.4576448954755624
-0.471147949254238
-0.48322248456406625
-0.49365525447993497
-0.5022279923518548
-0.5087188921156767
-0.5129058872223884
-0.5145689126360649
-0.5134937634369651
-0.5094750829254274
-0.5023206864241874
-0.4918551452081508
-0.4779243923933321
-0.4603997000626389
-0.4391823208781157
-0.4142075906044802
-0.38544930482447703
-0.35292362412235073
-0.31669284216916793
-0.27686872836205567
-0.23361531373579927
-0.18715127892450667
-0.1377513716335721
-0.08574744168976632
-0.03152811458241984
0.024461902135085554
0.08172422201405755
0.1397095176516564
0.1978222501403956
0.25542566190770566
0.3118489525197255
0.36639458337483705
0.4183478436156454
0.46698632437478116
0.5115916014686221
0.5514605014727042
0.5859183823794867
0.6143315575087851
0.636121398877568
0.6507770276425902
0.6578692190822907
0.6570622338342287
0.6481262941475882
0.6309472478699247
0.605536245658467
0.5720358367351833
0.530725447755845
0.4820225524811034
0.42648268531482697
0.36479455869460375
0.29777368905746293
0.22635080157846915
0.15155873765606925
0.07451420283196375
-0.003601546018817759
-0.08156662778242359
-0.15814258300143008
-0.23210197686616715
-0.302254700772839
-0.3674763391163817
-0.42673348144961093
-0.4791093720813475
-0.5238246811867793
-0.5602569499224428
-0.5879536004900321
-0.6066423626574872
-0.6162343115478472
-0.6168237640434572
-0.6086806745635523
-0.5922401871788511
-0.5680854805415012
-0.5369288821980108
-0.49958783111315774
-0.4569608011585716
-0.41000007163428875
-0.35968635738072163
-0.3070023217034083
-0.2529096524247078
-0.19832671137553373
-0.14411093182517157
-0.09104287456316486
-0.039815529274406875
0.008974333141635952
0.05482974556974937
0.09735530083066175
0.13625455681653756
0.17132625723509887
0.20245721417736806
0.2296148399507388
0.25283742188279695
0.2722248602069517
0.28792811485147013
0.30013976498171485
0.30908401989151785
0.3150082603368625
0.318174516238933
0.3188526583339072
0.3173137758850537
0.3138252585620747
0.3086461323843829
0.3020239568559706
0.29419192550668405
0.2853673119247926
0.27575000703084795
0.2655221629828657
0.2548477981621655
0.2438732810708451
0.23272765526914754
0.22152364617103004
0.21035841360573945
0.19931482763309447
0.1884624243363114
0.1778587645398439
0.16755043466548727
0.15757436377775944
0.1479587681271156
0.13872435216464846
0.12988513979996172
0.12144952266729561
0.11342095319315727
0.10579882946094557
0.09857904657208887
0.09175472399943206
0.08531662468926202
0.07925374011869087
0.07355359338971237
0.06820270145101195
0.06318678104156521
0.058491108450606746
0.0541006471275778
0.05000032427073584
0.04617509737240349
0.04261016479307001
0.039290986241098357
0.036203441936906514
0.03333381953840991
0.03066893392311604
0.0281960906652658
0.025903176082507612
0.023778605209616457
0.021811389674446242
0.019991076265612077
0.01830779845134616
0.01675221011332807
0.01531552509551132
0.013989449453325257
0.012766212279813586
0.011638498863628438
0.010599475154040958
0.009642723482728606
0.00876226234819095
0.007952485806759809
0.007208179741559786
0.006524465618101932
0.0058968140251936555
0.005320993195424533
0.00479308031893718
0.004309415029604393
0.0038666087884843352
0.0034615033922022072
0.0030911785787204765
0.002752915525261315
0.002444202726531943
0.0021627043925738637
0.0019062645790425667
0.0016728803655492884
0.0014607041717681624
0.0012680215839571897
0.0010932517590280426
0.0009349297672459155
0.0007917049666973714
0.0006623277390666064
0.0005456457034684217
0.00044059474237511325
0.00034619290867246686
0.0002615356590554725
0.0001857873031247562
0.00011818038624872805
0.00005800452065582052
4.609882991937119e-6
-0.00004260673643527909
-0.00008419433008402127
-0.0001206645797168946
-0.00015248012956859216
-0.00018007462599089425
-0.00020383682678036899
-0.0002241339604106086
-0.0002412916065425049
-0.0002556205672355291
-0.0002673924318937123
-0.0002768701617991823
-0.00028427922743740774
-0.0002898421196081588
-0.0002937449251842193
-0.0002961759885871354
-0.00029728776623109466
-0.00029723987917128436
-0.0002961560612012153
-0.00029417185849880197
-0.0002913864604165396
-0.00028791532338382126
-0.00028383664293049285
-0.0002792492013599844
-0.00027421320922850625
-0.00026881370381297775
-0.00026309545696302984
-0.0002571322724090636
-0.00025095562998972675
-0.00024463025521462436
-0.00023817613957073712
-0.00023165078310517274
-0.00022506419847537467
-0.00021846825354971492
-0.00021186423776666226
-0.00020529976363762426
-0.00019876843329482024
-0.0001923147938089152
-0.0001859256094102917
-0.00017964339694290295
-0.00017344876804744168
-0.0001673831134569463
-0.00016142143726767207
-0.00015560479862843942
-0.000149903018092157
-0.00014435752688378819
-0.00013893327889591154
-0.00013367270721732202
-0.00012853612350662613
-0.00012356753159783784
-0.00011872274353000058
-0.00011404785442364768
-0.00010949424770759094
-0.00010511059246021598
-0.00010084384942437273
-0.00009674571521699645
-0.00009275867749505434
-0.00008893789343723357
-0.00008522127426559681
-0.00008166785596072042
-0.00007821082322896456
-0.00007491350242849889
-0.00007170415635953365
-0.00006865080938683821
-0.00006567656688182996
-0.00006285456346041963
-0.00006010247006335767
-0.0000574989508794389
-0.00005495592795548662
-0.000052558025388374136
-0.00005021106481197478
-0.00004800607680769597
-0.00004584239265349807
-0.000043817914809854385
-0.00004182505863380236
-0.000039969085645591737
-0.00003813503201414308
-0.00003643603132000551
-0.000034749238265277587
-0.00003319620076234827
-0.00003164565186728496
-0.0000302281271165532
-0.00002880335497925273
-0.000027511469371095232
-0.00002620256982528636
-0.00002502703526158784
-0.000023824667428813667
-0.000022756780030135857
-0.00002165216177860844
-0.000020683794357009056
-0.000019668687663944866
-0.000018792274671107164
-0.00001785897033648933
-0.000017067492310638756
-0.000016208787778661407
-0.00001549575000969863
-0.0000147049274635013
-0.000014064337340747741
-0.0000133351367495224
-0.000012761480172765868
-0.000012088075610963539
-0.00001157629370347491
-0.000010953265009775763
-0.000010498728512557488
-9.9210349878751e-6
-9.519520522463775e-6
-8.982475562427391e-6
-8.63014403783485e-6
-8.12938906639894e-6
-7.822760138166203e-6
-7.354237789408007e-6
-7.090168933025759e-6
-6.650100808573406e-6
-6.425767053631367e-6
-6.010629029655508e-6
-5.823503163373325e-6
-5.430004493835652e-6
-5.277838198316249e-6
-4.902899017030291e-6
-4.783705734155461e-6
-4.424436582702432e-6
-4.3364756189815e-6
-3.9901595668624155e-6
-3.931922011056375e-6
-3.595994578057677e-6
-3.5661881079234446e-6
-3.238219373518635e-6
-3.2357576213457964e-6
-2.9134379310909993e-6
-2.937429291825871e-6
-2.6185515237853747e-6
-2.6682879633530035e-6
-2.3507329584621087e-6
-2.42568242181003e-6
-2.1074063159541725e-6
-2.2072033783451477e-6
-1.8862228243801855e-6
-2.0106629489412513e-6
-1.6850420399607565e-6
-1.8340745815380605e-6
-1.5019140132989612e-6
-1.6756383113355536e-6
-1.3350616117557117e-6
-1.5337214453100308e-6
-1.1828651842305836e-6
-1.4068477499386227e-6
-1.043850688282923e-6
-1.2936820914173636e-6
-9.166729867124444e-7
-1.1930177017146506e-6
-8.001061534465773e-7
-1.10376509015936e-6
-6.93030794893968e-7
-1.0249438722443572e-6
-5.944273366448412e-7
-9.556706062736883e-7
-5.033628246986292e-7
-8.951519548470893e-7
-4.1898372642000205e-7
-8.426766301166359e-7
-3.405105683181787e-7
-7.976071949071076e-7
-2.6722654086062543e-7
-7.5937503772189e-7
-1.984744806350873e-7
-7.274739410552595e-7
-1.3364559596331262e-7
-7.014292476732738e-7
-7.197738699968992e-8
-6.792152861666342e-7