0.00038046460486438173
0.0015217243193601422
0.003421037852288862
0.006075170669819954
0.009478764053318302
0.013625434647408789
0.01850695811958498
0.02411388167717215
0.03043499130145341
0.03745773073555153
0.045167803408272485
0.05354949538790745
0.06258535387265335
0.07225646185631324
0.08254216504204731
0.09342032716943245
0.10486708974394399
0.11685712789534335
0.12936343324770097
0.14235758468308796
0.15580954758613916
0.16968796977041783
0.18395999165966323
0.19859157402895103
0.21354731413775033
0.2287908085393584
0.24428447019587898
0.2599899263972
0.27586783180364727
0.2918782986252067
0.3079807006450409
0.32413413044465844
0.34029718999724307
0.35642846808156825
0.37248631414618355
0.38842932825522425
0.404216116635582
0.41980578653862516
0.43515768407141586
0.4502318870971472
0.46498892836742706
0.4793902807618728
0.49339807105023886
0.5069755530699532
0.5200868193159395
0.532697258771039
0.5447732746779282
0.5562827244508162
0.5671946522817293
0.5774797087733163
0.5871099064664933
0.596059016565783
0.6043023541627562
0.6118171487873889
0.6185823642301608
0.6245790387947965
0.6297901423995571
0.6342008814747095
0.6377985936436288
0.6405730113276967
0.6425161919422099
0.6436227335565162
0.6438897363574156
0.6433169632925689
0.6419068267459976
0.639664487131262
0.636597857508831
0.6327176337783152
0.6280373095626649
0.622573133134298
0.6163441254435397
0.6093719612530041
0.6016809846926837
0.5932980151382781
0.5842523569171838
0.5745755339028601
0.5643012925530796
0.5534652724896646
0.5421050043846536
0.5302595264012533
0.5179693800605594
0.5052761839245549
0.49222263120248927
0.4788520323498243
0.46520831787811734
0.451335560881096
0.4372779877040419
0.4230794903373515
0.4087836468848956
0.3944332329193327
0.38007025361500585
0.3657354629906612
0.35146841038792603
0.33730697709659097
0.32328744136399434
0.309444042816786
0.2958090717734695
0.28241247244255985
0.26928196319040415
0.2564426889750448
0.24391737873428634
0.23172605544899905
0.21988623470223317
0.20841269717325367
0.1973177289301342
0.18661095654379628
0.1762996254951441
0.16638849329328553
0.1568801383802207
0.14777490251536463
0.13907121954064208
0.1307655955241822
0.12285294520597
0.11532659728708342
0.10817862642826447
0.10139987155840498
0.09498025272172143
0.0889087920034989
0.08317390687552896
0.07776342579826064
0.07266485248999949
0.0678653709601754
0.06335207787115789
0.059111974282333696
0.05513216565673264
0.05139983968848854
0.047902435349945933
0.044627607717762495
0.041563368710624854
0.03869804081823324
0.036020372890109655
0.03351948517800165
0.031184963801145976
0.02900679964358461
0.02697546505871884
0.02508184903297254
0.023317319416166406
0.021673656474619097
0.02014310353951653
0.018718300707948984
0.01739232636171864
0.016158632393184807
0.01501107861181802
0.0139438705114787
0.012951588182112278
0.012029127317845046
0.011171723902274461
0.010374898891848205
0.009634479650511216
0.00894654853131606
0.008307461798343612
0.007713802167491529
0.007162395765366643
0.006650268571293178
0.006174661817331776
0.0057329921904258
0.005322865967466796
0.0049420427819620106
0.0045884487061687825
0.004260143354220737
0.003955332063629354
0.003672336090883782
0.0034096040018556538
0.003165684711931608
0.002939238164820429
0.0027290109736528784
0.0025338464470125326
0.0023526625973579423
0.0021844615591744758
0.0020283097444309525
0.0018833466886025588
0.001748767148129812
0.001623829404221042
0.0015078391133337005
0.0014001570950525311
0.0013001847626992406
0.0012073714194289467
0.0011212011116867862
0.0010411994564241216
0.0009669217749419978
0.0008979594734222411
0.0008339293285463566
0.000774479443115373
0.0007192795676151604
0.0006680266523970227
0.0006204361010586828
0.0005762469403719403
0.0005352139119830934
0.0004971122809460004
0.00046173068186215093
0.0004288755864779531
0.0003983648290488375
0.0003700317529775671
0.0003437193479687986
0.00031928409512305426
0.0002965906554254853
0.00027551543207159226
0.00025594175607908084
0.00023776318392608147
0.00022087913165815614
0.00020519792517224684
0.0001906328391838813
0.0001771049167101241
0.0001645393737183015
0.00015286820355880055
0.0001420269121039015
0.00013195692206621388
0.00012260260699425984
0.00011391350959837319
0.00010584164615645902
0.00009834355215943371
0.00009137783152311916
0.00008490704207929363
0.00007889546653439951
0.0000733108495593695
0.00006812236971629997
0.00006330223915455416
0.00005882385776871435
0.000054663285789348345
0.00005079756326645637
0.00004720606515660442
0.00004386897086799137
0.00004076851079081597
0.00003788757211222934
0.00003521084511719869
0.00003272355280694477
0.00003041250470518173
0.000028264939004070076
0.000026269491059940214
0.000024415137861718158
0.000022692087871179553
0.00002109081857715856
0.000019602893847815656
0.000018220086200489924
0.00001693512737050121
0.00001574090771402807
0.000014631165268890052
0.000013599755411524805
0.000012641283285678462
0.000011750437474994796
0.000010922570297110812
0.00001015308983263545
9.437992235814291e-6
8.773306979643845e-6
8.155585009881404e-6
7.5813925433756546e-6
7.047758586532549e-6
6.551713049243568e-6
6.090696874029984e-6
5.662140618095535e-6
5.263840175191428e-6
4.893572330321478e-6
4.549438817294298e-6
4.229515670606804e-6
3.932168136924305e-6
3.655730941372971e-6
3.398796362234452e-6
3.159922792664342e-6
2.937898100022546e-6
2.731474102096453e-6
2.5396071530108774e-6
2.3612163742115446e-6
2.1954032464124876e-6
2.0412316325247094e-6
1.8979280023633748e-6
1.764681470405484e-6
1.640826137997165e-6
1.52565953219009e-6
1.4186084232102687e-6
1.3190642007024905e-6
1.226533404217458e-6
1.1404887147364372e-6
1.0605053202125723e-6
9.861263280215174e-7
9.169859871505488e-7
8.526884430719603e-7
7.929187364379106e-7
7.373339380872171e-7
6.856627504518931e-7
6.376081578104335e-7
5.929363750891208e-7
5.513902402695671e-7
5.127681751425177e-7
4.768476357624768e-7
4.4345467436890697e-7
4.12396840229636e-7
3.8352386508582506e-7
3.5666948440392996e-7
3.31703697317211e-7
3.084830507658045e-7
2.868948657903125e-7
2.668155864779648e-7
2.481473086524621e-7
2.3078386082178798e-7
2.1463990886856728e-7
1.9962450133383904e-7
1.856629633789688e-7
1.7267770006220226e-7
1.6060303932509866e-7
1.4937313984541943e-7
1.3892989276275237e-7
1.2921783527371268e-7
1.2018516786446897e-7
1.1178562955677005e-7
1.0397263439162622e-7
9.670811961745049e-8
8.994975309320773e-8
8.366681817553337e-8
7.782038909392222e-8
7.238637754191984e-8
6.732851521400027e-8
6.26287387124851e-8
5.825277091460219e-8
5.418807374864925e-8
5.040176162277448e-8
4.6886413763028074e-8
4.360999525305674e-8
4.056987458023454e-8
3.773437217442569e-8
3.510539171493323e-8
3.265114940939512e-8
3.0377898146520695e-8
2.8253319860633607e-8
2.6287888720486643e-8
2.4448344760692883e-8
2.274931198231708e-8
2.1156194676716227e-8
1.9687747979861097e-8
1.830765560238996e-8
1.7038834251876322e-8
1.5842866218742475e-8
1.4746905418105317e-8
1.3710050630670404e-8
1.2763815274422144e-8
1.186442662810907e-8
1.1047921781349996e-8
1.0267257428837972e-8
9.563205481068265e-9
8.885036318726026e-9
8.278511151898652e-9
7.68877816382105e-9
7.166889218371419e-9
6.653409117785836e-9
6.205027226167177e-9
5.75723699777383e-9
5.372759733000512e-9
4.98149547931266e-9
4.6526420337930995e-9
4.309947322777834e-9
4.029583615726205e-9
3.728544586407599e-9
3.4905303001127795e-9
3.2251316823123595e-9
3.0241887427318366e-9
2.7891895238788996e-9
2.6207905737260585e-9
2.411615466036553e-9
2.271884197685228e-9
2.08453177348821e-9
1.9701599755923334e-9
1.8011193568761079e-9
1.7092941093333351e-9
1.5554762883583777e-9
1.483817803189511e-9
1.3424925670652245e-9
1.2890005251474683e-9
1.157744133306999e-9
1.1207517943123936e-9
9.973991133815593e-10
9.755343578145506e-10
8.581388709574153e-10
8.502909932881408e-10
7.370880593081158e-10
7.423792338777584e-10
6.317543067482399e-10
6.495157612311948e-10
5.39976750404893e-10
5.697285875720338e-10
4.598801840144109e-10
5.013158778390947e-10
3.8983760133708915e-10
4.428091108647725e-10
3.284350429648566e-10
3.9294279873771753e-10
2.744428964605743e-10
3.5062732454418495e-10
2.2679092619009304e-10
3.1492655855856566e-10
1.8454593176129005e-10
2.8503681598569107e-10
1.4689294502130844e-10
2.602701676336772e-10
1.1311798633552843e-10
2.4003969888816564e-10
8.259458911541902e-11
2.2384513690596067e-10
5.476916955482598e-11
2.112545945520176e-10
2.9073513640050145e-11
2.012771690184444e-10
0.0005834883932335597
0.0023336051475947076
0.005243201423260435
0.009303857529970844
0.014501611411409104
0.020819881674415848
0.02823727241594664
0.036729285689728344
0.04626678502745391
0.05681728068701874
0.06834363303737047
0.08080518199264482
0.09415651357615307
0.10834857616794803
0.12332741959057453
0.13903539361655462
0.1554098104852387
0.1723842987678728
0.18988736397102207
0.20784395593484656
0.2261739159978225
0.2447938019239964
0.2636152169902976
0.2825469207071639
0.3014930372058498
0.32035546297328965
0.33903195141585923
0.3574188123113372
0.37540886910078103
0.39289443126093626
0.4097651231681237
0.42591110222904155
0.44122076443894204
0.45558417862942896
0.4688906837343537
0.4810325117934627
0.4919023031801241
0.5013968951522954
0.5094147903069469
0.5158600897114398
0.5206399528914594
0.5236686515568268
0.5248650540007448
0.524156765532802
0.5214776560847239
0.5167720375506919
0.5099922330895978
0.5011027228650352
0.4900777313959466
0.47690525620526086
0.46158463054805643
0.44413033849694794
0.4245694983817852
0.4029453655257717
0.37931467855449796
0.35375075776827736
0.3263406616938573
0.2971878035930785
0.2664088775434903
0.23413593602160207
0.20051306196514299
0.1656978759070571
0.12985795288347804
0.0931717590463448
0.05582484140668103
0.018010232921267095
-0.020075519697633003
-0.0582323963655179
-0.09626092836269426
-0.1339625466945665
-0.17114350511428175
-0.20761535234139622
-0.2431985651442195
-0.27772293226964545
-0.311030700802275
-0.3429766644893599
-0.37343065544930254
-0.40227717577487604
-0.429417136128636
-0.4547669541288828
-0.478259541518879
-0.49984289928801945
-0.5194804633780019
-0.537149327854504
-0.5528401464631029
-0.5665551827208262
-0.5783080055436501
-0.5881215789026429
-0.5960279721633043
-0.6020666588598271
-0.6062843930444564
-0.608733802409308
-0.6094734843376058
-0.6085668817650977
-0.6060825583215105
-0.6020932669711413
-0.596676300574676
-0.589912625504097
-0.5818871868255564
-0.5726879878527716
-0.5624062557293159
-0.5511353933118183
-0.5389709652714619
-0.5260095107023153
-0.5123483700988266
-0.4980844040998483
-0.4833137285315829
-0.4681304211477521
-0.4526262543764106
-0.4368894818385297
-0.4210046553150069
-0.40505156930293995
-0.38910522636878325
-0.37323498973342634
-0.3575047294424489
-0.3419722000891043
-0.3266893685654232
-0.3117020048337059
-0.2970501670353062
-0.282767972573889
-0.2688842010642145
-0.2554222022942884
-0.2424005718289748
-0.22983315052288464
-0.21772972956203093
-0.20609610062310776
-0.1949347539877672
-0.18424494642537267
-0.17402336512033545
-0.1642641895345758
-0.15495970321213837
-0.14610033458715402
-0.13767520697861776
-0.12967215060467033
-0.12207818762000862
-0.11487951311103413
-0.10806191672025706
-0.10161073415824655
-0.09551120997011775
-0.0897484233605121
-0.08430759829949608
-0.07917400855232506
-0.07433324194965658
-0.06977108978570207
-0.0654737720141926
-0.061427815919268734
-0.05762024851452873
-0.05403846883037023
-0.05067041308760661
-0.047504424250784986
-0.04452939476397126
-0.04173463629963673
-0.03911000406903665
-0.03664576902198096
-0.03433272703254491
-0.0321620752085871
-0.03012550862749214
-0.028215101912805716
-0.026423395664571456
-0.024743284051588668
-0.023168092642798215
-0.021691472441534337
-0.0203074704693041
-0.019010430421800197
-0.017795057073882188
-0.016656323552866982
-0.015589530411495753
-0.014590219381701741
-0.013654227789588191
-0.01277760856022564
-0.011956680515348286
-0.011187954340156623
-0.010468179200996833
-0.009794274349284796
-0.009163372417903238
-0.008572756318831127
-0.008019899516645288
-0.00750240787177202
-0.0070180571427615945
-0.006564739430860844
-0.006140498127512739
-0.005743478626364297
-0.005371960905216873
-0.005024314184995136
-0.004699027313615994
-0.004394667068940359
-0.00410990649550017
-0.0038434865665963208
-0.0035942426095932224
-0.0033610690614280106
-0.003142944107450886
-0.002938897283497532
-0.002748032443094158
-0.0025694979772298864
-0.002402508216799587
-0.002246316058989334
-0.002100232903616512
-0.0019636034918355215
-0.001835824470332156
-0.0017163212612287552
-0.0016045653427224575
-0.0015000529850601207
-0.0014023213296079616
-0.0013109288387498912
-0.001225470251576443
-0.0011455586078035736
-0.001070839153254983
-0.0010009728097587125
-0.000935649098535286
-0.000874570938982668
-0.0008174666552550945
-0.0007640759947995575
-0.0007141612797058851
-0.000667494545978725
-0.000623867896610668
-0.0005830816709711546
-0.0005449540531437098
-0.0005093101884068475
-0.00047599109689965257
-0.0004448436615121942
-0.0004157288932218587
-0.0003885127205831181
-0.00036307365135481313
-0.00033929429949033685
-0.000317068483827348
-0.00029629343361621774
-0.0002768763639330815
-0.0002587273049312401
-0.00024176519053096642
-0.00022591126149605704
-0.0002110947013819013
-0.0001972465677727895
-0.00018430500743647505
-0.00017220967389498614
-0.00016090655064668794
-0.00015034281736242842
-0.00014047130860659523
-0.00013124579295662687
-0.00012262509330704288
-0.0001145687465182995
-0.0001070408088098195
-0.00010000586623636462
-0.00009343254796632377
-0.00008728986004708785
-0.0000815504265482475
-0.00007618712259063252
-0.00007117606192259124
-0.0000664935060590522
-0.00006211861637701208
-0.000058030618645084
-0.00005421133524541835
-0.00005064258643550686
-0.000047308518253878216
-0.000044193221591502894
-0.00004128287045854891
-0.00003856354339934633
-0.00003602318445456198
-0.00003364961172616391
-0.000031432313792071035
-0.000029360631764206874
-0.00002742540129259545
-0.000025617296686182375
-0.000023928328464238988
-0.00002235033826039548
-0.00002087636080740112
-0.000019499260024641397
-0.00001821296321584911
-0.000017011229609007904
-0.00001588876425876847
-0.000014840110651785386
-0.000013860651205998955
-0.000012945616432978466
-0.000012090978460285903
-0.000011292570004505623
-0.000010546876040853722
-9.850257685003544e-6
-9.199645647701021e-6
-8.591864458434045e-6
-8.024232209970375e-6
-7.493980315654192e-6
-6.998762537726923e-6
-6.536168650095078e-6
-6.104142762838658e-6
-5.700589710918596e-6
-5.3237051469199695e-6
-4.971671323052841e-6
-4.6429010960186125e-6
-4.3358213673188725e-6
-4.049032194567951e-6
-3.781176606681378e-6
-3.5310153406593913e-6
-3.297382970977709e-6
-3.07917775857129e-6
-2.8754043455513113e-6
-2.6850778191212486e-6
-2.5073548181941032e-6
-2.341348919784743e-6
-2.186352881321819e-6
-2.0415628584527254e-6
-1.9063936198662872e-6
-1.7801100429529164e-6
-1.6622371606603054e-6
-1.5520960265351515e-6
-1.4493114986986286e-6
-1.3532499971342609e-6
-1.2636276950906574e-6
-1.179845890481922e-6
-1.1017055839897165e-6
-1.0286329391211758e-6
-9.605084811677603e-7
-8.967751519122139e-7
-8.373875898143121e-7
-7.817980769841819e-7
-7.300318918547676e-7
-6.815434157232339e-7
-6.364256264793958e-7
-5.941283210958295e-7
-5.548100431027144e-7
-5.179100672806227e-7
-4.836516408222324e-7
-4.514563377758201e-7
-4.21612201555325e-7
-3.9351731573787475e-7
-3.67524815344501e-7
-3.4300327549530136e-7
-3.2037165161514863e-7
-2.98963452346994e-7
-2.792649587766507e-7
-2.6056898575570134e-7
-2.4343068142839823e-7
-2.2709663878685723e-7
-2.121937778348138e-7
-1.9791582253699557e-7
-1.849652879700144e-7
-1.7247652792373437e-7
-1.6123171661756526e-7
-1.5029918508801646e-7
-1.4054546883515188e-7
-1.3096553867053505e-7
-1.225160620803967e-7
-1.141108573905786e-7
-1.0680310258698628e-7
-9.941708165152903e-8
-9.310980532137125e-8
-8.660697226210915e-8
-8.117731535568507e-8
-7.543891184360807e-8
-7.078002746734604e-8
-6.570196719373948e-8
-6.172135282948415e-8
-5.7212273648764406e-8
-5.382987654746984e-8
-4.9809369660999447e-8
-4.695600229889731e-8
-4.335350999853564e-8
-4.096949291326084e-8
-3.7722614616554676e-8
-3.575683505689096e-8
-3.281068919971914e-8
-3.121902718883767e-8
-2.8524795750262705e-8
-2.726996488992935e-8
-2.4784163473176885e-8
-2.3834478697341374e-8
-2.1518265326015808e-8
-2.0847133889217462e-8
-1.8665602188771078e-8
-1.825082807760145e-8
-1.617240644206354e-8
-1.599593426689128e-8
-1.3991880009168765e-8
-1.4039364958659834e-8
-1.208319372883264e-8
-1.2343448172008826e-8
-1.04108160713485e-8
-1.0875340341318073e-8
-8.943323557418663e-9
-9.606818883617004e-9
-7.653699209584398e-9
-8.512906325077952e-9
-6.518054543205655e-9
-7.572180011676904e-9
-5.515553370187671e-9
-6.7660407183961574e-9
-4.627859644432394e-9
-6.07828665848393e-9
-3.8390539881347215e-9
-5.494954879695001e-9
-3.1350706950129527e-9
-5.003991958901761e-9
-2.5035919366104235e-9
-4.595196732896553e-9
-1.9337732195003857e-9
-4.259488713206958e-9
-1.415742696190458e-9
-3.98920760337371e-9
-9.411292718419012e-10
-3.77774263179023e-9
-5.006741039495311e-10
-3.6083137431068e-9
-0.0013021062520266276
-0.005207147358623524
-0.011688697925202548
-0.020715488541884448
-0.03223537985688228
-0.046185878241728026
-0.06248565900838297
-0.08104051909158881
-0.10173730723421376
-0.12444829292333422
-0.14902608504593592
-0.17530751293602873
-0.20310902473379758
-0.23223069499480686
-0.26245191120367434
-0.29353592953466096
-0.3252257973083956
-0.3572497671386578
-0.3893174660486318
-0.42112638750347114
-0.4523583366708417
-0.4826871279580132
-0.5117753236425885
-0.5392831644682134
-0.564865583670076
-0.5881822905123989
-0.6088949913905848
-0.6266784363598054
-0.6412177224306105
-0.6522200097225841
-0.6594117292170188
-0.662550588220149
-0.6614224656529458
-0.6558532657999733
-0.6457052673423433
-0.6308883577367914
-0.6113556135859898
-0.5871134598747184
-0.5582163010873452
-0.5247751999710898
-0.4869514487458796
-0.44496344627596107
-0.3990791899102746
-0.349621138599006
-0.2969577076770739
-0.2415060258450311
-0.18372261467401504
-0.12410406546876222
-0.0631771697792938
-0.0014976454490945252
0.06035995556899901
0.1218052623908972
0.1822420421013088
0.2410726909971486
0.29770769167510575
0.3515712791241117
0.4021100425412314
0.4487994382029539
0.4911511923796958
0.5287203038068035
0.5611109072882021
0.5879833698571033
0.6090582647802412
0.624123118857355
0.6330341301328666
0.6357220828250759
0.6321914378982908
0.6225249214035415
0.6068796529250162
0.5854899625278192
0.5586603269556686
0.5267661055512282
0.4902432471534728
0.4495868661259741
0.405337962572897
0.3580800704279473
0.30842357016493815
0.2570009871678086
0.204449812384853
0.15140734264658554
0.0984931863049396
0.04630474085546024
-0.004599325408719407
-0.05370183353099621
-0.1005414279969595
-0.14471262457272177
-0.1858770385003029
-0.223760131833528
-0.2581588613658226
-0.2889350202579035
-0.3160193537652337
-0.3394018948089636
-0.35913308612750255
-0.3753119296799898
-0.38808501334485584
-0.397633545455227
-0.40417134842438945
-0.40793189298072396
-0.40916627694445895
-0.40813122243433225
-0.4050878428182143
-0.4002912780797574
-0.39399073878291363
-0.3864211106565666
-0.37780443371243905
-0.3683434855428397
-0.35822457581989514
-0.3476128752826428
-0.33665622185061533
-0.3254818238356463
-0.3142006933212733
-0.302905313328673
-0.2916743212345937
-0.28057076621275256
-0.26964673088714813
-0.25894188540096236
-0.24848782764850746
-0.23830673422551366
-0.22841529275562655
-0.21882333640662616
-0.2095373197925103
-0.20055889111231515
-0.191887918909496
-0.18352100090820636
-0.17545408253332329
-0.1676809263772205
-0.160195378790552
-0.1529898334524706
-0.14605720495564914
-0.1393894195322998
-0.1329791495372309
-0.12681835860821317
-0.12089984237972935
-0.11521584758923753
-0.10975945498278997
-0.10452328422212898
-0.09950074636465954
-0.09468483996768257
-0.09006929345190826
-0.08564745291891723
-0.08141332929872107
-0.07736057505723674
-0.07348344712535294
-0.06977586763166438
-0.06623231092837578
-0.0628469424311604
-0.05961443628666393
-0.056529186036278045
-0.05358605834070445
-0.05077966926399946
-0.048105078757485535
-0.04555712669755264
-0.04313107237949991
-0.04082198490665572
-0.03862533163803816
-0.03653641803486046
-0.03455092877520103
-0.03266441266478547
-0.03087277993431116
-0.029171828286505705
-0.027557699704586033
-0.026026444124634736
-0.024574438899663535
-0.023197986949901096
-0.021893701840670667
-0.020658137580880236
-0.019488142081699963
-0.01838051604770476
-0.017332337395590324
-0.01634064691980577
-0.015402746062564044
-0.014515907244001165
-0.01367764719272467
-0.01288546001173941
-0.012137068106208902
-0.011430176215570721
-0.010762701810121752
-0.01013254846450691
-0.009537817440002415
-0.008976598900064796
-0.008447166254550387
-0.007947783833566592
-0.00747688543476336
-0.007032897179472413
-0.006614401581483627
-0.006219974406360187
-0.00584833546510533
-0.00549819838949198
-0.005168409250708832
-0.004857808244441689
-0.004565357140056137
-0.004290011946167612
-0.00403084011092951
-0.0037869033074363926
-0.0035573652266108154
-0.0033413836892182375
-0.0031382098018214225
-0.002947088659061328
-0.0027673505692210813
-0.0025983196704803943
-0.0024393978697932832
-0.002289980748086352
-0.0021495348029365664
-0.0020175200669948143
-0.0018934611952787694
-0.0017768762652339203
-0.0016673422048430852
-0.0015644292827558476
-0.001467761333048449
-0.0013769554847032801
-0.0012916775984220417
-0.001211586818750232
-0.001136386608142997
-0.001065773737157024
-0.000999485266099515
-0.0009372516202498073
-0.0008788398439323147
-0.0008240104331117486
-0.0007725571589688019
-0.0007242673590442767
-0.0006789586032394934
-0.000636442166002588
-0.0005965567857170368
-0.0005591350653531921
-0.0005240345543159082
-0.0004911068448271373
-0.00046022618662929865
-0.00043126106636120814
-0.00040410054712185944
-0.00037862813495565206
-0.00035474602269485524
-0.00033235106051694046
-0.0003113570684929465
-0.0002916727454196411
-0.00027322220106168227
-0.0002559246486584347
-0.0002397132970161294
-0.00022451668588386011
-0.00021027606370132058
-0.00019692823886801624
-0.00018442155970543593
-0.00017270016164247615
-0.00016171865822288574
-0.00015142767547447232
-0.00014178735230435758
-0.00013275406100938614
-0.00012429281190006592
-0.00011636506262358124
-0.00010894011426886856
-0.00010198392419775826
-0.00009546957137211483
-0.00008936699299298349
-0.00008365259254339749
-0.00007829982643062968
-0.00007328802138080345
-0.00006859374489232734
-0.00006419889294579264
-0.00006008278369354645
-0.00005622956886568322
-0.0000526209980560452
-0.000049243202057082874
-0.000046080080763476635
-0.00004311950040427133
-0.000040347260328461084
-0.000037752747932764313
-0.00003532344233296499
-0.00003305006312518626
-0.00003092157280161279
-0.000028929857303926478
-0.000027065190950890817
-0.00002532047882057158
-0.000023687155083929113
-0.00002215901509433909
-0.000020728519016070175
-0.00001939023864805725
-0.000018137542129979268
-0.000016965677622944245
-0.000015868817587482902
-0.000014842797898574505
-0.000013882504055912429
-0.000012984282642896837
-0.000012143650607835063
-0.0000113573974205366
-0.00001062160114229602
-9.933433936042062e-6
-9.289471623383061e-6
-8.687217248300453e-6
-8.12368971745711e-6
-7.596676385742716e-6
-7.103590487285879e-6
-6.642462790516065e-6
-6.211059525976085e-6
-5.807618297363514e-6
-5.430221841930621e-6
-5.077282163574128e-6
-4.747166227439368e-6
-4.438432558118435e-6
-4.149704085607627e-6
-3.879661345450087e-6
-3.6271585698737146e-6
-3.390975161127656e-6
-3.170176416974495e-6
-2.963621060659144e-6
-2.770567267506808e-6
-2.589933843546148e-6
-2.4211582720855237e-6
-2.2632012523249723e-6
-2.1156685975925557e-6
-1.9775468469102458e-6
-1.848599482911263e-6
-1.7278261236419764e-6
-1.6151382246219299e-6
-1.5095358341693059e-6
-1.4110717412990886e-6
-1.3187339629448908e-6
-1.2327123662439538e-6
-1.1519714155738347e-6
-1.0768339067091516e-6
-1.0062296620688833e-6
-9.406131973571869e-7
-8.788676620830404e-7
-8.215800656128876e-7
-7.675750433157753e-7
-7.175734550163015e-7
-6.703305640621037e-7
-6.267029950423054e-7
-5.853659464918151e-7
-5.473153880084423e-7
-5.111347640253908e-7
-4.779651222324914e-7
-4.4628505158354366e-7
-4.1738710449475733e-7
-3.896335007979789e-7
-3.6447605585392105e-7
-3.4014660231762846e-7
-3.182650334660561e-7
-2.96920071037219e-7
-2.7790875166879323e-7
-2.59163252166158e-7
-2.42668452150848e-7
-2.261848627392493e-7
-2.1189796707240802e-7
-1.973807438714932e-7
-1.8503325197613959e-7
-1.7222296079685123e-7
-1.6158079087562748e-7
-1.50249590358193e-7
-1.4110960105396196e-7
-1.3105778031588037e-7
-1.232432212860428e-7
-1.1429482896759307e-7
-1.0765198781431312e-7
-9.965258820316547e-8
-9.404877189320352e-8
-8.686162869773245e-8
-8.21823549407528e-8
-7.568666051921998e-8
-7.18336007492637e-8
-6.592202988370959e-8
-6.281027986917732e-8
-5.738808861471846e-8
-5.494547579751435e-8
-4.9927585743885476e-8
-4.8093397503568575e-8
-4.34036285028263e-8
-4.212606893772378e-8
-3.769612781420782e-8
-3.693283252590978e-8
-3.270044089061321e-8
-3.24160313752889e-8
-2.8324394689214774e-8
-2.8491079531445705e-8
-2.4487961660674338e-8
-2.5084380284005184e-8
-2.112133860021466e-8
-2.2131813572591443e-8
-1.8162998298925317e-8
-1.9577181524483984e-8
-1.5559167235574647e-8
-1.7371596262933025e-8
-1.3262848638808359e-8
-1.5472738417490944e-8
-1.1232656393841176e-8
-1.3843491445096669e-8
-9.432435040881484e-9
-1.2452022053734445e-8
-7.830722928439934e-9
-1.1271162975291435e-8
-6.399408971304968e-9
-1.0276185936439915e-8
-5.11368401758715e-9
-9.446438943892271e-9
-3.951873740619102e-9
-8.764327102906825e-9
-2.8946901231322263e-9
-8.214371756251428e-9
-1.924759883943974e-9
-7.783223329692109e-9
-1.024343897164373e-9
-7.437509795622672e-9