-0.028520492639460885
-0.028789369095095704
-0.029233506299918065
-0.02984906004412007
-0.030629415690830573
-0.03156682341304644
-0.03265152031659631
-0.03387258973827704
-0.03521747026233833
-0.03667262666611636
-0.03822322853212555
-0.03985374548105463
-0.04154772183532503
-0.043288331018345054
-0.04505821114227004
-0.046839988916745595
-0.04861615495469405
-0.05036955749796277
-0.052083302285003845
-0.053741211751840864
-0.05532773736060675
-0.056828377771421974
-0.05822959339370683
-0.05951917628252285
-0.06068615816073881
-0.06172112507086526
-0.0626161116637525
-0.06336485478733829
-0.06396266869399454
-0.06440663369262288
-0.06469544919412601
-0.06482955618002612
-0.06481096764380068
-0.06464332673564091
-0.0643317169891736
-0.06388266128483251
-0.06330391698893655
-0.06260442396074666
-0.06179409202980472
-0.06088370876366892
-0.05988472824284933
-0.0588091508783886
-0.057669322977782905
-0.05647780135573956
-0.05524717263657926
-0.053989914713830287
-0.05271824319775009
-0.05144398010554744
-0.050178432588700715
-0.04893227687553186
-0.04771547175996929
-0.04653716315084107
-0.04540563216167763
-0.044328223026301954
-0.04331132334418785
-0.04236031590976499
-0.0414795869822524
-0.04067250093935238
-0.03994143146281696
-0.03928775692537741
-0.03871190908971153
-0.03821338671136389
-0.03779081661196962
-0.03744198298945852
-0.037163896360387784
-0.03695283633503831
-0.03680442473101015
-0.036713679924880206
-0.036675091248503384
-0.036682683336779924
-0.036730089605488285
-0.036810625190534914
-0.03691735779907108
-0.037043187838352955
-0.03718091520071583
-0.037323325002387456
-0.03746324890851912
-0.03759365455947648
-0.037707699888200163
-0.0377988238391228
-0.03786079182423498
-0.037887784799275355
-0.03787443362687079
-0.03781590306302343
-0.03770791246493512
-0.03754681089354316
-0.03732958147392726
-0.03705390379629226
-0.03671813947085964
-0.036321378457818576
-0.035863404082368655
-0.03534472092780536
-0.034766498826032464
-0.03413058147798135
-0.03343941061641886
-0.032696016406546256
-0.03190392486114493
-0.031067133031265758
-0.030190004511869428
-0.029277234106188776
-0.02833373754790116
-0.027364611389246982
-0.026375023613350798
-0.025370174748644666
-0.024355195733323547
-0.023335115663772433
-0.02231477216633578
-0.02129878989043197
-0.020291506965280075
-0.019296966626242095
-0.018318861404505556
-0.017360538458097124
-0.01642496128901848
-0.015514727739069992
-0.014632047514929055
-0.013778770613640391
-0.012956377915604458
-0.012166017118798264
-0.011408503168974128
-0.010684358589882504
-0.009993820499191328
-0.009336882430644703
-0.008713305014139052
-0.008122656862682225
-0.00756432653633248
-0.00703756067675609
-0.006541475498589002
-0.00607509098358768
-0.005637340749636181
-0.0052271016846648305
-0.004843201568577796
-0.004484443988827327
-0.004149613502470646
-0.0038374960144919265
-0.0035468815601136755
-0.003276580548595156
-0.0030254244307566266
-0.002792278332380467
-0.0025760399684272824
-0.0023756492339273524
-0.0021900857570683156
-0.00201837600445114
-0.0018595898513354794
-0.001712845712490281
-0.0015773064672200032
-0.001452183062843736
-0.0013367300783601742
-0.0012302481766236469
-0.0011320795332669673
-0.0010416094438205035
-0.0009582617899772071
-0.0008815000439896152
-0.0008108228960168797
-0.0007457648425486604
-0.0006858920579666418
-0.0006308027072672244
-0.000580123112355635
-0.0005335078917163532
-0.0004906364468117065
-0.0004512130017355416
-0.0004149634164771002
-0.0003816351768717314
-0.00035099452832708486
-0.0003228264493708807
-0.0002969320906369746
-0.00027312875287968793
-0.000251247610593733
-0.00023113370651773682
-0.0002126439363635208
-0.0001956470657201438
-0.00018002195129312085
-0.00016565758205021845
-0.00015245151256148198
-0.00014030992764681367
-0.00012914626443209497
-0.00011888129823761087
-0.00010944193150076808
-0.00010076129785833825
-0.00009277769789665518
-0.00008543471808759867
-0.00007868029524631875
-0.00007246684700483284
-0.00006675044877208481
-0.00006149097264459858
-0.00005665136250073209
-0.000052197778567865765
-0.000048098957997905606
-0.00004432636267613184
-0.00004085361419496653
-0.00003765664286255593
-0.000034713187407543204
-0.0000320029435020366
-0.000029507119792190277
-0.000027208584576935765
-0.000025091470874230484
-0.000023141320187242504
-0.000021344730294400007
-0.000019689495286608504
-0.00001816429062277658
-0.00001675880883595781
-0.00001546347713752407
-0.000014269588369399103
-0.000013169047082043173
-0.000012154495457602318
-0.000011219084341282622
-0.00001035659398004914
-9.561226964836394e-6
-8.827723725178731e-6
-8.151174751033651e-6
-7.527130859001975e-6
-6.951432416280074e-6
-6.42031445221941e-6
-5.9302509109832695e-6
-5.478054726029163e-6
-5.060735389359425e-6
-4.675594138643962e-6
-4.320093355559378e-6
-3.991947037903269e-6
-3.6890007326417726e-6
-3.4093174803672112e-6
-3.1510671548285836e-6
-2.912608076019936e-6
-2.6923847710289674e-6
-2.489005456218038e-6
-2.3011473575175367e-6
-2.1276302626501914e-6
-1.967328645363757e-6
-1.819241486331981e-6
-1.682410537698008e-6
-1.5559866068756484e-6
-1.4391533772382715e-6
-1.331190343116681e-6
-1.2314016712912133e-6
-1.139175968496634e-6
-1.0539197280707713e-6
-9.751141035957748e-7
-9.022525369159153e-7
-8.348947034532728e-7
-7.726079629321185e-7
-7.150186336265563e-7
-6.617569464598307e-7
-6.12505797140587e-7
-5.669489186461497e-7
-5.248172520099601e-7
-4.858400822351361e-7
-4.497891605019452e-7
-4.164325748793371e-7
-3.8557674899483194e-7
-3.5702284202033275e-7
-3.306067414333227e-7
-3.0615780708019445e-7
-2.835369685864555e-7
-2.62597646215894e-7
-2.432220567749727e-7
-2.2528415980702476e-7
-2.0868426948878268e-7
-1.9331388869849418e-7
-1.7908871841972267e-7
-1.6591525463585573e-7
-1.5372228113152743e-7
-1.4242911519600028e-7
-1.319756644354183e-7
-1.2229221708873894e-7
-1.1332813852131639e-7
-1.0502311072043891e-7
-9.733453951739437e-8
-9.021015566582611e-8
-8.3614199519248e-8
-7.750130311749001e-8
-7.184151501282813e-8
-6.659538909586493e-8
-6.173790849908767e-8
-5.723471256882264e-8
-5.306497526338703e-8
-4.91987067963603e-8
-4.561863867120174e-8
-4.229854114752402e-8
-3.9224163999335285e-8
-3.637251514654551e-8
-3.373190337476757e-8
-3.128212727807102e-8
-2.901366352020883e-8
-2.69087186946227e-8
-2.495960422651475e-8
-2.3150606909933813e-8
-2.1475589234561043e-8
-1.992063724036616e-8
-1.8480922890412294e-8
-1.7144090520050648e-8
-1.590641585635383e-8
-1.4756894756613016e-8
-1.3692731585834884e-8
-1.2704096160873828e-8
-1.1788972430167196e-8
-1.0938551584993265e-8
-1.015147033136395e-8
-9.4198100161564e-9
-8.742752231588932e-9
-8.11315554682472e-9
-7.530654733104346e-9
-6.988788304599834e-9
-6.48756629002716e-9
-6.021123282233054e-9
-5.589778403467629e-9
-5.188189952257824e-9
-4.816930008493796e-9
-4.471118058240457e-9
-4.151531555857869e-9
-3.853697111143757e-9
-3.5785572637762564e-9
-3.3219989402660508e-9
-3.0850956963880144e-9
-2.8640542007449352e-9
-2.66005025921788e-9
-2.469575063685979e-9
-2.2938824248873524e-9
-2.1297174445530376e-9
-1.978391545755782e-9
-1.8368770893962684e-9
-1.706526000736307e-9
-1.5845146613247184e-9
-1.4722211838369962e-9
-1.367005672211478e-9
-1.2702604912625765e-9
-1.1795117046919127e-9
-1.096156018540866e-9
-1.0178698821772006e-9
-9.460461530409642e-10
-8.784979827080874e-10
-8.166076522836558e-10
-7.583129669586056e-10
-7.049801447081326e-10
-6.546610108888642e-10
-6.087012856561114e-10
-5.652574073803743e-10
-5.25651054596314e-10
-4.881349354360564e-10
-4.540038962881459e-10
-4.215994959606283e-10
-3.921875940030863e-10
-3.641919846764907e-10
-3.3884792162961225e-10
-3.146555195733893e-10
-2.928182573603065e-10
-2.719072660179519e-10
-2.530934580055899e-10
-2.3501421031753363e-10
-2.1880739262017115e-10
-2.0317232474851404e-10
-1.8921361947350252e-10
-1.7568864604659384e-10
-1.6366876349823992e-10
-1.5196585701114445e-10
-1.4161821396033205e-10
-1.3148901881212468e-10
-1.22583815699821e-10
-1.1381415117721208e-10
-1.0615327315399859e-10
-9.855840003858755e-11
-9.197102555870536e-11
-8.539156840684991e-11
-7.973038511680717e-11
-7.402881701949155e-11
-6.916675825195476e-11
-6.422436733311398e-11
-6.005179390504258e-11
-5.576606119096682e-11
-5.2188322602058895e-11
-4.847064934256711e-11
-4.540596598397413e-11
-4.217969508939628e-11
-3.9557308713631036e-11
-3.675598964370349e-11
-3.4514533003542865e-11
-3.2080382019694454e-11
-3.0166419985373875e-11
-2.804892778484218e-11
-2.6415620904820964e-11
-2.4570256663234538e-11
-2.3176093246830515e-11
-2.1563047008002193e-11
-2.0370580141597183e-11
-1.8953472785301305e-11
-1.7927982377586945e-11
-1.66724517808591e-11
-1.578042597647529e-11
-1.4652466064091735e-11
-1.3859757037986424e-11
-1.2823638175302444e-11
-1.2093088332057593e-11
-1.1108615561562642e-11
-1.0396862559502235e-11
-9.415621668426242e-12
-8.668661320300536e-12
-7.62874575147054e-12
-6.775641752165277e-12
-5.594126824283099e-12
-4.538030367036699e-12
-3.10085748679888e-12
-1.7159190065840005e-12
0.028372655620741406
0.02832394554225683
0.02824864433942646
0.028142423632546914
0.02800737597622324
0.02784246541813531
0.027649316925215887
0.02742793771696867
0.027180214945443214
0.026907094971745572
0.026611139830886976
0.026294379220066565
0.025960345688297172
0.02561230272022836
0.025254924341586573
0.024892754997822324
0.024531606897050195
0.024177172360533943
0.023836176278125468
0.023515098072064308
0.02322110585278136
0.022960871172152696
0.022741313201576074
0.02256851036100663
0.022448289858734993
0.0223852563489495
0.022383269120085616
0.022444617531036742
0.022570430914987814
0.022760031930495816
0.023011320306679704
0.023320327741158244
0.023681605342660263
0.02408798834242232
0.024530999947999906
0.025000813715731207
0.02548666670337669
0.025976985989177876
0.026459785665179234
0.026922906222854145
0.027354357193029956
0.027742607887165878
0.028076833446476112
0.02834719515635292
0.028544953594504426
0.028662686777200838
0.02869424914951512
0.028634894391135677
0.028481080394783188
0.0282304871593085
0.027881691578794617
0.027434095064804508
0.026887513435121163
0.02624204933961255
0.02549765781879469
0.024654011732958177
0.02371010990560584
0.02266418748527082
0.02151342984743926
0.02025397370698963
0.0188807765931487
0.017387739649414674
0.015767761350356724
0.014012991532726468
0.012115071895926168
0.010065505951436472
0.007856061133209007
0.005479214519613258
0.0029286657363794444
0.00019979713596591297
-0.0027097732356816677
-0.005799792301178972
-0.009066860465288188
-0.012504172160189151
-0.016101126451384142
-0.019843277918517987
-0.0237121359150447
-0.02768537481562698
-0.031736861877872814
-0.0358371433433495
-0.03995370466837118
-0.04405170955425927
-0.04809445607458564
-0.05204430598261382
-0.05586326335216747
-0.05951399926777666
-0.06296045383719992
-0.06616884388727205
-0.06910818084723049
-0.07175115101645824
-0.0740744535608405
-0.07605946467556751
-0.07769232976188677
-0.07896435996569047
-0.07987185399543793
-0.08041621986313773
-0.08060354547836192
-0.0804444802372768
-0.07995361008784618
-0.0791491644692639
-0.07805227412197956
-0.07668658385529044
-0.07507747727337394
-0.07325167445833337
-0.07123649861884794
-0.06905952339274953
-0.06674793694402507
-0.06432828180796216
-0.06182594815158067
-0.05926502578844236
-0.05666793560011216
-0.05405539317787257
-0.05144616947393307
-0.048857151129414196
-0.04630320990354886
-0.04379733678770651
-0.04135059450280863
-0.038972300185619126
-0.03667003498496343
-0.03444985188285556
-0.032316319454543774
-0.030272735543749176
-0.02832118694941569
-0.026462754748354373
-0.024697576761815606
-0.023025035271554056
-0.02144381377699591
-0.01995206207919013
-0.01854744264198086
-0.017227271273345415
-0.01598855122838537
-0.014828089990885057
-0.013742521165894608
-0.012728399283380076
-0.011782210680993223
-0.010900448999733175
-0.010079616838583874
-0.009316284876904021
-0.008607086266568274
-0.007948762261789415
-0.007338151246414632
-0.006772223509237158
-0.006248066594635849
-0.0057629115252837305
-0.005314115891285216
-0.004899183457053743
-0.004515746118405185
-0.004161578476528636
-0.0038345795244712666
-0.0035327834510040777
-0.0032543416832838835
-0.002997530907179016
-0.0027607358975782845
-0.00254245551165162
-0.002341286582234559
-0.002155928454148797
-0.001985168095903909
-0.0018278836017605142
-0.001683030587669895
-0.0015496449674404897
-0.001426830634956585
-0.0013137617357649777
-0.001209671593980103
-0.0011138546354470032
-0.0010256564897275428
-0.0009444756730092652
-0.0008697547792604638
-0.0008009819962911215
-0.0007376832923710067
-0.0006794238140924531
-0.0006258009729401347
-0.0005764457563003474
-0.000531016620709085
-0.0004892007355088322
-0.00045070859432201464
-0.00041527520295209165
-0.0003826553269615431
-0.0003526246303036999
-0.0003249754839636998
-0.00029951805864185355
-0.0002760766267130825
-0.00025449061044156157
-0.00023461131667622197
-0.00021630294111391293
-0.00019943968195262524
-0.00018390670032083424
-0.00016959756542663453
-0.00015641517121486306
-0.00014426947131539373
-0.00013307835212779967
-0.0001227656210664618
-0.00011326183650593094
-0.00010450251745448322
-0.00009642893105855353
-0.00008898649593851406
-0.00008212552820885097
-0.00007579981431928081
-0.00006996731677687444
-0.00006458889549624935
-0.000059628974599921226
-0.00005505439403869949
-0.00005083503899369997
-0.00004694280592673026
-0.00004335219621258141
-0.00004003938286120687
-0.0000369827700756261
-0.000034162148691930245
-0.0000315592233911491
-0.000029156846464822497
-0.00002693951441372634
-0.00002489267099751273
-0.000023003174934438473
-0.000021258664361403956
-0.000019647997311600525
-0.000018160670720815123
-0.000016787235308527404
-0.00001551876313915048
-0.000014347238470314974
-0.000013265068632548794
-0.000012265452339462347
-0.000011341929302506431
-0.000010488727424155664
-9.700347129899336e-6
-8.971888789452261e-6
-8.29866823817038e-6
-7.676525694511907e-6
-7.1014693680884365e-6
-6.56996706538948e-6
-6.078615150681572e-6
-5.624413957413919e-6
-5.204459688898405e-6
-4.816204680588397e-6
-4.457170106558534e-6
-4.1251920685285786e-6
-3.818153217323154e-6
-3.5342155784592417e-6
-3.2715694099052525e-6
-3.0286536114837793e-6
-2.803920325579864e-6
-2.596043718638276e-6
-2.403698993611402e-6
-2.2257602764763195e-6
-2.061092851274424e-6
-1.908740832794688e-6
-1.7677315597166441e-6
-1.6372536863110895e-6
-1.5164727787582134e-6
-1.4047004137798435e-6
-1.301220119648712e-6
-1.2054480279370494e-6
-1.1167683857709722e-6
-1.0346862681928836e-6
-9.586719633221506e-7
-8.883062170091417e-7
-8.231328590127466e-7
-7.627970184946419e-7
-7.069054182167898e-7
-6.551579688082151e-7
-6.072152102733564e-7
-5.628236646868963e-7
-5.216899508114815e-7
-4.836002487707726e-7
-4.4830065501733395e-7
-4.1561108843939414e-7
-3.853114899167563e-7
-3.5725047707986354e-7
-3.312370257825292e-7
-3.0714416020866417e-7
-2.848057832439108e-7
-2.641156696806725e-7
-2.449291390945035e-7
-2.2715760240569473e-7
-2.106747948160065e-7
-1.954071098277478e-7
-1.8124413138264153e-7
-1.6812497450819885e-7
-1.5595287529423724e-7
-1.446777435311472e-7
-1.3421458679798277e-7
-1.245224676851631e-7
-1.1552655425886393e-7
-1.071936626366652e-7
-9.945774061827226e-8
-9.229216542832433e-8
-8.56384805230993e-8
-7.947560815844905e-8
-7.375167143659466e-8
-6.845027193315159e-8
-6.352524006110778e-8
-5.896411923902557e-8
-5.472569772972149e-8
-5.0800832697006087e-8
-4.715262592063393e-8
-4.3774713521071744e-8
-4.063395644487684e-8
-3.772631459011259e-8
-3.5021930772596544e-8
-3.2518701416770494e-8
-3.018963991980544e-8
-2.8034249945747727e-8
-2.6028060760299777e-8
-2.417190344497476e-8
-2.2443516932986195e-8
-2.0844822113063832e-8
-1.9355503002921905e-8
-1.7978368710225743e-8
-1.669481947613389e-8
-1.5508381777094335e-8
-1.4401973894067208e-8
-1.3379695049071011e-8
-1.2425809739029282e-8
-1.1544867683134271e-8
-1.072233043344621e-8
-9.963095042905867e-9
-9.25369045444646e-9
-8.599274166323508e-9
-7.987329631410352e-9
-7.423201779454884e-9
-6.895230149864815e-9
-6.408885914005172e-9
-5.953278737432386e-9
-5.533954915181442e-9
-5.140719030480474e-9
-4.779149959082327e-9
-4.439681276706514e-9
-4.127889192856101e-9
-3.834778372812433e-9
-3.5658933160476623e-9
-3.312758813415407e-9
-3.0808638801014173e-9
-2.8622084764068453e-9
-2.662206830861123e-9
-2.4732943243130827e-9
-2.300794886798067e-9
-2.137544089203735e-9
-1.988763259829312e-9
-1.8476568545060135e-9
-1.7193340082266714e-9
-1.5973401713320475e-9
-1.486664981383305e-9
-1.381169967248632e-9
-1.2857198903229008e-9
-1.194470036814664e-9
-1.1121565297241974e-9
-1.033208358539598e-9
-9.622305987335533e-10
-8.939078731218363e-10
-8.327129290847749e-10
-7.735696922667978e-10
-7.208182386785247e-10
-6.696069940543455e-10
-6.241437941796074e-10
-5.797881065336923e-10
-5.406165936497518e-10
-5.021874917737844e-10
-4.684478751048673e-10
-4.351435229161683e-10
-4.060939236973927e-10
-3.772221010427602e-10
-3.522222928126621e-10
-3.271852903733205e-10
-3.0568267590707323e-10
-2.8396426233290955e-10
-2.654817690102632e-10
-2.466359337017816e-10
-2.3076155049960048e-10
-2.1440276313198572e-10
-2.0078047651066754e-10
-1.8657523496541355e-10
-1.7489714802628914e-10
-1.6255661004065823e-10
-1.525560494473243e-10
-1.4182955976279003e-10
-1.332749875547421e-10
-1.239443208721599e-10
-1.1663387234158863e-10
-1.0850801146855498e-10
-1.0226447376335707e-10
-9.517472946456136e-11
-8.984075535912248e-11
-8.36360056472384e-11
-7.906931811054573e-11
-7.361109404291104e-11
-6.967937247097637e-11
-6.483643595025732e-11
-6.141147325118317e-11
-5.705340652197118e-11
-5.400397142762459e-11
-4.999310821734961e-11
-4.717571533929643e-11
-4.335646092022914e-11
-4.0602907030912895e-11
-3.678707629755195e-11
-3.38870935153309e-11
-2.983328010462504e-11
-2.6509910674146713e-11
-2.1894011194959898e-11
-1.776842189520361e-11
-1.2143989274768988e-11
-6.723347483135322e-12
0.035394914649656294
0.034385045124602005
0.032718271055939906
0.0304142898805404
0.027503460339625422
0.02402239935768148
0.020016476655869666
0.015536716503080611
0.010641546653085391
0.005393886453989309
-0.00013743515282256923
-0.005880577222717904
-0.011759466949652067
-0.017696704334392292
-0.023612482411071115
-0.02942747577531637
-0.03506186977390856
-0.04043819276395071
-0.04548043355955097
-0.05011676903459507
-0.05427875153346318
-0.057903877759269036
-0.06093482552642651
-0.06332180514166474
-0.06502181996074095
-0.06600073803706447
-0.06623254554708552
-0.0657010757211349
-0.0643992205178003
-0.06233025752986536
-0.0595069854593163
-0.05595259951803424
-0.05169972211033987
-0.04679079446093366
-0.04127698660854048
-0.035218097904032665
-0.02868134999288598
-0.021740820341658307
-0.01447614680478274
-0.006971553597117954
0.0006854770414583114
0.008405492646567437
0.016098352268638906
0.023674706666605365
0.031047138587891845
0.03813169906377774
0.04484880967753895
0.051124720846375565
0.056892094338401256
0.0620912700328639
0.0666704775722268
0.07058683447229051
0.07380617756388178
0.07630376090899929
0.07806374261746477
0.07907959658792262
0.07935332883376983
0.07889565289721563
0.07772503328494249
0.07586769283434056
0.07335658380186517
0.07023129306257005
0.06653702336785931
0.06232444104550779
0.05764871602079912
0.05256932393691677
0.047149153366946354
0.04145424091053131
0.03555291955027278
0.029515443029408412
0.023413131536076267
0.01731783967558717
0.011301061326060985
0.005433217267810589
-0.0002172899566359363
-0.005584951160783836
-0.010608110187286706
-0.015229933873185908
-0.019399304173977512
-0.023071771241242316
-0.026210263017800224
-0.028785887127546442
-0.030778336452434923
-0.03217641353169513
-0.032978035608349394
-0.03319039409515879
-0.032829514501327074
-0.03192002417471702
-0.030494288611683122
-0.02859182774777448
-0.026258113811547953
-0.023543733486303554
-0.020502978824644223
-0.017192887416478918
-0.013671778188598289
-0.009998309365942025
-0.006230104222892814
-0.0024229495688564565
0.0013703718783624956
0.005100654023292674
0.00872315288248399
0.012197883847826423
0.015490194190449077
0.01857078037622004
0.021415957369693615
0.02400742613765677
0.026332281145662394
0.028382582598047858
0.030155163632812846
0.03165107458433546
0.03287525969408516
0.03383594238207695
0.03454423918941775
0.03501354776907096
0.03525915583668968
0.03529768028664687
0.03514671432877731
0.03482435002511665
0.03434889069773814
0.033738473180281364
0.033010857616417345
0.0321831519978473
0.03127167938017293
0.030291797061783827
0.029257832819559057
0.028182984697228814
0.027079313091239753
0.02595770420448516
0.024827903126576043
0.023698523811511576
0.022577108864428666
0.021470170528591313
0.02038326484923992
0.01932105077627779
0.01828736898312579
0.01728530914702804
0.016317286406595636
0.015385109717700162
0.014490051387215012
0.013632911856042207
0.012814079768509241
0.012033590493121034
0.011291175722937889
0.010586314500941548
0.00991827242277449
0.009286144940195574
0.008688886922892622
0.008125348651792083
0.007594296875969617
0.007094444265043877
0.0066244632535708645
0.006183009878803463
0.005768731710545282
0.005380287024260136
0.005016348026834988
0.004675616257388033
0.00435682218172985
0.004058737612124237
0.003780172585480246
0.0035199854747055745
0.003277077907376122
0.0030504031217707984
0.002838959535595627
0.002641797788978742
0.002458013442776943
0.0022867530536006472
0.002127206370516406
0.001978611705254129
0.0018402479045790537
0.0017114392119550305
0.0015915472189771914
0.0014799753615941614
0.0013761609955949177
0.001279579629200568
0.001189737222305123
0.001106174225874036
0.0010284581701339916
0.0009561875578854795
0.0008889847810185339
0.0008264998978823484
0.0007684038985481376
0.0007143923843445151
0.0006641791886645927
0.0006174999684844442
0.0005741061779665663
0.0005337685762742653
0.0004962715447538595
0.00046141651188714446
0.00042901660064953076
0.00039889996942415556
0.000370904773619057
0.00034488242035857794
0.00032069282713000546
0.00029820758774150454
0.0002773055103024748
0.0002578756920511017
0.0002398133190879775
0.00022302264805702674
0.00020741305055330347
0.0001929019001663679
0.00017941084522836572
0.00016686860031516715
0.0001552074318878971
0.00014436585393862625
0.00013428531203550355
0.00012491278336136387
0.00011619764564985271
0.00010809418237621373
0.00010055862403596835
0.00009355155969671019
0.00008703513900046017
0.00008097539166971607
0.00007533957949642635
0.00007009842571550283
0.00006522360707026906
0.000060689895225568915
0.0000564727797685126
0.000052550524036286786
0.00004890191062172719
0.00004550821414378634
0.00004235106148145673
0.000039414324123657675
0.00003668208595495831
0.000034140457892389175
0.00003177564659556712
0.0000295756941362267
0.000027528641507346526
0.000025624196082206005
0.000023851984255662842
0.000022203149437918068
0.000020668688579829053
0.000019240983416435998
0.000017912216010616912
0.000016675835916386077
0.00001552505022458833
0.00001445422925913957
0.000013457466927876114
0.000012529927498943667
0.000011666472352164959
0.000010862950309956609
0.000010114887152222088
9.418721898403018e-6
8.770555694270827e-6
8.167336360592159e-6
7.605663485395725e-6
7.08292347157381e-6
6.596147875140521e-6
6.143101099991122e-6
5.721189213058436e-6
5.328502350296475e-6
4.962771415027361e-6
4.622367175715453e-6
4.3053024155645975e-6
4.010189620372894e-6
3.7352862968352426e-6
3.479413068161597e-6
3.241040016683144e-6
3.019166926319595e-6
2.812448632985438e-6
2.620039076658452e-6
2.440753761644034e-6
2.27387920711173e-6
2.1183707293124767e-6
1.973628808138769e-6
1.838730505637867e-6
1.7131741974903133e-6
1.5961430372833675e-6
1.487219435827742e-6
1.3856790692488372e-6
1.291176425780463e-6
1.2030679383342105e-6
1.1210698578011648e-6
1.0446091678616598e-6
9.73454985852384e-7
9.070959896212452e-7
8.453464916224704e-7
7.877491750055323e-7
7.34156933718064e-7
6.841597781068475e-7
6.376434833620967e-7
5.942395840337707e-7
5.538618250589099e-7
5.161782200571479e-7
4.811262533601242e-7
4.484060290215872e-7
4.1797512862448287e-7
3.8956192687207717e-7
3.631409683961257e-7
3.3846557181412303e-7
3.1552454921030975e-7
2.940932638596519e-7
2.7417247841361335e-7
2.555570722938596e-7
2.3825776879951852e-7
2.2208675663844225e-7
2.0706301209641016e-7
1.9301410546104246e-7
1.7996580197338022e-7
1.6775936815684093e-7
1.5642610442740727e-7
1.458194987028068e-7
1.3597531420160758e-7
1.267579683011589e-7
1.1820677113380296e-7
1.1019593660075543e-7
1.0276754080422222e-7
9.580459951470848e-8
8.935129019261452e-8
8.329855614638752e-8
7.769211183113689e-8
7.243005851530797e-8
6.755916963493939e-8
6.29840260910347e-8
5.8752056627164205e-8
5.477372298620781e-8
5.109676950994592e-8
4.763700936463726e-8
4.444221778046732e-8
4.1433090477598535e-8
3.8657196120498334e-8
3.603969700154851e-8
3.362775833234664e-8
3.135063922902981e-8
2.9254939354019723e-8
2.7273685349583185e-8
2.5452779036199398e-8
2.372872070908957e-8
2.2146607552550723e-8
2.0646150694964252e-8
1.9271557673517725e-8
1.7965514880499054e-8
1.6771273773227472e-8
1.5634284379148167e-8
1.4596791456969877e-8
1.3606818098515168e-8
1.2705565176316618e-8
1.184345682215842e-8
1.1060624212800023e-8
1.0309736852326949e-8
9.629840021870825e-9
8.975707376752018e-9
8.385290190436586e-9
7.8153378275612e-9
7.302706220686956e-9
6.8060033243500615e-9
6.360994050628777e-9
5.928037873507631e-9
5.5418176923833655e-9
5.164346364764061e-9
4.8292376434109574e-9
4.500067591722977e-9
4.209396829209955e-9
3.922281549652989e-9
3.670247791065229e-9
3.4197551522399727e-9
3.201315658427415e-9
2.982721276530692e-9
2.7934921584768633e-9
2.6026867072225544e-9
2.438856529273733e-9
2.2722651199458174e-9
2.130519728563497e-9
1.985031728237423e-9
1.8624887765910826e-9
1.735396627886465e-9
1.6295484441094981e-9
1.518494209884326e-9
1.4271577994661157e-9
1.3300862809536264e-9
1.251359360818905e-9
1.166476726025191e-9
1.0986987563174633e-9
1.0244356626155614e-9
9.661528658861475e-10
9.011310583301885e-10
8.510643839761288e-10
7.940656853650444e-10
7.510805727868079e-10
7.010170318064037e-10
6.640936227701215e-10
6.199773205545254e-10
5.881794303890032e-10
5.490900156685162e-10
5.21530635832509e-10
4.865779934529057e-10
4.623782783719225e-10
4.3065673059319185e-10
4.0889419237155083e-10
3.7942313287223615e-10
3.59062941715846e-10
3.307065822375144e-10
3.105071739167654e-10
2.818628108039176e-10
2.6024303300321754e-10
2.294824292656314e-10
2.0433163605521032e-10
1.6897317834259076e-10
1.3737875599898115e-10
9.397999056811689e-11
5.2132906628892375e-11
-0.0569460788930014
-0.05667238593478747
-0.05621338641402818
-0.055576336448407995
-0.05476418492120577
-0.05378416157346176
-0.05264269330887426
-0.05134929394295241
-0.04991351108343657
-0.04834748103785641
-0.04666367820800434
-0.04487679051384552
-0.043001868170368475
-0.041055746036374144
-0.039055422950688104
-0.03701913623242904
-0.03496490037048203
-0.03291130170149528
-0.03087617718199183
-0.028877188403991012
-0.026930651398766946
-0.025051948202762585
-0.02325453402492146
-0.02155024239480723
-0.019948499115109847
-0.01845656989801643
-0.01707900363967754
-0.0158178591978108
-0.014672386925787888
-0.013639255965847889
-0.012712466628338963
-0.011883584332504228
-0.01114186006356528
-0.010474464598568451
-0.009866782509277406
-0.009302632000401913
-0.008764690688161603
-0.008234682205910563
-0.007693888813185505
-0.007123284911485308
-0.006504091436538418
-0.00581783767268588
-0.005046914885123126
-0.004174551386860945
-0.003185328648358984
-0.002065061670942375
-0.0008012513886300288
0.0006171253973577647
0.002199237001973709
0.003952675447150451
0.005883139008512186
0.007994736743696572
0.010289698540822576
0.012768645214448983
0.01543027646660615
0.018271539672416955
0.02128724610413497
0.02447008443305122
0.02781013767606112
0.03129472394637966
0.03490783178958109
0.03862982771337421
0.04243688844442569
0.04630068034958814
0.050187927725917514
0.05406022410911408
0.05787391460691712
0.061580221200012275
0.06512561341559513
0.0684524011364481
0.07149970863287722
0.07420460282714318
0.07650367273497775
0.07833462948572764
0.07963834682339517
0.0803607204931634
0.08045488214353372
0.07988298171220236
0.07861819094661651
0.07664601599166568
0.07396569560545126
0.07059069118877843
0.06654917534191791
0.06188348507031955
0.05664957455555315
0.05091542428381233
0.04475955367515701
0.03826859941104013
0.031535187472901204
0.024655065619727478
0.01772476267183675
0.010838735175219012
0.004087260983747414
-0.002445977504835246
-0.008685406117712843
-0.014565247342595178
-0.020030240004472292
-0.025036485412156178
-0.029551354653899048
-0.03355355039595554
-0.0370323336339374
-0.03998698352358933
-0.04242556651317205
-0.04436403448993449
-0.045824783247079594
-0.046835624486235045
-0.047428350382860224
-0.04763776684911026
-0.04750041955028016
-0.04705380847922217
-0.04633536134404056
-0.045381883504919146
-0.044228804087052855
-0.04290986337429523
-0.04145661377510861
-0.03989831344768137
-0.03826163965746107
-0.036570741436286074
-0.034847113775219166
-0.03310975919443416
-0.03137517273912406
-0.02965756749144441
-0.027968927755999493
-0.026319262542576164
-0.02471669399987122
-0.023167712759522337
-0.021677278254343166
-0.020249058793415885
-0.01888552864285854
-0.017588183000998903
-0.016357623166091753
-0.01519374202053763
-0.014095793272076365
-0.013062546798075484
-0.012092341070300995
-0.011183210063116877
-0.010332919884455762
-0.009539070254233548
-0.008799117388686868
-0.008110453615771505
-0.007470418974667248
-0.006876362606408224
-0.006325645554925487
-0.0058156873468194975
-0.005343962277832347
-0.004908034214508255
-0.004505548334609008
-0.0041342567398071585
-0.0037920072656258195
-0.0034767620482867995
-0.0031865846755271946
-0.0029196534372123014
-0.0026742477783922047
-0.00244875759981662
-0.0022416697103818323
-0.0020515742363193365
-0.0018771515543799585
-0.0017171766162524442
-0.0015705066738132367
-0.0014360841234081537
-0.0013129252049271338
-0.001200121812275842
-0.0010968312525181983
-0.0010022773470275887
-0.000915741269034012
-0.0008365621677372989
-0.0007641290563776348
-0.0006978811229025114
-0.0006373006110126187
-0.0005819129305779612
-0.0005312804567310417
-0.00048500251681047815
-0.0004427100240527586
-0.00040406539193800755
-0.0003687579166894004
-0.0003365036517790214
-0.00030704145524166303
-0.0002801328446631552
-0.0002555586297343362
-0.00023311875969415834
-0.0002126294674880951
-0.00019392311617907605
-0.00017684578775505077
-0.00016125713157308965
-0.00014702833774894275
-0.00013404198862517806
-0.00012219036342056282
-0.00011137529255434457
-0.00010150674661651124
-0.00009250269281500498
-0.00008428792722511947
-0.00007679393243114227
-0.00006995791736559395
-0.00006372267523933013
-0.00005803580007453144
-0.00005284954415673763
-0.00004812018461321979
-0.00004380787981151245
-0.000039876163068430763
-0.000036291797621990295
-0.00003302437781670354
-0.00003004618246592217
-0.000027331866691142488
-0.000024858313657255376
-0.000022604402693461336
-0.000020550859519599796
-0.000018680088388218105
-0.000016976021025291346
-0.000015424002348608277
-0.000014010638422767574
-0.000012723726866446908
-0.000011552104172729767
-0.00001048561325134274
-9.514950495015685e-6
-8.631664042911054e-6
-7.828000985701065e-6
-7.096930910062037e-6
-6.431993633156584e-6
-5.827343418758643e-6
-5.2775976191381155e-6
-4.777897661543814e-6
-4.323758954925873e-6
-3.911145348873384e-6
-3.536320636576044e-6
-3.195933702070008e-6
-2.8868719213447724e-6
-2.606354651037795e-6
-2.351788798157104e-6
-2.1208686754047503e-6
-1.911433977896709e-6
-1.721574346708661e-6
-1.549489959136974e-6
-1.3935994110529448e-6
-1.2524030964057723e-6
-1.1245932475672243e-6
-1.0089202503966807e-6
-9.043038759353171e-7
-8.097026498021908e-7
-7.242254734547481e-7
-6.470041411455853e-7
-5.773046888646459e-7
-5.144031286896955e-7
-4.576959821439559e-7
-4.0657928054098487e-7
-3.6055784000468255e-7
-3.191275573202771e-7
-2.81883068944175e-7
-2.4840335485092815e-7
-2.1835749580658852e-7
-1.9139358265620333e-7
-1.6724234688929946e-7
-1.4560935962098328e-7
-1.2627636170158818e-7
-1.0899672518388039e-7
-9.359435233959237e-8
-7.986236253533441e-8
-6.765946572014941e-8
-5.681182921966548e-8
-4.720686157948162e-8
-3.869820669627939e-8
-3.119689921961602e-8
-2.457942754080398e-8
-1.8776243018416224e-8
-1.368282851600706e-8
-9.245561160182812e-9
-5.375719247889422e-9
-2.0327126125944474e-9
8.590423065981302e-10
3.3294986547410284e-9
5.443308415470314e-9
7.221769777384073e-9
8.72043482186706e-9
9.953585017660916e-9
1.0969192501485346e-8
1.1775874571793744e-8
1.2415284274273184e-8
1.2891490026848248e-8
1.3240871344577552e-8
1.3463866120405794e-8
1.359244707866603e-8
1.362417657939299e-8
1.3587338829370922e-8
1.3477240222785591e-8
1.3319071512898199e-8
1.3106390513875973e-8
1.286178738781533e-8
1.2577485903959674e-8
1.2273883762922138e-8
1.1942208443478225e-8
1.1601003101448574e-8
1.1240773251308804e-8
1.0878487271948288e-8
1.0504150701553645e-8
1.0133388780887774e-8
9.755885926704219e-9
9.386116068906955e-9
9.013585861185689e-9
8.651776839296585e-9
8.290132086070685e-9
7.94127247213699e-9
7.594667780156176e-9
7.262187500136908e-9
6.9333988042036364e-9
6.61951057023751e-9
6.310242058734105e-9
6.016217039353595e-9
5.727348534872069e-9
5.4537381356101945e-9
5.185523723272657e-9
4.9323372854915895e-9
4.6845641000671764e-9
4.451410611816314e-9
4.223525133196296e-9
4.009725623631261e-9
3.800933535463159e-9
3.6056096462148503e-9
3.414954240276963e-9
3.2370974906139038e-9
3.063520710389797e-9
2.9020461649043466e-9
2.744435647315146e-9
2.59822302642351e-9
2.455447892749712e-9
2.323372614272602e-9
2.1943102596065106e-9
2.0752664434196005e-9
1.9588221596872477e-9
1.8517392516794858e-9
1.746860178267417e-9
1.6507145403529157e-9
1.5563991554174418e-9
1.470221713274e-9
1.3855258476645546e-9
1.3084066789343233e-9
1.2324468456124707e-9
1.1635374197478857e-9
1.0954920960218262e-9
1.0340057363578078e-9
9.731151092473004e-10
9.183261331387337e-10
8.638907145137159e-10
8.151326137637452e-10
7.665110474915915e-10
7.231739951413725e-10
6.79780309698953e-10
6.413082173235352e-10
6.026087217809373e-10
5.684960215779106e-10
5.340059978557615e-10
5.037942832031818e-10
4.730745912304e-10
4.463492170379548e-10
4.190029002740355e-10
3.953896181712802e-10
3.7105857351452793e-10
3.502202560537118e-10
3.285820134245148e-10
3.102155045570057e-10
2.9098014625557573e-10
2.7481326176534875e-10
2.5772049944725576e-10
2.4350918984072227e-10
2.283256066840424e-10
2.1585128552896897e-10
2.02367742254448e-10
1.9143477446126872e-10
1.7946396961009606e-10
1.6989730594772876e-10
1.592714723993963e-10
1.5091440761346823e-10
1.4148311770018763e-10
1.3419513899012e-10
1.2582317854731385e-10
1.194778573687708e-10
1.1204311306496628e-10
1.0652597436680928e-10
9.991725622132936e-11
9.512353243449808e-11
8.923822129553252e-11
8.507035973580343e-11
7.981172290644551e-11
7.617645898713001e-11
7.145040916872329e-11
6.825513556108629e-11
6.396610870239858e-11
6.111415001913876e-11
5.715963176587152e-11
5.454385772475346e-11
5.080687424997382e-11
4.8300825253791454e-11
4.463940069492911e-11
4.2084720148069403e-11
3.8316843219879014e-11
3.550525436559874e-11
3.138722306470049e-11
2.80344738083879e-11
2.322951759500793e-11
1.8937747090626987e-11
1.2973464512713152e-11
7.218049921304142e-12
0.10004784800580446
0.0995114580174225
0.09861520290248746
0.09735628270515591
0.09573104301931441
0.0937351175587793
0.09136437643668044
0.08861461841086798
0.0854830783894958
0.08196782079082476
0.07806967599298029
0.07379130858940969
0.06913949222488129
0.0641237913489467
0.058759090197932955
0.05306381779901994
0.04706264941549098
0.040784209245722486
0.03426386883920912
0.027540877565475946
0.020661195177697746
0.01367402590871548
0.006634642550622099
-0.0003996649817768727
-0.007366789406062081
-0.014204390055286918
-0.020847099580964822
-0.027231541893987906
-0.033293495779750715
-0.03897320470975638
-0.04421241907178988
-0.04895982138691438
-0.053167852262654546
-0.05679805664259003
-0.05981759997174806
-0.062204345618372285
-0.06394299106098512
-0.06502971615074823
-0.06546791422373766
-0.0652723031367702
-0.06446428776789005
-0.06307549315302093
-0.06114286272179269
-0.05871164349585941
-0.05583038545425058
-0.05255346891141482
-0.0489362114227465
-0.04503706491016833
-0.0409130476583656
-0.036621745982887574
-0.03221726641447907
-0.027752153083753457
-0.023274002865294376
-0.018827361861498467
-0.014451074605545407
-0.010180163493346437
-0.006043906977905572
-0.002067649554236097
0.0017284613007055676
0.005327826216626539
0.008718110498543197
0.011889861326334464
0.014836803125881138
0.017554811905456644
0.020041900727703076
0.0222976066554009
0.024322745429945145
0.026119220872677477
0.02768959037475098
0.029037264355586023
0.03016589418977067
0.031079901628628365
0.03178368698094078
0.03228242055962744
0.03258107302581306
0.03268541078002039
0.0326008669038792
0.03233370150077981
0.031889750404153476
0.03127572858769231
0.03049790416967438
0.02956352900440574
0.028479481179165635
0.027253798642557198
0.025894315167865584
0.024410254663279413
0.02281086109498181
0.021106992693818875
0.019309726598431966
0.01743188415728041
0.01548658535709435
0.013488645339031116
0.011453065280895298
0.009396265423916667
0.007334523741843235
0.005285044641400431
0.003264384760409491
0.0012893880333409405
-0.0006243415038683734
-0.0024615881379557755
-0.004208939131844558
-0.005853963810765789
-0.007386460784014881
-0.008797627435313773
-0.010081107470257904
-0.011232132159268172
-0.0122483630860802
-0.01312900927783564
-0.013875484079036444
-0.014490519773336824
-0.014978673418996112
-0.015345469342261867
-0.015597794904965816
-0.015743101257326145
-0.015789727678496415
-0.015746184483851334
-0.015621436769107934
-0.015424283585778789
-0.015163621923048494
-0.014847926160836687
-0.01448550358353937
-0.014084069734191221
-0.013650999251625055
-0.013192987041174374
-0.012716293321024266
-0.012226477567246822
-0.011728634170630307
-0.01122718542999186
-0.01072610359235427
-0.010228750058458434
-0.009738080136745158
-0.009256517399239972
-0.008786138628274627
-0.008328574366801251
-0.007885172836875952
-0.0074569197903730355
-0.0070445813571254155
-0.006648638107616012
-0.006269407712441194
-0.005906989590472332
-0.005561368894053198
-0.00523236922902894
-0.004919739844659853
-0.004623114715922761
-0.004342084964456741
-0.004076163147623366
-0.003824842925363944
-0.003587567765706285
-0.003363779756345586
-0.003152892166789664
-0.0029543291271063674
-0.0027675016263977556
-0.002591839577646293
-0.002426770913516811
-0.0022717473484319996
-0.0021262262790467047
-0.0019896913569744266
-0.0018616369282126212
-0.0017415843503486995
-0.0016290687225331592
-0.0015236517230686902
-0.0014249103949950277
-0.0013324471443317252
-0.0012458803590274594
-0.0011648520936577674
-0.0010890203127785886
-0.0010180646925174726
-0.000951680293646056
-0.0008895818318067733
-0.000831498600744577
-0.000777177498404006
-0.0007263790363696047
-0.0006788793564276237
-0.0006344671779308578
-0.0005929449965765189
-0.0005541268367407791
-0.0005178387893956408
-0.0004839174511350519
-0.00045220992983715673
-0.00042257286589638884
-0.0003948720111931481
-0.00036898174080755755
-0.00034478429207022006
-0.000322169686687678
-0.0003010347012949773
-0.00028128313044899314
-0.00026282454752456463
-0.0002455748484519449
-0.00022945485146261502
-0.00021439106981129834
-0.0002003141903614139
-0.00018716003090937837
-0.00017486793056305328
-0.0001633818537562325
-0.00015264871954435186
-0.00014261962004408208
-0.00013324811093068064
-0.00012449151694550613
-0.00011630920185280385
-0.00010866393790800992
-0.00010152017017624121
-0.00009484543052273334
-0.00008860860839579418
-0.00008278139305809663
-0.00007733656059916711
-0.00007224943083670265
-0.00006749617837095893
-0.00006305529290642722
-0.000058905920529466346
-0.00005502931818395026
-0.000051407229991893705
-0.000048023328307475604
-0.00004486162876497487
-0.0000419079117738723
-0.000039148179032994354
-0.00003657005055017204
-0.00003416126457605605
-0.000031911046265515345
-0.000029808652333813337
-0.000027844708350059242
-0.000026009798881210904
-0.000024295771143375755
-0.000022694370957525907
-0.000021198511102100346
-0.00001980095304337625
-0.00001849553884974349
-0.000017275918366652862
-0.00001613674398386331
-0.000015072442689005473
-0.000014078373336722365
-0.000013149642827043153
-0.000012282225820538615
-0.000011471824140193134
-0.000010714949118810105
-0.000010007823209349064
-9.34742534786513e-6
-8.730433671813671e-6
-8.154234440666464e-6
-7.6159046997520064e-6
-7.113185427243723e-6
-6.643502938741332e-6
-6.204907028587681e-6
-5.795129884226551e-6
-5.41249006609329e-6
-5.054987687941446e-6
-4.721175136532856e-6
-4.4092872722063676e-6
-4.1180798304109655e-6
-3.845993403746469e-6
-3.5919604946992424e-6
-3.354602054502001e-6
-3.133004172541674e-6
-2.925945967211363e-6
-2.7326469042801225e-6
-2.552024859234955e-6
-2.3834150561061047e-6
-2.2258571485792047e-6
-2.078786763740349e-6
-1.9413504796482858e-6
-1.8130709463902612e-6
-1.6931886701155575e-6
-1.5813016676770106e-6
-1.4767330007541306e-6
-1.3791459010490341e-6
-1.2879360325756119e-6
-1.2028230025939064e-6
-1.1232663650125318e-6
-1.0490344085818935e-6
-9.79642949317934e-7
-9.149022624382091e-7
-8.543777464993039e-7
-7.979158395670423e-7
-7.451256721539175e-7
-6.958847815173497e-7
-6.498409043107644e-7
-6.068982759929081e-7
-5.667387472364156e-7
-5.29289428441945e-7
-4.942623462757117e-7
-4.6160416641227733e-7
-4.3105363801844197e-7
-4.025741012547378e-7
-3.7592799803398486e-7
-3.510928446215989e-7
-3.2785211653050585e-7
-3.0619534087548474e-7
-2.859246918001268e-7
-2.670398321386853e-7
-2.4935958329395143e-7
-2.328921213011341e-7
-2.174711115852081e-7
-2.0311184075146828e-7
-1.8966123215193943e-7
-1.7714047167570875e-7
-1.6540834456126513e-7
-1.5449089114814054e-7
-1.442575289016653e-7
-1.3473825252762065e-7
-1.2581202774823553e-7
-1.1751202937726792e-7
-1.0972581502815525e-7
-1.0248907469593698e-7
-9.569711331576527e-8
-8.938756609355394e-8
-8.346273869345599e-8
-7.796172399134112e-8
-7.279316768379409e-8
-6.799720429208137e-8
-6.348823418237585e-8
-5.9307079507566175e-8
-5.537337603883576e-8
-5.172833327961848e-8
-4.8296361163460905e-8
-4.5118802789088295e-8
-4.212443196812058e-8
-3.935451189216093e-8
-3.674181474624999e-8
-3.432734510657618e-8
-3.204754740088187e-8
-2.9943018927311254e-8
-2.7953584869263125e-8
-2.6119312500359687e-8
-2.4383146776377106e-8
-2.2784524526140182e-8
-2.1269276373721553e-8
-1.9876127489353297e-8
-1.855358376699646e-8
-1.7339594001064434e-8
-1.6185149882571776e-8
-1.5127373256507924e-8
-1.4119570627914564e-8
-1.3197998420275523e-8
-1.2318123324468952e-8
-1.1515308200764897e-8
-1.0747039780343844e-8
-1.0047768013431405e-8
-9.376872366360112e-9
-8.767877997179862e-9
-8.181941201280806e-9
-7.651656775511691e-9
-7.1398520716337605e-9
-6.678191273203541e-9
-6.23107603701852e-9
-5.829244137169754e-9
-5.4385828278245965e-9
-5.088911389746158e-9
-4.747521150289525e-9
-4.443323883917901e-9
-4.144939893045719e-9
-3.880386950825401e-9
-3.619544995022609e-9
-3.3895533444269893e-9
-3.1614874017602453e-9
-2.9616252108370495e-9
-2.76217811763104e-9
-2.5885813507833415e-9
-2.4141268655712354e-9
-2.2634265130194866e-9
-2.110801302434775e-9
-1.9800598621571465e-9
-1.8465041144317768e-9
-1.7331601125093818e-9
-1.6162656383856874e-9
-1.518085115275033e-9
-1.4157499251857965e-9
-1.3307839323029717e-9
-1.2411723835826539e-9
-1.1677196271307818e-9
-1.089227314842347e-9
-1.0258011505968684e-9
-9.570237685638797e-10
-9.023227893544999e-10
-8.420282095412444e-10
-7.949096704978822e-10
-7.420124717699829e-10
-7.014677578204811e-10
-6.550053673640855e-10
-6.201366082390291e-10
-5.792460827625431e-10
-5.492428407472795e-10
-5.131370825187946e-10
-4.872517442433294e-10
-4.551935789836617e-10
-4.327136255327712e-10
-4.039856053040933e-10
-3.84200242417657e-10
-3.580671890526907e-10
-3.4022478451750385e-10
-3.1588482864533656e-10
-2.9913607059322786e-10
-2.756540780678286e-10
-2.589735059213961e-10
-2.351880392979593e-10
-2.1726327165717268e-10
-1.916542018983733e-10
-1.7072730675407506e-10
-1.4122537884823745e-10
-1.1486502733475131e-10
-7.859466481785769e-11
-4.361708106350005e-11
0.036077169081366676
0.035146623500589676
0.033647359893495134
0.031578314127971296
0.02898633345539329
0.02590567815209449
0.022395047855433843
0.018505941156307326
0.014307291358746121
0.009861000229901072
0.005242098588869066
0.000517309318451521
-0.004236717020566709
-0.008953158284799893
-0.013557665211144815
-0.017986970706028328
-0.022171985539572316
-0.026055515880955112
-0.029575702919161426
-0.03268300516599044
-0.03532406054862788
-0.03745804654871091
-0.03904114068878519
-0.04004232937185393
-0.04042866832838765
-0.04018054839490687
-0.0392779236323743
-0.03771495727751288
-0.03548730840039464
-0.03260598552210185
-0.029085685047823457
-0.024957593403220894
-0.020258677366417722
-0.015043120159625199
-0.009372399019485911
-0.003325034951727087
0.0030127261708575628
0.009539116672587902
0.016145712226375918
0.022711742501771066
0.029112569894663883
0.035216106226254304
0.04089085659795596
0.04600426239072255
0.05043013534767724
0.054048574738782044
0.056752505274943486
0.05844867758000564
0.05906295075518323
0.058541803469085746
0.05685598582270366
0.05400195855578446
0.050003588672990956
0.04491300151800843
0.03881011000183286
0.03180250306700705
0.02402276915361002
0.015627239342244217
0.006791272951388045
-0.0022930996052068346
-0.011423543512431623
-0.020390603487520604
-0.028985139726169958
-0.03700186839594984
-0.04424713839165408
-0.050542225665237854
-0.05573065758969811
-0.05968061676012594
-0.06229105575298702
-0.0634926304369313
-0.0632519909426691
-0.061570833785984366
-0.05848799328121469
-0.054076455359449174
-0.04844317654114265
-0.04172420100786248
-0.03408245440460371
-0.025701397123878547
-0.016781322178149864
-0.007532206538506929
0.0018307656303698623
0.011094370454262053
0.02005180733684465
0.028509111439003223
0.036288880882168806
0.04323529460824588
0.049216561471372176
0.05412813057786658
0.0578935699992471
0.060465826666955165
0.06182651011233051
0.061985320309759166
0.06097794868159324
0.058864003134914744
0.05572391072440977
0.05165580486281383
0.04677190588440638
0.041194888908272304
0.03505423041891235
0.02848255294525772
0.02161236909393873
0.01457281615662812
0.007487121876377586
0.0004700184084216196
-0.006373881749734552
-0.012951844666457752
-0.01918368184697776
-0.025002671044685686
-0.030355344158068717
-0.03520167125124571
-0.03951414006543594
-0.04327737906286546
-0.04648674972144607
-0.04914761660612071
-0.05127368250634249
-0.052886107448424195
-0.054011791710486104
-0.05468251162032909
-0.054933308853510075
-0.054801761806921416
-0.05432658450236326
-0.053547100502495316
-0.052502102184414416
-0.05122954865539168
-0.049765693308562654
-0.04814499306211852
-0.0463994821249168
-0.04455885850187015
-0.042650064695851336
-0.04069750753308861
-0.03872279997519624
-0.03674506924281811
-0.03478081499401428
-0.03284426540113285
-0.03094731265262763
-0.02909988431181118
-0.027309924913285596
-0.025583758493309353
-0.023926093183958462
-0.022340358863179616
-0.02082871899743732
-0.01939237415776764
-0.018031571386375782
-0.0167458695813698
-0.015534141223604506
-0.014394799376559155
-0.01332578980855899
-0.012324781786148492
-0.011389150687040696
-0.010516136155663556
-0.00970281648468992
-0.008946238324652085
-0.008243384665003326
-0.007591280388487929
-0.006986955816788538
-0.006427532170498625
-0.005910182523850148
-0.005432200819662545
-0.004990961822036146
-0.004583976845888304
-0.0042088539874096656
-0.003863343227424424
-0.0035452979083959116
-0.003252711400534097
-0.002983680510694219
-0.0027364354812515414
-0.0025093057745562536
-0.0023007448154721494
-0.0021092983993852765
-0.0019336252901906569
-0.0017724683485127722
-0.001624671853361205
-0.001489155335330967
-0.0013649282954223184
-0.0012510666493322914
-0.0011467253635660442
-0.0010511173651030117
-0.0009635244956209901
-0.0008832787098590175
-0.0008097716569069796
-0.000742437975303391
-0.000680763740177364
-0.0006242716591932788
-0.0005725285710774968
-0.0005251323504863097
-0.00048171860320768965
-0.0004419490971893402
-0.0004055177693657545
-0.00037214051240294383
-0.0003415605852281753
-0.0003135395990313367
-0.0002878624062889195
-0.00026432914414528213
-0.00024275966359161953
-0.00022298650280333054
-0.00020485890807757517
-0.00018823662354885834
-0.00017299354770086754
-0.0001590122388310391
-0.00014618724483640616
-0.0001344202356934518
-0.00012362303933690833
-0.0001137133232021414
-0.00010461736505063977
-0.00009626621529182724
-0.0000885982283279703
-0.00008155564597363277
-0.00007508691212922
-0.00006914362521840388
-0.00006368265663294057
-0.000058663426793027234
-0.00005404984574998782
-0.00004980787332895078
-0.00004590729846814787
-0.000042319549014490106
-0.00003901932477305895
-0.000035982626978095305
-0.0000331882585903648
-0.00003061604733677008
-0.0000282482255020826
-0.000026067823791285814
-0.00002405994169672845
-0.000022210292353269993
-0.000020506373507292376
-0.000018936146063257382
-0.000017489114725547162
-0.000016155125127197547
-0.000014925362349274777
-0.000013791253423231147
-0.000012745391147059785
-0.000011780530401174691
-0.00001089044396862241
-0.000010069002534630994
-9.310968573175837e-6
-8.61115114210837e-6
-7.9651433145378e-6
-7.368543960272876e-6
-6.8176436723159956e-6
-6.3087066635433746e-6
-5.838609661237911e-6
-5.404177864462898e-6
-5.002780848460696e-6
-4.631717239616268e-6
-4.288771282472957e-6
-3.971641509700192e-6
-3.6784612736437506e-6
-3.4072672305252853e-6
-3.1564868221962173e-6
-2.924442867472052e-6
-2.709810694928471e-6
-2.5111555488552838e-6
-2.3273618174355747e-6
-2.157200324125734e-6
-1.9997318647171685e-6
-1.853901773732318e-6
-1.7189197761155208e-6
-1.5938794983409442e-6
-1.4781164535742891e-6
-1.370850413575485e-6
-1.271523178025558e-6
-1.1794619403566052e-6
-1.0941983406658193e-6
-1.0151511500410973e-6
-9.41927970377291e-7
-8.740257308752935e-7
-8.111162755781242e-7
-7.527633152660619e-7
-6.986930332854494e-7
-6.485262685228127e-7
-6.020351708037811e-7
-5.588895081094365e-7
-5.189003133902816e-7
-4.817793135205401e-7
-4.4737042876112065e-7
-4.15421413752793e-7
-3.8580399815850016e-7
-3.5829691265239594e-7
-3.32795393676821e-7
-3.0910484111482105e-7
-2.871403508570423e-7
-2.6673031671082077e-7
-2.478066009310118e-7
-2.3021745185028462e-7
-2.1390887410781097e-7
-1.987462862793904e-7
-1.8468760870283596e-7
-1.7161313277312002e-7
-1.5949080453395812e-7
-1.4821381989104903e-7
-1.3775854610602084e-7
-1.280293955211574e-7
-1.1900979437070054e-7
-1.1061392217348731e-7
-1.0283110753552552e-7
-9.558405158702618e-8
-8.88670033732277e-8
-8.261011395386038e-8
-7.681171931143727e-8
-7.140849731644467e-8
-6.640216357385533e-8
-6.173512668382353e-8
-5.7411881883925616e-8
-5.33798811456996e-8
-4.964589066198565e-8
-4.616181154712929e-8
-4.293624998716233e-8
-3.9925041849836803e-8
-3.713826851146974e-8
-3.453525471176987e-8
-3.212724854999787e-8
-2.987667658922264e-8
-2.7795693162026234e-8
-2.584949017838194e-8
-2.4050908577384388e-8
-2.2367612647245414e-8
-2.0812945111626318e-8
-1.935678713551243e-8
-1.8012828048516216e-8
-1.675294268542166e-8
-1.559103704692915e-8
-1.4500784293082205e-8
-1.3496198653886761e-8
-1.2552580333512338e-8
-1.1683961642482693e-8
-1.0867119351488859e-8
-1.0116029265621377e-8
-9.408812248168366e-9
-8.759326246016267e-9
-8.14691934012366e-9
-7.58528151016277e-9
-7.054884709831311e-9
-6.56921038782832e-9
-6.1097627759665455e-9
-5.689782323358179e-9
-5.2917241623895915e-9
-4.9285621301707495e-9
-4.5836297780618245e-9
-4.26961451712438e-9
-3.9706635920586525e-9
-3.6991630689699282e-9
-3.4400159325502766e-9
-3.2052961082880438e-9
-2.9806102896351968e-9
-2.7777129305151837e-9
-2.582867588814623e-9
-2.407504818356511e-9
-2.2385027480562427e-9
-2.086966025400574e-9
-1.9403490566266948e-9
-1.8094305896116647e-9
-1.6822065359161572e-9
-1.5691314144728146e-9
-1.4587109770670083e-9
-1.361078550349642e-9
-1.2652208074495404e-9
-1.180954031734131e-9
-1.0977193307317353e-9
-1.0250209895600397e-9
-9.527302213283704e-10
-8.900450694041722e-10
-8.272444420639173e-10
-7.732264511754729e-10
-7.186569978456459e-10
-6.72140991284287e-10
-6.24712145419879e-10
-5.84689197309977e-10
-5.434558508600449e-10
-5.090519009615625e-10
-4.73194427021019e-10
-4.4365161994684356e-10
-4.124583920605011e-10
-3.871186920612011e-10
-3.5997066579558843e-10
-3.382613229754414e-10
-3.1461826074007446e-10
-2.9603870898702835e-10
-2.7542662118127005e-10
-2.5953636672373604e-10
-2.4153570554620563e-10
-2.2794271011353611e-10
-2.1217677616368874e-10
-2.0052573768117589e-10
-1.8664862895902214e-10
-1.7660839704475988e-10
-1.6429162238734234e-10
-1.555407279837504e-10
-1.4445728845985175e-10
-1.3666617568261433e-10
-1.2647043871764596e-10
-1.1927840268776345e-10
-1.095793817979007e-10
-1.0256335001106782e-10
-9.288795045960395e-11
-8.551896780450648e-11
-7.526020925401617e-11
-6.684161091740615e-11
-5.5184603014966345e-11
-4.476363163572829e-11
-3.0585990794781305e-11
-1.6923530405181082e-11
0.048181527464325004
0.04702436144702808
0.045228217951588684
0.04273891317210031
0.03963737005877843
0.035949615676964114
0.03176166991303342
0.027127740416950274
0.022142575096040683
0.016875780880799336
0.0114276993923626
0.005875524547515814
0.00032106779685001953
-0.0051564256780871655
-0.010457193241038758
-0.015503799476357641
-0.020201242625233252
-0.024476790988467265
-0.02824269113395208
-0.0314338487727031
-0.033972964884833354
-0.03580659550274829
-0.03687266216560336
-0.03713512610390012
-0.03655375037381083
-0.03511731758606203
-0.032815354060224816
-0.029669540446676062
-0.025706935887515475
-0.020989037752826456
-0.015585949977396029
-0.00960249758182156
-0.0031528248059477034
0.0036169110638091064
0.010553835371126767
0.01747928659306401
0.024214022653051965
0.030562613516922046
0.036338223264610885
0.04134992875089946
0.04542643310787467
0.048405481089485156
0.05015566899439187
0.050566979328304264
0.04956982357667631
0.0471257405436192
0.04324294187789211
0.037966391031650656
0.03138937868714433
0.02364247294374718
0.014900974282711395
0.005372543056113177
-0.004699284850964111
-0.015048677488544618
-0.025387445262047847
-0.035419431790305725
-0.0448431564005424
-0.05336637352383342
-0.06071044002537793
-0.06662418151419758
-0.07088881078690161
-0.07333005805933186
-0.07382232761094183
-0.07229794125779976
-0.06874918667877812
-0.06323355349547732
-0.05587247021575904
-0.04685165405278799
-0.036415720208466555
-0.024863270621783926
-0.012537212762162112
0.00018503282253414777
0.012904802490343655
0.02521558065782121
0.03671823287819385
0.047035858006114276
0.05582860620380651
0.06280729774246853
0.06774511987747042
0.07048729189956164
0.07095721962908426
0.06916011179160593
0.06518210282567523
0.059186937410917684
0.051407981776936326
0.042138622867909856
0.03171862373160388
0.020520322875665922
0.008932018352897107
-0.0026570153961438733
-0.013872870532931732
-0.02437000301394772
-0.03384432544778706
-0.04204170377645658
-0.0487658071503962
-0.05388081632364015
-0.057313409159083416
-0.05904979743356635
-0.05913256475989679
-0.05765332437028724
-0.05474607518517895
-0.05057744292884858
-0.045338598883382306
-0.03923513285753562
-0.03247940935249586
-0.02528173081278504
-0.01784446030942018
-0.01035548205078662
-0.002984730562869864
0.004119729475374993
0.010832755365384347
0.017053654317431142
0.022705245412646943
0.027733555253707524
0.03210553470532307
0.03580759904706289
0.03884266692704248
0.04122817418012637
0.04299299564987252
0.04417541979587539
0.044820347198742214
0.04497754023983405
0.044699320138821046
0.04403924692623242
0.04305039345271537
0.04178448890495339
0.040290747287348536
0.03861542898107736
0.03680114253584591
0.03488673851067919
0.03290697907362142
0.030892666889958918
0.028870576429641703
0.026863727511524882
0.024891485406203936
0.022969904910404185
0.02111192553484832
0.019327731246045924
0.0176249870197361
0.016009177659826557
0.0144838497956436
0.013050908440692758
0.011710842806765686
0.010462970830522235
0.009305637746266067
0.008236406836986836
0.007252226931384981
0.006349572686295445
0.00552458169416714
0.004773150367047688
0.004091043846192525
0.003473954698729307
0.0029175899296207336
0.002417699781741468
0.001970146362352781
0.001570909288804682
0.0012161401313100396
0.0009021507807549444
0.0006254573387449578
0.000382756109015203
0.0001709599054324361
-0.000012834387283824003
-0.00017131476375019912
-0.0003069918877159293
-0.0004221715548254767
-0.0005189954959620915
-0.0005994160930521056
-0.0006652384724218593
-0.0007180966039653489
-0.0007594954515464286
-0.0007907878863375401
-0.0008132160431848169
-0.0008278887021216843
-0.0008358212897767009
-0.0008379135427213548
-0.0008349878084261895
-0.0008277669135746511
-0.0008169105752848563
-0.0008029934687180116
-0.0007865396696963521
-0.0007680009588662104
-0.000747789292586571
-0.0007262554036510492
-0.0007037193473375371
-0.0006804494675567777
-0.0006566910962539048
-0.000632645953595013
-0.0006084990968822572
-0.0005843988175209098
-0.0005604819443022878
-0.0005368542909123155
-0.000513614420847599
-0.0004908346888650659
-0.000468583573104972
-0.0004469073432869335
-0.00042585106137394996
-0.00040544089921768135
-0.0003857039033980323
-0.00036665097583001455
-0.00034829549199868174
-0.0003306369499711149
-0.0003136785246103376
-0.00029741138355915284
-0.00028183125347732975
-0.000266923395854356
-0.0002526782550652791
-0.0002390770822509614
-0.00022610672913631259
-0.0002137459045827837
-0.0002019791727082445
-0.00019078382394767694
-0.0001801431310692385
-0.00017003381455491816
-0.00016043860561183685
-0.00015133428428900915
-0.00014270359451224045
-0.00013452383248050993
-0.00012677815507459214
-0.00011944469563175172
-0.00011250730375835693
-0.00010594516548146869
-0.00009974300949930112
-0.00009388120888097627
-0.00008834548608202504
-0.00008311747374887274
-0.00007818394837865312
-0.0000735278283314235
-0.00006913696379618117
-0.00006499555077910942
-0.00006109250302533097
-0.000057413261501299626
-0.0000539477720915888
-0.000050682670899380146
-0.00004760888986994917
-0.00004471419907260301
-0.00004199046087943661
-0.00003942651124693318
-0.00003701508168494133
-0.000034746002412582824
-0.00003261281007441732
-0.00003060625649227511
-0.000028720618911625457
-0.000026947498900275836
-0.00002528185082748654
-0.000023716056266128676
-0.000022245685411033558
-0.000020863833118712168
-0.00001956662705168158
-0.000018347812236491548
-0.000017204018870183912
-0.00001612958299107325
-0.000015121586095933874
-0.000014174900197926191
-0.000013287010672739563
-0.00001245327462391771
-0.000011671537698225745
-0.0000109375952906361
-0.000010249613439058896
-9.603782980020568e-6
-8.99855404666616e-6
-8.430473832650656e-6
-7.8982436713523e-6
-7.3987315808175196e-6
-6.930860393161476e-6
-6.491786738849711e-6
-6.080628220402713e-6
-5.694800951201878e-6
-5.333593324178922e-6
-4.994654650110801e-6
-4.677422657561546e-6
-4.379756179723992e-6
-4.1012231342712285e-6
-3.839870587601675e-6
-3.5953796004590864e-6
-3.365966355382609e-6
-3.1514099140970126e-6
-2.9500784293879906e-6
-2.7618355417011646e-6
-2.5851860118684087e-6
-2.4200661855210896e-6
-2.2651036793473695e-6
-2.120297061426264e-6
-1.9843845021617595e-6
-1.8574175551668204e-6
-1.738233945877222e-6
-1.626930089953001e-6
-1.522433438849691e-6
-1.4248781397912712e-6
-1.3332725892897878e-6
-1.2477824195312066e-6
-1.167489128943926e-6
-1.0925843734008108e-6
-1.0222157483170956e-6
-9.565961685486524e-7
-8.949330699812477e-7
-8.374564785927434e-7
-7.834280818674715e-7
-7.330914144461546e-7
-6.857574216735302e-7
-6.416800259119028e-7
-6.002149667817863e-7
-5.616238579227029e-7
-5.253032416577391e-7
-4.915201001620466e-7
-4.597082069450564e-7
-4.3013791849725496e-7
-4.022770416911576e-7
-3.763976015101066e-7
-3.5199857272641565e-7
-3.2935219581089936e-7
-3.079860435234214e-7
-2.8817134012068373e-7
-2.6946194923611537e-7
-2.521270406447534e-7
-2.3574469541504326e-7
-2.2058115938273833e-7
-2.0623686541400888e-7
-1.929744130319395e-7
-1.8041490608815826e-7
-1.6881670335364637e-7
-1.5782006328523063e-7
-1.4767862053629632e-7
-1.380504181284575e-7
-1.2918397947833656e-7
-1.2075389242795871e-7
-1.1300326525588058e-7
-1.0562210695216901e-7
-9.884787854027456e-8
-9.238498994767804e-8
-8.646508458741096e-8
-8.080604540156376e-8
-7.563358081967799e-8
-7.067820125964554e-8
-6.615960809829231e-8
-6.182016729839043e-8
-5.7873539708097066e-8
-5.407324073407884e-8
-5.06268899568131e-8
-4.729850506153275e-8
-4.428969125370726e-8
-4.137437415553388e-8
-3.8748194676802294e-8
-3.6194439438804794e-8
-3.3902854457206245e-8
-3.166558300967037e-8
-2.9666561585875037e-8
-2.7706324104483407e-8
-2.5963095954957372e-8
-2.424537021881106e-8
-2.2725770149835166e-8
-2.1220347682816733e-8
-1.9896241261866468e-8
-1.8576689536781906e-8
-1.7423469949537255e-8
-1.6266661227934055e-8
-1.5262808479130715e-8
-1.424850699019568e-8
-1.3375201661488824e-8
-1.2485701806424286e-8
-1.1726486499813641e-8
-1.094629561884557e-8
-1.0286777999705898e-8
-9.602337961530549e-9
-9.029929979185035e-9
-8.429372457119447e-9
-7.933060864086855e-9
-7.405991645373184e-9
-6.976135355736976e-9
-6.513443383948165e-9
-6.141593495366985e-9
-5.735280554249759e-9
-5.414018983006512e-9
-5.0570459629889715e-9
-4.779838570308243e-9
-4.465984068032486e-9
-4.22704382702207e-9
-3.95077033901674e-9
-3.744925413940706e-9
-3.501247485459078e-9
-3.323807930251416e-9
-3.108155139484235e-9
-2.954770064253024e-9
-2.762835411759127e-9
-2.629329611575694e-9
-2.456890375361721e-9
-2.3390651172327955e-9
-2.1817579839112617e-9
-2.075134248664358e-9
-1.9281587436378802e-9
-1.8276317541938243e-9
-1.6853445001083868e-9
-1.5847044209296714e-9
-1.4400498402260268e-9
-1.331303030236995e-9
-1.1750012661795334e-9
-1.047396416144566e-9
-8.667734536601601e-10
-7.054011768740115e-10
-4.828073678982534e-10
-2.6811310744851747e-10