0.028948887462682708
0.05783738292987914
0.08651437561987667
0.11494369362726442
0.14299401056071426
0.17061169485577524
0.19767879424750434
0.22413410393341313
0.24986974886608831
0.2748202480349959
0.2988871391919412
0.3220025788440596
0.3440778676064194
0.36504426871084217
0.3848236993142326
0.40334785897003506
0.42055042603763837
0.4363648350732232
0.4507378381973913
0.46360589659035595
0.4749302196159677
0.4846515573917671
0.4927469385619246
0.49916258485221
0.5038925912814889
0.5068896877444171
0.5081660749519097
0.5076818093810667
0.5054679426943467
0.5014923909743286
0.4958054361369675
0.48838304885193645
0.4792947049871685
0.4685242568289106
0.45615990104902854
0.44219282869162874
0.4267290573801597
0.40976623156542474
0.3914269037855207
0.3717139979522101
0.350764995203334
0.32858671026030345
0.30532970943606014
0.28100317982491074
0.2557687830178524
0.229636516452668
0.20277708897218105
0.17519978129231048
0.14708232116594347
0.1184318446086655
0.08943115118295557
0.0600839489647759
0.03057628589054867
0.000907329535541422
-0.028735300502690266
-0.05835791167081978
-0.08777283712915941
-0.11699262414476731
-0.14583093930916652
-0.17430718472752782
-0.2022376157144205
-0.22964898131741948
-0.25636127888594823
-0.28240900248419
-0.3076169664471142
-0.33202774013464537
-0.35547197092479693
-0.3780005856515997
-0.3994510338607323
-0.4198828445225589
-0.43914119416606673
-0.4572944216825294
-0.4741963043426513
-0.4899241535020528
-0.5043411553242493
-0.517533695829892
-0.5293750927398883
-0.5399608294187623
-0.5491749694413744
-0.5571220153882696
-0.5636972579304477
-0.5690140170583865
-0.5729791318969157
-0.5757143890048663
-0.5771383071293598
-0.5773806104006055
-0.5763714035508285
-0.5742476083766553
-0.5709505597917788
-0.5666233933858341
-0.5612180215812419
-0.5548825398886723
-0.5475784659114165
-0.5394573226526521
-0.5304889412932625
-0.5208264810702081
-0.5104465092294838
-0.49950182655625963
-0.4879739438558016
-0.4760131969666229
-0.4636041378125744
-0.45089253887756986
-0.4378641082870754
-0.42465809764908696
-0.4112596359942869
-0.3977997637729307
-0.38426156245743787
-0.3707665395890625
-0.35729461321405187
-0.34395686743738924
-0.33072933793282056
-0.3177122443388324
-0.30487741893399695
-0.29231420144540166
-0.2799902608308626
-0.2679844095778097
-0.2562604903750462
-0.24488743043351902
-0.23382580137738376
-0.22313548901582442
-0.21277448566545631
-0.20279459664187724
-0.19315198830632138
-0.18389138900823482
-0.17496789186377473
-0.1664201349610472
-0.1582028435140409
-0.1503494921947337
-0.1428150651955784
-0.13562871326171416
-0.12874621082191662
-0.12219312259264442
-0.1159264429782092
-0.10996878308617798
-0.10427868792320434
-0.09887634542646756
-0.09372209063801508
-0.08883412501540809
-0.08417473295065554
-0.07976048318266726
-0.07555570105971386
-0.0715756052232464
-0.06778659832549509
-0.06420277204096987
-0.06079259906587353
-0.057569218558888545
-0.05450313276970993
-0.051606663709451175
-0.04885227835607705
-0.046251586092401285
-0.0437789368535772
-0.04144530793948323
-0.03922683949591518
-0.03713393892321112
-0.03514443755856601
-0.03326822121652686
-0.03148471074623793
-0.02980330835474511
-0.028204922766030906
-0.02669850295886188
-0.025266345899083234
-0.023916972204115265
-0.022633970824553356
-0.02142545493882873
-0.020276213511941407
-0.01919397042088901
-0.018164627519319156
-0.017195535579473724
-0.01627362735498447
-0.01540589537195112
-0.014580226529727819
-0.013803269050090024
-0.013063792415451716
-0.012368113854772572
-0.011705818922152566
-0.011082906722855817
-0.010489717217230568
-0.009931943930622225
-0.009400624164106319
-0.008901158148634037
-0.00842522779172631
-0.007977952089964095
-0.007551608876009337
-0.007151047756515339
-0.006769097582394966
-0.006410350194693815
-0.006068144057656348
-0.0057468246378937285
-0.0054402018479764785
-0.005152385920806964
-0.004877623043205131
-0.004619799085938432
-0.004373564092534967
-0.00414259015585121
-0.003921901296006201
-0.003714966108323494
-0.0035171550430983813
-0.003331743160562839
-0.0031544219398490564
-0.0029882825392565445
-0.0028293140363884932
-0.002680432983000432
-0.002537904435475635
-0.0024044792909440156
-0.002276678628232759
-0.002157096295226935
-0.002042490965008637
-0.0019353076944077627
-0.0018325257267470581
-0.0017364492402975318
-0.0016442623151947855
-0.0015581358213478226
-0.0014754441288298574
-0.0013982320321055083
-0.0013240507356034198
-0.001254825860385719
-0.0011882729937252763
-0.0011262051619940201
-0.001066490808006647
-0.0010108366273053212
-0.0009572532420106625
-0.0009073469750618927
-0.0008592607357140128
-0.000814506136678995
-0.0007713492048414454
-0.0007312122194113385
-0.0006924758217805843
-0.0006564780592099359
-0.000621706299242883
-0.0005894191942228666
-0.0005582035168939631
-0.0005292431079113373
-0.000501217348200291
-0.00047523960685862766
-0.00045007555997523586
-0.0004267722127476617
-0.0004041756707232897
-0.0003832704608596816
-0.00036297766603623355
-0.00034422300892735116
-0.000325997480162626
-0.000309171470447615
-0.00029280116256788724
-0.00027770489573203285
-0.0002629996569690103
-0.00024945483214136534
-0.0002362441280545232
-0.0002240909022711692
-0.00021222177800785507
-0.00020131684537317426
-0.0001906521011184326
-0.00018086697312266902
-0.00017128353026041516
-0.00016250299603968644
-0.00015389043394076457
-0.00014601118151748933
-0.0001382704269995962
-0.0001311998085577351
-0.00012424196196544763
-0.00011789688800969488
-0.00011164217156864952
-0.0001059481204253127
-0.00010032493603651575
-0.00009521506658326854
-0.00009015915158738121
-0.00008557350838762426
-0.00008102717903618556
-0.00007691198018823972
-0.00007282345364482372
-0.00006913045268801852
-0.00006545323934824452
-0.00006213915347618323
-0.000058831512262996913
-0.00005585750991216798
-0.00005288195997252465
-0.00005021320158378748
-0.000047536084504916526
-0.000045141310910448686
-0.00004273239819557126
-0.00004058356166219421
-0.000038415702750771825
-0.00003648763623671849
-0.000034536442854150353
-0.00003280656349924962
-0.0000310501265599293
-0.00002949816984876948
-0.000027916805532765333
-0.00002652458694222888
-0.000025100608916440172
-0.000023851810190201684
-0.00002256932526488882
-0.00002144930276353406
-0.000020294027558778507
-0.000019289640389903166
-0.00001824873683090418
-0.000017348192713886343
-0.000016410120412196738
-0.000015602837437758872
-0.000014757221210365832
-0.000014033703851704492
-0.000013271214816324731
-0.000012622942717285327
-0.000011935191558651603
-0.000011354519779059364
-0.000010733960935452394
-0.000010214030467982906
-9.653876106035874e-6
-9.188533609680121e-6
-8.682676384791247e-6
-8.266402178897673e-6
-7.809345870372621e-6
-7.437189342393657e-6
-7.023986559228331e-6
-6.691508220940029e-6
-6.317704443076129e-6
-6.0209239526138125e-6
-5.6825072630252e-6
-5.417856798087913e-6
-5.111212716094031e-6
-4.8754951497682405e-6
-4.597366043120684e-6
-4.387717430583594e-6
-4.135166034408871e-6
-3.949021967098362e-6
-3.7193985893973645e-6
-3.5544640214276935e-6
-3.3453770541097528e-6
-3.1995992463720527e-6
-3.008888644194263e-6
-2.880432907303449e-6
-2.7061463273355473e-6
-2.593374279809568e-6
-2.4337456093586217e-6
-2.3351956923448027e-6
-2.1886257187115987e-6
-2.102995739808963e-6
-1.9680347421156578e-6
-1.894166242425809e-6
-1.7694983047920893e-6
-1.7063625668117973e-6
-1.5907914378191567e-6
-1.5374769632234724e-6
-1.429913300311336e-6
-1.3856146175705801e-6
-1.2850644708579394e-6
-1.2490721335389133e-6
-1.1546265435403108e-6
-1.126318204008748e-6
-1.0371437931979098e-6
-1.0159762440653953e-6
-9.31306699733668e-7
-9.168087872498249e-7
-8.359371419620867e-7
-8.277034679978721e-7
-7.499750904195287e-7
-7.476604246171765e-7
-6.724666466096443e-7
-6.757809822746826e-7
-6.025532935005247e-7
-6.112574839654395e-7
-5.394622293681591e-7
-5.533641532690985e-7
-4.824976801271425e-7
-5.014488853365395e-7
-4.310330865244772e-7
-4.549258701693316e-7
-3.845040798256557e-7
-4.132689650572775e-7
-3.424021640179673e-7
-3.7600574075231327e-7
-3.04269033563615e-7
-3.427121323790116e-7
-2.6969146287016646e-7
-3.130076342527406e-7
-2.3829670662954538e-7
-2.865509842757286e-7
-2.0974836229653723e-7
-2.630362888140523e-7
-1.8374264536322826e-7
-2.421895415603142e-7
-1.6000503674718013e-7
-2.2376549979476106e-7
-1.3828726262734238e-7
-2.0754488034539874e-7
-1.1836457599748878e-7
-1.9333184405565477e-7
-1.0003330408835694e-7
-1.809517387522573e-7
-8.310864076142229e-8
-1.7024907804286757e-7
-6.742265355160271e-8
-1.6108572806957244e-7
-5.2822485974016646e-8
-1.5333928434089756e-7
-3.9168723834047025e-8
-1.4690154401284402e-7
-2.6333315974395746e-8
-1.4167232410440696e-7
-1.4159384080974855e-8
-1.3724910919835337e-7
-0.017723455073004688
-0.03543812919839542
-0.05310792013450666
-0.070743131802694
-0.08829420535882847
-0.10579069515156114
-0.12316135231617086
-0.1404645310780417
-0.15760086037502416
-0.17466442350239084
-0.191522647842832
-0.20831098284799784
-0.22485922811420153
-0.24134871145798692
-0.2575674291037531
-0.27374592819924354
-0.28962620327656796
-0.3054901150556419
-0.3210292835048891
-0.33657772328020696
-0.351772131034061
-0.36699838349224984
-0.3818336990052973
-0.3967146663923616
-0.41115479646945835
-0.42563979145340314
-0.43961600042720295
-0.4536166806318655
-0.4670188302393263
-0.4804022299268182
-0.49307404053162046
-0.5056604557903193
-0.5174003127741141
-0.5289672566147934
-0.539535407926303
-0.5498280682912506
-0.5589602090101946
-0.5677079664328862
-0.5751343451681712
-0.5820720982819623
-0.5875405569309188
-0.5924329903105581
-0.5957338613322823
-0.5984004361489105
-0.5993910004395911
-0.5997293519657062
-0.5983555756097002
-0.596361111542854
-0.5926745668207577
-0.5884543075436096
-0.5826224763643332
-0.5764015056964771
-0.5687100189540766
-0.5608292946343332
-0.5516750680144963
-0.5425797785358771
-0.5324544784080375
-0.5226726479978914
-0.5121364835731328
-0.502248141615744
-0.49189464808737254
-0.4824926026362383
-0.47290585611008584
-0.4645499368466046
-0.4562565112925887
-0.4494240534289804
-0.4428429621271601
-0.4378792477996511
-0.4332740501267286
-0.4303473300280256
-0.42778542309826556
-0.4268518673861549
-0.42617653900082114
-0.4269607873423567
-0.42778161538132503
-0.42977821302792946
-0.43148454379915935
-0.4339841611454845
-0.43578442531394407
-0.4379261825284933
-0.4389126513780776
-0.4397602024160478
-0.43899472903720743
-0.4376294811507127
-0.4342414911453583
-0.42986230603739667
-0.423146795511305
-0.4151628043279873
-0.40466443005665464
-0.3927671602524029
-0.3783374425368505
-0.36254080138041384
-0.34435916444193265
-0.32500072981013245
-0.30355596486925135
-0.2812595223868198
-0.257294996137022
-0.23290084453968737
-0.20733280757882303
-0.18180747932411592
-0.1556297582116246
-0.1299693377083565
-0.10415873833857628
-0.07929952438933495
-0.05473446718716561
-0.03148174479846406
-0.008882754747820633
0.01213607143890163
0.03224021440024141
0.05059669310199285
0.06787789398161062
0.08334044668105726
0.09765950328079988
0.11017351251385654
0.12155366750111185
0.1312101855844189
0.13980251644411587
0.14680184310702632
0.1528482710502698
0.15746354819114983
0.1612618795999726
0.16380633057090563
0.16568016954860662
0.1664800647633232
0.16675498310980605
0.16612910174499287
0.16511530972374475
0.1633607083459216
0.16134169657140848
0.15872500143681068
0.1559511947159987
0.1527043512109817
0.14939065701610318
0.14571001511588316
0.1420361771979935
0.13808388248904055
0.13419668609411925
0.1301035119500251
0.12612007058203423
0.12198901767587839
0.11800056110011768
0.11391073326977258
0.10998648818851696
0.10599691146380266
0.10218780863442803
0.09834098640078347
0.09468303810950723
0.09100813003924914
0.08752540204270552
0.08404098130253917
0.08074813827935841
0.07746452581390745
0.07436896441355537
0.07129016614595833
0.06839376999815011
0.06551905736109506
0.06281961829101054
0.060144798531244645
0.057637151185605355
0.055155574403902806
0.05283249014477574
0.05053583726624546
0.04838871940495397
0.046267610773750745
0.044287028268480404
0.04233148736034503
0.04050757881759517
0.03870738031272186
0.03703015501392914
0.03537508154724512
0.03383463954337013
0.032314667043625143
0.030901356246541237
0.029506783959610584
0.028211308645418876
0.02693284671567657
0.02574633891416952
0.02457516372283938
0.023489226547048853
0.02241701182367691
0.021423741828939198
0.02044267178847578
0.01953466587325941
0.01863743522270621
0.01780778632637407
0.016987590867168865
0.016229875729237786
0.015480396404101144
0.014788657872462986
0.014104040416477627
0.013472766183259035
0.012847598006966837
0.012271697182610813
0.01170098269899811
0.011175761271122955
0.010654896561660184
0.010176032505523978
0.009700779976383663
0.00926429857170298
0.008830762064541007
0.008433011810337489
0.0080376124912961
0.007675241887362497
0.007314695131427563
0.006984630503251963
0.006655923911050499
0.00635534838506826
0.006055721009373828
0.005782054694689302
0.005508977511133347
0.005259858906142502
0.005011016529620278
0.00478428514442222
0.004557558770717547
0.0043512389382288005
0.004144690474106812
0.003956976307583497
0.003768833641350246
0.003598075089238084
0.003426718448319358
0.003271408390271881
0.003115357726529233
0.002974120052735262
0.0028320233959346092
0.0027036020101642573
0.002574224729170915
0.0024574734163098793
0.0023396883278855992
0.0022335614282676156
0.0021263396959270825
0.0020298835297413356
0.0019322862971507416
0.0018446312862002248
0.0017558019909381555
0.0016761554255116764
0.0015953127434418168
0.0015229521466642493
0.001449383519339605
0.0013836505629996846
0.001316706262740503
0.0012570011920772545
0.0011960888835820394
0.0011418654108437765
0.0010864451692995168
0.0010372057992868678
0.0009867855494407963
0.0009420773017179622
0.0008962086438485799
0.0008556191404322192
0.0008138935311825128
0.0007770474188619886
0.0007390926791003162
0.0007056483593990781
0.000671125480987832
0.0006407721227647121
0.000609372350660093
0.0005818271604990621
0.0005532693262246509
0.0005282750565847724
0.0005023031426155116
0.0004796258166201105
0.00045600673245081404
0.00043543356726374985
0.00041395511863239365
0.000395292630992558
0.0003757616661400817
0.00035883394399341075
0.0003410746625823529
0.0003257217888756756
0.00030957419834941856
0.00029565081341686474
0.0002809693212715717
0.00026834331308146585
0.00025499544294583116
0.00024354675238384726
0.00023141197304851584
0.00022103150597080974
0.00021000016426728205
0.00020058879986715146
0.00019056114744520286
0.0001820288351486553
0.00017291414154745697
0.00016517907790197458
0.00015689482284997298
0.00014988270289351254
0.00014235383967850797
0.00013599717462860466
0.00012915545929541728
0.00012339295546531695
0.00011717633644062139
0.00011195233009570904
0.0001063043909670302
0.00010156833398570917
0.00009643778769828004
0.00009214377911976616
0.00008748400602202911
0.0000835903664575016
0.00007935899481072983
0.0000758278784909717
0.00007198640179101329
0.00006878344437077081
0.00006529687408431398
0.0000623908717811844
0.00005922742001834213
0.00005659003784007423
0.0000537208301611742
0.000051326336645383685
0.00004872514944958997
0.00004655017569368396
0.000044193198091801224
0.000042216517884121306
0.00004008213508315123
0.00003828446561806703
0.00003635306166073789
0.00003471688237518413
0.00003297066107977918
0.00003148004805036571
0.00002990287012816512
0.00002854334664204505
0.000027120581614244865
0.000025878981396633473
0.000024597373189377274
0.00002346171654438499
0.000022309261435556678
0.000021268642289997908
0.000020234477909032938
0.000019278961089407996
0.000018353265463603162
0.000017473793611879524
0.000016647694050039634
0.000015836002143820822
0.000015101492565653314
0.000014350031096433691
0.000013699896197187391
0.000013001760426300544
0.000012429508037113349
0.000011778373761179202
0.000011278173212271204
0.000010668238454958084
0.000010234864351737796
9.660795940472776e-6
9.289578069814237e-6
8.746462882838215e-6
8.433240213609074e-6
7.916540894499761e-6
7.657620475856917e-6
7.163134741608877e-6
6.955254833329095e-6
6.479078057822113e-6
6.319374364982716e-6
5.857865808815702e-6
5.743841709979172e-6
5.2935930123144424e-6
5.223092499906383e-6
4.780898857929017e-6
4.752082612084342e-6
4.3149166800135215e-6
4.326240550456337e-6
3.89122753390187e-6
3.941423279582961e-6
3.505818545558392e-6
3.5938774251791184e-6
3.1550452281820274e-6
3.2802027932041466e-6
2.8355968593260244e-6
2.997320136770319e-6
2.5444656475840673e-6
2.742441996638681e-6
2.2789176560508906e-6
2.513045270200783e-6
2.03646784398586e-6
2.306847416353362e-6
1.8148560642220864e-6
2.1217844793725703e-6
1.6120261542146553e-6
1.9559906073020574e-6
1.4261061538902384e-6
1.807780689184899e-6
1.2553912212587337e-6
1.6756333241362055e-6
1.0983273691152594e-6
1.5581763108125026e-6
9.534970014351939e-7
1.45417313601352e-6
8.196061407444723e-7
1.3625106719455966e-6
6.954714879154616e-7
1.2821882897103527e-6
5.800104131837356e-7
1.2123077064834136e-6
4.722302192571422e-7
1.1520640546961457e-6
3.712197456388851e-7
1.1007376726274716e-6
2.761405664419515e-7
1.0576860495536035e-6
1.8621499921607967e-7
1.0223023281853934e-6
1.0044121093723277e-7
9.917962469135944e-7
-0.031766971219045426
-0.06344572949308346
-0.09481158265864707
-0.12581433282634438
-0.15625276295137525
-0.18605388163692463
-0.21502801120891812
-0.2430950856115284
-0.27007061618127187
-0.29587392518478095
-0.3203242691468613
-0.3433453569493142
-0.3647611339958288
-0.3845044888142116
-0.40240636987951073
-0.418413606039774
-0.43236716781135104
-0.44423236551902473
-0.4538633682921394
-0.4612479965747349
-0.46625651331748713
-0.4689025054015476
-0.46907464848828867
-0.4668146339565726
-0.4620311658121742
-0.4547954574223544
-0.4450371847065068
-0.4328577035512815
-0.41820807665981696
-0.40121982183137817
-0.38186546073039795
-0.3603062897721408
-0.3365361759016955
-0.31074554755664324
-0.28294939308192124
-0.2533664092939436
-0.2220323486709201
-0.18919305088315516
-0.15490443792911043
-0.11943800161554127
-0.08286885842975156
-0.04549218059988911
-0.007400786361276762
0.031089014451419095
0.06986881538222672
0.10860433276419615
0.14717437350137727
0.18523048716882223
0.22264223695793078
0.25905148079562607
0.29432289166023407
0.3280938342944195
0.36022935862558014
0.3903683514656712
0.41838254806466535
0.44391929757517457
0.46686448177707635
0.486881849328704
0.5038800764755519
0.51754821653988
0.5278274659203201
0.5344418674963667
0.5373756392199636
0.5363978929985329
0.5315466260923406
0.5226459007669341
0.5097977737528164
0.49289015391547586
0.4720980361653042
0.44738013815213584
0.41899080005266465
0.3869635175249114
0.3516347636060175
0.31311270275125136
0.2718139924303925
0.22791629804872768
0.1819088566055787
0.134027922703884
0.0848215462641478
0.03456775712905598
-0.016146359344368897
-0.06702312147472347
-0.11746119444846613
-0.16716919661293278
-0.21555941950755728
-0.26237422503137336
-0.30706779910432
-0.3494422411987437
-0.38901917518608564
-0.4256818922255988
-0.45903926648480536
-0.48907002334938365
-0.5154820472517758
-0.5383548120063589
-0.5574977515129442
-0.5730870650443891
-0.5850272631792078
-0.5935788764803753
-0.598727511539223
-0.6007993698802611
-0.5998421069701
-0.5962254491475596
-0.5900378414374533
-0.5816698023622541
-0.5712298184188189
-0.559108396760474
-0.5454159903450544
-0.5305260121035339
-0.5145368411946185
-0.4977923695587835
-0.48036942433258495
-0.462574742189851
-0.44445850263087905
-0.42628696869201593
-0.40808229187012574
-0.39007040954738825
-0.37224686323106676
-0.35479988627486786
-0.33770166521010764
-0.3211068676045321
-0.30496855513208027
-0.28941267555872513
-0.27437768691297854
-0.25996576033894364
-0.24610507975884274
-0.2328786707172916
-0.2202082849568486
-0.2081618867357709
-0.19665800599684952
-0.18575298392490527
-0.1753646741399481
-0.16554058129244317
-0.1561998014686671
-0.14738318966148575
-0.13901245437218276
-0.13112346957313997
-0.12364147133035157
-0.11659859405647978
-0.10992415647605377
-0.10364745595795655
-0.0977021753362868
-0.09211541707843802
-0.08682530970266852
-0.08185720856952144
-0.07715362951875611
-0.07273848735714279
-0.06855853374019544
-0.06463644946395282
-0.060923012633772734
-0.057439807627246806
-0.054141397529157566
-0.05104836171143245
-0.048118792859771053
-0.045372326846070385
-0.042770329074884185
-0.04033153484998464
-0.03802033200313546
-0.035854587308930944
-0.033801472302079395
-0.03187801141900805
-0.030053935519140734
-0.028345450230890214
-0.026724636982026557
-0.02520690537143747
-0.023766494539725656
-0.022418041135322905
-0.021137764702311674
-0.019939552814227733
-0.01880144292248784
-0.017736598344843743
-0.016724725817172728
-0.01577829010520203
-0.01487853144976513
-0.014037242482151836
-0.01323707296460854
-0.012489170304179344
-0.011777480578006875
-0.01111253313635275
-0.010479466978482172
-0.009888220597631697
-0.009325031440270018
-0.008799274169757362
-0.008298198300375658
-0.007830641343700994
-0.007384785848397931
-0.0069689583539758754
-0.006572202077568563
-0.006202358146836851
-0.0058492641350874385
-0.005520300603725354
-0.005206038670329742
-0.00491342238711141
-0.004633700606150199
-0.004373404086274933
-0.0041244081573342485
-0.0038928526217890044
-0.003671192178497398
-0.0034651971106449283
-0.0032678581598427187
-0.0030845966155705327
-0.00290889938894514
-0.002745858389159035
-0.002589419978388828
-0.0024443653936595563
-0.0023050666145180226
-0.0021760120217108048
-0.0020519680187953758
-0.0019371470723832565
-0.00182668123523151
-0.0017245231499160645
-0.0016261439609198886
-0.0015352517498035496
-0.0014476322290965106
-0.001366763383166149
-0.001288722835925664
-0.0012167721672455079
-0.0011472599714460144
-0.0010832443751112076
-0.001021325579071471
-0.0009643704974470704
-0.0009092130233776659
-0.0008585404192028901
-0.0008094036915934612
-0.0007643213617419405
-0.0007205462004091716
-0.0006804382786849448
-0.0006414379145061522
-0.0006057564302182303
-0.000571008518519802
-0.0005392658928921339
-0.0005083054117107069
-0.00048006778722887
-0.0004524807228764608
-0.00042736203215382076
-0.00040277976375112433
-0.00038043645552131295
-0.0003585307600907006
-0.00033865710972321393
-0.0003191357198304976
-0.00030145965832586926
-0.00028406231043590373
-0.0002683417150438333
-0.00025283663313237925
-0.0002388560279546919
-0.00022503679632940047
-0.00021260441701234146
-0.0002002871962890678
-0.00018923237949431358
-0.00017825343052053805
-0.00016842429087775003
-0.00015863777048257305
-0.00014989913396349437
-0.00014117513378020952
-0.00013340669932727684
-0.00012562949973929353
-0.00011872420283816221
-0.00011179071918435168
-0.00010565327637319415
-0.00009947167613184543
-0.00009401728915358487
-0.00008850576006338828
-0.00008365896330582528
-0.00007874461761522984
-0.00007443825207123135
-0.00007005615058754899
-0.00006623045045709888
-0.00006232273352525425
-0.000058924514055122946
-0.00005543962807279515
-0.00005242156167863699
-0.000049313570113940785
-0.00004663354311848849
-0.00004386151321447423
-0.00004148205238902833
-0.00003900950863538986
-0.00003689727122621356
-0.00003469170894454977
-0.00003281702896433708
-0.00003084948109581163
-0.0000291859650590977
-0.000027430616309149047
-0.00002595478328587828
-0.000024388626087454685
-0.000023079587508550924
-0.000021682116335876577
-0.000020521291107138655
-0.000019274229126197886
-0.000018245089732178833
-0.00001713214679620431
-0.000016219993616638943
-0.000015226649196985347
-0.000014418408971971999
-0.000013531719543104202
-0.00001281576690301806
-0.00001202419403494556
-0.000011390191426207557
-0.000010683449054628788
-0.000010122205896817198
-9.491123858631995e-6
-8.994469557520998e-6
-8.43087206557482e-6
-7.991543656337718e-6
-7.488141115996445e-6
-7.09968367480197e-6
-6.649976341488994e-6
-6.30665357502477e-6
-5.904845422608378e-6
-5.601560330347245e-6
-5.242482694352214e-6
-4.97470743421509e-6
-4.653750312631017e-6
-4.4174631345685835e-6
-4.130515098379053e-6
-3.922144530263684e-6
-3.6655377697044248e-6
-3.4819128094124875e-6
-3.252375503133768e-6
-3.0906816120456366e-6
-2.88529433808218e-6
-2.7430338348340996e-6
-2.559191354614609e-6
-2.434148530770309e-6
-2.269525881937372e-6
-2.1597355684163465e-6
-2.0122568171566098e-6
-1.9159771817584e-6
-1.7837890291918236e-6
-1.699476718290555e-6
-1.580923553686424e-6
-1.5072115602248844e-6
-1.4008145147633608e-6
-1.336492987670829e-6
-1.2409297464421897e-6
-1.1849285758778665e-6
-1.0990174193512306e-6
-1.0503907815171772e-6
-9.730738211960444e-7
-9.309865072385692e-7
-8.613171294617881e-7
-8.250325456672463e-7
-7.62162362883578e-7
-7.310315401781537e-7
-6.742000657605935e-7
-6.476523533057813e-7
-5.96176806627214e-7
-5.737112027489673e-7
-5.269779977219355e-7
-5.081557793817409e-7
-4.656124851850347e-7
-4.5005046602373517e-7
-4.1119927227811637e-7
-3.9856402360201196e-7
-3.629550407171496e-7
-3.5295744492257034e-7
-3.2018346431720904e-7
-3.125743037577081e-7
-2.8226524496303173e-7
-2.768311878022272e-7
-2.486501830451121e-7
-2.4521000122139526e-7
-2.188489956569629e-7
-2.1725083204847084e-7
-1.9242686280139252e-7
-1.9254509846562176e-7
-1.6899718948708342e-7
-1.7073031122217313e-7
-1.4821639941647874e-7
-1.5148497055491908e-7
-1.2977896124904873e-7
-1.3452387990469276e-7
-1.1341335613856497e-7
-1.1959417388325922e-7
-9.887813087404965e-8
-1.0647185000211592e-7
-8.59584518508412e-8
-9.495832498728266e-8
-7.446327326973236e-8
-8.487832958144486e-8
-6.422266057348377e-8
-7.607666523208036e-8
-5.508507522196218e-8
-6.841619187029238e-8
-4.691570925173802e-8
-6.177610322168992e-8
-3.959473704202017e-8
-5.604989382083031e-8
-3.301474248578661e-8
-5.114405256801822e-8
-2.7080057056975638e-8
-4.697644924168911e-8
-2.1705068536072802e-8
-4.347534783265116e-8
-1.6813277599254673e-8
-4.0577906884251685e-8
-1.2335844889672707e-8
-3.8229982212756677e-8
-8.211001570007613e-9
-3.638294885456654e-8
-4.370897149455391e-9
-3.4900786004222804e-8