7.996173757050195e-6
0.00004797463169398446
0.00016437447996656067
0.00038789139163095327
0.0007570216930662198
0.001305011222736883
0.0020676140369944884
0.003077476786770356
0.0043680419565256656
0.005970291671553331
0.007915102054367473
0.01023106539584157
0.012946063581369798
0.01608568094308743
0.019674327897430902
0.023734018298354483
0.028285211656638953
0.03334583691768792
0.0389319493715512
0.045056934383002664
0.051732038814081845
0.05896571529271489
0.06676406785470108
0.07513031228093343
0.08406516345263795
0.09356639559323827
0.10362919071923661
0.11424578699336833
0.12540580181185118
0.13709595842469335
0.149300392761262
0.16200044898137364
0.1751749757458498
0.188800181145759
0.20284992167400784
0.21729560659082378
0.2321064813490628
0.24724957129070863
0.26268996071465184
0.2783907660944682
0.2943134122636141
0.31041762615757684
0.3266617125296005
0.3430025604522761
0.3593959222762764
0.3757964265695835
0.39215786535820607
0.4084332085838981
0.42457490570501977
0.44053489788648686
0.456264940550253
0.4717166102141598
0.4868416544269261
0.5015919903715006
0.5159200877620905
0.529778956024718
0.5431225642154768
0.555905812841636
0.568084992775244
0.579617736672971
0.5904635163408111
0.6005835673753236
0.6099414216622662
0.6185027974719827
0.6262361609884171
0.6331125728902571
0.6391062703175793
0.6441944602620432
0.6483579115405178
0.651580685419315
0.6538507263040778
0.6551595211744999
0.6555026780124636
0.6548795078790276
0.6532935815506744
0.650752231219041
0.6472670780724058
0.6428534541661682
0.6375308962322006
0.6313224916260368
0.6242553358644872
0.6163598091253368
0.6076699964596851
0.5982229028039031
0.5880588354112303
0.5772205658739347
0.5657536744428647
0.5537056677208436
0.541126284904693
0.5280665803935265
0.5145791933619789
0.5007174061988868
0.4865353816495602
0.4720872109525155
0.4574271269076235
0.4426085593306692
0.4276843369741685
0.4127057713996043
0.39772286441091703
0.3827834433363325
0.3679333922347308
0.35321586080549383
0.3386715362674462
0.3243379442526617
0.31024977389103425
0.29643828249901866
0.28293167979294104
0.2697546400670036
0.2569287439202035
0.24447209338838766
0.23239980255571974
0.22072370413954792
0.20945287505409677
0.19859341819568188
0.18814900609613308
0.1781207194874304
0.1685075917053423
0.15930648584631402
0.15051262416616099
0.14211948771687183
0.1341193179682711
0.12650302600160915
0.11926065723859201
0.11238130086894661
0.1058535122708915
0.09966521680431258
0.09380408779931715
0.08825744179460898
0.08301257260395743
0.0780566373493998
0.07337694900774781
0.06896085415763448
0.06479598760014864
0.06087014368174864
0.05717149718613527
0.053688470535103644
0.050409925302414574
0.0473250276679636
0.04442341474677164
0.04169506050417818
0.039130420743655185
0.03672030138556196
0.034455985510063396
0.032329105536968744
0.03033175524211991
0.028456367004307922
0.026695811249550682
0.02504327958614856
0.023492373707407966
0.022036994935265185
0.02067142424092129
0.019390218468018312
0.01818828281590184
0.017060773814951163
0.016003165356670027
0.015011158342258647
0.014080741132204113
0.013208105678319669
0.012389703096335367
0.011622166014575844
0.010902359839336925
0.010227311003475372
0.009594254389600664
0.00900056713311123
0.008443812586651235
0.007921679319406249
0.007432021942954172
0.00697280494767941
0.006542140661014347
0.006138237569232387
0.005759435640853644
0.0054041587951650025
0.005070947793651116
0.004758416533320842
0.004465282685400771
0.00419032751039464
0.003932424404382032
0.0036905019525800293
0.003463570528247658
0.0032506883215590392
0.0030509861234309273
0.0028636360862017117
0.0026878748140128973
0.002522974630750585
0.0023682650894318994
0.0022231065408749636
0.0020869101665076414
0.0019591136581553034
0.001839199871540746
0.001726674443357511
0.0016210831562740793
0.0015219913340844258
0.0014290000031289228
0.0013417269198069855
0.0012598216078798937
0.0011829478850402273
0.0011107978504980886
0.0010430757886822776
0.0009795111767765966
0.0009198438540530027
0.0008638361145818954
0.0008112590402231996
0.0007619037395577338
0.0007155687512719411
0.0006720704864172969
0.000631231616874668
0.000592890774336113
0.0005568918457937341
0.0005230929791363229
0.0004913567142345395
0.0004615583417371237
0.00043357680437744716
0.0004073024524394665
0.0003826286554357437
0.0003594589947726176
0.00033769953100342104
0.00031726547145333634
0.0002980740428683998
0.00028005066915101536
0.00026312240345373447
0.0002472236487156238
0.00023229010712287875
0.00021826407382197303
0.00020508886521644482
0.00019271371405344702
0.000181088641281704
0.0001701689786592883
0.00015991065188505928
0.00015027435494666905
0.00014122121498734132
0.00013271664079609485
0.00012472634240064787
0.00011721987439437611
0.00011016698557742096
0.00010354087620331065
0.00009731485514388144
0.00009146532862328006
0.00008596874436916139
0.00008080432797061128
0.00007595129532259063
0.00007139135139513668
0.00006710615398434096
0.00006307958840511526
0.00005929546715185527
0.000055739592818641015
0.00005239767975235086
0.00004925721636080916
0.000046305596223373974
0.00004353178986015751
0.00004092467406022722
0.00003847452215032878
0.00003617152151720432
0.000034007090423210235
0.00003197257485045069
0.000030060398964785037
0.000028262933491145553
0.000026573486019364627
0.000024985334152937137
0.000023492560973079886
0.000022089247185985762
0.00002077015621341462
0.000019530080507757885
0.00001836437991044919
0.00001726847821498953
0.000016238257627419726
0.0000152697025402392
0.000014359152133565873
0.000013503089183127713
0.000012698252062936585
0.000011941567247440925
0.00001123012120315367
0.000010561236073432935
9.932301176003439e-6
9.34099217778586e-6
8.784961145312512e-6
8.262200333292222e-6
7.770588954090472e-6
7.308403529619301e-6
6.873718757107937e-6
6.46506719829466e-6
6.080690817493684e-6
5.7193536241958545e-6
5.3794396398424285e-6
5.059922963884467e-6
4.759307083304615e-6
4.476757712509116e-6
4.210877489393734e-6
3.96100784285982e-6
3.725832219113483e-6
3.5048541675371535e-6
3.296821301598167e-6
3.1013877685127134e-6
2.9173501689537755e-6
2.7445035933426705e-6
2.581679697087267e-6
2.4288065483624373e-6
2.284737979684241e-6
2.1495286102613467e-6
2.022042452983242e-6
1.9024556567171492e-6
1.7896311471844677e-6
1.6838628749050406e-6
1.5840019948698573e-6
1.490457730732623e-6
1.402059243921717e-6
1.3193296176811604e-6
1.2410661386644707e-6
1.167905390675443e-6
1.0986031373159122e-6
1.0339101005814493e-6
9.725310089564233e-7
9.153323164630873e-7
8.609582431382002e-7
8.103934941304344e-7
7.622122613603303e-7
7.175209218407144e-7
6.748139885510113e-7
6.35323820421547e-7
5.974553873867679e-7
5.625722272889216e-7
5.289796127007445e-7
4.981783435920035e-7
4.683634738554419e-7
4.4118005017220265e-7
4.147019418254418e-7
3.907263444807605e-7
3.671944569668054e-7
3.4606446888434197e-7
3.251328271547042e-7
3.065285367511497e-7
2.878905356025561e-7
2.715294805121874e-7
2.549132896369086e-7
2.4054616637014597e-7
2.257106617970895e-7
2.1311753848835415e-7
1.9984870955551444e-7
1.8883567996694733e-7
1.7694344299044877e-7
1.6733967284359647e-7
1.5665505450169034e-7
1.4831017420300543e-7
1.3868281544412872e-7
1.3146461762208025e-7
1.2276056254644485e-7
1.1655297308246409e-7
1.0865270867780765e-7
1.033539953997389e-7
9.615071301770634e-8
9.16719080267682e-8
8.506996166771975e-8
8.133347175049633e-8
7.524700718268862e-8
7.21853902551409e-8
6.653712723652995e-8
6.409201694789003e-8
5.8812163713088365e-8
5.693332576838889e-8
5.195861519403325e-8
5.060311964897474e-8
4.587594343168806e-8
4.500744077936148e-8
4.0475079873138727e-8
4.0063169686614506e-8
3.567710210027941e-8
3.5696782839197365e-8
3.141206155204559e-8
3.184325574468936e-8
2.761794867787777e-8
2.8445091238762494e-8
2.423977355518537e-8
2.5451461315362058e-8
2.1228754338575092e-8
2.2817447456302507e-8
1.8541598691598033e-8
2.050336935392613e-8
1.613986536485258e-8
1.8474191191869005e-8
1.3989400951978075e-8
1.6698996870176595e-8
1.2059839098471562e-8
1.5150524914011636e-8
1.0324158036076018e-8
1.3804759611807955e-8
8.758286766820924e-9
1.264056771575038e-8
7.34075715405682e-9
1.1639379506576975e-8
6.052394650903305e-9
1.0784905931028585e-8
4.87604384628858e-9
1.00628887174696e-8
3.796322447768206e-9
9.460880134495902e-9
2.7994063405844992e-9
8.968045408759827e-9
1.8727911012483364e-9
8.574649579103096e-9
1.0024037401594894e-9
8.250261111826104e-9
-0.000010290796381767521
-0.00006174109980497282
-0.00021150847632433136
-0.0004990136302708688
-0.0009736389575587565
-0.0016779173977253285
-0.0026575144821273855
-0.00395399723689542
-0.005609881464463618
-0.007664452789080248
-0.010156850629009328
-0.013123291448551773
-0.01659917649028419
-0.020617082944423524
-0.025208314200407103
-0.030401355562165226
-0.036223069178915476
-0.04269744460239798
-0.04984654041602151
-0.05768942190324198
-0.06624289872433868
-0.07552057451738288
-0.08553340067531617
-0.0962887831015579
-0.1077909569643957
-0.12004011226804882
-0.13303258960468312
-0.1467600028424444
-0.1612092594638679
-0.17636167738748024
-0.19219284390147237
-0.2086717446063292
-0.22576049023053557
-0.24341349770084528
-0.261577131586511
-0.28018899807168546
-0.2991775641627487
-0.3184616419163191
-0.3379500604447373
-0.35754142719011195
-0.37712393220760854
-0.3965754733066956
-0.41576366721798075
-0.43454641509784464
-0.45277218072097525
-0.47028105287784794
-0.4869053281178886
-0.5024710992162132
-0.5167991519824137
-0.5297070774344412
-0.5410104620473364
-0.55052548874168
-0.5580703704027541
-0.5634683734724005
-0.5665494169928016
-0.5671534231298863
-0.5651319781250362
-0.5603518857068113
-0.5526967608670921
-0.5420706336265882
-0.5283993204624405
-0.511633897183715
-0.49175166704177314
-0.4687592951266059
-0.44269317088289156
-0.4136219785932162
-0.3816462429559171
-0.3469001101040154
-0.3095498781592715
-0.2697947911126932
-0.22786440149040157
-0.1840182432547164
-0.13854195637818206
-0.09174580659629764
-0.04395961958911688
0.004469752174266492
0.05318449669296307
0.10181918198470466
0.15000749222975618
0.1973859916204245
0.2436010775086921
0.2883126889919171
0.3312009565250427
0.37196934012318106
0.4103504564499988
0.4461081716721894
0.47904216579857634
0.5089886204039603
0.5358232275027114
0.5594602862756511
0.5798540568294094
0.5969962835183171
0.6109159991773114
0.6216756896691913
0.6293698353147343
0.634120087285153
0.6360729591626842
0.6353944754356872
0.6322674790723779
0.6268862252872174
0.6194537486033874
0.6101768173596943
0.5992637193999399
0.5869198841899519
0.5733463241796937
0.5587360989406689
0.543273517200351
0.5271314880710877
0.5104714711393421
0.4934416543891499
0.4761775526617801
0.4588008815088247
0.44142065403512615
0.4241325862728183
0.40702052646863957
0.3901562250281965
0.3736009407255949
0.35740542736498465
0.3416115880801016
0.32625256152014254
0.31135432891892
0.2969358163651315
0.28301039248517607
0.2695859343758223
0.25666618215039255
0.24425074126424987
0.23233628189498473
0.22091646870741172
0.20998300793343747
0.19952550755656448
0.1895323839497954
0.17999066218889104
0.17088675855076427
0.16220623358805028
0.1539344680781125
0.1460563818999316
0.13855702034078257
0.13142125075466127
0.12463427439118607
0.11818131103818919
0.11204804936086987
0.10622032773858972
0.10068453388727178
0.0954272881877601
0.09043580132845591
0.08569756474023363
0.08120067323788735
0.0769335257816251
0.0728851186419807
0.06904475859862592
0.06540233098511285
0.06194802658515988
0.05867258799654801
0.05556705085159995
0.052622971229862626
0.04983218137036325
0.04718700031948293
0.0446800039808076
0.04230422077091099
0.04005291563346091
0.037919772161023595
0.03589869005864403
0.03398395494895304
0.03217004868523873
0.03045180787370689
0.028824246388623978
0.02728270350362204
0.025822677943374516
0.024439966404746303
0.02313050847949708
0.021890516257035943
0.020716329467184873
0.019604536784733072
0.018551840561923386
0.017555170395812916
0.016611556848675314
0.015718237788941918
0.014872540525872396
0.01407198139384648
0.013314155759379265
0.012596831280854022
0.011917845276557974
0.011275192060740357
0.010666927192240496
0.010091249257670964
0.00954641055129462
0.009030793650225296
0.008542828104739992
0.008081062125986839
0.0076440848939944225
0.007230593657201139
0.006839321291419945
0.006469099089476191
0.006118789229662761
0.005787343516249196
0.005473740438206047
0.005177040103754842
0.004896325593186508
0.004630754314062701
0.004379503371876641
0.004141817558696366
0.003916958484438902
0.003704249397076752
0.003503027835412209
0.003312687466809282
0.0031326340386585196
0.0029623244065336263
0.0028012255783953824
0.0026488510947979293
0.00250472297381251
0.002368405593713924
0.0022394703613372413
0.0021175272379867363
0.002002191965395238
0.0018931153660839686
0.0017899529743273515
0.0016923922328684737
0.0016001243870983092
0.0015128696913205334
0.0014303514360005252
0.001352319267620882
0.0012785252290406133
0.0012087452896112569
0.0011427572887479731
0.001080360764372129
0.0010213566988142128
0.0009655657273168405
0.0009128095936606593
0.0008629278134585098
0.0008157607555424473
0.000771164827282052
0.0007289971061368905
0.000689129107602398
0.0006514328990090694
0.0006157935048720086
0.0005820964415027851
0.0005502388081590901
0.0005201181887765544
0.0004916424717523698
0.0004647200707680581
0.00043926851056359377
0.00041520592546746035
0.0003924584430301333
0.0003709529249717078
0.00035062317496415514
0.00033140389256913235
0.00031323572669408276
0.00029606041881719133
0.00027982471796134876
0.00026447669505426797
0.0002499685308596848
0.00023625398916849634
0.00022329008245366248
0.00021103569814512744
0.0001994521422075914
0.00018850291765135435
0.00017815314009690002
0.00016837047420404334
0.0001591234113519043
0.00015038337317176335
0.00014212183644758263
0.00013431361885103056
0.0001269328313766764
0.00011995736687720435
0.00011336365409962721
0.00010713237618339321
0.00010124199428699174
0.00009567572894728535
0.00009041381564964684
0.00008544178888278773
0.00008074142481045094
0.00007630037477313119
0.00007210174381631776
0.00006813512641095528
0.00006438476388281726
0.00006084204232482717
0.00005749216306697064
0.00005432817142374284
0.000051336067962802586
0.000048510442791574384
0.00004583794745376431
0.00004331461874143375
0.00004092762259622894
0.00003867435864459216
0.000036542380601808116
0.000034530381150807744
0.00003262618336969822
0.000030829715461947986
0.000029128959108173713
0.000027525031910507285
0.00002600596880351844
0.000024574041850276597
0.000023217239486594982
0.000021938963179101976
0.0000207270585161368
0.00001958604084498917
0.00001850352011487247
0.000017485119071734626
0.000016518120952608067
0.00001560925832772883
0.000014745398101440565
0.000013934393474167567
0.000013162605629414898
0.000012439027261984498
0.000011749425075460225
0.000011103957759151923
0.000010487707355315704
9.91203307414726e-6
9.361241263485677e-6
8.847933633776913e-6
8.355547336546817e-6
7.8979765235696e-6
7.457693130648895e-6
7.049941357510245e-6
6.656128107421969e-6
6.29291364073377e-6
5.940536285773699e-6
5.617146228879473e-6
5.301704956513868e-6
5.0139345960841545e-6
4.731406272524564e-6
4.475505051723972e-6
4.222292529663967e-6
3.994916335058333e-6
3.767802283106216e-6
3.5659698114850827e-6
3.3620759068851994e-6
3.1831308681802772e-6
2.9998812636602556e-6
2.841457400124534e-6
2.676545573037483e-6
2.53653665724519e-6
2.387897066956967e-6
2.2644292234489915e-6
2.1302101401968508e-6
2.0216177678361736e-6
1.9001582299771396e-6
1.8049619153239218e-6
1.6947708792770668e-6
1.611658393620157e-6
1.5113957939859154e-6
1.4392043362887999e-6
1.3476646220641469e-6
1.2853662326505756e-6
1.2014627983718373e-6
1.1481495834234504e-6
1.07090200810158e-6
1.0257750945082192e-6
9.542962658787478e-7
9.166541872029247e-7
8.501398397106603e-7
8.193690006759693e-7
7.57088117307218e-7
7.326548267641942e-7
6.739405302533787e-7
6.553830073180789e-7
5.996247694997192e-7
5.865463603587756e-7
5.331828032541559e-7
5.252464826684006e-7
4.7375953556980556e-7
4.706824440697681e-7
4.2059034404434266e-7
4.2213946752553367e-7
3.7299229612040666e-7
3.78980305941977e-7
3.3035499735098114e-7
3.4063694683870815e-7
2.9213336350143777e-7
3.066036779042767e-7
2.5783960944760286e-7
2.764293708644089e-7
2.2703760351918004e-7
2.497126766764189e-7
1.9933693505388263e-7
2.2609610502021455e-7
1.7438815873830346e-7
2.0526156097040782e-7
1.5187828599587027e-7
1.869266273693699e-7
1.3152706254240194e-7
1.708401821395912e-7
1.1308283887354047e-7
1.567794842452148e-7
9.632000746489105e-8
1.4454716720410207e-7
8.103529203706326e-8
1.3396858764745564e-7
6.704615134729396e-8
1.2488901942146919e-7
5.418767266615139e-8
1.1717269898936905e-7
4.231102401028607e-8
1.1069960942994674e-7
3.1281482584549926e-8
1.0536489115937566e-7
2.0976201756633733e-8
1.0107271686746736e-7
1.1252156495810594e-8
9.749167359014162e-8