0.00012354405616664296
0.0004940953924671178
0.0011100051620195233
0.001969331547549212
0.003068863408637949
0.004404790320258216
0.005972220072987204
0.00776555976211681
0.009778208886409205
0.012002826544902305
0.014431111837884274
0.017054013903602092
0.019861565902836553
0.022843064370809414
0.025986940888037113
0.0292809256980036
0.03271194833087191
0.036266294909593176
0.039929532076082005
0.04368666423013774
0.047522076332734954
0.0514196952053109
0.05536294709301769
0.059334925597487896
0.06331835976523112
0.0672957900494822
0.07124954245504211
0.07516191307491188
0.07901514369119937
0.08279161491121503
0.08647381874255583
0.09004456015793753
0.09348692260028064
0.09678447788728678
0.0999212413342706
0.10288189015019127
0.1056517057686555
0.10821680109882861
0.11056404852600872
0.1126813163357364
0.11455738145104824
0.11618217483603545
0.11754667818249058
0.11864317699949015
0.11946514006547998
0.12000747725609957
0.12026639972337197
0.12023967752327462
0.11992647743475153
0.11932761350689865
0.11844535858647984
0.11728367949217484
0.11584801812401062
0.1141455025508003
0.11218469439649069
0.10997576801515128
0.10753022286466489
0.10486102521434654
0.10198228733522413
0.09890936961809672
0.09565853226139188
0.09224699978067454
0.08869259486700642
0.08501377136925287
0.0812292434276593
0.07735799638672561
0.07341892651554528
0.06943084133905526
0.06541212574689867
0.061380743516106756
0.05735394416810899
0.053348275902147885
0.0493793442953068
0.045461843705994195
0.04160937425052085
0.037834494494692936
0.03414859776123823
0.030561984336753296
0.027083792890573548
0.023722086299378695
0.020483829619513463
0.01737498072486593
0.014400503555317305
0.011564453615293253
0.00887001451851439
0.006319569207977587
0.003914749141863129
0.0016564846681195273
-0.0004549408562321738
-0.002419864361507634
-0.00423918790065939
-0.005914374391544244
-0.007447391532138961
-0.008840725327289295
-0.010097320380385234
-0.01122060446991294
-0.01221442121171495
-0.013083058611463586
-0.013831170468516363
-0.01446380312758596
-0.014986303744446445
-0.015404341881570253
-0.015723805234213573
-0.015950815515597266
-0.016091614689750046
-0.016152577032451657
-0.01614009069228596
-0.016060569367571616
-0.015920334758071246
-0.015725631761218262
-0.015482517052505546
-0.01519688118506917
-0.014874347384954457
-0.01452030275782963
-0.014139809787683373
-0.013737647410321333
-0.01331823605160708
-0.012885687972188493
-0.012443745276106387
-0.011995837900831998
-0.011545033037327467
-0.01109409853459086
-0.010645461637225967
-0.010201275381424195
-0.009763384420282165
-0.009333392123708765
-0.008912631419114182
-0.008502230657025859
-0.008103087727771085
-0.007715933206970965
-0.007341306414291966
-0.006979614820278177
-0.0066311111150917906
-0.00629594828130454
-0.00597415709190994
-0.005665696601201322
-0.0053704317702714605
-0.005088179389904482
-0.004818685734435801
-0.0045616681109314685
-0.004316792575909381
-0.00408371141608242
-0.0038620410397210234
-0.00365139575097952
-0.0034513659626868266
-0.0032615486436738395
-0.003081526005568875
-0.00291089299357223
-0.0027492365872775495
-0.002596160680357068
-0.00245126611283424
-0.00231417325185208
-0.0021845028461037652
-0.0020618965835953367
-0.0019459988319976038
-0.0018364754135422752
-0.001732996270214045
-0.0016352526626660989
-0.0015429407776437897
-0.0014557775280720723
-0.0013734851023326294
-0.0012958055168264166
-0.0012224860926596983
-0.0011532928899456755
-0.001087997086792279
-0.0010263874060657872
-0.0009682573638638109
-0.0009134167840157534
-0.000861679877976262
-0.0008128759295358306
-0.0007668381648151995
-0.0007234136790756641
-0.0006824530538058532
-0.0006438195887661034
-0.0006073796226663499
-0.0005730111263151857
-0.0005405946837880086
-0.0005100214964901713
-0.00048118498275901816
-0.0004539882375596064
-0.00042833620995073174
-0.0004041426588239927
-0.00038132286943760196
-0.00035980014192721484
-0.0003394990100629412
-0.0003203512960775432
-0.0003022897968412054
-0.00028525393577822044
-0.00026918388371358597
-0.00025402583620929176
-0.0002397265383691762
-0.00022623821375980803
-0.0002135134644368067
-0.00020150987567711627
-0.00019018526438644015
-0.00017950198212400754
-0.00016942248685552187
-0.00015991336516628553
-0.00015094120403351117
-0.00014247635167719604
-0.00013448906763041787
-0.0001269530403540799
-0.00011984179538751627
-0.00011313198663686358
-0.00010680004379035117
-0.00010082525307043311
-0.00009518662640155078
-0.00008986578638377409
-0.00008484404091302339
-0.00008010508617514095
-0.00007563227154314456
-0.00007141113350837192
-0.00006742683671487167
-0.00006366655092690362
-0.000060117055020745095
-0.00005676696833136759
-0.00005360450530764551
-0.00005061957187523281
-0.000047801659283379244
-0.00004514181547007308
-0.00004263066737996901
-0.0000402602767192455
-0.000038022280714944036
-0.00003590964109070485
-0.00003391489387727246
-0.00003203179992527564
-0.00003025369496170915
-0.000028575049484065446
-0.00002698991079177324
-0.000025493379669394863
-0.000024080136615385837
-0.000022745842321834847
-0.000021485740769206448
-0.000020295990141943314
-0.000019172335870174882
-0.000018111378283942466
-0.00001710930905112813
-0.000016163121572598062
-0.00001526940459984979
-0.000014425501092866557
-0.000013628353109392609
-0.000012875614597519991
-0.0000121645419179762
-0.000011493065820793363
-0.00001085872220376264
-0.000010259688326884527
-9.693748623240264e-6
-9.1593000282733e-6
-8.654347849969805e-6
-8.177484936709017e-6
-7.726912776777062e-6
-7.301399101434191e-6
-6.8993195162408e-6
-6.519598031957806e-6
-6.16076464743476e-6
-5.82188320936632e-6
-5.501620457503763e-6
-5.19916555294428e-6
-4.913306165057971e-6
-4.643343959404471e-6
-4.3881733533922686e-6
-4.147197232909323e-6
-3.919404027767946e-6
-3.7042879205048325e-6
-3.5009198984068488e-6
-3.3088767313349572e-6
-3.1273016417619405e-6
-2.9558463630527726e-6
-2.793717033270814e-6
-2.640633697477559e-6
-2.4958569725339487e-6
-2.359169434332719e-6
-2.229878522152411e-6
-2.107824345261056e-6
-1.992354193147872e-6
-1.8833614144152901e-6
-1.7802267796792484e-6
-1.682893217280503e-6
-1.5907691359367852e-6
-1.5038439596141453e-6
-1.421548349620603e-6
-1.3439156639776714e-6
-1.2703938273850712e-6
-1.20105804630104e-6
-1.135368862468594e-6
-1.0734416799753121e-6
-1.0147453029496673e-6
-9.594340831806153e-7
-9.069809783662438e-7
-8.575784100664236e-7
-8.106995848611431e-7
-7.665744609275636e-7
-7.246727568978351e-7
-6.852617572806475e-7
-6.478040877724559e-7
-6.126044549546806e-7
-5.791148859134505e-7
-5.476778956559487e-7
-5.177314763361412e-7
-4.896566167043631e-7
-4.6287387968576884e-7
-4.37803661941559e-7
-4.138457174441308e-7
-3.914610487760407e-7
-3.7002521009308154e-7
-3.500412680488024e-7
-3.3085715081023955e-7
-3.1301970337815173e-7
-2.95845745357043e-7
-2.7992787009406417e-7
-2.645482261013901e-7
-2.503473842034508e-7
-2.3656915603121972e-7
-2.2390458241829897e-7
-2.1155534788056545e-7
-2.0026572354803966e-7
-1.8919133051180978e-7
-1.791327060162222e-7
-1.6919530370379106e-7
-1.6023924786632328e-7
-1.513155293736806e-7
-1.433474772404656e-7
-1.3532711139993114e-7
-1.2824489045689353e-7
-1.210291209061463e-7
-1.1474163790614995e-7
-1.0824203074334353e-7
-1.0266809919617217e-7
-9.680542756080615e-8
-9.18727225482959e-8
-8.657596670084435e-8
-8.222009333532328e-8
-7.742554920649193e-8
-7.358921063192336e-8
-6.923969141946758e-8
-6.587194941799211e-8
-6.19160728506485e-8
-5.897168643419656e-8
-5.5363236978992554e-8
-5.280207430230352e-8
-4.949943202407645e-8
-4.7285947537080123e-8
-4.425157616137232e-8
-4.235434275664341e-8
-3.955433258206987e-8
-3.794562749050602e-8
-3.534928453177235e-8
-3.4004719812513554e-8
-3.1584197141144634e-8
-3.048239195905113e-8
-2.8212359180096125e-8
-2.733464848369668e-8
-2.5191994277672226e-8
-2.4522171790541952e-8
-2.248573563066557e-8
-2.200982426210921e-8
-2.006015599846419e-8
-1.9766207065042336e-8
-1.7885348157845946e-8
-1.776326272641724e-8
-1.59345495893456e-8
-1.5975923163011096e-8
-1.4183808331548723e-8
-1.4381793085743598e-8
-1.2611682232108622e-8
-1.2960867717480148e-8
-1.1198971359468955e-8
-1.1695281358129317e-8
-9.92847942905716e-9
-1.0569082025550372e-8
-8.784799198305315e-9
-9.56803118752511e-9
-7.754120804818795e-9
-8.67942250791656e-9
-6.8240605566323555e-9
-7.891923561831525e-9
-5.983509209042064e-9
-7.195432065415579e-9
-5.222493249498921e-9
-6.580947404366031e-9
-4.532052337559877e-9
-6.040456812334823e-9
-3.9041310232484175e-9
-5.566834032091319e-9
-3.3314784718406706e-9
-5.153748238344922e-9
-2.8075620423982164e-9
-4.795583056550101e-9
-2.3264875206425295e-9
-4.487363947132399e-9
-1.882927926177214e-9
-4.2246941820983275e-9
-1.4720605161672016e-9
-4.003697542650667e-9
-1.0895098519180743e-9
-3.820964706780195e-9
-7.312781281018963e-10
-3.6733741195069936e-9
-3.926270218180045e-10
-3.5495023615900884e-9
-0.00003647483903594032
-0.00014589897242234102
-0.0003282747231508052
-0.0005836259836731086
-0.0009120338348817776
-0.001313671905182613
-0.0017888680422139004
-0.002338143853656031
-0.0029622961169927455
-0.0036624216417723357
-0.004440008250539495
-0.005296921585000199
-0.006235492593845868
-0.007258439973092763
-0.008368940172079127
-0.00957045887714444
-0.01086679155798005
-0.012261780763363445
-0.01375932091020222
-0.015362945757885067
-0.01707580065220101
-0.018900096262828972
-0.020837064174826978
-0.022886287784569394
-0.025045671433327213
-0.02731067536481399
-0.029674342242921304
-0.032126477789906994
-0.03465378892207659
-0.037239062491724116
-0.039861473993914175
-0.042495821508354445
-0.04511306125660489
-0.04767965100232341
-0.05015835799463588
-0.05250775545585911
-0.05468333012778569
-0.0566371578916377
-0.058319313810579976
-0.05967773018130897
-0.06065988403827028
-0.0612128155102771
-0.06128503913784518
-0.060826675169321213
-0.05979150485640611
-0.05813714522895884
-0.05582714776855624
-0.052831130982229926
-0.049126809052869064
-0.04469998837919063
-0.03954640972929806
-0.033671516158073296
-0.02709199957404831
-0.019835258356094083
-0.011940556664658422
-0.0034581098689895695
0.005550209039278404
0.015012191041894501
0.024845070662990555
0.03495725713430104
0.04524859622108728
0.055612478036520176
0.06593653849083281
0.07610507409209756
0.08600010138589749
0.09550397299456788
0.10450067651940616
0.11287851306029227
0.12053148515771199
0.12736187250471886
0.1332815355918156
0.1382142078385031
0.14209653262519845
0.14487989188855524
0.146531004296713
0.1470331322345202
0.14638610178758343
0.14460677555771367
0.14172841155950905
0.13780035708102972
0.13288673966900166
0.12706542087195183
0.12042609914983753
0.11306865041654295
0.10510080657912765
0.09663608755997474
0.08779128486140794
0.07868424200147166
0.0694314060786838
0.0601457284455288
0.05093454001651136
0.041897816548915924
0.03312658487067437
0.024701731331777797
0.016693064861138286
0.009158755689663492
0.0021450833455683447
-0.004313505871729633
-0.010194032496587376
-0.015484405476116077
-0.020182577408209192
-0.024295601571393995
-0.027838489480317218
-0.030833083174504557
-0.033306800676909026
-0.03529149299532228
-0.03682223768363383
-0.03793631451171178
-0.03867216268634854
-0.039068560785336645
-0.03916381200318104
-0.038995164810401835
-0.03859824371720324
-0.03800670622568133
-0.037251900992539055
-0.03636272867980373
-0.0353654876178079
-0.034283891758497706
-0.03313905503123113
-0.031949616566548926
-0.03073181583909344
-0.029499680120762338
-0.02826514948571344
-0.02703829043319575
-0.025827439516353863
-0.02463941729277343
-0.023479669230932768
-0.02235246362944206
-0.02126101705119289
-0.02020766756163608
-0.019193978582508157
-0.01822088442177126
-0.017288771054157968
-0.01639759459109859
-0.01554694035289967
-0.014736117019745948
-0.013964196862094285
-0.013230089254953236
-0.012532565491226276
-0.01187031551935726
-0.011241960733322983
-0.01064609752613571
-0.010081301094369948
-0.009546158913120715
-0.009039268100412999
-0.00855926136163718
-0.008104799942744068
-0.007674594054597303
-0.007267392968378699
-0.006882001456509078
-0.006517268178937067
-0.006172099282938768
-0.005845445903901564
-0.005536315753554152
-0.005243760305063285
-0.004966884960397792
-0.004704836300774747
-0.004456811244668806
-0.0042220446065206595
-0.003999817527409796
-0.003789445488503934
-0.003590286203023593
-0.0034017281637509474
-0.0032231981207711223
-0.00305415019797127
-0.0028940730368643545
-0.0027424794874495117
-0.0025989134697972727
-0.0024629402268062607
-0.0023341529352831746
-0.0022121634982184366
-0.002096608925285673
-0.0019871426360286363
-0.0018834406227646963
-0.0017851932336619464
-0.0016921111267666985
-0.0016039175019353581
-0.0015203538514697258
-0.0014411726114524268
-0.0013661427135234479
-0.0012950426272930898
-0.0012276657176771588
-0.0011638136512157383
-0.0011033015639618634
-0.0010459518068287978
-0.0009915989287175649
-0.0009400837376062505
-0.0008912581046692793
-0.0008449793188837847
-0.0008011147185359987
-0.0007595363189475267
-0.000720125277972906
-0.0006827667772504909
-0.0006473543293493964
-0.0006137848945069209
-0.000581963036059408
-0.0005517962565033726
-0.0005231990089100643
-0.0004960882358083275
-0.0004703872446062892
-0.0004460214343693899
-0.0004229220430147507
-0.00040102204790100284
-0.000380259792782029
-0.0003605750481130297
-0.00034191252671676367
-0.0003242180902671807
-0.00030744216164428054
-0.00029153606568207627
-0.0002764553462668449
-0.0002621562286867716
-0.0002485988508417964
-0.00023574383481936902
-0.000223555440284689
-0.00021199823483298856
-0.00020104017753860213
-0.00019064937642193543
-0.0001807971116930265
-0.00017145466873557088
-0.00016259630999722745
-0.0001541961722192913
-0.00014623119660751876
-0.00013867807884462824
-0.00013151616672713615
-0.00012472445241830672
-0.00011828444643943416
-0.0001121772015283776
-0.00010638617252430484
-0.00010089426088213501
-0.00009568666999526541
-0.00009074795954645674
-0.00008606490601690245
-0.00008162355615749648
-0.00007741210223166112
-0.00007341792423224651
-0.00006963048931615969
-0.00006603837196161373
-0.00006263218844545623
-0.00005940158275904753
-0.000056338207397950954
-0.000053432663456876005
-0.000050677538688897196
-0.00004806429011166831
-0.000045586350216955764
-0.000043235940470497203
-0.000041007257609466015
-0.0000388932049181815
-0.0000368886712542615
-0.000034987167100925716
-0.00003318420932902332
-0.000031473848138044464
-0.000029852170834441934
-0.000028313706488830906
-0.000026855061941585083
-0.00002547118946071341
-0.000024159170265388357
-0.000022914329573880134
-0.000021734182897053302
-0.000020614382463788426
-0.000019552842615558716
-0.00001854550093621913
-0.00001759063927016594
-0.000016684442479530065
-0.000015825532353567826
-0.000015010305998674513
-0.000014237701428687688
-0.000013504295848468218
-0.000012809322466396407
-0.000012149508920420671
-0.000011524365898260058
-0.000010930743894880044
-0.000010368415975428875
-9.834329694184017e-6
-9.328507703589513e-6
-8.847970926073353e-6
-8.39298098713184e-6
-7.960609502147848e-6
-7.551348775259455e-6
-7.162299679322955e-6
-6.794178919532395e-6
-6.444096199068669e-6
-6.112987929524131e-6
-5.797953338411754e-6
-5.500145390031106e-6
-5.216634344272473e-6
-4.948788174576553e-6
-4.693629915166176e-6
-4.452742910970726e-6
-4.223085220861928e-6
-4.006456843819464e-6
-3.7997336091314164e-6
-3.6049352976264245e-6
-3.418837827065529e-6
-3.2436853247275916e-6
-3.076136469489002e-6
-2.9186654476625015e-6
-2.7677962673748694e-6
-2.6262401941974098e-6
-2.4903689486271097e-6
-2.3631392882933712e-6
-2.2407525695374462e-6
-2.1264208023152563e-6
-2.016156635124654e-6
-1.9134383472485166e-6
-1.8140709104467246e-6
-1.721811207524187e-6
-1.632237069391878e-6
-1.5493977310996323e-6
-1.468623474988715e-6
-1.3942712211408095e-6
-1.3214025114761156e-6
-1.2546983880575566e-6
-1.1889297761783193e-6
-1.1291198920854987e-6
-1.0697259669547174e-6
-1.0161329934823995e-6
-9.624602040116234e-7
-9.144756464897082e-7
-8.659350312627137e-7
-8.230125171125016e-7
-7.790732723741427e-7
-7.407221282926633e-7
-7.009055758995186e-7
-6.666856054015027e-7
-6.30559876177382e-7
-6.00076174282369e-7
-5.67251448671522e-7
-5.401500213386896e-7
-5.102744368539321e-7
-4.862380607857673e-7
-4.589935371259329e-7
-4.3773827091630386e-7
-4.128371706437797e-7
-3.94109145509696e-7
-3.712910370178635e-7
-3.54863372727441e-7
-3.3389233173803417e-7
-3.1956260627183216e-7
-3.0022447230949694e-7
-2.8781254317665486e-7
-2.6991280207867164e-7
-2.592584871211497e-7
-2.426199300276856e-7
-2.3358124882344038e-7
-2.180423971489689e-7
-2.104937741196046e-7
-1.9590709149621408e-7
-1.8973786126893391e-7
-1.7596794455683333e-7
-1.710811942029446e-7
-1.5800363656530422e-7
-1.5431496656834518e-7
-1.418151439369594e-7
-1.3925125903876657e-7
-1.2722288075298488e-7
-1.2572106470823975e-7
-1.1406548904958058e-7
-1.1357257091237587e-7
-1.0219757029881881e-7
-1.026690102965351e-7
-9.148803578282842e-8
-9.288762336910644e-8
-8.181901607653766e-8
-8.41181079144636e-8
-7.308418741407152e-8
-7.626114882422928e-8
-6.518784410183768e-8
-6.92277641174622e-8
-5.804368669062238e-8
-6.29378604159187e-8
-5.1573878586878255e-8
-5.731958014956823e-8
-4.570815965174342e-8
-5.230846548576271e-8
-4.038326475285583e-8
-4.784649202866682e-8
-3.554199104530126e-8
-4.388183900564838e-8
-3.1132714258607874e-8
-4.036819611780019e-8
-2.7108744910074687e-8
-3.7263747986969954e-8
-2.3427914470602558e-8
-3.453127900106261e-8
-2.005191849146631e-8
-3.213759085872995e-8
-1.694603065920224e-8
-3.0053071763085805e-8
-1.4078820301553351e-8
-2.8251201775119606e-8
-1.1421839433021417e-8
-2.6708431472807407e-8
-8.948910545731123e-9
-2.540411711423373e-8
-6.636246797937328e-9
-2.43197786778521e-8
-4.462164243064737e-9
-2.343829050001139e-8
-2.399787356014713e-9
-2.269125913773e-8
-0.00020580558554219146
-0.0008229534609867091
-0.0018459639241437476
-0.003268388954566495
-0.005079568593265425
-0.007266871902789171
-0.009814085047424467
-0.012702697845961754
-0.015910856033585632
-0.01941427457114558
-0.02318545245233136
-0.02719440632859184
-0.03140803351674228
-0.0357907673231377
-0.040304041118544534
-0.04490693711875186
-0.04955573541884841
-0.05420461549055307
-0.058805287861375274
-0.06330779743332911
-0.06766023753853152
-0.07180969092592616
-0.07570201932747252
-0.0792829609228254
-0.0824979770979744
-0.08529350680556852
-0.08761684071177532
-0.08941751711392523
-0.09064718696766658
-0.0912611265954953
-0.09121805831780708
-0.09048175357049389
-0.08902078298936816
-0.08681018779789462
-0.08383114633285856
-0.0800726962524648
-0.0755313147326015
-0.07021267180842929
-0.06413112111351688
-0.05731144895282441
-0.04978825615256138
-0.04160763573846836
-0.03282639428731449
-0.023513547351353366
-0.013749287926015308
-0.00362614427294317
0.00675243223438379
0.017271430745802507
0.027806213610523576
0.03822257983940233
0.0483793307622408
0.05812915863473671
0.06732188154960993
0.07580617844266588
0.08343340765792344
0.09006006494761701
0.09555194995715195
0.09978706311508258
0.10265973590051852
0.10408354056315108
0.10399489011180629
0.1023554490633206
0.09915467241174701
0.09441120681757217
0.08817389771548378
0.08052177360041071
0.07156321118240147
0.06143429422073287
0.05029606981343866
0.03833133841807612
0.025740220504974914
0.012735718490222805
-0.00046191148832403417
-0.013630238669020463
-0.02655077777333334
-0.039013967081427
-0.05082498349708387
-0.06180785172954237
-0.07181020338619837
-0.080705864817523
-0.08839799185206214
-0.09481972214883591
-0.09993540277465181
-0.10373920775414157
-0.10625450700431942
-0.10753067676274557
-0.10764096720897393
-0.10667800519227034
-0.10475074146849862
-0.10197930784059213
-0.09849172172654133
-0.09441878666213083
-0.08989119148653908
-0.08503504034824966
-0.07996982835090373
-0.07480499063750855
-0.06963901279323793
-0.06455715218152813
-0.05963170688353625
-0.05492084212420949
-0.05046984718704208
-0.04631083846407097
-0.04246471223341609
-0.038941414472909275
-0.035742257543373304
-0.03286044309219466
-0.030283440447528297
-0.027993503033971422
-0.02596988073012195
-0.024189154710664833
-0.022627147215009604
-0.021258988453509875
-0.0200606721327932
-0.019008842287728714
-0.018082007447835783
-0.017260085774026872
-0.016525330123991388
-0.015861695805797583
-0.015255545197738536
-0.014694908286923726
-0.014170034912267036
-0.013672610805887506
-0.013196214865913363
-0.01273553926956446
-0.012286794422948845
-0.011846965972133099
-0.01141419539479539
-0.010987092613755382
-0.010565107924926076
-0.010147907928686554
-0.009735745497478887
-0.009328899192844345
-0.008928042173044999
-0.008533740749306318
-0.008146819947254342
-0.00776791466918765
-0.007397828318422342
-0.007037129438344441
-0.00668649970442449
-0.006346369267190167
-0.006017250973946426
-0.005699408477834579
-0.005393174383104682
-0.005098646181866455
-0.004815986881832148
-0.004545144804713103
-0.004286136026177299
-0.004038784917821615
-0.003802988347467803
-0.0035784745378634394
-0.003365049433146826
-0.0031623719817885578
-0.002970183385123727
-0.0027880973120128255
-0.002615812935292474
-0.0024529188725550214
-0.0022990910160937713
-0.0021539091984644184
-0.002017040852158246
-0.0018880695411439918
-0.0017666654746096343
-0.0016524251453113605
-0.0015450296793283374
-0.0014440948924578955
-0.0013493184027531715
-0.0012603394665168174
-0.0011768757149876415
-0.0010985921723457653
-0.0010252284120259262
-0.0009564761912056915
-0.0008920977569482007
-0.000831811561621968
-0.0007754023872895764
-0.0007226146331694932
-0.0006732548697163555
-0.0006270922163868872
-0.0005839538844383706
-0.0005436321872522541
-0.0005059735845379271
-0.0004707918926666178
-0.00043795130006348855
-0.00040728536992191923
-0.00037867445824893415
-0.0003519701239967913
-0.00032706734708666
-0.00030383398486915454
-0.000282178156222143
-0.0002619824050263274
-0.00024316658852043509
-0.00022562642998141962
-0.00020929222375598553
-0.00019407147932241548
-0.0001799037330504053
-0.00016670700592355864
-0.00015442898934370282
-0.0001429970570446139
-0.00013236607401440946
-0.00012247172003540006
-0.00011327515337914015
-0.00010471941926579703
-0.00009677118342115749
-0.00008938001378617607
-0.00008251738509641947
-0.00007613863696996215
-0.00007021943419096629
-0.00006472021892552627
-0.0000596203003371299
-0.000054884628979007676
-0.00005049567758445631
-0.00004642237847097202
-0.000042649945661450166
-0.00003915082682837271
-0.0000359126077252482
-0.00003291083869929146
-0.000030135153643001356
-0.000027563841373827706
-0.000025188300900728037
-0.000022989238177403706
-0.00002095957133036114
-0.00001908213915999179
-0.000017351164314034283
-0.000015751368359999352
-0.000014278092020458268
-0.000012917718954608028
-0.000011666546215182647
-0.000010512424634658321
-9.452467330026314e-6
-8.475820991412982e-6
-7.580293510944562e-6
-6.756175577622209e-6
-6.001865467478273e-6
-5.30866454603163e-6
-4.675470690201532e-6
-4.094478138622938e-6
-3.5650070640636316e-6
-3.080040263953767e-6
-2.6392533908556346e-6
-2.236326106174226e-6
-1.8712321199587315e-6
-1.5382671050632833e-6
-1.2376536527241666e-6
-9.642316757807878e-7
-7.184311741498146e-7
-4.955728255384356e-7
-2.9625839808095167e-7
-1.1623326686785448e-7
4.3759065812921236e-8
1.8759841631880307e-7
3.1442462840143966e-7
4.277869511522741e-7
5.267297821106845e-7
6.145112647931896e-7
6.900978250130654e-7
7.5649156728234e-7
8.125953549232636e-7
8.6118629270312e-7
9.01115778676096e-7
9.349636626230319e-7
9.61539544790211e-7
9.8325101178605e-7
9.988732485215146e-7
1.0106640919541388e-6
1.0173699092322801e-6
1.0211192068473502e-6
1.0206338962561234e-6
1.0179313093957804e-6
1.0117117198385586e-6
1.0038979532169814e-6
9.931703752339072e-7
9.813725342980573e-7
9.671656851536958e-7
9.523279376881046e-7
9.355013702484883e-7
9.184111681138482e-7
8.996796952571792e-7
8.80991022925168e-7
8.609459192038754e-7
8.411985956277197e-7
8.203260837212489e-7
7.999629511515882e-7
7.786598079093398e-7
7.580413877008031e-7
7.366287688329878e-7
7.160459578772755e-7
6.947806163300417e-7
6.744653430145438e-7
6.535503019100832e-7
6.336849961395925e-7
6.132776865735963e-7
5.940033576167144e-7
5.742232034677016e-7
5.55645981124218e-7
5.365808657699969e-7
5.187780551879896e-7
5.004893369480425e-7
4.835145595142354e-7
4.660419168254978e-7
4.4992902066651477e-7
4.332944564831372e-7
4.180613983636537e-7
4.022722025358296e-7
3.8792400703041407e-7
3.729758932537737e-7
3.595073112358287e-7
3.453867161298394e-7
3.3278432621268284e-7
3.194703037733469e-7
3.077144277705937e-7
2.9518053879956175e-7
2.8424675220173603e-7
2.724619846033705e-7
2.6232253415676946e-7
2.51252908850809e-7
2.418773210456007e-7
2.3148691481294815e-7
2.228435523630276e-7
2.1309469375696678e-7
2.0515098407302412e-7
1.9600550232017605e-7
1.887287046339749e-7
1.801481836910527e-7
1.735058431129592e-7
1.6545202681987027e-7
1.594123625014749e-7
1.5184732289536293e-7
1.4637952940076493e-7
1.3926631975800782e-7
1.3434070616518423e-7
1.276433737980306e-7
1.232317492498094e-7
1.169152544799005e-7
1.1299075540782207e-7
1.0702120904880659e-7
1.0355873272431811e-7
9.790341844195725e-8
9.4879459652469e-8
8.950695013456137e-8
8.689971634449635e-8
8.177972821119828e-8
7.956916278288638e-8
7.467265729581463e-8
7.284044086216239e-8
6.81395670678212e-8
6.666910157574003e-8
6.213687767279159e-8
6.101320275990633e-8
5.662395110189965e-8
5.583385241761622e-8
5.156263425679484e-8
5.109450307257046e-8
4.69174341869048e-8
4.676108383712488e-8
4.26551108293311e-8
4.280218003008156e-8
3.8744841535423746e-8
3.918840202906681e-8
3.5157922101857185e-8
3.5892487288592716e-8
3.1867753498377486e-8
3.288924232709723e-8
2.884952330700788e-8
3.015536970275288e-8
2.6080383344868454e-8
2.7669486436676507e-8
2.353913563168864e-8
2.5411493731937293e-8
2.1206054882822374e-8
2.3363309736161722e-8
1.9063084064732197e-8
2.150813557172861e-8
1.7093587567199465e-8
1.9830551284456338e-8
1.5281880813527522e-8
1.831626875679966e-8
1.3613737945777606e-8
1.6952200228673226e-8
1.207587594119292e-8
1.5726665973049736e-8
1.0656287466937012e-8
1.4628801762633652e-8
9.343587213586954e-9
1.3648621545239315e-8
8.127632507871117e-9
1.2777164453845251e-8
6.998743536894671e-9
1.200603394266812e-8
5.9478043458216454e-9
1.1327931697678533e-8
4.966872186045967e-9
1.0735924152982265e-8
4.0483098282066765e-9
1.022404797724528e-8
3.1852361611794536e-9
9.786733214548548e-9
2.3709301274892067e-9
9.418944412956335e-9
1.5996464780200931e-9
9.11588547102982e-9
8.629948974714589e-10
8.854134503622526e-9
-0.00024298409584692677
-0.0009715451331073162
-0.002177659235982571
-0.003851814339728421
-0.005978154281167079
-0.008537637412109807
-0.011505515239017924
-0.0148530877977104
-0.018546004213919935
-0.022545531051781
-0.02680728940034633
-0.031282384776091514
-0.03591646102129746
-0.04065089166523083
-0.04542210842098271
-0.05016298725668656
-0.05480242659815903
-0.05926701625225113
-0.06348083174963459
-0.0673674351994508
-0.07084983117860297
-0.07385281177639041
-0.07630299342034136
-0.07813148353344193
-0.07927389125951143
-0.07967326088987445
-0.07927992557347542
-0.0780546235886955
-0.07596804480305092
-0.07300402080992657
-0.06915860101816794
-0.06444318829681053
-0.05888297777153952
-0.05251989904592952
-0.04541025999187348
-0.03762735959832901
-0.029258206290344327
-0.02040568760713525
-0.011184282735207246
-0.0017217212069959853
0.007846315051853927
0.017375040765308488
0.02671678162375126
0.0357202363635605
0.04423740027328452
0.05212304545381048
0.059242035012916625
0.0654687359152249
0.07069431660911954
0.07482574681235934
0.07779262660215638
0.07954541740212323
0.08006136634210893
0.0793416643187462
0.0774161118442615
0.07433901300759016
0.07019237077022533
0.06508048603730228
0.059131650959826865
0.052491604743490856
0.04532388333317556
0.03780245663463505
0.030111059686792476
0.022435469353637855
0.014962258085492371
0.007871239373533654
0.0013341332411498951
-0.004492291383305636
-0.009467174223091344
-0.013471266646838845
-0.016407134295000257
-0.01820337325640345
-0.018813812457605942
-0.018220070308964068
-0.01642966720041628
-0.013476920067870034
-0.009420031528734085
-0.0043404793491706815
0.0016607136105848404
0.008464806064772451
0.01593957842300339
0.023941993862745002
0.03232257609786744
0.04092847629338971
0.04960759886084057
0.05821164723436434
0.0665996373888574
0.07464054400152689
0.08221591364942876
0.08922182250187635
0.09557040816612845
0.10119096998038543
0.10603036690521911
0.11005322574983399
0.11324128438973598
0.11559280213721754
0.1171210426432432
0.11785308394925875
0.11782771526248642
0.11709390597010902
0.11570842312399118
0.11373423129645376
0.11123812101799356
0.10828927788117808
0.10495715480439131
0.10131038183958298
0.09741503324106408
0.09333396719200576
0.08912555134860214
0.08484344255572022
0.0805357585925267
0.07624524585822143
0.07200883115879898
0.06785808734775507
0.0638190706352078
0.05991298040624189
0.05615618201930369
0.052560962665909816
0.049135650591792396
0.04588538677571525
0.0428122715019055
0.03991609473374747
0.03719446352513275
0.0346434567214723
0.032257707258747104
0.03003096587355336
0.027956128499307505
0.026025707579157845
0.024231805841410596
0.022566502615387785
0.021021781719107492
0.019589844704315157
0.018263003431240054
0.017033933586939852
0.015895542878161976
0.014841177601865005
0.0138644762902716
0.012959540467266354
0.012120781798877999
0.011343066115561781
0.010621560181555141
0.009951856012010558
0.009329821571258895
0.008751710605606882
0.008214020068258075
0.007713589199575116
0.007247465295269729
0.0068129946198036105
0.006407697265422957
0.006029351637137581
0.005675878550992205
0.005345420426160002
0.00503623438722538
0.004746766888670545
0.004475555352718168
0.004221298691965459
0.003982766888509095
0.003758867718223195
0.003548563632440932
0.00335093489042696
0.003165103106375266
0.0029902909440468407
0.002825751723988843
0.0026708258085624825
0.002524875708603335
0.002387339278635944
0.0022576698146311506
0.002135386178304208
0.0020200174249101325
0.0019111499842431802
0.001808376404078835
0.0017113397184855413
0.0016196859405539978
0.001533105746478178
0.0014512903958496172
0.001373970862853596
0.0013008768935236646
0.0012317737174781349
0.0011664239832813864
0.001104622183758019
0.0010461592356950972
0.0009908547499059746
0.0009385240442294363
0.0008890083872264841
0.0008421442542400539
0.000797791666771575
0.0007558055214700453
0.000716062141123161
0.0006784325227570997
0.0006428072095240237
0.0006090713177320158
0.0005771278378241669
0.0005468743068435073
0.0005182246398985374
0.0004910873306741469
0.0004653859092607926
0.0004410385584620045
0.000417977288926624
0.0003961288696791329
0.00037543280726170164
0.00035582349522877515
0.0003372470756375229
0.0003196447239118647
0.0003029684665468323
0.00028716551856900076
0.00027219313236845073
0.00025800390964071565
0.0002445597481399226
0.0002318180593014891
0.00021974487394205676
0.00020830190253544288
0.00019745885738963465
0.0001871812939824015
0.00017744220688531055
0.00016821059260184936
0.00015946237356512775
0.0001511696287749676
0.0001433108931100494
0.00013586100795556403
0.00012880084271206743
0.00012210771474662594
0.0001157645779545697
0.00010975097109198406
0.00010405171226942551
0.0000986483325315927
0.00009352731701593375
0.00008867198434677083
0.00008407031220498501
0.00007970722289701955
0.00007557202959586493
0.00007165109497730339
0.00006793492770239183
0.00006441118302383825
0.00006107144102791292
0.000057904517411945835
0.00005490295246863356
0.00005205660279905863
0.00004935887086685831
0.00004680054664567042
0.0000443758062974511
0.00004207627699146513
0.00003989683009294044
0.000037829843241706583
0.00003587081295195289
0.00003401278879475358
0.000032251830120073274
0.00003058158804253723
0.000028998629834123857
0.00002749714319869224
0.000026074154304440615
0.000024724330452468095
0.00002344511209249947
0.000022231594096838298
0.000021081593405247903
0.000019990584099733082
0.000018956725254891343
0.000017975827187787996
0.000017046361411232524
0.000016164435496476978
0.000015328805860209875
0.000014535841650856083
0.000013784562066832024
0.000013071564315115074
0.000012396109999567367
0.000011754994783172604
0.00001114770464224598
0.000010571206568210151
0.000010025196102070758
9.506785661041572e-6
9.015867635758957e-6
8.54967581764335e-6
8.108288746769976e-6
7.689040989630605e-6
7.292186921412056e-6
6.915141056284375e-6
6.558327573256415e-6
6.219221642841488e-6
5.898411055174671e-6
5.5934133471782936e-6
5.304976572383604e-6
5.030642948793243e-6
4.771317190827384e-6
4.524551309929397e-6
4.291404127325712e-6
4.069422091458978e-6
3.8598174871971455e-6
3.6601164322244796e-6
3.4716854919980675e-6
3.292014572086242e-6
3.1226273592222252e-6
2.9609633396250762e-6
2.80870524566154e-6
2.6632283934469066e-6
2.5263783485315978e-6
2.3954525581124684e-6
2.2724640888278553e-6
2.1546174710999664e-6
2.0440996635161173e-6
1.938008725813054e-6
1.8387122710016583e-6
1.7431866478131824e-6
1.6539879222720788e-6
1.5679569080785314e-6
1.4878465606619822e-6
1.4103462324184286e-6
1.3384172441303527e-6
1.2685810272082588e-6
1.204018023294327e-6
1.1410660531799142e-6
1.0831362249611363e-6
1.026366660587998e-6
9.744119645940409e-7
9.2319295000267e-7
8.766220787784104e-7
8.303848224733838e-7
7.886670251202818e-7
7.468992102450618e-7
7.095575935534839e-7
6.717979964876881e-7
6.38404189685954e-7
6.042372892129316e-7
5.744070720089602e-7
5.434580636925521e-7
5.168475961639702e-7
4.887783890535193e-7
4.6507800253240244e-7
4.3958432910852186e-7
4.1851722157482996e-7
3.9532329484669933e-7
3.766417901126096e-7
3.5549966562666544e-7
3.389812600981973e-7
3.1966648488065063e-7
3.051130602910937e-7
2.8742213665360216e-7
2.7465646502122573e-7
2.584054809923777e-7
2.472691248428022e-7
2.322910030524977e-7
2.2264387582099673e-7
2.087865256127974e-7
2.0050310761420725e-7
1.8762897352682482e-7
1.8059863047951173e-7
1.6858160777474525e-7
1.6270616746106756e-7
1.5143185014770385e-7
1.4662540113531238e-7
1.359878307241876e-7
1.3217483543268107e-7
1.220774746342373e-7
1.191917727960265e-7
1.0954540054875137e-7
1.075296308608544e-7
9.825203196683085e-8
9.705783466197376e-8
8.807210514698099e-8
8.765756836278848e-8
7.889227157510142e-8
7.922246498616991e-8
7.061057064857389e-8
7.165728371654024e-8
6.313559356952028e-8
6.48764338806096e-8
5.638462181999041e-8
5.8802467795391095e-8
5.028320774716325e-8
5.336630568724229e-8
4.47642949548626e-8
4.8506020917528823e-8
3.97677673277079e-8
4.416531014686846e-8
3.5239070167011986e-8
4.029462819321217e-8
3.112881167236249e-8
3.6848969758184235e-8
2.739279852934949e-8
3.378781198786167e-8
2.3991037531682463e-8
3.107530673818795e-8
2.0887205181010576e-8
2.8679363022027682e-8
1.8048640060415716e-8
2.6570855321638656e-8
1.544604394694933e-8
2.4724200017611034e-8
1.3052188441393278e-8
2.3115993414944187e-8
1.0842666016089144e-8
2.172661772968671e-8
8.795494022786057e-9
2.0536886304460015e-8
6.890691557846526e-9
1.953119434233548e-8
5.109554660465476e-9
1.8695328447478673e-8
3.4355199560473517e-9
1.801594037518546e-8
1.8475011858799296e-9
1.7440380613873326e-8