2.2519858059594875
2.2499688286688073
2.2466067913340777
2.2419585032047378
2.2360709619139034
2.229018087287781
2.220878978802903
2.2117509742826376
2.2017390678957587
2.190961272551954
2.1795426447478263
2.167616769239057
2.1553222295896575
2.1428017297528226
2.1302000700830073
2.1176617104936364
2.1053297854364166
2.09334263485878
2.0818336170474225
2.0709270082235878
2.0607384932248887
2.051370768830345
2.042914658786253
2.035444710841498
2.029020913905974
2.023684535911672
2.019460425910183
2.01635329108606
2.0143505516581772
2.0134191989701486
2.013509142751036
2.0145507310145803
2.0164584950879956
2.019129351611856
2.0224466185445302
2.026278866208195
2.0304840539570326
2.034908956275026
2.0393932593971176
2.0437694629101677
2.047866779788587
2.051511403929457
2.0545300743605766
2.056750602303012
2.0580049871564627
2.0581301090881055
2.0569703162292114
2.0543782060243316
2.050216635438823
2.0443595324480555
2.036693310460652
2.027117667576306
2.0155464107386636
2.0019082132659687
1.9861468727134834
1.9682220064251983
1.9481087800935077
1.9257985273244096
1.9012979945352062
1.874629874864932
1.8458316207136662
1.8149558858993746
1.78206896103844
1.747251121495216
1.710594743751369
1.6722045608071916
1.6321955200316607
1.590692952227159
1.5478302331868525
1.5037488773748613
1.4585960664282909
1.4125246831046852
1.3656907702524503
1.318253525286204
1.2703727528889577
1.2222088448737372
1.1739202892752507
1.1256636650070868
1.0775912689747416
1.0298511589823027
0.9825849584412497
0.935927983477981
0.8900072805636638
0.8449418732642747
0.8008410803047515
0.7578049125022537
0.7159227064216778
0.6752736920792554
0.6359259604632007
0.5979372081498006
0.5613540368815066
0.5262128641738362
0.49253953233629716
0.46035035724344503
0.42965200565203965
0.40044264049123307
0.3727120117758651
0.3464426483104684
0.32161010061748174
0.2981841269064397
0.27612902655666194
0.25540477228284875
0.23596737887735894
0.2177699423186185
0.20076299885543694
0.18489544337250602
0.17011484632933932
0.15636823597700975
0.14360235315971856
0.1317642932843675
0.12080169006252461
0.11066322235890687
0.10129872672344217
0.09265958087858649
0.08469875106863196
0.07737106798207082
0.07063321866680304
0.06444393245352674
0.058763928854191246
0.05355603105916363
0.04878508136628184
0.04441799861100306
0.040423671776803775
0.0367729757771176
0.03343865241664196
0.03039529667505356
0.027619232465225067
0.025088479261604776
0.02278262837483031
0.020682797611579325
0.018771512204771912
0.01703265329307414
0.015451346290051524
0.014013907375002483
0.012707740980506246
0.011521287194601782
0.01044392918854109
0.009465943420661614
0.00857841719012654
0.007773202769057199
0.007042844820006673
0.006380539024183373
0.005780068804574243
0.005235768624233223
0.004742469279463252
0.004295465776723288
0.003890470371262955
0.0035235847629263447
0.003191260030176015
0.002890272788150209
0.0026176911861135665
0.0023708546249977414
0.002147345032487817
0.001944969726020442
0.0017617372423557156
0.0015958429436084946
0.0014456487488596756
0.0013096711064231707
0.0011865640479489657
0.0010751091834604084
0.0009742015695777999
0.000882841420510729
0.0008001223490299965
0.0007252245236329438
0.0006574049023204706
0.0005959916017022572
0.0005403757988511196
0.0004900071110779685
0.0004443868900046183
0.000403064440548955
0.0003656314740777785
0.0003317190215975759
0.00030099284982070397
0.0002731509466893365
0.0002479197359200494
0.00022505203297640345
0.00020432392070300533
0.0001855330909659172
0.00016849626690500368
0.00015304785997898504
0.00013903784368836817
0.00012633066800056466
0.000114803505619866
0.0001043453760254512
0.00009485569893761379
0.0000862435887553927
0.0000784266611877375
0.00007133046597985978
0.00006488750209321103
0.00005903676248443439
0.0000537229210314411
0.00004889596797203094
0.00004451053824483128
0.00004052562017564475
0.000036904000253107076
0.000033612030914554184
0.000030619171194668555
0.000027897802132130863
0.00002542284637347098
0.000023171621900628185
0.000021123526674462493
0.00001925992315842122
0.00001756387655767867
0.000016020064057773608
0.00001461455724860421
0.000013334751169229084
0.000012169183177793353
0.000011107477844338493
0.000010140195901877575
9.258791798963452e-6
8.45548749626886e-6
7.723240113447526e-6
7.055636263234814e-6
6.446867730363433e-6
5.891642797278447e-6
5.3851682990753936e-6
4.923075020985451e-6
4.501404800880242e-6
4.1165475930553736e-6
3.7652325537735704e-6
3.4444747885560143e-6
3.1515695686968012e-6
2.8840471266901158e-6
2.639669322536767e-6
2.416391137580204e-6
2.212359246762434e-6
2.0258790960827974e-6
1.8554149472438925e-6
1.699561617265818e-6
1.5570456504498144e-6
1.4267009578265701e-6
1.3074708423053864e-6
1.1983869067173858e-6
1.0985717148421335e-6
1.0072204448357076e-6
9.236040143030137e-7
8.470530449857536e-7
7.769613164088234e-7
7.127716812147583e-7
6.539797409542908e-7
6.001214121569273e-7
5.507767410060736e-7
5.055588703990285e-7
4.6411792871019245e-7
4.261311895803738e-7
3.913069846634278e-7
3.593758822236237e-7
3.3009458543359105e-7
3.0323798430579197e-7
2.7860301036670066e-7
2.560014400365023e-7
2.352636838306064e-7
2.1623223887932813e-7
1.9876539659178627e-7
1.8273125827273427e-7
1.6801134973720004e-7
1.5449512750947432e-7
1.4208349244911958e-7
1.3068372528066939e-7
1.202128940827007e-7
1.1059316728603694e-7
1.0175511204736382e-7
9.363334069021825e-8
8.616969866101142e-8
7.930920693614885e-8
7.300313954347779e-8
6.720522993959862e-8
6.18746390552748e-8
5.697239824035197e-8
5.2464269522660657e-8
4.831740157361991e-8
4.450308440852021e-8
4.099359806768446e-8
3.7764864373072456e-8
3.479347075034561e-8
3.2059221925366703e-8
2.9542323616639937e-8
2.722583723162011e-8
2.509301010725352e-8
2.312963637079103e-8
2.132152205703335e-8
1.96567553479905e-8
1.8123296297531785e-8
1.6711159671743897e-8
1.5410120205399103e-8
1.4211811240492022e-8
1.3107537457888972e-8
1.2090292463346371e-8
1.1152671809884403e-8
1.0288812614950779e-8
9.492400437814535e-9
8.75853393340198e-9
8.081819793801275e-9
7.45816535753641e-9
6.882956381373963e-9
6.352780431418238e-9
5.863682734410173e-9
5.41282308134433e-9
4.996805427723319e-9
4.613270943189567e-9
4.2592973972736e-9
3.932930891153405e-9
3.631651387300934e-9
3.3538455629414415e-9
3.0973351253679432e-9
2.8607931317238834e-9
2.642331982255735e-9
2.440865458228658e-9
2.2547535077668125e-9
2.083112163417426e-9
1.924512433483329e-9
1.7782401732358069e-9
1.6430465721454853e-9
1.5183599681714056e-9
1.4030855808939857e-9
1.2967711767674267e-9
1.1984538422621155e-9
1.1077813294933914e-9
1.0239037941332115e-9
9.465525754124445e-10
8.749749424972994e-10
8.089719904656763e-10
7.478745475377394e-10
6.915417991870998e-10
6.393766083234218e-10
5.912864131384685e-10
5.467363041352681e-10
5.05673677538014e-10
4.676174978650715e-10
4.3254812765394643e-10
4.000312828721493e-10
3.7007440122332413e-10
3.422838707578206e-10
3.1668924303099366e-10
2.9293238339830704e-10
2.710607816889584e-10
2.507473363532632e-10
2.3205396399207295e-10
2.1468078920492806e-10
1.987012051783662e-10
1.8383929714267135e-10
1.7017745917238776e-10
1.574609319299263e-10
1.4577903577489487e-10
1.3489575324558312e-10
1.2490559541831008e-10
1.1558920660903821e-10
1.0704483958183495e-10
9.906800446840693e-11
9.175948881096931e-11
8.492811489781528e-11
7.867620265881631e-11
7.28245396784032e-11
6.747614856329217e-11
6.246261197988301e-11
5.7886971208331185e-11
5.35905848024387e-11
4.9675951559700593e-11
4.599331594734908e-11
4.264417658504758e-11
3.94868845378552e-11
3.6621567560046393e-11
3.391399883089597e-11
3.1462637580360184e-11
2.914007593428426e-11
2.7042868073196368e-11
2.5049891649477723e-11
2.325561025925357e-11
2.154471347810697e-11
2.000943109459523e-11
1.8539842260230963e-11
1.7225834584779387e-11
1.5962498282247586e-11
1.4837298807261255e-11
1.3749996269068674e-11
1.2785576740465404e-11
1.1848160669681878e-11
1.1020215264703324e-11
1.0209938218327299e-11
9.497251607836625e-12
8.794169018321143e-12
8.178050147073853e-12
7.564480418531861e-12
7.0282448905625715e-12
6.488269752632518e-12
6.016754142545202e-12
5.535742556777823e-12
5.114833744912557e-12
4.6789720842563835e-12
4.295133766715893e-12
3.890943643103482e-12
3.5307203921204758e-12
3.1445432648536694e-12
2.7940197628008014e-12
2.4114441532470147e-12
2.055633364839038e-12
1.6608368810783273e-12
1.2829785938452369e-12
8.581302313759106e-13
4.4131693098384967e-13
-1.6598805967157202
-1.653528420475555
-1.643139629068219
-1.6288393830385475
-1.6109026399317952
-1.5896192198152963
-1.5653672879468916
-1.53853870882356
-1.5095846081022515
-1.4789541652947555
-1.4471303188501947
-1.4145738333432865
-1.3817555131707686
-1.3491035824080246
-1.31703543708419
-1.285908127949797
-1.2560512046041208
-1.227720575509948
-1.2011330920135495
-1.1764240719140597
-1.1536836145392235
-1.1329179149223145
-1.1140868196030915
-1.097068877018211
-1.0816993336181437
-1.0677387430816525
-1.0549104684076054
-1.0428726440244107
-1.0312542819301431
-1.0196304468955775
-1.0075562313536504
-0.9945451357070525
-0.9801004241544452
-0.9636968500863567
-0.9448091665874974
-0.9228974430724158
-0.8974327124261235
-0.8678861378083932
-0.8337518805490775
-0.7945402650165259
-0.749797923013176
-0.6991048711888205
-0.6420918402020046
-0.5784408594863908
-0.507899458660466
-0.43028401272707095
-0.34549027855853076
-0.25349846748240085
-0.15437942695792709
-0.04830024945862137
0.06447460803884919
0.18357835018709648
0.30854634062346753
0.438812722083041
0.5737207645955177
0.7125216583370944
0.8543904984641107
0.9984273418380799
1.1436781100199298
1.2891374912042168
1.4337735715408477
1.57653172529177
1.7163614346366987
1.8522200268269404
1.9830999821957844
2.108031299509081
2.2261076519876846
2.336486299908857
2.438411719386064
2.531212295975627
2.614320461275125
2.6872658166917773
2.749691281444409
2.801342719771896
2.8420810410692865
2.8718687557798948
2.8907783078413143
2.898976216715024
2.896728137085905
2.884381351262467
2.862367153714619
2.8311824678244832
2.7913901806201293
2.7436006133632937
2.6884704247806415
2.6266846019232344
2.5589545328615935
2.4860011179635557
2.4085525878403136
2.3273292605041047
2.2430416338787604
2.156377216258003
2.0679993392275944
1.9785363567108432
1.888581498465515
1.798684569765157
1.7093530084299973
1.6210460405160076
1.5341769384772836
1.4491094239350573
1.3661609782751583
1.285601156092029
1.207655694100977
1.1325063235596151
1.0602953694189365
0.9911266300170042
0.9250701544119606
0.862163785166713
0.8024178372102752
0.7458169601994324
0.6923245020723663
0.64188442507463
0.5944252064732052
0.549861622611786
0.5080981061116121
0.46903028502306354
0.4325477725451454
0.39853540766971374
0.3668754963935935
0.33744874423630605
0.310135996675985
0.28481888329362
0.26138112135284686
0.23970890836123493
0.21969185894463397
0.2012231901984999
0.18420036110880783
0.16852509603477786
0.15410379047052525
0.14084741479972604
0.12867174225637457
0.11749716962938588
0.10724881440215804
0.09785628272827286
0.0892536739418724
0.08137931977363463
0.07417572635187081
0.06758930281211216
0.06157026387090903
0.05607236096702959
0.05105276259355028
0.04647179697852107
0.0422928225794215
0.03848198803982439
0.035008101480971394
0.031842410970999296
0.028958478353134868
0.02633198162094413
0.0239405968542405
0.02176382258770978
0.01978287184357027
0.017980517699119652
0.01634099628403574
0.014849872195723762
0.013493952561917434
0.012261170637878797
0.011140510533504922
0.010121907185937272
0.009196181044056066
0.00835495259077714
0.007590586111321827
0.006896117000728191
0.006265203673220618
0.005692066001844486
0.00517144442276341
0.004698547993317243
0.00426901978366393
0.003878893191311086
0.0035245627762423705
0.0032027476233859663
0.0029104668542682464
0.002645008976966175
0.0024039113892137046
0.0021849347938624193
0.001986046089800725
0.0018053970574804026
0.0016413101115803415
0.001492260574758961
0.0013568648377183664
0.0012338656399353116
0.0011221222476686852
0.0010205982485103576
0.0009283534156112335
0.0008445335993332867
0.0007683639966670798
0.0006991407890981022
0.0006362255802407039
0.0005790384853683037
0.0005270535382353452
0.00047979298567220037
0.00043682349701849827
0.0003977514578097813
0.0003622198428290673
0.0003299043371961845
0.00030051075736837134
0.0002737718567757564
0.00024944519873598226
0.00022731052795523857
0.00020716801578626163
0.00018883609913335154
0.0001721500322430578
0.0001569601114231979
0.000143130479021655
0.0001305376664200656
0.00011906960538627419
0.00010862443348464478
0.00009910967589085095
0.0000904412670576872
0.00008254287262178058
0.00007534508920292518
0.00006878488143632535
0.00006280492844069099
0.000057353155467496595
0.00005238220108051465
0.00004784902658597167
0.00004371448251857028
0.00003994298203816946
0.00003650214907754173
0.00003336254437499184
0.000030497380743058307
0.000027882292446244106
0.000025495105610787953
0.00002331564333049558
0.000021325541349670556
0.00001950808265264854
0.0000178480502930773
0.000016331586347741627
0.000014946075200338156
0.000013680022661790014
0.000012522964199039324
0.000011465360778780827
0.00001049852750589194
9.614543365412993e-6
8.806196537647442e-6
8.066905718998346e-6
7.390679041709453e-6
6.772045068133156e-6
6.2060227874706786e-6
5.688060716859543e-6
5.214015895857707e-6
4.780099805060418e-6
4.382864648393791e-6
4.019155026995326e-6
3.6861001035929165e-6
3.381070155277503e-6
3.1016734648324544e-6
2.845717028290959e-6
2.6112072245140864e-6
2.396314078196543e-6
2.1993749290569876e-6
2.018861753249962e-6
1.8533871936450793e-6
1.7016745265218213e-6
1.5625655298530412e-6
1.4349927510531446e-6
1.3179887852926132e-6
1.210660556677775e-6
1.1121996569841754e-6
1.0218583992034595e-6
9.38960931640277e-7
8.6288086109594e-7
7.930529104516406e-7
7.289519403627268e-7
6.701049622470877e-7
6.160714134553803e-7
5.664553736442492e-7
5.208869699645511e-7
4.790346744783688e-7
4.405877337815978e-7
4.052684495399925e-7
3.7281554180002537e-7
3.429963347920715e-7
3.155909755280263e-7
2.904044635092891e-7
2.67251656504832e-7
2.4596909633327223e-7
2.2640074232580668e-7
2.0840955644219567e-7
1.9186391214563353e-7
1.766489111880765e-7
1.626534217031216e-7
1.4978110640861848e-7
1.379380488581168e-7
1.2704347884848428e-7
1.1701795012417282e-7
1.0779375368485602e-7
9.930361394372184e-8
9.149078460277827e-8
8.429823343692842e-8
7.767841860677341e-8
7.15829349645292e-8
6.597197124109903e-8
6.080439312253785e-8
5.604688379185019e-8
5.166444106680863e-8
4.762920538993766e-8
4.391135010048784e-8
4.048760222507124e-8
3.733250652013257e-8
3.44266453837457e-8
3.174825868443867e-8
2.928116984448227e-8
2.7006744694601758e-8
2.4911531313761922e-8
2.297954224095673e-8
2.1199616032001283e-8
1.9558008138590636e-8
1.804548238851656e-8
1.6650196724847806e-8
1.536453295685297e-8
1.4178264352004762e-8
1.3085132060925849e-8
1.2076282283241161e-8
1.1146597757760869e-8
1.0288392889552914e-8
9.497508630254484e-9
8.76725456585777e-9
8.094275402752579e-9
7.472729580544472e-9
6.899935436622613e-9
6.370776431262193e-9
5.883134894915522e-9
5.4325144388771815e-9
5.017269001353105e-9
4.6334334700254e-9
4.279755540540356e-9
3.952726000898114e-9
3.6514207035641604e-9
3.3727223586836294e-9
3.115979701960151e-9
2.8784130168461568e-9
2.65959735748695e-9
2.457044371444567e-9
2.270516212649203e-9
2.0977765678068377e-9
1.9387416702222374e-9
1.7913937465034727e-9
1.6557753197920355e-9
1.5300585901445472e-9
1.4143889962842908e-9
1.3071043244520103e-9
1.2084332821296442e-9
1.1168583973030503e-9
1.0326751464518697e-9
9.544929601020028e-10
8.826602411714005e-10
8.158980343463046e-10
7.545960700430741e-10
6.975738852831271e-10
6.452528333127255e-10
5.965396630686604e-10
5.518792450622008e-10
5.102558258737903e-10
4.721310373202848e-10
4.365582423230257e-10
4.0401021668675327e-10
3.7360219370093956e-10
3.458134360070631e-10
3.198147689656171e-10
2.96088094020574e-10
2.7385437564996434e-10
2.5359498725148e-10
2.3457628386217825e-10
2.1727651673349016e-10
2.0100328437655305e-10
1.8622960253676415e-10
1.723006798795779e-10
1.5968258583227118e-10
1.4775494475705655e-10
1.369755049079487e-10
1.2675548659353037e-10
1.175432211154286e-10
1.0877902453350058e-10
1.0090094568975585e-10
9.337616808668854e-11
8.663178074671501e-11
8.015983669476268e-11
7.437593923150858e-11
6.879520688457416e-11
6.382135045210511e-11
5.899091133362567e-11
5.469539119170397e-11
5.049124357178193e-11
4.6757507989296746e-11
4.3069143971633867e-11
3.9792514550532515e-11
3.651975757151209e-11
3.360435969787257e-11
3.065436229358474e-11
2.8010165846140213e-11
2.5294467196930744e-11
2.283433548474349e-11
2.0265874220384242e-11
1.7902513139413593e-11
1.539248287556305e-11
1.303517248973055e-11
1.048960105820776e-11
8.040656521437448e-12
5.3576707002327885e-12
2.7235539942451853e-12
2.6331293196143863
2.629368958189672
2.6229604369466273
2.6136259599730645
2.6010398197830193
2.584755669651413
2.564285880450772
2.5390428996762275
2.508423117688912
2.4717479819974812
2.4283553665767363
2.377538207546445
2.318642537362851
2.2510030183546017
2.1740456393657093
2.0872198264015314
1.9901032805183756
1.8823303708837058
1.763696360658752
1.6340818070340797
1.4935534145291391
1.3422842899321357
1.1806488802532116
1.0091392057390847
0.8284517778571224
0.6394003589993142
0.4429933769183105
0.24034428558638135
0.03273871930090113
-0.1784559337405479
-0.3917336679171027
-0.6055390208642916
-0.8182199141910165
-1.0281132436289842
-1.2335064139234562
-1.4327170442281312
-1.6240619893795025
-1.8059290750873829
-1.9767524034782757
-2.1350744432497972
-2.2795265613291633
-2.408880298337109
-2.5220322685291925
-2.6180439609155655
-2.6961303344895597
-2.755687932045502
-2.7962866234292854
-2.8176861683042205
-2.8198306167657323
-2.8028537084705443
-2.7670754456015287
-2.712996893341684
-2.641298430469679
-2.5528246580674256
-2.4485838498074184
-2.3297238228981336
-2.1975321916730364
-2.0534042415154357
-1.898843761451995
-1.7354242068219008
-1.5647901532174573
-1.3886133305138946
-1.2085950756795016
-1.0264191312622333
-0.8437558194035593
-0.6622137534936527
-0.4833467259969334
-0.3086065976272246
-0.139353998162787
0.023185443441498303
0.17790560871503658
0.3238585117188055
0.46023340947737534
0.5863890613984822
0.7018273928954586
0.8062189227396306
0.8993715844882335
0.9812496241254798
1.051938791896276
1.1116596734398523
1.1607309026367971
1.1995783289495623
1.2286980871382427
1.2486631664802674
1.2600880856373597
1.2636343257277503
1.2599780404784904
1.2498155098345392
1.2338348530852201
1.2127222488297007
1.1871381142749171
1.157724419015678
1.1250853378101995
1.0897956360858545
1.052385456473737
1.0133495151753986
0.9731354680373985
0.9321535363009708
0.8907678080958868
0.849305891384444
0.8080525135671122
0.7672588473812639
0.727137839791203
0.6878729405183959
0.6496146892515852
0.6124886697754214
0.5765929876580801
0.5420053581498504
0.5087812001750446
0.47695983455634855
0.44656299762686913
0.4176001756774439
0.39006740155324654
0.36395178319613064
0.33923049095654983
0.315874556116398
0.2938479882798525
0.2731109275205737
0.25361885315316474
0.235325173913264
0.21818050426755578
0.2021347733607631
0.1871365548367445
0.17313476902847538
0.16007805854583146
0.14791615062341948
0.1365992745702823
0.12607924317579802
0.11630891028984316
0.10724302226518087
0.09883771499914201
0.09105117889918228
0.08384319506707842
0.07717565040768466
0.07101211255814317
0.0653182256163515
0.060061323110691366
0.055210729435939805
0.0507374097601453
0.046614197608567776
0.04281548020235419
0.039317368683149875
0.0360974170264572
0.033134748090617665
0.030409803973693653
0.02790443833119336
0.025601695858640448
0.023485879080329803
0.0215423545384177
0.019757600439262973
0.018119037104846775
0.016615060407368213
0.015234894077529135
0.013968612701656441
0.01280701357012927
0.011741632101036743
0.010764631037456097
0.009868810451344488
0.009047512248483712
0.00829462635673856
0.007604508662009791
0.006971984563373463
0.006392278633997428
0.005861016404965468
0.005374164215323872
0.004928029844567714
0.004519211180982676
0.004144596142086499
0.003801318946847714
0.003486759629688751
0.0031985068478175235
0.0029343571965381844
0.002692283616593214
0.0024704346477475675
0.002267107622206724
0.0020807479429511048
0.0019099263580096104
0.001753338314596479
0.0016097847057039982
0.001478171326741417
0.0013574925712441913
0.0012468310004107549
0.0011453435395456576
0.0010522611603632863
0.000966877195006977
0.0008885471245472159
0.000816678683992334
0.0007507317468046598
0.0006902099431697818
0.0006346606286763771
0.0005836677801293654
0.0005368520361297121
0.0004938646707324429
0.00045438769405342573
0.00041812873484886614
0.00038482119013846203
0.0003542198740096961
0.00032610120635519815
0.0003002595075013592
0.0002765072173613391
0.00025467173440182504
0.0002345956577141989
0.00021613408484857222
0.00019915487044417127
0.000183536310997883
0.00016916741473737318
0.00015594591281879085
0.00014377853605650887
0.00013257930167823406
0.00012226979333938712
0.00011277768067627962
0.00010403699973428565
0.00009598686938473215
0.0000885717698918113
0.00008174042599607956
0.0000754460818454823
0.00006964552536803372
0.00006429935820825966
0.00005937114005825597
0.000054827652583278826
0.00005063814577649358
0.0000467745951367448
0.000043211034961551534
0.00003992380826586839
0.000036890974317805907
0.000034092550968018664
0.000031509985737032757
0.000029126390368319252
0.000026926066457129102
0.000024894732152882357
0.000023019094729302298
0.000021287069449038166
0.000019687392657565323
0.000018209832889710378
0.000016844839062086636
0.000015583743951349773
0.000014418442892776844
0.00001334158979695628
0.000012346302461400511
0.000011426351318669296
0.000010575888055334147
9.789627302482586e-6
9.062595750097958e-6
8.39030700230261e-6
7.768528790496387e-6
7.1934512220350215e-6
6.661470045012342e-6
6.1693485215161655e-6
5.714014991397043e-6
5.292718600740724e-6
4.902839660255461e-6
4.542039456890987e-6
4.208082112052185e-6
3.898978699979391e-6
3.6128194880977717e-6
3.3479125803058925e-6
3.102625571619316e-6
2.875518928261124e-6
2.6651962157230932e-6
2.470432420790385e-6
2.2900320198817942e-6
2.1229524410800603e-6
1.9681693311856348e-6
1.8247953486303115e-6
1.691952065652698e-6
1.568884275763352e-6
1.4548380339706388e-6
1.349170655327285e-6
1.2512344530062317e-6
1.1604825974583888e-6
1.0763581608684074e-6
9.983959996320844e-7
9.261167555775841e-7
8.591249178602174e-7
7.970074673805959e-7
7.394282678122198e-7
6.860310707754985e-7
6.365303795690373e-7
5.90618559620271e-7
5.480533125897135e-7
5.085686600430211e-7
4.719591599373028e-7
4.379945518794755e-7
4.065008425820237e-7
3.772784189343977e-7
3.5018012382558305e-7
3.2503265893574175e-7
3.0171176735769674e-7
2.8006676183387783e-7
2.599929258598648e-7
2.4135901531415315e-7
2.24076985185311e-7
2.0803232339708412e-7
1.9315120595733986e-7
1.7933353145955812e-7
1.665176032978925e-7
1.5461574199108024e-7
1.4357658913447316e-7
1.3332318248127825e-7
1.238129725008604e-7
1.1497825218227749e-7
1.0678397343026754e-7
9.917042992647436e-8
9.210895711238741e-8
8.55467722391785e-8
7.946063835288024e-8
7.380377095638711e-8
6.855754321946215e-8
6.368037352805212e-8
5.91575460832931e-8
5.4951998076376545e-8
5.105232691049518e-8
4.7425399859317705e-8
4.406261633757172e-8
4.0934266716504005e-8
3.80341153770383e-8
3.533543889993267e-8
3.283399305464227e-8
3.050566388398721e-8
2.8347879307062435e-8
2.6338809702995908e-8
2.4477282432742686e-8
2.2743471415604976e-8
2.1137370597738e-8
1.964091472737676e-8
1.8255065613307256e-8
1.6963308856533808e-8
1.576740464569393e-8
1.4652207608473945e-8
1.3620131879012922e-8
1.2657243504537369e-8
1.1766487588615866e-8
1.0935004838125888e-8
1.016616673209907e-8
9.448069831234941e-9
8.78442314192647e-9
8.16417574360551e-9
7.591298807957847e-9
7.055503936318774e-9
6.560960652136711e-9
6.098064588221281e-9
5.67112969323794e-9
5.27116707320037e-9
4.902589637351085e-9
4.556963985367958e-9
4.238763761780785e-9
3.940058495057886e-9
3.665350530094887e-9
3.40716617228751e-9
3.170009722135318e-9
2.9468236607632174e-9
2.7420920169623553e-9
2.549137654220732e-9
2.3724059562810012e-9
2.2055685431962317e-9
2.0530170644461485e-9
1.9087438860696368e-9
1.7770746285058154e-9
1.6522975315222352e-9
1.5386622650709258e-9
1.4307307963766746e-9
1.3326689343134877e-9
1.23929259624861e-9
1.1546775177139155e-9
1.0738758479874344e-9
1.0008684653175106e-9
9.309278220345505e-10
8.679363493939056e-10
8.073724275347346e-10
7.530174413438818e-10
7.005426698894768e-10
6.53626663777529e-10
6.081217348386825e-10
5.676024644942972e-10
5.280913293521572e-10
4.930583173989819e-10
4.586860506516215e-10
4.283396797477626e-10
3.9835266270249097e-10
3.7198532699986147e-10
3.457132355011077e-10
3.2269204664872767e-10
2.9953114636108784e-10
2.792816996854857e-10
2.586789526907933e-10
2.4066965099524846e-10
2.2210711980187097e-10
2.0583352430800134e-10
1.8881252060245852e-10
1.737811480513902e-10
1.5780551025486658e-10
1.4351641801750593e-10
1.280742092956563e-10
1.140016011019204e-10
9.85443918533094e-11
8.41143312665331e-11
6.803309940148897e-11
5.2597755393402234e-11
3.5201566283367655e-11
1.810933235730684e-11
-1.8354958623873567
-1.8144497790367051
-1.7794844518194812
-1.730715732349333
-1.6683258317422969
-1.592568441577093
-1.5037428252324085
-1.402245878805669
-1.2885204531371082
-1.163128780098361
-1.0266845443705088
-0.8799395608704467
-0.7237032630433639
-0.5589374142469037
-0.38666498115657555
-0.2080686515423781
-0.024390489800521727
0.1629693770762486
0.35256100264344736
0.5427888320255099
0.7320263075978557
0.9185253672881158
1.1005354690963396
1.2762199803400611
1.44377717610752
1.6013642809825808
1.74721751406982
1.879583745843189
1.99683632035103
2.0974136474610585
2.17992743876064
2.2431071634932924
2.2858975517017823
2.3074077432000566
2.3069954355144002
2.2842197231916512
2.238910023507729
2.1711219490648497
2.0811900037182482
1.9696862303319052
1.8374564911447953
1.6855819648368453
1.5153994943614464
1.3284661937129587
1.126564803004071
0.9116716862624485
0.685948384573285
0.4517131813838625
0.21142015056937521
-0.03236568487671274
-0.27700046112277266
-0.5197827981123346
-0.7579956249042172
-0.988924037678743
-1.2099052037140996
-1.4183425997374044
-1.6117620195757145
-1.7878216604175703
-1.9443718079382135
-2.079459736547136
-2.1913901561849842
-2.2787233743196467
-2.3403331827087617
-2.3753963365649473
-2.383444385165647
-2.364342411695871
-2.3183315104235227
-2.245995029151767
-2.1482890643395063
-2.0264952224400945
-1.8822376566145216
-1.7174225819609705
-1.5342419195714763
-1.3351013203673001
-1.1226122111667525
-0.899511658931616
-0.6686462438366867
-0.4328884270537026
-0.19511689397780935
0.04186512379688842
0.2753478550145279
0.5027892354571787
0.7218263791667656
0.9303377211746329
1.1264441745971592
1.3085560203829794
1.4753616863338606
1.6258581989581724
1.7593275015240002
1.8753513084451376
1.9737767315133647
2.0547180835337704
2.118514961299119
2.165724650287822
2.197076513438393
2.213459032983707
2.2158743447711142
2.2054236694187646
2.1832652393170826
2.150601102602976
2.1086407378661955
2.0585912040658156
2.0016276724909066
1.9388878752025638
1.8714498106467936
1.800330582647967
1.7264707855833863
1.6507372147535113
1.5739129589939334
1.496703116845594
1.4197294042901356
1.3435378932059572
1.2685969260173062
1.1953059412702187
1.1239956075418875
1.054936949193444
0.9883428047792372
0.9243766572974662
0.8631547370694369
0.804754153964591
0.7492151674223139
0.6965483881461338
0.646736909954158
0.5997424836452997
0.55550733967506
0.5139593350614546
0.4750133931474675
0.43857568897964755
0.4045446975249629
0.3728145200693466
0.3432755717912051
0.31581716821721834
0.29032790368572436
0.26669761907574113
0.24481753029399383
0.22458169159760233
0.20588693253040977
0.1886339191973908
0.1727269525950267
0.15807471602474832
0.14458997999220471
0.13219010946642482
0.12079671209760033
0.11033596539516885
0.1007382369253426
0.09193827931492271
0.08387484387458163
0.07649078088971606
0.06973266200373997
0.06355081455309229
0.05789896307426978
0.0527342193611594
0.048016749556643125
0.043709735971230054
0.03977907325517541
0.03619331360693866
0.032923393344818884
0.02994256974248226
0.02722617778113284
0.02475156428416246
0.02249787359566298
0.020445982777807858
0.018578314311115215
0.016878774722984352
0.015332592041315062
0.013926259222347241
0.012647393932690276
0.011484687443704816
0.010427784305278388
0.009467236896681072
0.008594402640586193
0.007801404087491779
0.007081041464509567
0.0064267579765751245
0.005832565665006495
0.00529301549928144
0.00480313471644001
0.004358401226318269
0.003954690801475876
0.003588255307323627
0.003255678304730316
0.0029538566305404583
0.002679963155929695
0.002431431272401343
0.002205923715239488
0.0020013195481867873
0.0018156881115743537
0.0016472781407000678
0.0014944960321204616
0.0013558967730621235
0.0012301658374187009
0.0011161116442916427
0.0010126504983885155
0.0009188003337829411
0.0008336682028659793
0.0007564450959924868
0.0006863955602227871
0.0006228534164296175
0.0005652131551336678
0.0005129263998843012
0.00046549478385174084
0.00042246703202977916
0.00038343307013130574
0.0003480216186513685
0.0003158953261527322
0.0002867487857782703
0.00026030451923027634
0.00023631134125468408
0.00021454104941971786
0.0001947870747286599
0.0001768617564895167
0.00016059522784900944
0.0001458331753122265
0.00013243591690523254
0.00012027656285546895
0.00010924025153385806
0.000099222641962073
0.0000901292788784111
0.00008187435954114581
0.00007438020440002191
0.0000675762504938122
0.00006139860845914271
0.00005578924299599044
0.00005069560045218989
0.0000460699436241708
0.00004186903704223161
0.000038053609013952776
0.000034588084106787136
0.00003144015002039027
0.000028580528707418318
0.000025982629539762686
0.00002362235209979136
0.000021477810318939428
0.00001952916127192493
0.000017758387627121748
0.00001614914783710435
0.00001468660644265693
0.000013357301917255373
0.000012149016188766754
0.000011050657098654852
0.000010052160012527427
9.144382426286233e-6
8.319031782803536e-6
7.568570221070513e-6
6.8861637463888294e-6
6.265595494699969e-6
5.701232254996935e-6
5.187944925731683e-6
4.721089091619286e-6
4.2964315956632255e-6
3.910142453706572e-6
3.5587266651186913e-6
3.239025228545205e-6
2.9481514755544773e-6
2.683499347583065e-6
2.442683667121448e-6
2.2235541633386993e-6
2.024139200603536e-6
1.8426643107011208e-6
1.6774989834326179e-6
1.5271786866147707e-6
1.3903543920890894e-6
1.2658172490169854e-6
1.152450574009984e-6
1.0492564953712112e-6
9.553101807933913e-7
8.697878957454408e-7
7.919232783420552e-7
7.210363586526607e-7
6.564917196049698e-7
5.977281094181689e-7
5.442183511061835e-7
4.95499250665134e-7
4.5113313698381996e-7
4.107378264495076e-7
3.7394969072772806e-7
3.404534862449057e-7
3.099468600720357e-7
2.8216989207522835e-7
2.5687095959955944e-7
2.3383587241982096e-7
2.1285502552130647e-7
1.9375203354781516e-7
1.7635210808695731e-7
1.60510120099996e-7
1.4608014403082696e-7
1.3294289455057365e-7
1.2097638475794816e-7
1.1008269815602614e-7
1.0015971238450754e-7
9.112717924317317e-8
8.289946894638128e-8
7.541094068078675e-8
6.85896654152103e-8
6.238207731880459e-8
5.67276357971514e-8
5.158275442273072e-8
4.6896365172073584e-8
4.2633126596668956e-8
3.874985527231889e-8
3.521801898652038e-8
3.2001002225459e-8
2.9075893354003822e-8
2.641155259928997e-8
2.398970470221573e-8
2.1783779338782528e-8
1.9779322653462336e-8
1.7953581417214607e-8
1.6295248312310118e-8
1.478476237722069e-8
1.3413403989493927e-8
1.2164285309882342e-8
1.1030811670432774e-8
9.99833681570335e-9
9.062007908873207e-9
8.20906138682979e-9
7.436069093780063e-9
6.731851527678507e-9
6.094142740247451e-9
5.513098661671478e-9
4.98739839885611e-9
4.5083261888495875e-9
4.075326612489481e-9
3.6806395489700932e-9
3.3243266207868333e-9
2.9994393065903795e-9
2.7065336648600326e-9
2.4393525118991195e-9
2.198845150614789e-9
1.9793452385408953e-9
1.782111886858049e-9
1.6019855312326219e-9
1.4404663758092355e-9
1.292831239929833e-9
1.1607649091872524e-9
1.0399215650769492e-9
9.321241786778584e-10
8.333547392898516e-10
7.45536389990118e-10
6.649372574058884e-10
5.935495878355785e-10
5.278925434520965e-10
4.700021560212677e-10
4.1661899714222033e-10
3.6980232675280913e-10
3.2648906694857546e-10
2.88745086735888e-10
2.5368241160295736e-10
2.233601561861126e-10
1.9504738602869305e-10
1.7078578720667606e-10
1.479860633047683e-10
1.2866401682874245e-10
1.1035881412010979e-10
9.505374825514691e-11
8.040513824720556e-11
6.83586475978675e-11
5.6678002310262234e-11
4.7267353784606414e-11
3.798940363463872e-11
3.070392421585538e-11
2.336526767675826e-11
1.7786792327414013e-11
1.2008109465692303e-11
7.794808816615558e-12
3.266160000964127e-12
1.3918543125771157e-13
-3.3921154623935515e-12
-5.659632411744421e-12
-8.398989453683682e-12
-9.990962034029642e-12
-1.210465471654811e-11
-1.3169396957818116e-11
-1.4791197899975154e-11
-1.5447355399591587e-11
-1.6683823336992684e-11
-1.7025066586966568e-11
-1.7959676142118708e-11
-1.805829242870118e-11
-1.8754511726482236e-11
-1.8663981896400027e-11
-1.916735936179942e-11
-1.8923955322950494e-11
-1.9263225254447972e-11
-1.8886610272746402e-11
-1.9073769972373573e-11
-1.8566523140783875e-11
-1.8595768888931373e-11
-1.7941683638000762e-11
-1.77870140317145e-11
-1.694793321464431e-11
-1.6559130902875265e-11
-1.5469971520568026e-11
-1.476655089153282e-11
-1.3328031813514122e-11
-1.2190582166260686e-11
-1.0258996146648409e-11
-8.517249427444737e-12
-5.891822437119034e-12
-3.3276561305153178e-12
-3.412493009263214
-3.338786030717954
-3.217599428539018
-3.050818307658778
-2.841358672021794
-2.5927157337934545
-2.309102059649671
-1.9952104089744327
-1.6562234210655917
-1.297628314330799
-0.9251724620743945
-0.5447047886697798
-0.16210996373988537
0.21682707813297994
0.5864886283053959
0.9415352703181493
1.2769625616761529
1.5881865847046766
1.8710828436938352
2.1220471338928317
2.3380142016710574
2.516496924252491
2.6555856776982596
2.75397034736633
2.810923397744879
2.8263097027939956
2.800556953428006
2.7346576395891717
2.6301298428084428
2.4890141470723504
2.3138264409770986
2.1075505256893194
1.873582836661834
1.6157196093360475
1.338092014304477
1.0451454860953295
0.7415631709540359
0.43223484939416323
0.12216716417611422
-0.18355932826040017
-0.4798928826732293
-0.7618645704770689
-1.024700911890662
-1.2638850892711395
-1.4752732299788172
-1.6551558571833547
-1.8003686634708158
-1.9083448029012926
-1.9772091694939549
-2.0058111191114913
-1.993791133116051
-1.941584424077148
-1.850450723179664
-1.7224420661857958
-1.5603901887718254
-1.3678362871910097
-1.1489756296513933
-0.9085525500783682
-0.6517675639554783
-0.38414635579186435
-0.11141994819301022
0.16061900070636217
0.42624852657097007
0.6799576758616255
0.9165750675949988
1.1313893346973791
1.320258277503599
1.4796950084307403
1.6069450536831955
1.700028032564353
1.7577749422460014
1.7798209558566849
1.7666010691676957
1.7192959189290073
1.6397899938352327
1.5305782415138995
1.3946961742647264
1.235599536977408
1.0570790782184118
0.8631280368082739
0.657855621916345
0.44535725041100394
0.2296397961953751
0.014507487051801105
-0.19649094747944454
-0.40015153874583537
-0.5936401357276972
-0.7745523032284672
-0.9409093692777679
-1.0911891262667068
-1.2242959150272552
-1.339566201794359
-1.4367188787557248
-1.5158423411904547
-1.5773328046380128
-1.6218704922848177
-1.6503538581200201
-1.6638720598110182
-1.663641834744744
-1.6509819837813304
-1.6272577592828736
-1.5938611364534347
-1.5521654573103298
-1.503513298992464
-1.4491821978161437
-1.390380282754049
-1.3282224390188055
-1.2637327335228523
-1.197829459021064
-1.1313327579371026
-1.0649565761107105
-0.9993197097834157
-0.9349426768495231
-0.8722605387662943
-0.8116229272660559
-0.7533072945760549
-0.6975206874523081
-0.6444124449093324
-0.5940766927273604
-0.5465638615790196
-0.5018832225471148
-0.4600128969848819
-0.4209020363884543
-0.38447922164434806
-0.3506541004443778
-0.3193242283554169
-0.2903761191776824
-0.26369067373144783
-0.23914368520009477
-0.21661004763773084
-0.19596380335212799
-0.17708133588828948
-0.15984106287492306
-0.1441258096741462
-0.12982224951417637
-0.1168226334732675
-0.10502406816892676
-0.0943297519439869
-0.08464816444465391
-0.07589393218493798
-0.06798698757854013
-0.0608531620842906
-0.05442335671293905
-0.04863393903285503
-0.04342595385799346
-0.038745382003896545
-0.034542409105248244
-0.03077158911938552
-0.02739118094795089
-0.02436324796513901
-0.02165306604476663
-0.01922918139208156
-0.017062889337007756
-0.015128265991021008
-0.013401714381750666
-0.011861980486286885
-0.010489761605844599
-0.00926771374512412
-0.008180116262519169
-0.007212875037388853
-0.00635323714106515
-0.005589792489807137
-0.004912232376572846
-0.004311351134661281
-0.003778842707971725
-0.0033073030859529337
-0.0028900595670945882
-0.002521174247343689
-0.0021953011746000447
-0.001907690890002877
-0.001654071230412271
-0.001430652769635367
-0.0012340295689912573
-0.0010611852973900597
-0.0009094107375813979
-0.0007763103477839438
-0.0006597337926964984
-0.0005577827232101151
-0.0004687540124352184
-0.00039114655940011763
-0.0003236142710306843
-0.00026497273138762303
-0.0002141602830380923
-0.00017024443963235806
-0.0001323896882155635
-0.00009986355657236681
-0.00007200998620979571
-0.000048254995279449564
-0.000028084664900110353
-0.000011050363015581626
3.2494510151719446e-6
0.00001516445652917018
0.00002500750791457071
0.00003305031829689772
0.000039535882705017065
0.000044674603532046747
0.00004865455209599638
0.00005163801595428314
0.00005376997220156376
0.0000551750312936445
0.000055964430618098825
0.000056233346205956476
0.000056066661511040574
0.000055536616779750555
0.000054707563690175906
0.00005363392179974002
0.000052364093136325965
0.00005093869571399228
0.000049393782000486385
0.00004775932070608718
0.00004606183816598426
0.00004432312125047889
0.000042562380170094905
0.000040795147258149324
0.0000390350427672478
0.00003729284630901308
0.000035577933229789516
0.00003389749756206781
0.000032257715022580064
0.00003066309836767885
0.000029117433518758055
0.000027623250171598423
0.000026182569667675626
0.000024796475554970624
0.000023465705298479857
0.000022190307207957457
0.000020970102677266826
0.000019804417474010577
0.000018692436718710433
0.00001763299996951179
0.000016624867436756527
0.000015666569595368605
0.000014756600045332726
0.00001389331155035855
0.000013075048390673163
0.000012300081767191046
0.000011566692359959804
0.000010873138960934028
0.000010217700175266604
9.59867096255037e-6
9.01437093795682e-6
8.463164221297704e-6
7.94344056023796e-6
7.453654518113637e-6
6.992284610829594e-6
6.557888417075407e-6
6.149044059367706e-6
5.7644183029066115e-6
5.402693991336554e-6
5.062648620695675e-6
4.743070738158027e-6
4.442846842733262e-6
4.160869251165659e-6
3.896129493685069e-6
3.647619729023179e-6
3.4144310776739132e-6
3.195650314275979e-6
2.9904618177049655e-6
2.7980409726186455e-6
2.617658620097803e-6
2.4485723516220275e-6
2.290132520013087e-6
2.14167240075928e-6
2.0026149744139763e-6
1.872362755552406e-6
1.750404687801234e-6
1.636206294269596e-6
1.5293161378812496e-6
1.4292568244471715e-6
1.335630576421056e-6
1.2480115170076175e-6
1.16604998708674e-6
1.0893664527256838e-6
1.017654264639129e-6
9.505754595319798e-7
8.878617208089052e-7
8.292122840660027e-7
7.743929081994134e-7
7.231360452340377e-7
6.752376737958386e-7
6.30459851697089e-7
5.886252999744706e-7
5.49522421948765e-7
5.129975566351737e-7
4.788625192267599e-7
4.469844684578912e-7
4.1719599968047657e-7
3.8938259238013456e-7
3.6339526743892413e-7
3.391355990853657e-7
3.164709319043544e-7
2.953169565436673e-7
2.7555546894727505e-7
2.5711452160336734e-7
2.3988869691515e-7
2.238168559987195e-7
2.0880488961943577e-7
1.9480109492833315e-7
1.8172136066505078e-7
1.6952220895879165e-7
1.5812836624662196e-7
1.4750351267917693e-7
1.3758018617647628e-7
1.2832828620439515e-7
1.1968725539304878e-7
1.1163238772384674e-7
1.0410922998676226e-7
9.709774685524834e-8
9.05488830316916e-8
8.444663942643572e-8
7.874673598964697e-8
7.343665437825577e-8
6.847634111580435e-8
6.385627279668236e-8
5.95401392519306e-8
5.552098760739023e-8
5.176582549776467e-8
4.8269900219696956e-8
4.500316266621327e-8
4.196273746120373e-8
3.912118912503502e-8
3.6477238492934886e-8
3.4005773635508184e-8
3.1706867097218704e-8
2.955747523587439e-8
2.7558809894569602e-8
2.568967106972809e-8
2.3952225597108412e-8
2.2326919378043966e-8
2.0816714524257982e-8
1.940352875088439e-8
1.8090981226778368e-8
1.6862308156128863e-8
1.5721666323946516e-8
1.4653475327729599e-8
1.3662326517108506e-8
1.2733703786547866e-8
1.1872544291508104e-8
1.1065291164372579e-8
1.031715106203301e-8
9.615433610936414e-9
8.965549507621061e-9
8.355592930704767e-9
7.791122586857813e-9
7.260944739644873e-9
6.770718273112296e-9
6.3098973783720554e-9
5.884200401635231e-9
5.4836725925120025e-9
5.114057216602818e-9
4.7659401067880735e-9
4.445060253344958e-9
4.142499204960198e-9
3.863967108784675e-9
3.6010012827793308e-9
3.359262460216251e-9
3.130708098504933e-9
2.920932393650502e-9
2.72228110087226e-9
2.5402677222122145e-9
2.3675977924496315e-9
2.209692509699982e-9
2.0595915853788345e-9
1.9226144824062555e-9
1.7921120422380229e-9
1.673294417700761e-9
1.5598027727764665e-9
1.4567319482418324e-9
1.3579945817243915e-9
1.2685655224686089e-9
1.1826117419650397e-9
1.1049845189649337e-9
1.030089504663787e-9
9.62651729954763e-10
8.973011557505039e-10
8.386346098667019e-10
7.814930932368703e-10
7.303438329768919e-10
6.802265304077692e-10
6.354778186459665e-10
5.913245299007854e-10
5.519719686227697e-10
5.128231447443904e-10
4.779514161675271e-10
4.429254829862763e-10
4.1168611372784214e-10
3.7995752482966173e-10
3.515470824410582e-10
3.2232450283526817e-10
2.959626138169489e-10
2.6846660714812284e-10
2.4337314908878133e-10
2.1681269690824881e-10
1.921834647889344e-10
1.6573058534756925e-10
1.4071066672902683e-10
1.134723871107307e-10
8.712725570429732e-11
5.812598811309221e-11
2.957285667908958e-11
1.0407863003786946
1.0047771740999303
0.9457897634701223
0.865249562427106
0.7651522647126633
0.647939272110585
0.5164686153966153
0.37390549945206014
0.22366071451118627
0.0692782651860755
-0.08563663954338734
-0.23752706937397908
-0.382951298154229
-0.5186809584428564
-0.6417510992430836
-0.7495402210607982
-0.8397958293855695
-0.910693070424346
-0.9608327534590815
-0.9892794092158761
-0.9955331446234179
-0.9795515714483359
-0.9417002152563803
-0.8827650468811371
-0.8038878550513306
-0.706576537357021
-0.5926315986522109
-0.4641598700589966
-0.3234963291721315
-0.17322396616129543
-0.016092115314294667
0.14495835445626004
0.3068820595179865
0.46650246715280297
0.6206081690348787
0.7659302581379296
0.899251958187846
1.0173949281043915
1.117344370244862
1.1962464664025378
1.2515472025846046
1.280998816037107
1.282805631201409
1.2556325193443627
1.1987462623085956
1.1120148935213496
0.9960297957237112
0.8520826278756666
0.6822525894017425
0.48934830350422187
0.2769470333293211
0.04929268594200547
-0.18872078294029845
-0.4316975013891704
-0.6738119710581896
-0.9089971817068296
-1.131063392913592
-1.3339112638894524
-1.511679243634019
-1.6589592404557607
-1.7709482111179173
-1.8436393864573026
-1.8739508569644567
-1.8598652114256542
-1.8005099007461158
-1.6962229775543602
-1.548566959221488
-1.3603078269333178
-1.1353551094115706
-0.8786539762454364
-0.5960574047558893
-0.29414475807933305
0.019955424160215354
0.33879527598999054
0.6548061298745189
0.9605443611071033
1.2488789099694275
1.5132192834727671
1.7476617115496058
1.947170270600816
2.1076590002480904
2.2261069616234637
2.3005652760536175
2.3301995504109603
2.3152237468746533
2.2568760054354513
2.157292734590687
2.0194338574693473
1.8469183122138164
1.6439204150501538
1.414990942894133
1.1649471225989614
0.8987017541873168
0.6211659642685989
0.3371035775052592
0.05105970575851377
-0.23274947927993273
-0.5104762253355384
-0.7787129771035285
-1.0345001431459162
-1.2753621904451249
-1.4992885510573377
-1.7047406189234244
-1.8906132196205732
-2.056220823775772
-2.2012476710822866
-2.325721506523597
-2.4299596999316475
-2.514537635641353
-2.580236594413418
-2.628012171872244
-2.658947826200462
-2.6742268431694387
-2.6750936904825324
-2.662831401982831
-2.638731442465743
-2.6040771073567868
-2.560121573746962
-2.508077039420057
-2.4491000025607628
-2.384285353872466
-2.3146576206293297
-2.241168999626546
-2.1646952333778096
-2.086036543819017
-2.005916894909619
-1.9249868805626116
-1.8438252988016894
-1.7629432021789124
-1.6827869125516883
-1.6037426160649597
-1.5261401506439487
-1.4502576940134762
-1.3763258385671335
-1.3045320656295447
-1.2350247753543353
-1.1679173578129183
-1.10329196684582
-1.0412030883037071
-0.9816809383077885
-0.9247344938188388
-0.8703544616175862
-0.818515780432982
-0.7691801519227515
-0.7222980512531608
-0.6778108401375891
-0.6356523381300387
-0.5957505545333355
-0.5580288792632433
-0.5224074786345311
-0.48880416530745957
-0.4571355053444596
-0.42731742364760544
-0.39926606833440687
-0.37289820282123504
-0.3481318700181438
-0.32488661594320284
-0.30308399155730187
-0.2826476462713733
-0.2635037001572075
-0.24558073941966588
-0.22881008669323358
-0.2131257247763476
-0.19846448803349973
-0.18476593556989318
-0.17197248255171077
-0.16002923958268478
-0.14888409908938213
-0.13848755393311257
-0.12879275088501937
-0.11975529841759076
-0.11133329668476963
-0.10348714191933242
-0.09617954018668072
-0.08937531379282851
-0.083041404339675
-0.07714668494898086
-0.07166195675333406
-0.06655976949457745
-0.061814414482883676
-0.05740175517082112
-0.05329921875240886
-0.04948563759155309
-0.0459412409691999
-0.04264750771023768
-0.03958715908172755
-0.036744022576166005
-0.034103026584942533
-0.031650075025493885
-0.02937204413488317
-0.027256667447222164
-0.025292534850634506
-0.023468987307946547
-0.021776118178501027
-0.020204677012400665
-0.018746073042444977
-0.017392287356660364
-0.016135878403732797
-0.014969901849639448
-0.013887917903460641
-0.012883918183508605
-0.011952334652412893
-0.011087972850014146
-0.010286022221798063
-0.009541995115322808
-0.00885173829035653
-0.008211377119273377
-0.007617328077567936
-0.007066247633967393
-0.006555045534071304
-0.006080837911097665
-0.005640961191551881
-0.005232929001322911
-0.004854446539320877
-0.004503370895254311
-0.004177725754246668
-0.0038756647815636727
-0.0035954865377502187
-0.003335600621576036
-0.003094542690856073
-0.0028709430878463373
-0.0026635418754013215
-0.0024711596990024086
-0.0022927127611510074
-0.002127185701253194
-0.0019736464431107338
-0.0018312208981700986
-0.0016991076316727651
-0.0015765542164913363
-0.0014628716729861166
-0.0013574123199974776
-0.0012595839518031622
-0.0011688290500197112
-0.0010846386683503954
-0.001006532884373819
-0.0009340743691092747
-0.0008668499711327753
-0.0008044839534577743
-0.00074662061430335
-0.0006929371784855018
-0.0006431273696391176
-0.0005969139473246523
-0.0005540331547346344
-0.000514246896123278
-0.00047732799215118845
-0.00044307199511575424
-0.0004112831912354631
-0.0003817860535640383
-0.00035441193680426687
-0.00032901016978951033
-0.0003054353939501964
-0.0002835582988972867
-0.00026325356053488177
-0.00024441022462888
-0.00022692020484889385
-0.00021068832029477405
-0.00019562131753191923
-0.00018163756891569663
-0.00016865658602035238
-0.00015660838627916867
-0.0001454234681542059
-0.00013504185412685472
-0.0001254035005626928
-0.00011645702546781255
-0.00010815052831287523
-0.00010044001123614501
-0.00009328058614113285
-0.00008663459819647959
-0.00008046319934486931
-0.00007473418303841931
-0.000069413904921449
-0.00006447483776154443
-0.00005988782152019806
-0.000055629347406000545
-0.000051674120846464034
-0.00004800208351068902
-0.000044591273861946095
-0.000041424595881288616
-0.00003848296292994284
-0.00003575182175987589
-0.00003321456636195065
-0.000030858825680514854
-0.00002867013498004616
-0.000026637995493586466
-0.000024749791617927245
-0.00002299663052472728
-0.000021367494201569056
-0.00001985486684325833
-0.000018449111401453907
-0.000017143892355303743
-0.00001593076702287038
-0.000014804411087316964
-0.000013757415465322863
-0.000012785321739687108
-0.000011881615878540927
-0.000011042580499263701
-0.000010262477192431761
-9.538222316817971e-6
-8.864750107636836e-6
-8.23951847921188e-6
-7.658045491873123e-6
-7.1182514187428604e-6
-6.616161512674508e-6
-6.150090377130012e-6
-5.716504316607415e-6
-5.314053839517445e-6
-4.939589195049535e-6
-4.592046628656396e-6
-4.268611007346524e-6
-3.968461246291023e-6
-3.689074205038733e-6
-3.4298345070412735e-6
-3.1884741528602893e-6
-2.9645517633315317e-6
-2.7560226039745155e-6
-2.562592097116946e-6
-2.3824111857057954e-6
-2.215308780106457e-6
-2.0596076104846685e-6
-1.915240100157879e-6
-1.7806800647327748e-6
-1.6559463358087722e-6
-1.5396458630041656e-6
-1.431869249411451e-6
-1.3313410003592537e-6
-1.2382109752405018e-6
-1.1513077050827318e-6
-1.0708296140908547e-6
-9.956974974818397e-7
-9.261492201886293e-7
-8.6118760757403e-7
-8.010821881111544e-7
-7.449089030487389e-7
-6.929623243724508e-7
-6.443837357644844e-7
-5.994871266032453e-7
-5.574723360822901e-7
-5.186679982814503e-7
-4.823265745000674e-7
-4.4878730337592915e-7
-4.173500737214111e-7
-3.8836131711693685e-7
-3.611637951628254e-7
-3.3610825977875685e-7
-3.1257634512288684e-7
-2.9092071283214455e-7
-2.7055835020325403e-7
-2.5184181365317783e-7
-2.3422034138981074e-7
-2.1804470830492261e-7
-2.027936635292844e-7
-1.8881481364430704e-7
-1.756139934682361e-7
-1.6353450173139623e-7
-1.5210710739397646e-7
-1.416698726316423e-7
-1.3177658715804381e-7
-1.2275932736638181e-7
-1.1419319771500485e-7
-1.0640369202485753e-7
-9.898570417570253e-8
-9.225767773205599e-8
-8.58329281669439e-8
-8.002249003935092e-8
-7.445686988399235e-8
-6.943942596073142e-8
-6.461674498249965e-8
-6.028431786740374e-8
-5.610380477766993e-8
-5.236270119812484e-8
-4.8736824475184774e-8
-4.550559779168819e-8
-4.2358157670010686e-8
-3.956581888357622e-8
-3.683026635772717e-8
-3.4414701627473406e-8
-3.2032644367100247e-8
-2.993920053950608e-8
-2.7859058540046082e-8
-2.603926056106825e-8
-2.4215036168032573e-8
-2.2625401488324018e-8
-2.1015529072607336e-8
-1.9616444178423802e-8
-1.8182684120226804e-8
-1.6937307017464737e-8
-1.5643646616256972e-8
-1.4516796265188464e-8
-1.3328316507318803e-8
-1.2285305585669518e-8
-1.1166967057586431e-8
-1.0172327655603612e-8
-9.087620865022468e-9
-8.103663303065226e-9
-7.013057726484168e-9
-5.998190211673021e-9
-4.8573047039725486e-9
-3.764063267275584e-9
-2.5219912584020344e-9
-1.3019206172863975e-9
1.649414697318054
1.6211259973450536
1.558043120157035
1.471461805322415
1.3567672200449654
1.2169118756809303
1.0501198596688541
0.858428922997562
0.6421722099157101
0.40415931885344625
0.14699089531795728
-0.12493231836750182
-0.4066197355489368
-0.6918249762198566
-0.9734119250328332
-1.243611685480459
-1.4938804304455495
-1.7158063516266018
-1.9006413344548574
-2.040639672643593
-2.1283526038693465
-2.158202803314752
-2.1255744916384276
-2.0284449581591675
-1.8662757454089804
-1.6415480331995385
-1.358458457846227
-1.024243692513609
-0.647702616026162
-0.24024479592372056
0.18570889669898633
0.6159657240613423
1.0361972051226962
1.4314297758654961
1.787607747705935
2.0912635410624874
2.3308879096156554
2.496692495183061
2.581677349163904
2.5814038146625604
2.4946774467705466
2.323272407567371
2.0721895294748958
1.7493081462472269
1.3652267710803565
0.9328565528735567
0.4668976946965737
-0.016577290116363896
-0.5009218142172618
-0.9692704104044462
-1.4054996407462452
-1.7944405171946434
-2.122884182383058
-2.379576120069775
-2.556159179495707
-2.646894110153326
-2.6494572581904934
-2.5643631824189326
-2.395569578032404
-2.149615707395624
-1.8360275379403064
-1.4662246616401955
-1.0537578957164184
-0.6130706813930094
-0.1596327105359525
0.2913369304895312
0.7247591491132688
1.1268982856248257
1.485193713539987
1.7892923860635304
2.030759531465015
2.2038733099869416
2.305182562816845
2.3340371292657554
2.2919976247266023
2.1831169252825107
2.0132411137635073
1.79009224342106
1.5225232323097277
1.2204728021093345
0.894245748723941
0.5544153413743432
0.211193736618011
-0.12565329006552864
-0.4472995548975161
-0.7458869707752444
-1.0148608352587316
-1.2489214147607575
-1.4442044483101413
-1.5981579637164052
-1.7095908719050443
-1.7784934473497471
-1.805988864832611
-1.7941242490967975
-1.7457637156313295
-1.6643779121819278
-1.5539139025713047
-1.418606516785782
-1.262852653782352
-1.0910600122522427
-0.9075437130230399
-0.7164194958802752
-0.5215312031243008
-0.32638811045179533
-0.1341242493243695
0.05252578604845073
0.23123980636958724
0.4001023586315349
0.5575967758077185
0.7025791150370732
0.8342567499106242
0.952150696900245
1.0560675194657991
1.146057230636953
1.22238385402599
1.2854841464738247
1.335940508505068
1.3744438800379695
1.4017711507585942
1.4187539827844078
1.4262616220273086
1.4251761939808207
1.4163809206246
1.400741621081948
1.3790997761752013
1.3522594897509417
1.320984554540513
1.2859899140769957
1.247941795440305
1.207452676015625
1.1650835912590949
1.1213416859299787
1.0766839209626433
1.0315164217940997
0.9861989555783969
0.9410454423606209
0.8963287241294443
0.8522817540935629
0.809102315916508
0.7669545390335087
0.7259733417889274
0.6862660308761204
0.6479163336456625
0.6109859264198756
0.5755179900598559
0.5415385769382534
0.5090596728457231
0.47808035896306117
0.44858939595886965
0.4205661689583227
0.3939828298450361
0.36880503341109905
0.34499368469017516
0.3225054861977586
0.30129434132620325
0.2813117383308735
0.26250786058985137
0.24483183471184375
0.22823259546765395
0.21265902456099703
0.19806061349165457
0.1843875172113305
0.1715910529323459
0.15962368983504224
0.14843941646201325
0.13799368434976006
0.12824367150649152
0.1191481946243601
0.11066789143474141
0.10276511320154244
0.09540404458184797
0.08855058549733638
0.08217242352937222
0.0762389120461106
0.07072110711340031
0.06559164691327199
0.060824762613636285
0.05639616262094857
0.05228302476726042
0.04846388775612858
0.04491863033555985
0.041628371377773324
0.03857544035188485
0.0357432867816702
0.03311644525752653
0.030680454501677824
0.028421819315662546
0.026327939113640567
0.024387068546481618
0.022588255110038702
0.020921299683073047
0.019376702652577793
0.01794562521957214
0.01661984338632503
0.015391710595950962
0.01425411887939867
0.013200463181069445
0.01222460895279907
0.011320858361608302
0.01048392363283359
0.0097088952241995
0.008991220252330408
0.008326672638987167
0.007711335998107771
0.007141575706925116
0.006614025679672025
0.006125562281906017
0.005673294468633585
0.005254539439492328
0.004866815670836702
0.004507820198634281
0.004175424124314904
0.0038676514084131594
0.003582676477621089
0.0033188044131690305
0.003074470330855696
0.0028482208522771606
0.002638714970299959
0.0024447066973358033
0.002265047165640045
0.0020986683540303555
0.0019445862055797703
0.0018018853418796386
0.0016697230102952923
0.001547314702656226
0.0014339387704708625
0.0013289228725088746
0.0012316491194772935
0.001141541282163262
0.0010580703473344547
0.0009807424248233496
0.0009091046140994582
0.0008427335548543449
0.0007812415190725407
0.0007242655552959496
0.0006714737343483858
0.0006225548425318637
0.000577224720672642
0.0005352164660523809
0.0004962868143612716
0.0004602068142282789
0.00042676821018661324
0.0003957745572792165
0.0003670475704416614
0.0003404186498606119
0.0003157351684193691
0.0002928523813215267
0.00027163962856464674
0.0002519726048457547
0.0002337394585541279
0.0002168334001882434
0.00020115868319880542
0.00018662353110148277
0.000173145988750556
0.0001606471500592989
0.00014905687102759391
0.00013830728150986287
0.0001283383536279081
0.00011909168238010285
0.0001105159050066033
0.0001025607364346393
0.00009518223678074678
0.00008833708869549824
0.00008198771153361721
0.00007609676861383641
0.00007063212770247235
0.00006556158705551168
0.000060857682779126196
0.00005649262328390365
0.000052442944836870964
0.000048684644743933
0.000045197687017095395
0.000041961325219734
0.000038958460662114556
0.000036171146403982114
0.000033584800779312586
0.000031183884558952855
0.00002895597290806305
0.000026887598174646143
0.00002496818361356516
0.00002318604468999384
0.00002153218807417409
0.000019996464736885378
0.000018571237838729037
0.000017247681251811795
0.000016019320044890868
0.000014878468394961979
0.000013819646412151102
0.00001283615170988846
0.000011923356327034701
0.000011075406508527679
0.000010288403471946434
9.557226214095741e-6
8.878599839482644e-6
8.248036454291788e-6
7.662794728764663e-6
7.118934170187704e-6
6.614169532899735e-6
6.1450339776253555e-6
5.70963187461724e-6
5.304906559519654e-6
4.929294998997743e-6
4.5800960441196375e-6
4.256030345683877e-6
3.95470518621751e-6
3.67508294562126e-6
3.415038762972936e-6
3.1737407633658957e-6
2.949296961658945e-6
2.741050369610543e-6
2.547311706208118e-6
2.367572411215942e-6
2.200319871416272e-6
2.0451712733425213e-6
1.9007681921806547e-6
1.7668341232860847e-6
1.6421454111421434e-6
1.5265152068316068e-6
1.4188378388051627e-6
1.3190018521326281e-6
1.2260050412972067e-6
1.1397991371139888e-6
1.0594728347080746e-6
9.850306058017097e-7
9.156411627779707e-7
8.51352787685634e-7
7.914047761875545e-7
7.358815903776673e-7
6.840849246671981e-7
6.361289073753009e-7
5.913705245751506e-7
5.499480155462972e-7
5.112674804470265e-7
4.7548653711714525e-7
4.420550244353089e-7
4.1114591267158555e-7
3.822480966971592e-7
3.5554647914687654e-7
3.305649264891669e-7
3.0749737359866856e-7
2.858990912429859e-7
2.6597059233842155e-7
2.472954318051096e-7
2.3007862868362023e-7
2.1392928876422991e-7
1.9905519288233576e-7
1.8508859932848827e-7
1.7223858695241382e-7
1.6015845829038536e-7
1.4905736653757212e-7
1.3860780169557603e-7
1.2901797296772678e-7
1.199779191632528e-7
1.1169406257845584e-7
1.0387254150821501e-7
9.67172981045093e-8
8.994928527102388e-8
8.376939930279822e-8
7.791226576284618e-8
7.257527781911056e-8
6.750571603434628e-8
6.289710516728625e-8
5.850847124739486e-8
5.4529183123294096e-8
5.072919683482754e-8
4.729350330666072e-8
4.4002254962097523e-8
4.103589760085712e-8
3.818411751066116e-8
3.562269366605993e-8
3.315024536982073e-8
3.093780039062028e-8
2.8792363491521398e-8
2.6880156917145974e-8
2.501606911573251e-8
2.3361486025628116e-8
2.1738716949598227e-8
2.030429829163582e-8
1.8887529976607305e-8
1.7640097590059548e-8
1.6397888019217023e-8
1.530774126432896e-8
1.4211748187926248e-8
1.32519095267923e-8
1.2276151839781239e-8
1.142163836980167e-8
1.0541771548424517e-8
9.768868255231871e-9
8.961448635389515e-9
8.246956894054956e-9
7.488666773959912e-9
6.80909820966428e-9
6.0758996602776525e-9
5.406580637964356e-9
4.672760260896624e-9
3.98680585406397e-9
3.2238670755479565e-9
2.4909999149507157e-9
1.6666970247658933e-9
8.566110887619111e-10