0.00044832457980500034
0.001795016073155433
0.004035626662211509
0.0071707349486154065
0.011194013997858744
0.016102870019946033
0.021889390201141834
0.028547169382139092
0.03606623604668194
0.04443567393722275
0.053642779868963084
0.06367136075299916
0.07450521682573436
0.08612209699166085
0.09850153749555984
0.11161450780743103
0.1254356005251629
0.13992842900384622
0.15506214018976064
0.1707926443633834
0.187083401387404
0.20388257622527597
0.2211480276637658
0.23882049250953385
0.2568526831679371
0.2751786099199495
0.29374667000790405
0.3124852225353042
0.3313395279518936
0.35023369541283117
0.3691113091809276
0.38789387514672136
0.40652495101507935
0.42492522812954103
0.4430399662797013
0.46079085936326253
0.478126563512927
0.4949715101820664
0.5112793077422051
0.5269786825142863
0.5420295283501919
0.556366173928348
0.5699558512738616
0.5827395052399975
0.5946924496117131
0.6057629511290957
0.6159348399893486
0.6251641151727645
0.6334432741186383
0.6407361977601456
0.6470439613384564
0.6523382659107664
0.6566284883597547
0.6598939309897881
0.6621518638337323
0.6633888654825124
0.6636296052893217
0.6628675473820899
0.6611342152238813
0.6584295277010436
0.654791284834717
0.6502254007905777
0.6447753483756682
0.6384525493516516
0.6313055173324194
0.6233506609510405
0.6146408699802963
0.6051969811935849
0.5950755605366173
0.5843012740603062
0.5729336291043111
0.561000482602605
0.5485635159578713
0.5356530998830301
0.5223322908666446
0.5086332557420319
0.4946195928400008
0.48032450152846695
0.46581124913411254
0.4511132519129989
0.43629253029177767
0.4213818490318821
0.4064410283609574
0.3915012727371985
0.3766192331504158
0.3618236353433881
0.347167017246697
0.3326747477046725
0.3183943905630559
0.3043471828335064
0.2905750015240901
0.2770943453197032
0.2639409007770759
0.2511260445113514
0.2386790218337772
0.2266059585373355
0.2149296782506975
0.2036511861455302
0.19278716243838104
0.18233385660615498
0.17230230472683944
0.1626845534881006
0.15348665911868775
0.14469714625147428
0.13631785620595527
0.12833453651558743
0.12074561596623316
0.11353481566016434
0.10669793694127179
0.10021738330583706
0.09408705458317788
0.08828866984373479
0.08281486653398759
0.07764721693530172
0.07277763418159237
0.06818797815446054
0.06386987147380004
0.059805794552737414
0.05598741395272585
0.052398070414013655
0.0490297197212367
0.04586672173892175
0.042901490495386524
0.04011949652576416
0.03751371859649207
0.03507077596188884
0.03278426932425788
0.03064196392637421
0.028638102224637616
0.02676156305043889
0.02500722326052879
0.02336502248204461
0.021830445837973222
0.020394428016459135
0.019053024148803277
0.01779809108465033
0.016626208689592418
0.015530080235937075
0.014506761824806277
0.013549727692459077
0.012656461167044202
0.011821134422350131
0.011041610358223607
0.010312689891629588
0.009632570399580525
0.008996617011037994
0.008403319763783754
0.007848548544199526
0.007331047873252967
0.0068471381328241415
0.0063957838974298105
0.005973706887142679
0.005580060986564347
0.0052119249797633075
0.00486861483189275
0.004547526697182125
0.004248114667285345
0.003968056806839782
0.003706924382441022
0.003462645780170277
0.0032348912069769596
0.003021811289960279
0.0028231593755872926
0.00263728341068204
0.0024640062427393186
0.0023018510468295955
0.002150698441467147
0.0020092272630802444
0.001877365846373551
0.0017539313674607025
0.0016388912860281419
0.001531185788126
0.0014308141409709713
0.0013368259747473714
0.0012492461515021683
0.0011672217396701593
0.0010907979387249115
0.0010192086275948083
0.0009525149096038675
0.000890028063120101
0.0008318213704364715
0.0007772751720464951
0.0007264718125573151
0.0006788533046662117
0.0006345084594750228
0.0005929344078505614
0.0005542242765844918
0.0005179244982808543
0.00048413074400395544
0.00045243358269517886
0.0004229297809704979
0.000395249453536276
0.0003694892876556079
0.0003453148609885655
0.00032282183828716195
0.0003017076261007918
0.00028206611910574765
0.0002636233154937328
0.00024647075687466444
0.00023036014695056246
0.0002153802292763736
0.000201305837811427
0.0001882225883440913
0.0001759261452859784
0.00016449876281605537
0.00015375488022493163
0.00014377323556688846
0.00013438520415499968
0.00012566591865224958
0.0001174620439897483
0.00010984507146848683
0.00010267548027111945
0.00009602112753062507
0.00008975498344638528
0.00008394131277753348
0.00007846438893132471
0.00007338495346490925
0.00006859751584035431
0.00006415938489082762
0.00005997434656755229
0.000056096383675643874
0.00005243769510412107
0.00004904905629876092
0.000045850301295506105
0.00004288912528928933
0.00004009229634199977
0.000037504562028802396
0.000035058991912760705
0.00003279752170347688
0.000030658951372197083
0.000028682541680735708
0.000026812306972606087
0.000025084969560597053
0.00002344929151547309
0.000021939591508848966
0.000020508957036610538
0.000019189435245355394
0.00001793805659992443
0.000016784725365794177
0.000015690068354161667
0.000014681971530298409
0.000013724343682841437
0.000012843172559883788
0.000012005363612391052
0.000011235121649316737
0.00001050208966417865
9.828799803135941e-6
9.187397116460511e-6
8.59884625281243e-6
8.037580174172686e-6
7.5230960482380434e-6
7.031919891785405e-6
6.5821762776284625e-6
6.152306863298469e-6
5.75915345228627e-6
5.382911715746914e-6
5.039225554869129e-6
4.709897326985052e-6
4.40945307314902e-6
4.121167470798432e-6
3.858524070119576e-6
3.6061472598048483e-6
3.3765489680233806e-6
3.1555913563845736e-6
2.954881277574274e-6
2.761416422016848e-6
2.585960980688518e-6
2.416554739531873e-6
2.263177698755921e-6
2.1148263201092506e-6
1.9807511356141447e-6
1.8508271564392452e-6
1.7336266110717787e-6
1.6198315767285046e-6
1.5173837748671208e-6
1.4177069164333496e-6
1.3281568300932377e-6
1.2408389481843536e-6
1.1625648170289275e-6
1.0860667121547868e-6
1.0176506788225522e-6
9.506255551594342e-7
8.908280044450391e-7
8.320973459257086e-7
7.798344783443517e-7
7.283669568582666e-7
6.826911872109414e-7
6.375842239845806e-7
5.976670496454673e-7
5.581306925115924e-7
5.23247718686298e-7
4.885905439917011e-7
4.581083948780843e-7
4.2772518018445346e-7
4.0109005689265043e-7
3.744510003144377e-7
3.5117867838209155e-7
3.278199705310092e-7
3.074870565906091e-7
2.870026343935245e-7
2.692389220808641e-7
2.5127325612767307e-7
2.357550423741327e-7
2.1999683023121037e-7
2.0644107314470233e-7
1.926177185431577e-7
1.8077692833807473e-7
1.686497153503883e-7
1.5830748800226744e-7
1.476673578143491e-7
1.3863446873671114e-7
1.2929832458801846e-7
1.2140931427076644e-7
1.1321678854175409e-7
1.0632697627564615e-7
9.91376028846435e-8
9.312047533805864e-8
8.68112140549957e-8
8.155614155045323e-8
7.601921251403799e-8
7.14294522361926e-8
6.657044107912806e-8
6.256139055833623e-8
5.829758997089083e-8
5.479525886150095e-8
5.1054217028874435e-8
4.7993892312678875e-8
4.4712143160233196e-8
4.20372197539132e-8
3.9159171221368704e-8
3.6820130375304996e-8
3.429709109964855e-8
3.225060558063926e-8
3.0039933821381095e-8
2.824808618503293e-8
2.6312444961547077e-8
2.4742043226875728e-8
2.304874835994877e-8
2.167072648714063e-8
2.019117461229913e-8
1.8980068876166318e-8
1.768923984612777e-8
1.6622730040074806e-8
1.5498749421575516e-8
1.4557257084386799e-8
1.3581013569284844e-8
1.2747350473553356e-8
1.190216217901272e-8
1.116122112125887e-8
1.0432544389099995e-8
9.771030312665397e-9
9.146203158458976e-9
8.552395933058533e-9
8.02041495888759e-9
7.48396150101974e-9
7.035287778927506e-9
6.547020002276132e-9
6.173409603974664e-9
5.725183912826239e-9
5.4195389055875895e-9
5.004094849722431e-9
4.760335401954255e-9
4.371171754053646e-9
4.184123966676392e-9
3.8153892331732725e-9
3.680687772302775e-9
3.3270825634485514e-9
3.2410869541198374e-9
2.897777998600885e-9
2.8575011937561554e-9
2.5200457776156085e-9
2.523090964710833e-9
2.1873682207625253e-9
2.231875868418834e-9
1.894024373217469e-9
1.978628176387304e-9
1.6349922777152279e-9
1.758780953727732e-9
1.405860413109196e-9
1.5683466041984977e-9
1.2027500655977412e-9
1.4038448337888073e-9
1.022248738005843e-9
1.2622416910835754e-9
8.613508287234876e-10
1.1408946516718094e-9
7.174059850992108e-10
1.0375052065167497e-9
5.88073059729712e-10
9.500775172703435e-10
4.712799244356119e-10
8.768821106673974e-10
3.6518994650140433e-10
8.164241367490532e-10
2.6816867277111826e-10
7.674145861134842e-10
1.7875302350897064e-10
7.287160374583566e-10
9.537230582922387e-11
6.972711072578285e-10
-0.0005533498332037838
-0.002218648490239344
-0.004987376899604697
-0.008865923697343011
-0.013843610156969076
-0.019923815267326894
-0.02709416282714936
-0.03535327928617917
-0.044685902685702744
-0.05508393317815013
-0.06652738920055912
-0.07899914924770159
-0.09247224139636649
-0.10691797895287697
-0.12229988000729139
-0.13857506805482556
-0.1556950149662077
-0.17360018933469096
-0.1922277465686981
-0.2114994856282127
-0.23133654990754832
-0.25164080394677085
-0.27231654628892615
-0.29324544560338583
-0.3143151981837362
-0.3353881744390219
-0.3563368826121471
-0.3770064821876528
-0.39725684919988447
-0.41691912391549035
-0.43584411842323
-0.4538530893778988
-0.47079218695648234
-0.48647768020484455
-0.5007561130874302
-0.5134442547916258
-0.5243945951100731
-0.5334303378292091
-0.5404158271874706
-0.5451869450931406
-0.5476260114988248
-0.5475879866876198
-0.5449793353131095
-0.5396804775544152
-0.5316280554138711
-0.5207341238211921
-0.506971211638967
-0.4902887928598865
-0.47070049102377326
-0.44819841251413994
-0.42284179505000946
-0.3946698085446135
-0.3637908905098478
-0.3302946178020451
-0.29434090601565366
-0.25607152996213395
-0.21569830335721676
-0.17341479050992134
-0.1294825499142532
-0.08414355579305492
-0.037703611876720104
0.009553988975063045
0.057288674462901604
0.10518711115738237
0.15288764708459626
0.20006232646684213
0.24634592150363466
0.2914146477401026
0.3349198570683824
0.3765625683614178
0.41603163110049773
0.45307316820302135
0.48743283266033516
0.5189193510032676
0.54735042264874
0.572609766441102
0.5945962644820159
0.613274231757352
0.6286255604155276
0.6406933046072147
0.6495367875980919
0.6552689537185601
0.6580145971793018
0.6579422143552854
0.6552256441775517
0.6500713103182686
0.6426835958203023
0.6332883812712224
0.6221024087137116
0.6093539170561596
0.5952561077584632
0.5800254953887921
0.5638594117875935
0.5469524799765387
0.529477927539049
0.5116024020949045
0.493470740547205
0.475219203745402
0.45696328089322225
0.4388093401233569
0.4208450349809021
0.40314934065588015
0.38578515900754723
0.3688077220174035
0.35225904579989004
0.33617471588359543
0.3205799027936455
0.30549458299282256
0.2909308871408774
0.27689684573901036
0.26339488960015367
0.250424235252086
0.23798039350578754
0.22605632519136495
0.2146428389545738
0.20372865403404983
0.19330158495184505
0.18334764695799075
0.17385293583023728
0.16480190564998395
0.15617985886326974
0.14797051721074203
0.14015904230119286
0.13272901029448478
0.1256658876505735
0.11895350956615863
0.11257793992563239
0.10652354312986155
0.1007771618717616
0.09532386219587063
0.09015136760581119
0.08524554810630831
0.0805950542509285
0.07618661258847127
0.07200980846504418
0.06805224270779281
0.06430441717701085
0.06075480063757641
0.05739477610703426
0.054213657636720904
0.051203663333816686
0.04835491915552508
0.04566042603311012
0.04311108172255759
0.04070061469509682
0.038420650542640905
0.03626558919465926
0.03422773831010038
0.03230211393279465
0.030481659669340203
0.028761954111526267
0.027136531366996626
0.025601481468032483
0.02415088495640276
0.022781295078362837
0.021487296594741953
0.020265860856272855
0.019112036780102384
0.018023171926740418
0.016994741632801093
0.0160244309917379
0.015108106427215058
0.014243755039957147
0.013427601424768001
0.01265790220021849
0.011931209593021585
0.011246020141707884
0.010599185469781728
0.009989415163060417
0.0094138342129806
0.008871340929894412
0.008359309738291614
0.007876805718683743
0.007421430765767768
0.006992396964852756
0.0065875135643013285
0.006206121902479241
0.005846220183027721
0.005507263089815172
0.005187420978318244
0.00488624765322058
0.004602070291412133
0.004334529124211983
0.004082094176803373
0.0038444808019269605
0.0036202891466822883
0.003409299636936384
0.0032102309581814753
0.0030229196949477935
0.0028461925338109377
0.002679934325043368
0.0025230701741435274
0.0023755262229299334
0.002236317284704215
0.0021054046424575424
0.001981884900647165
0.0018657490703692186
0.0017561683531039022
0.001653158734760461
0.0015559594766299029
0.0014646073748100466
0.0013784038104812067
0.001297402749552993
0.001220962295665781
0.0011491504104819007
0.0010813770144977666
0.0010177213061883102
0.0009576405633854225
0.0009012228299868993
0.0008479686867952202
0.000797972956980309
0.000750775836987754
0.0007064771511010468
0.000664653356460614
0.0006254077540385159
0.0005883500097878517
0.000553585599570915
0.0005207546189566399
0.0004899636149083973
0.00046088058115881
0.0004336122041611264
0.0004078520694673696
0.0003837062222120194
0.00036089173734743085
0.0003395133703497685
0.0003193097682006379
0.00030038386286470047
0.0002824941238818081
0.0002657412267925783
0.0002499018656447246
0.0002350741133687106
0.00022105142933640147
0.00020792901271944088
0.00019551575431700358
0.00018390377343890287
0.00017291617172802967
0.0001626418383322239
0.00015291696955400998
0.00014382712111044916
0.0001352205618658709
0.00012717945148549745
0.00011956319475614752
0.00011245052738037166
0.00010571113146568399
0.00009942031926008947
0.00009345726272254639
0.00008789387556108195
0.00008261809650044461
0.00007769848559843379
0.00007303108447149782
0.00006868116051958576
0.00006455224851036498
0.000060706397530097725
0.00005705407437231399
0.00005365419433116907
0.000050423640884832686
0.00004741828804035114
0.00004456096133458165
0.000041904592206345917
0.00003937751102505668
0.00003702981007250533
0.000034794921680205016
0.00003272020468453892
0.000030743822659919556
0.000028910508547928713
0.000027162814590652522
0.000025542956258636796
0.000023997558286565626
0.000022566426761142074
0.000021199967219117608
0.00001993568334416352
0.000018727492374562866
0.000017610700290538468
0.000016542487488870792
0.00001555606502971085
0.000014611647004152008
0.000013740449752161954
0.00001290550853431698
0.00001213614202173761
0.00001139801086296897
0.00001071862987163684
0.000010066103821098848
9.466233926317568e-6
8.889401662904986e-6
8.359781382600031e-6
7.849876543425927e-6
7.382317495939004e-6
6.93158655809449e-6
6.518849975779371e-6
6.12043633719421e-6
5.756123127312551e-6
5.403963131459257e-6
5.08241729621289e-6
4.771149240987282e-6
4.487371664549713e-6
4.212254660354732e-6
3.961827191779444e-6
3.71866962004271e-6
3.497687921734725e-6
3.282783876384951e-6
3.0877979172742526e-6
2.897871373662761e-6
2.725832673088074e-6
2.557987617712389e-6
2.406202718184944e-6
2.2578793479527644e-6
2.123968670428158e-6
1.9929041814188873e-6
1.874765459772102e-6
1.7589601907535656e-6
1.654736198905249e-6
1.5524229388192557e-6
1.4604729694985e-6
1.3700899950137595e-6
1.2889650460204513e-6
1.209132285482837e-6
1.1375523156384465e-6
1.0670507671839323e-6
1.0038848780141235e-6
9.416374400850634e-7
8.858869077448989e-7
8.309420536435922e-7
7.817245926910343e-7
7.3324225257238e-7
6.897783525274252e-7
6.470164714624535e-7
6.086175298643689e-7
5.70920970796974e-7
5.369786589790135e-7
5.0376926872483e-7
4.737458078162459e-7
4.445132729427358e-7
4.1793348891056776e-7
3.922277279010325e-7
3.686714314683243e-7
3.4609557202692753e-7
3.251912188871127e-7
3.053954714113082e-7
2.868138109041475e-7
2.6949031703356606e-7
2.5294036825601195e-7
2.3781787425393265e-7
2.230413949850797e-7
2.09881639743065e-7
1.9664998516904192e-7
1.8524355181018564e-7
1.733534523518789e-7
1.6351669386483524e-7
1.5278751839947114e-7
1.4435970605873895e-7
1.3463062213456825e-7
1.2747135194341258e-7
1.1859879944828274e-7
1.125856787048021e-7
1.0444137871115271e-7
9.946805046352346e-8
9.193681775234456e-8
8.791170471286721e-8
8.08897548746221e-8
7.773401854602318e-8
7.112766208535076e-8
6.877368711507287e-8
6.249809440466302e-8
6.088874975088129e-8
5.486628852916495e-8
5.3954003364499684e-8
4.81135164898683e-8
4.78591560571662e-8
4.2134459799218304e-8
4.250672042126285e-8
3.68363351489836e-8
3.781093018792694e-8
3.213716135109128e-8
3.369628138915985e-8
2.796423309509995e-8
3.0096335014070254e-8
2.4253387723568763e-8
2.6952578169218314e-8
2.0947884543175762e-8
2.42136564335315e-8
1.799735961580928e-8
2.183409874566937e-8
1.5357025654282214e-8
1.9774467404513996e-8
1.2987629941430127e-8
1.7999905298399118e-8
1.0853842316012596e-8
1.64799600922397e-8
8.924488900047404e-9
1.5188202592739986e-8
7.171841408673624e-9
1.4101113678406058e-8
5.570814623026868e-9
1.3198634913153572e-8
4.099349590571229e-9
1.2463360780951484e-8
2.7373696649114752e-9
1.1879544261520153e-8
1.4626936026218796e-9
1.1401579625208864e-8
-0.000837219737030006
-0.003408177034584649
-0.007715351743492534
-0.013890068746772831
-0.02198229935453643
-0.03217457014661194
-0.04454155102627757
-0.059281573160821666
-0.07646102733474387
-0.09625267256268824
-0.11867536821461609
-0.1438332588709001
-0.17165868190882363
-0.2021481604926817
-0.23511483499546992
-0.27041807095580755
-0.3077305855677654
-0.34675889667568616
-0.3870292107247514
-0.4280961381345387
-0.46935032816068867
-0.510212995249907
-0.5499672493903353
-0.5879361065133482
-0.623338505897547
-0.6554486625337452
-0.6834769107992996
-0.7067085062468916
-0.7244086923611942
-0.735939353126845
-0.7406870605463672
-0.7381562881332984
-0.7279186602114264
-0.7096817442891763
-0.6832573108140213
-0.6486050416343775
-0.6058173695782554
-0.5551378092836953
-0.4969599411064721
-0.4318205339788092
-0.3604105133265005
-0.28354362513471326
-0.20217778252468366
-0.11736069166763655
-0.03026074328290584
0.05790829133252344
0.14584679002244633
0.23226281203137408
0.31582120182547097
0.39525226014909665
0.46928895541629173
0.5367875354347695
0.5966510452340168
0.6479588622826453
0.6898746926901915
0.7217824279888339
0.7431770341046876
0.7538046805753543
0.753535380129134
0.7425059347663742
0.7209737698409951
0.6894618181059488
0.6485937006283063
0.5992402268953209
0.5423369214479089
0.47903238767301143
0.41049017878473015
0.3380398728662085
0.26296639951839806
0.18666525406025128
0.1104234800370114
0.0355808700010815
-0.03669235963467766
-0.10522647679755728
-0.16907250428193543
-0.22732381734560853
-0.2793293666461768
-0.3245056288496831
-0.36253886790426004
-0.39318864987380225
-0.4164768212505943
-0.43248549397518643
-0.441532164837862
-0.44396650765710594
-0.4403325459195343
-0.4311693897990818
-0.41716228702500036
-0.3989524172115059
-0.37727885941306827
-0.35280174065172737
-0.3262367646849869
-0.2981946441225561
-0.26930908207054394
-0.24009384239533185
-0.21106426259821492
-0.18261186744888885
-0.15511886300908811
-0.12884910553211684
-0.10405471374593181
-0.08088155927295627
-0.059467145906487856
-0.03985855860830142
-0.02210101513272803
-0.006166290904326602
0.007968267537603825
0.02038256515237949
0.031144093523014255
0.040363400226444815
0.04813324596409571
0.05457780996100961
0.059799908448388644
0.06392477063673328
0.06705443285111697
0.06930673172853787
0.07077595681316871
0.0715675799307733
0.07176428585918145
0.07145687473576458
0.07071486936647622
0.06961397544045372
0.06821056311922874
0.06656603489779665
0.06472458237046982
0.06273478482455339
0.06063013947437013
0.0584481900062021
0.05621341485925689
0.053954161375714044
0.05168755002767751
0.049434465820441066
0.047206196884991336
0.04501771053205727
0.042875793681343526
0.040790817052422365
0.03876618422478824
0.03680876452661067
0.03491948890868596
0.03310261066459274
0.03135731137920334
0.029685929035373763
0.02808645742596921
0.02655986362877125
0.025103380567793265
0.0237170202911626
0.022397572687718775
0.021144407393399758
0.019954102696609778
0.01882561707239585
0.01775548153649157
0.01674241159307141
0.015783004103067478
0.014875851631756568
0.014017691573412504
0.013207077310771509
0.012440933098804358
0.01171782992890898
0.0110349046844936
0.01039078297729802
0.009782825477559015
0.00920973513038793
0.00866909742279989
0.008159705170164885
0.007679362900492306
0.007226958734900575
0.006800506099991177
0.006398989016853586
0.006020617060370228
0.005664467555376068
0.005328932116281236
0.005013176769456678
0.004715760570734046
0.004435932483090645
0.004172404508595533
0.0039245022080550505
0.0036910765208743586
0.0034715230942204247
0.003264818528308418
0.003070422138708811
0.0028874237766781247
0.002715340274497493
0.0025533632563275576
0.002401061285999622
0.0022577172314171066
0.0021229460245720763
0.0019961121767209716
0.0018768720685195246
0.0017646631447371525
0.0016591787594460855
0.0015599214183111196
0.0014666174033719748
0.0013788271899892591
0.0012963063485612375
0.0012186669519270417
0.0011456905967669217
0.0010770352392363515
0.0010125055899653005
0.0009518003725337484
0.0008947448161233761
0.0008410738378099297
0.0007906308791599454
0.0007431829663736492
0.0006985897045625692
0.0006566465869609758
0.0006172275662553512
0.0005801533545138675
0.0005453106454689718
0.0005125424777746693
0.00048174686228429043
0.000452786590959109
0.0004255697329669938
0.00039997654417316353
0.000375924039408362
0.0003533079028730769
0.00033205311127375157
0.00031206896868116337
0.00029328754441422793
0.0002756301572911579
0.00025903519980576234
0.00024343458017501963
0.00022877233560015368
0.00021498969652313256
0.00020203574738887953
0.00018985991801592571
0.00017841580816328715
0.00016766005395764389
0.0001575503004233725
0.00014804950886101396
0.00013911895390463348
0.00013072714209228997
0.00012283860957220565
0.00011542671726302842
0.00010845893706954774
0.0001019128734819293
0.00009575864442875835
0.00008997755831881693
0.00008454212253578254
0.00007943687180506908
0.00007463647552913756
0.00007012827335352297
0.0000658888932445119
0.00006190810925981366
0.000058164326736846076
0.000054649426460087565
0.00005134343017060428
0.00004824003693334343
0.0000453207414824855
0.000042580806495267185
0.000040003071974075655
0.00003758414138529314
0.000035308084099966664
0.00003317264817272129
0.00003116303007150852
0.00002927795017044419
0.00002750363935740909
0.000025839639672246366
0.000024273133683261502
0.000022804352653571852
0.00002142135555213593
0.000020124948701069373
0.00001890399941697458
0.000017759788368322105
0.000016681930344424287
0.000015672092366535568
0.000014720581967670704
0.000013829376483171528
0.00001298942549173838
0.000012202950488597564
0.000011461498165775395
0.000010767476857918828
0.000010112988767724184
9.500579494670192e-6
8.922869475848899e-6
8.382498999598292e-6
7.872571829851357e-6
7.395786543004799e-6
6.94569930107303e-6
6.5250348939686724e-6
6.127773934179464e-6
5.7566407282444245e-6
5.406013234834017e-6
5.078593020213998e-6
4.769130966836972e-6
4.480287046762093e-6
4.207163368749941e-6
3.952361351942674e-6
3.711313695793284e-6
3.486550289082296e-6
3.2738163261598127e-6
3.0755579762586024e-6
2.887815915109729e-6
2.7129430585210896e-6
2.5472605568064633e-6
2.393020221057392e-6
2.246808744425577e-6
2.110770714645534e-6
1.9817454734242353e-6
1.8617649469142016e-6
1.747909166687393e-6
1.642093503677997e-6
1.5416273754097345e-6
1.4483058587335553e-6
1.359658058694805e-6
1.277356310880869e-6
1.199140370681435e-6
1.1265571089991806e-6
1.0575488483748078e-6
9.93535844850605e-7
9.32656091779524e-7
8.761997269592213e-7
8.224954725170934e-7
7.727017855342411e-7
7.253321600440552e-7
6.814117700387535e-7
6.396350732490354e-7
6.008915105524111e-7
5.640530508117073e-7
5.298716935429706e-7
4.973938353858067e-7
4.672326146075718e-7
4.386061650603995e-7
4.119862133090802e-7
3.867622549037972e-7
3.6326145659753667e-7
3.4104325991837187e-7
3.2028829681013077e-7
3.0072683530898536e-7
2.8238845036799253e-7
2.651754375840949e-7
2.4896352345567254e-7
2.3382764194984373e-7
2.1948493105963824e-7
2.0618709751175248e-7
1.9348691727239167e-7
1.8181644892407054e-7
1.7055873850742778e-7
1.60329869873897e-7
1.5033746532207684e-7
1.4138688669993872e-7
1.32503351781759e-7
1.246879186975626e-7
1.1677456180675744e-7
1.0996754073532634e-7
1.0290162615033004e-7
9.699240643374682e-8
9.06655326306667e-8
8.55572302757901e-8
7.987248412531529e-8
7.54796938286889e-8
7.035137493793921e-8
6.659997044019898e-8
6.19517118795723e-8
5.877656738206658e-8
5.454046174798839e-8
5.188527958085023e-8
4.800034487496321e-8
4.581619729648526e-8
4.2227953744641825e-8
4.04722334340895e-8
3.7131722224948745e-8
3.576877548178849e-8
3.2631339129062505e-8
3.1630008659088005e-8
2.86558261583835e-8
2.7990022694871695e-8
2.5142315251515077e-8
2.4790269287979938e-8
2.2035391632571574e-8
2.1979247138325603e-8
1.9286385993229658e-8
1.9512000829638735e-8
1.6852107980382627e-8
1.7348501810058637e-8
1.4694395698111032e-8
1.5453907821491245e-8
1.2779957288116686e-8
1.3797065974855738e-8
1.1078460809040677e-8
1.2350665513800815e-8
9.564138643779298e-9
1.109107521499231e-8
8.213174263517396e-9
9.997384140416467e-9
7.005404175976715e-9
9.050954722316542e-9
5.921892411777975e-9
8.235882561608029e-9
4.946733543932488e-9
7.538140011873588e-9
4.065852318980465e-9
6.94537559273986e-9
3.2662631958550935e-9
6.4465970613675605e-9
2.5357405570123777e-9
6.032732614307213e-9
1.865278137252771e-9
5.6962145350676e-9
1.2450707222429207e-9
5.4287251428191775e-9
6.651964486049081e-10
5.2110032759335644e-9
-0.0013284372132382782
-0.00525979333453115
-0.011689614380718395
-0.020442736281420737
-0.03128504024032893
-0.04390498343837471
-0.05797827853093474
-0.0730913890607231
-0.08886732989604906
-0.10483403119513955
-0.12060653246955538
-0.13570249881207086
-0.1497758916608113
-0.16238187186019912
-0.1732572267846357
-0.1820368782626838
-0.18857671047200453
-0.19262396121923897
-0.19417857007798178
-0.19311983542266206
-0.18960293512066598
-0.1836443376617315
-0.17555069199188827
-0.16546556248253483
-0.1538284089263452
-0.14088526919922312
-0.12717604348323802
-0.11301179486547042
-0.09898901692050707
-0.08543629091292101
-0.07295465702963388
-0.06183647782127214
-0.05263143707530596
-0.0455406052029413
-0.041007911894384665
-0.03909254646993743
-0.04008591753121636
-0.04386557779998469
-0.050537611289911036
-0.059775171786307986
-0.07148586069786274
-0.08513766271323497
-0.10045018224925331
-0.11671025494554145
-0.1334849559660283
-0.14992853188868954
-0.16551400857480242
-0.17933244578825971
-0.19083892948483996
-0.19914464087565903
-0.2037721952313427
-0.20394075500129843
-0.19932521230367403
-0.18933462112577118
-0.17386968079435464
-0.15259510085156852
-0.1256902174182271
-0.09311645831319586
-0.05535664299383524
-0.012679374895488685
0.034136458144141436
0.08453787643767154
0.13749046700172343
0.19221208160919223
0.24748380110465157
0.3023775723988111
0.3555853808866582
0.406136899379291
0.45274557062572796
0.49451215181004304
0.5302853762693955
0.5593473473662854
0.5807857561055079
0.5941575279438825
0.5988694051413677
0.5948171783947993
0.5817719209907818
0.5599935484508364
0.5296210978712416
0.49126110642463955
0.44538186679110564
0.39287890026786004
0.3344747420012418
0.2712652246019271
0.2041276584187473
0.13425239300212502
0.06256294166368159
-0.009762832371457206
-0.0818571700170136
-0.15264820466445733
-0.2214062510025906
-0.28723467859567337
-0.349596416226616
-0.4078097173928951
-0.46155443974702387
-0.5103740128717864
-0.5541619966346384
-0.5926726070545472
-0.6259886044376989
-0.6540432155473386
-0.6770705341446794
-0.6951416422954937
-0.7085985158598682
-0.7176067371011542
-0.7225735322877622
-0.7237188568411534
-0.7214777951417423
-0.7160911437223471
-0.7079920790984983
-0.6974167718980347
-0.6847750302525699
-0.6702810035643295
-0.6543074446871152
-0.6370362190295121
-0.6187958763719289
-0.5997314550866061
-0.5801251783259678
-0.560084908080605
-0.5398479438785001
-0.5194874095412437
-0.4991993050043337
-0.47902607661207924
-0.45912723298059727
-0.43951934049972435
-0.4203306500543132
-0.4015567621616511
-0.383299817778717
-0.3655390861030401
-0.34835534948962776
-0.3317156784218503
-0.31568369061338547
-0.3002177909496947
-0.28536801234790377
-0.2710870134432916
-0.25741421824446115
-0.24429888118137022
-0.23177223827248114
-0.21978196799231117
-0.20835305227869452
-0.1974329825268812
-0.18704200730086076
-0.17712845549763637
-0.1677090214587385
-0.15873360167085718
-0.15021623892037692
-0.14210889446084402
-0.13442364224137157
-0.12711482488083786
-0.1201930578222725
-0.11361524431624596
-0.10739091828440439
-0.10147962047032107
-0.09589007833721427
-0.0905844722824171
-0.08557092134183823
-0.08081419463259434
-0.07632194321485869
-0.07206143751100348
-0.06803995849931462
-0.06422716660765468
-0.06063003955657745
-0.05722050200533924
-0.05400527285488904
-0.05095840768855441
-0.048086395160673694
-0.04536528595468035
-0.04280135602273022
-0.040372516373684615
-0.03808484033805335
-0.03591796798468329
-0.0338777752256852
-0.03194550507272286
-0.030126838208925963
-0.028404500647360532
-0.026783978334074723
-0.02524936710024887
-0.023805957865955216
-0.022439110120012692
-0.021153919301593386
-0.019936909448370347
-0.01879298029817484
-0.017709728264160746
-0.01669185764844356
-0.015727951759634023
-0.014822520347832005
-0.013965054537720402
-0.013159871087719708
-0.012397295915166738
-0.011681455032724712
-0.011003441817373824
-0.010367194436484347
-0.009764511715779692
-0.009199147480717809
-0.008663548950398134
-0.008161289649603958
-0.0076854127327615875
-0.007239315932353346
-0.006816590137206749
-0.00642046218594537
-0.006045026432264466
-0.0056933440419644375
-0.005359972184370184
-0.0050478118296468895
-0.004751845648098049
-0.004474820080228808
-0.004212109048840629
-0.003966310260110292
-0.0037331574634107668
-0.0035151055026936624
-0.003308219112926477
-0.0031148161815720025
-0.0029312659598355597
-0.002759755278217398
-0.0025969336103003776
-0.0024448625815703053
-0.002300449592366614
-0.002165636840893518
-0.002037569185556666
-0.0019180750744015528
-0.0018045180295719033
-0.0016986183068411868
-0.0015979408324823796
-0.001504103085035655
-0.0014148555450743663
-0.0013317181716855414
-0.001252612441635481
-0.0011789658871828286
-0.0011088576016838579
-0.001043627608772994
-0.000981500323999586
-0.0009237330006698095
-0.0008686840714562654
-0.0008175325722961491
-0.0007687605614298406
-0.000723473225808621
-0.0006802666856638816
-0.0006401764605289763
-0.000601903938818919
-0.0005664189658603648
-0.000532520105128414
-0.0005011153372018982
-0.0004710929510619375
-0.0004433026895479465
-0.00041671570878775354
-0.0003921269657551641
-0.0003685841654144927
-0.00034683075477241526
-0.00032598516991264406
-0.0003067424567646515
-0.00028828641895346427
-0.0002712666477347286
-0.00025492737331777405
-0.0002398755177199817
-0.00022541118124360217
-0.00021210125282469962
-0.00019929750271828006
-0.0001875292747732917
-0.00017619613358048843
-0.0001657922288529083
-0.00015576134282731095
-0.00014656464598649326
-0.0001376868397172807
-0.00012955820197777418
-0.00012170130918582152
-0.00011451751105795522
-0.00010756444679842892
-0.00010121638649870667
-0.00009506343671004174
-0.0000894545255187514
-0.0000840098303900822
-0.00007905456777796445
-0.00007423677291157738
-0.00006985948387144409
-0.00006559654717673021
-0.00006173025962785632
-0.00005795838944463168
-0.00005454383988758733
-0.00005120655637769022
-0.000048191310306944867
-0.00004523860981739337
-0.00004257627887497041
-0.000039963896471512865
-0.00003761344564232736
-0.00003530219807353219
-0.00003322733210190844
-0.000031182539320838837
-0.000029351158608205875
-0.000027542124993706796
-0.00002592584323893168
-0.000024325404498084603
-0.000022899122160766355
-0.000021483240072155864
-0.000020224766304580695
-0.000018972169730426525
-0.000017861887141955526
-0.000016753754083534175
-0.000015774322122734453
-0.000014794000024335303
-0.000013930090397478782
-0.000013062846896478005
-0.000012300914452051063
-0.00001153371653388001
-0.000010861789288068538
-0.00001018310778397472
-9.590608438032599e-6
-8.99024367395003e-6
-8.467826066289127e-6
-7.936758362553922e-6
-7.476164566993452e-6
-7.00641628599105e-6
-6.600352146260211e-6
-6.184866902501025e-6
-5.826888477433096e-6
-5.459427729266534e-6
-5.143842800462633e-6
-4.818888206714991e-6
-4.540668820872213e-6
-4.253342617234566e-6
-4.00804804728769e-6
-3.7540372105233305e-6
-3.5377448609855547e-6
-3.313237120184416e-6
-3.122482800242434e-6
-2.9241078585859414e-6
-2.755831536898619e-6
-2.58061294038949e-6
-2.4321115934102693e-6
-2.2774166470225704e-6
-2.1463026501463586e-6
-2.00980817868482e-6
-1.8939712222909476e-6
-1.7736233753818056e-6
-1.67119999563109e-6
-1.56518661795111e-6
-1.4745282790905743e-6
-1.3812504867214827e-6
-1.300900047069109e-6
-1.2189474036599738e-6
-1.1476147650431903e-6
-1.0757435667608223e-6
-1.0122888651931286e-6
-9.494029169152906e-7
-8.928156871656696e-7
-8.37950488973813e-7
-7.873355411683002e-7
-7.396424131016036e-7
-6.942049179403528e-7
-6.529397268137019e-7
-6.119726569333012e-7
-5.764833640368111e-7
-5.393578852380972e-7
-5.090735821314089e-7
-4.752294543624389e-7
-4.49650907800971e-7
-4.1858568866805014e-7
-3.9728157834298013e-7
-3.685454802502061e-7
-3.511403069471767e-7
-3.2432886833952587e-7
-3.104996429840468e-7
-2.8524662191536465e-7
-2.747171664760726e-7
-2.506907526210377e-7
-2.4322660817021796e-7
-2.201240596543361e-7
-2.155291377960914e-7
-1.93071228939443e-7
-1.9118345605556627e-7
-1.6911367886255825e-7
-1.6980237757543077e-7
-1.4788009399907014e-7
-1.510440775320166e-7
-1.2904290340809348e-7
-1.3460575657018213e-7
-1.1231150406716075e-7
-1.2022341718626404e-7
-9.742903245783586e-8
-1.076621052241518e-7
-8.416850850392316e-8
-9.671790854373569e-8
-7.232984542096154e-8
-8.720913108132151e-8
-6.173331167101793e-8
-7.89781372505649e-8
-5.22203692944952e-8
-7.188634783179603e-8
-4.365213658753788e-8
-6.581128808356318e-8
-3.5901665749194364e-8
-6.064616326232103e-8
-2.8858191621073062e-8
-5.6298418037968126e-8
-2.2422118026148587e-8
-5.2687990207048e-8
-1.6503863297992758e-8
-4.974376888322151e-8
-1.102280316771292e-8
-4.740409424289012e-8
-5.892042547265202e-9
-4.5485376626338256e-8