2.080497341019897e-6
0.000012482199344412605
0.00004275718270556192
0.0001008661770994367
0.00019677362035137028
0.00033904453135108107
0.0005368558597188151
0.0007985274880438622
0.0011325322018903388
0.0015466412126862426
0.0020485328481574094
0.0026452197499717825
0.0033434563369691304
0.004149321071875527
0.0050685091978888
0.00610601139847039
0.007266335960181547
0.008553253145115767
0.009969972015374218
0.011518933058769387
0.013201955207341451
0.01502006600390645
0.016973628715048185
0.019062202869208063
0.02128465771107218
0.023639057791645338
0.02612276645114463
0.028732352117606472
0.03146368368625381
0.03431185379472511
0.0372712667703299
0.04033557572849586
0.04349776314848078
0.04675008938214778
0.05008416585126853
0.05349091352735786
0.05696062912815221
0.060482953296186845
0.06404693085762075
0.06764098966275492
0.07125299676461085
0.07487025001893004
0.07847953274422773
0.08206712104429176
0.0856188399613083
0.08912008995563077
0.09255590765697243
0.0959110149523014
0.09916988714065379
0.10231682763214811
0.10533604562355532
0.10821175851049954
0.11092828012546951
0.1134701516014634
0.115822239718823
0.1179698950858151
0.11989905816402724
0.12159644120105807
0.1230496370168422
0.12424731816995103
0.1251793406934321
0.12583695072225648
0.1262128724012663
0.12630150912809868
0.12609900240996544
0.12560341269635228
0.12481473479944505
0.12373504279879588
0.12236844849585025
0.12072119670356939
0.11880155652289735
0.1166198577058591
0.11418831025616608
0.11152097912018806
0.10863353506554227
0.10554317278217384
0.1022683040214033
0.09882843195693693
0.09524380476325021
0.09153526538041047
0.08772388874481155
0.08383082974580802
0.07987696924482297
0.07588278332276797
0.07186802166200376
0.0678516180959785
0.0638514201359961
0.059884154884002214
0.0559652212646576
0.052108717556845374
0.04832729942454235
0.04463226694970633
0.04103348319764167
0.03753951104274372
0.0341575800631648
0.030893757838645113
0.027752948499695493
0.024739080394701247
0.021855118243972228
0.019103249471650485
0.016484893701266642
0.014000873388076176
0.011651408808775101
0.00943626409972721
0.00735472188855778
0.005405702203942269
0.0035877171129328447
0.0018989658227403295
0.0003372747757263746
-0.0010998235984771131
-0.0024151569182618298
-0.003611841284077221
-0.00469334459621217
-0.0056634137875711055
-0.006526128384915922
-0.007285820826966003
-0.007947116466959345
-0.008514844850182867
-0.008994065964950209
-0.009389973803497124
-0.009707911691676391
-0.00995327195943539
-0.010131505007893117
-0.010248020079665776
-0.010308193190040792
-0.010317273852245477
-0.010280396321585785
-0.010202496043267185
-0.010088327268593449
-0.009942391429262055
-0.00976896255899843
-0.009572028202456609
-0.009355322598913803
-0.009122279418838754
-0.00887607156925497
-0.008619574168965808
-0.008355409194711205
-0.00808591667153033
-0.007813202156712076
-0.00753911405977817
-0.007265292055834242
-0.00699314864556406
-0.006723916881093807
-0.006458634614376226
-0.006198190299491164
-0.005943308763158588
-0.005694594236931592
-0.005452516851056374
-0.005217452397620825
-0.004989669061583326
-0.0047693636967686345
-0.004556648550929609
-0.004351584044434914
-0.004154165420061929
-0.003964352154832822
-0.0037820545786940818
-0.00360716013461248
-0.0034395200757427642
-0.003278972830716534
-0.0031253309190619055
-0.002978401690013257
-0.0028379746021021464
-0.0027038395952467906
-0.002575774871687596
-0.002453563140717778
-0.0023369800212828407
-0.002225808372402791
-0.002119827417544525
-0.002018825345569997
-0.00192258923651662
-0.001830916090319416
-0.0017436036147233267
-0.001660459813512128
-0.0015812946808827586
-0.0015059284581481402
-0.0014341842653807565
-0.0013658951157421689
-0.0013008975045216969
-0.0012390372532902834
-0.0011801640684029004
-0.0011241362727986465
-0.0010708163402835032
-0.0010200745606772773
-0.0009717855523772839
-0.0009258308963438393
-0.0008820966272259773
-0.0008404748630335793
-0.0008008622741786645
-0.0007631607283181594
-0.0007272767367470262
-0.0006931211275471007
-0.0006606094696480082
-0.0006296607818698464
-0.0006001989364549043
-0.0005721504066673598
-0.000545446653550062
-0.000520020910299092
-0.000495811558302866
-0.0004727579424207928
-0.00045080474493188144
-0.00042989682202961336
-0.00040998458707786214
-0.00039101785500391366
-0.0003729522491873284
-0.00035574203694116376
-0.00033934757740416657
-0.00032372712789455004
-0.0003088453533237281
-0.0002946640798433903
-0.0002811518895372513
-0.0002682737944355531
-0.000256001943551201
-0.0002443041869856006
-0.0002331559257629169
-0.00022252753236388573
-0.000212397377277313
-0.00020273806886497811
-0.00019353069409266423
-0.00018474983712922003
-0.00017637907534612281
-0.000168394732478625
-0.0001607826747028063
-0.00015352075050940626
-0.00014659693549248337
-0.0001399904073083367
-0.00013369109173923022
-0.0001276793172122773
-0.00012194681875447466
-0.00011647491251875762
-0.00011125701842834046
-0.00010627529098691456
-0.00010152472573496558
-0.00009698817829949472
-0.00009266212425899176
-0.00008852999389962867
-0.00008458965973110706
-0.0000808250097513011
-0.00007723524166882112
-0.00007380459262497028
-0.00007053352419136258
-0.00006740652143967841
-0.00006442525799487856
-0.00006157437207075827
-0.000058856706287812354
-0.000056256962794486204
-0.00005377911821626144
-0.0000514078542424404
-0.00004914825397821212
-0.00004698489837382586
-0.00004492395641970101
-0.00004294983152627341
-0.00004106976444060944
-0.00003926790712610011
-0.00003755256401632905
-0.0000359075640813626
-0.00003434227307628993
-0.00003284012729863057
-0.00003141155685973209
-0.000030039537119093853
-0.000028735570719967452
-0.000027482104808914272
-0.000026291727656036252
-0.000025146291517955205
-0.00002405948812593604
-0.000023012508397322748
-0.000022020169947091663
-0.00002106293578733947
-0.000020156776309727773
-0.000019281359610900296
-0.000018453840131282452
-0.000017653023284923426
-0.000016897283152873003
-0.0000161644936419612
-0.000015474288346265235
-0.00001480353949718209
-0.000014173184338389864
-0.00001355902163557069
-0.000012983340691075258
-0.000012420793119574148
-0.000011895072989468909
-0.000011379608919213616
-0.000010899556796003242
-0.000010427043972131092
-9.988749618246057e-6
-9.555418866734503e-6
-9.155320129584975e-6
-8.757732419916577e-6
-8.392583944666142e-6
-8.02760049364184e-6
-7.694445333018371e-6
-7.359200457952869e-6
-7.0553443049071916e-6
-6.747220768279254e-6
-6.470208562065076e-6
-6.186815171440834e-6
-5.934409856273989e-6
-5.67356110658381e-6
-5.443724340493428e-6
-5.203421907270953e-6
-4.9942965388554725e-6
-4.77271244957389e-6
-4.582606596910796e-6
-4.378067922372088e-6
-4.205440508066821e-6
-4.016415432638598e-6
-3.859863036776448e-6
-3.6849481789988574e-6
-3.543193090664843e-6
-3.381101958255667e-6
-3.2529813148619147e-6
-3.102533787903095e-6
-2.9869897027821685e-6
-2.8471024517549824e-6
-2.7431730375608376e-6
-2.612850787966867e-6
-2.519661998127189e-6
-2.397989564290981e-6
-2.314747774723496e-6
-2.2008827917592087e-6
-2.1268680579366117e-6
-2.0200343487949665e-6
-1.954594276011227e-6
-1.854075792691122e-6
-1.7966199660135306e-6
-1.7017552539839746e-6
-1.6517501759802177e-6
-1.5619273128815616e-6
-1.5188918057777459e-6
-1.4335437720288617e-6
-1.397044801955776e-6
-1.315645241604922e-6
-1.2852941276163947e-6
-1.207353465293165e-6
-1.1828024402209484e-6
-1.1078643196266774e-6
-1.0888034125855002e-6
-1.0164414285822598e-6
-1.0025956394224915e-6
-9.324103350414271e-7
-9.235370769106455e-7
-8.55153182729278e-7
-8.510399693627127e-7
-7.841038587801859e-7
-7.845662170126785e-7
-7.187435615555104e-7
-7.236231494936343e-7
-6.585967524017804e-7
-6.677596639309227e-7
-6.032274560203213e-7
-6.165627016277838e-7
-5.522358838138215e-7
-5.696540275153797e-7
-5.052553464433537e-7
-5.266872907862559e-7
-4.619494317902572e-7
-4.873453371812981e-7
-4.2200942695818965e-7
-4.513377562652665e-7
-3.8515195981675013e-7
-4.18398637444668e-7
-3.511168440984928e-7
-3.8828452174397754e-7
-3.1966510630904694e-7
-3.6077252849307983e-7
-2.905771818908673e-7
-3.35658642788881e-7
-2.6365126419190234e-7
-3.1275615175874534e-7
-2.387017936488953e-7
-2.918942133942428e-7
-2.1555807476293142e-7
-2.729165497886719e-7
-1.9406300975793566e-7
-2.5568025097317037e-7
-1.740719379430593e-7
-2.400546817961416e-7
-1.5545157287443993e-7
-2.2592048357831244e-7
-1.3807902869327013e-7
-2.1316866086834258e-7
-1.218409275242459e-7
-2.0169974576382463e-7
-1.066325791687652e-7
-1.9142303451688883e-7
-9.23572318295719e-8
-1.822558917878933e-7
-7.89253815084425e-8
-1.741231116248812e-7
-6.6254139441206e-8
-1.6695633533193895e-7
-5.4266650400047136e-8
-1.6069351994426664e-7
-4.2891558817778655e-8
-1.552784515347938e-7
-3.206250935290502e-8
-1.506602356285331e-7
-2.1717170033367003e-8
-1.4678873091330335e-7
-1.1763784320774133e-8
-1.433520126457195e-7
-3.1411237743060435e-6
-0.000018845219051977925
-0.00006453122832871983
-0.00015216214601422072
-0.00029666877136499373
-0.0005107927461287821
-0.0008081037406102264
-0.0012007573117875931
-0.0017010011278576346
-0.0023198566189524565
-0.0030680205882686255
-0.003954968525711259
-0.004989555081009489
-0.006179348040528413
-0.007531060031796025
-0.009050024264014328
-0.010740525725783134
-0.012605371326798268
-0.014646159818757038
-0.01686291808640816
-0.019254333851799213
-0.021817439314144725
-0.024547821888058735
-0.02743934136523001
-0.030484328569464682
-0.03367332519158713
-0.036995277149579064
-0.04043728858337629
-0.04398481540252227
-0.047621427357619886
-0.05132900745208194
-0.055087518835416426
-0.058875217119385266
-0.06266842202950414
-0.0664417517727797
-0.07016790269621488
-0.07381791726417782
-0.07736097814993546
-0.0807647237973064
-0.08399506632072956
-0.08701657100047243
-0.08979231021319804
-0.09228432567452659
-0.09445353353174585
-0.0962602907216462
-0.09766436911956705
-0.09862564939170132
-0.09910418360890802
-0.09906103971511394
-0.09845846996898756
-0.09726092371425481
-0.09543533011007664
-0.09295228278065266
-0.08978642624968822
-0.08591779056491598
-0.08133224007988038
-0.0760228992753905
-0.06999058205414578
-0.06324520609039386
-0.055806077532319
-0.04770314971307964
-0.03897700368885434
-0.029679781285166938
-0.019874690271849807
-0.00963644535103298
0.0009498496105480711
0.0117888761107597
0.022776924488553618
0.033802724020127115
0.04474995328073179
0.05549865218778689
0.06592827805712145
0.07591950310255632
0.08535755698245495
0.09413410882978614
0.10215055185540604
0.10931961019684572
0.11556819279791561
0.12083837138427792
0.12508947210744578
0.1282981470196184
0.130459480009383
0.13158600933713438
0.13170778066004316
0.1308703474008032
0.12913387784807098
0.1265703296290773
0.12326187468673598
0.11929757914145611
0.11477151706902892
0.10977935961245282
0.10441658389526948
0.09877537064631782
0.09294327171752728
0.0870007358030841
0.0810204875789198
0.07506586510272055
0.06919101132055235
0.06344004568844143
0.05784800952790957
0.05244074454149187
0.04723640249946089
0.04224579665672534
0.03747421016762991
0.032921942540500244
0.028586141276302733
0.02446128684945453
0.020540821990830106
0.016817390962070532
0.013284129784146679
0.009934573256392232
0.006763569275916952
0.0037668619868681022
0.0009416779935717623
-0.0017139360842182785
-0.004200755256762288
-0.006519172075014793
-0.008668950365934024
-0.010650043505992392
-0.0124623596364328
-0.014106517023523418
-0.015583553368589211
-0.01689556990601575
-0.018045355142680783
-0.019036905034899094
-0.019874963321430093
-0.020565431635297747
-0.021114849170852726
-0.021530721065226795
-0.02182096880466082
-0.021994208789866604
-0.022059204100936033
-0.022025121140866008
-0.021901006862394656
-0.02169604352102383
-0.021419066753888567
-0.021078829862434693
-0.02068356979164168
-0.020241284974810855
-0.01975934970808366
-0.019244804316592597
-0.018704014107822513
-0.01814296754444543
-0.017566973717240444
-0.016980962966689744
-0.016389216159332073
-0.01579566224316191
-0.015203632991197815
-0.014616152776164973
-0.014035713378038925
-0.013464552396999322
-0.012904443851683904
-0.012356962827695874
-0.01182328868887628
-0.01130445461165148
-0.010801161174285449
-0.01031401027568902
-0.009843327610383113
-0.009389381101139061
-0.00895221130948021
-0.00853183494208528
-0.008128082617667563
-0.007740788271946592
-0.007369633935461807
-0.007014326000734686
-0.006674446798359548
-0.0063496187391910534
-0.006039362538580266
-0.005743250235146267
-0.005460769932405235
-0.0051914686465351
-0.004934823427236372
-0.004690374918901512
-0.004457604701837566
-0.004236060375065882
-0.004025238933586158
-0.003824704103498566
-0.003633975546898127
-0.003452639106251077
-0.00328024160794423
-0.003116394604677354
-0.0029606745330728193
-0.00281272048214532
-0.002672139449566696
-0.0025385986105903894
-0.002411735412282407
-0.0022912447698621424
-0.002176793736394779
-0.002068104013298731
-0.0019648709346987356
-0.0018668416434181009
-0.001773738134316015
-0.0016853314152008277
-0.0016013683614621572
-0.0015216421547312755
-0.0014459227078438461
-0.0013740236517549428
-0.0013057360996831862
-0.0012408924311775918
-0.0011793031748189116
-0.0011208178196671858
-0.0010652646062788234
-0.0010125085799557818
-0.0009623940900407587
-0.0009148002841775508
-0.0008695861266562468
-0.0008266435195903579
-0.0007858446612795241
-0.0007470929681545547
-0.0007102726037157278
-0.0006752973638561562
-0.0006420622171687091
-0.0006104903057405574
-0.0005804863462330799
-0.0005519818893398637
-0.0005248904396987578
-0.0004991511085486515
-0.00047468531865492604
-0.00045143897585222067
-0.0004293406342100538
-0.0004083423044659314
-0.00038837896127015477
-0.0003694080995079617
-0.0003513704732333953
-0.0003342285038850976
-0.0003179281467754046
-0.0003024362489785355
-0.00028770344635548685
-0.0002737005622591686
-0.0002603824441834597
-0.00024772348876803623
-0.0002356823328732272
-0.00022423658512254108
-0.00021334829187353273
-0.00020299794964746598
-0.00019315067242079068
-0.0001837895544336174
-0.0001748824696095981
-0.00016641484935664292
-0.00015835705101802303
-0.0001506966097113023
-0.000143406117435344
-0.00013647500339804546
-0.0001298778705029765
-0.00012360585404430643
-0.000117635366688905
-0.00011195908094542382
-0.00010655503861819875
-0.00010141729737075433
-0.00009652536583228523
-0.00009187455019960144
-0.00008744568031353064
-0.00008323518768126175
-0.00007922509278648667
-0.00007541284101992927
-0.00007178152674159137
-0.00006832950856258163
-0.00006504085023817767
-0.00006191473217004809
-0.00005893609427563555
-0.000056104855762136016
-0.000053406749905331805
-0.00005084235866957785
-0.00004839813533865424
-0.000046075254986649066
-0.00004386082621521466
-0.00004175655312870763
-0.00003975014274793391
-0.000037843768868711655
-0.00003602568750688141
-0.00003429848668142369
-0.0000326509291189012
-0.00003108596489573869
-0.000029592827162044036
-0.000028174779155286834
-0.000026821494258351606
-0.00002553650173974745
-0.000024309890792011427
-0.00002314541174011713
-0.000022033550581343125
-0.000020978234405081098
-0.000019970332340624273
-0.000019013905419108817
-0.000018100196684718757
-0.00001723335843039147
-0.000016405003688561012
-0.000015619333374679293
-0.00001486833108924084
-0.000014156203402175006
-0.000013475309772376531
-0.000012829818633981907
-0.000012212475256402096
-0.000011627365043108694
-0.0000110676336794869
-0.000010537237090821249
-0.000010029740673539669
-9.548922605797852e-6
-9.088791907666888e-6
-8.652898625455494e-6
-8.235724279824338e-6
-7.840537640747328e-6
-7.462326530357963e-6
-7.10402252746556e-6
-6.761158525448318e-6
-6.436269787565722e-6
-6.125478281230677e-6
-5.830860084108603e-6
-5.549175866776019e-6
-5.2819755015089e-6
-5.026713670599856e-6
-4.78434277986032e-6
-4.5530725020481226e-6
-4.333181800326925e-6
-4.123702771655693e-6
-3.9241593737771396e-6
-3.7344800876196134e-6
-3.553346918847092e-6
-3.381665496574716e-6
-3.2171826649773232e-6
-3.061869182026853e-6
-2.912436928212617e-6
-2.7720177322730278e-6
-2.6361812207968762e-6
-2.5093242495118155e-6
-2.3857596775853386e-6
-2.271261925445081e-6
-2.1587639117808136e-6
-2.0555393212479438e-6
-1.9530095548187144e-6
-1.860078669904099e-6
-1.7665152880105122e-6
-1.6829957008863197e-6
-1.5974841468558339e-6
-1.5225816020039504e-6
-1.4442859164466223e-6
-1.3772868316950396e-6
-1.3054419109427185e-6
-1.2457060046450812e-6
-1.1796105775431159e-6
-1.1265647639539246e-6
-1.0655747589768307e-6
-1.0187073710022565e-6
-9.62230245677667e-7
-9.210858145780126e-7
-8.685750863997037e-7
-8.32749654915491e-7
-7.837000519152012e-7
-7.528371141502995e-7
-7.067800859934243e-7
-6.805669275935134e-7
-6.370665030320721e-7
-6.152305466061078e-7
-5.738796712438176e-7
-5.561857750900704e-7
-5.166027451903937e-7
-5.028503516972316e-7
-4.646758254184234e-7
-4.5469668947223307e-7
-4.1759054810810634e-7
-4.112465470953791e-7
-3.7488534057842443e-7
-3.720667963867351e-7
-3.3614103532941354e-7
-3.3676488487952136e-7
-3.00976910280335e-7
-3.049853913020186e-7
-2.69047152589788e-7
-2.764066081045231e-7
-2.400373351513734e-7
-2.507372080048781e-7
-2.1366187643897848e-7
-2.2771377930402468e-7
-1.8966112331205357e-7
-2.0709805852620658e-7
-1.6779864341826088e-7
-1.886747022574423e-7
-1.478595524708819e-7
-1.7224923664207478e-7
-1.296481607585801e-7
-1.5764619583478527e-7
-1.1298604932083662e-7
-1.4470719535743876e-7
-9.771080414715645e-8
-1.332897709348886e-7
-8.36740383281508e-8
-1.2326561377473258e-7
-7.074027865440292e-8
-1.1451947222036316e-7
-5.8785812846746743e-8
-1.0694806866747785e-7
-4.769721638326844e-8
-1.0045878502286249e-7
-3.737045499142597e-8
-9.496897131033167e-8
-2.7710188517648147e-8
-9.040508929625934e-8
-1.8628086559850944e-8
-8.669819707230665e-8
-1.0014807765116408e-8
-8.356498380131084e-8
-4.379966705820703e-6
-0.000026275312613196863
-0.00008981767341015701
-0.00021129967949466125
-0.0004107749361232902
-0.000704777766266429
-0.001110456866504926
-0.0016423834351369981
-0.0023146383559775113
-0.003138955556998145
-0.004126024161778844
-0.0052842711172350655
-0.006620791454222025
-0.008140494521851244
-0.009846826225592298
-0.011741134353334137
-0.013823248374832885
-0.0160909704332409
-0.018540534133635874
-0.021166154332468778
-0.02396036894438642
-0.026913601648874297
-0.030014390035599237
-0.03324893723872473
-0.036601239993983625
-0.04005262881680723
-0.04358182577234793
-0.04716449605148671
-0.05077328253608811
-0.05437741118029786
-0.05794276324456677
-0.061431589425921376
-0.0648026873443439
-0.06801128245574053
-0.07100937590371069
-0.07374584298000905
-0.07616700454516688
-0.07821697705253694
-0.07983850096579469
-0.08097355261664528
-0.08156443831580461
-0.08155465092204951
-0.08089021188038047
-0.07952072737781421
-0.07740093461126898
-0.0744918853085636
-0.0707626274583419
-0.0661914172447833
-0.0607674417195988
-0.054491932007926576
-0.04737980406549761
-0.03946051542275572
-0.03077947063503714
-0.02139843359575083
-0.011396516830215917
-0.000869939877328948
0.01006759178002361
0.021285991202350113
0.03263920026222517
0.04396732855766368
0.05509797439121671
0.06584948534463075
0.07603320660089538
0.08545781944257262
0.0939323878829087
0.10127156751458717
0.10729915510140141
0.11185378953173188
0.11479255218407618
0.11599663722397985
0.11537443668394827
0.11286657156837347
0.1084478540589372
0.10213106895158792
0.0939672552751608
0.08404772201919046
0.07250223771193086
0.05949895263283031
0.045240317023690094
0.0299608459239943
0.01392087911639688
-0.0025975680540120095
-0.019298775861311145
-0.03587883356125942
-0.05203462710404215
-0.06746991202842509
-0.08190439397704549
-0.09507940384905884
-0.10676606333890656
-0.11676959510816089
-0.12493563788511376
-0.13115237672412355
-0.1353543063613691
-0.1375216709258525
-0.1376813430211757
-0.13590347454728194
-0.132299602532259
-0.12701685984583896
-0.12023385389101388
-0.11215317937725552
-0.10299595373869748
-0.09299363063682685
-0.08238224437339924
-0.07139458707402932
-0.06025517874880515
-0.04917373243716738
-0.03834164104293004
-0.027927351658051994
-0.018074804967063787
-0.008900950053708476
-0.0004961759714162064
0.007076184650107258
0.013777737853565291
0.019593981082251233
0.02453103216771229
0.028613638212149645
0.031881364340667115
0.034386267852541896
0.03618910634661386
0.03735718054760135
0.037960977505542434
0.038072515924696806
0.03776265985563723
0.03710011977753339
0.03614950320786359
0.03497097321527009
0.03361897518753896
0.03214245255107782
0.030584114582832538
0.02898105945975941
0.027364422008148915
0.02576024715445494
0.02418936577215549
0.02266838225256892
0.021209655843693626
0.019822299826858254
0.01851218186108326
0.017282868001673866
0.016135589634703292
0.015070096537010537
0.014084565309521438
0.01317634892522522
0.012341820736007474
0.01157702323134495
0.01087745334703715
0.010238621692029996
0.009655790643481066
0.009124458865640702
0.008640065366905784
0.008198414471710512
0.0077953582453468935
0.007427175618613135
0.00709024357790764
0.006781381888796727
0.0064975210353840785
0.006236021592532211
0.005994344559641787
0.005770352250669204
0.00556198465820378
0.005367546915603146
0.005185393729782107
0.0050142070625559506
0.004852689474073939
0.0046998346332437066
0.004554629570379244
0.004416319896849307
0.0042841204021725485
0.004157476374658073
0.00403578162468022
0.003918636988465179
0.003805574657059888
0.003696314761010445
0.0035904947846335648
0.003487925028288213
0.0033883218579790035
0.0032915627936367154
0.0031974223522067613
0.003105827498708415
0.0030165948704779975
0.0029296873343465286
0.002844951420062164
0.0027623757417130405
0.0026818275121481268
0.002603313606911473
0.0025267150703148435
0.002452051623666245
0.0023792131077474033
0.002308228255855707
0.0022389920493048575
0.002171539596359036
0.002105768396130935
0.0020417181855761283
0.001979287122956283
0.0019185184842707358
0.0018593097852527382
0.0018017072267179585
0.0017456067777414292
0.001691057290915913
0.0016379525648667524
0.0015863440689253326
0.001536122998429374
0.0014873435686070182
0.0014398940651263142
0.0013938316882214986
0.0013490415852981065
0.0013055842513568202
0.0012633415114104607
0.0012223775094746228
0.0011825705842938884
0.001143988907025216
0.0011065071693785217
0.0010701979613921741
0.0010349321592213335
0.001000787167308151
0.0009676298619213084
0.0009355428582615074
0.0009043888277043091
0.0008742559900595862
0.0008450025841466346
0.0008167228258313207
0.0007892702679017957
0.0007627455118301402
0.0007369971458557524
0.000712132545142025
0.0006879950289089351
0.0006646991355729533
0.0006420825852101123
0.0006202674708267273
0.0005990855586825858
0.0005786668928632207
0.0005588369058425346
0.000539733995398271
0.0005211768563475693
0.0005033126531517856
0.0004859529137323532
0.0004692539917369401
0.0004530197965371597
0.0004374163074403438
0.0004222393381994263
0.00040766494566658065
0.0003934803472521541
0.000379872144979336
0.0003666184359548008
0.0003539168544813787
0.0003415358270434231
0.0003296845281910684
0.00031812113911368236
0.00030706690504773683
0.0002962691604461513
0.00028596177561684977
0.0002758806109126918
0.00026627274179141417
0.0002568618993503289
0.0002479089715973989
0.0002391248770311151
0.00023078495251371408
0.00022258659058562526
0.00021482024444874784
0.0002071690364840185
0.0001999392355293326
0.00019279891817043147
0.00018607090209469366
0.00017940740870291908
0.00017314857333478137
0.00016692991807218445
0.00016110970292817876
0.00015530586878663663
0.00014989564628903424
0.00014447847623632077
0.00013945144700416683
0.00013439453963441555
0.0001297256301443695
0.0001250042387254981
0.00012067000385332872
0.00011626093986067152
0.00011223946982066193
0.00010812101094984462
0.00010439184205227404
0.00010054364391276599
0.00009708767337297174
0.00009349068580732456
0.00009029009181735217
0.00008692647877948482
0.00008396464330987821
0.00008081770772829843
0.00007807914407860344
0.0000751332553075483
0.00007260353986638216
0.00006984406608318862
0.00006750977320312472
0.00006492301684184372
0.0000627716578333862
0.00006034479495227298
0.000058364760269785826
0.00005608578247533836
0.000054266287423813054
0.00005212394830889227
0.00005045498208830525
0.000048438745699237804
0.000046911023189288995
0.00004501101597517498
0.00004361593287321196
0.000041822898225234074
0.00004055248899841808
0.000038857744255768435
0.000037704642479230973
0.00003610003919665075
0.00003505744032899466
0.00003353532637064598
0.000032596953354171544
0.000031150136672971746
0.000030310207677863926
0.000028931923915596703
0.000028185121563270272
0.000026869001774524463
0.000026210445886550892
0.000024950487056767225
0.000024375707786641402
0.000023166245441426553
0.00002267115899745913
0.000021506840547166436
0.00002108772640985989
0.000019963487015995954
0.00001961696690312191
0.000018528006153352428
0.00001825102473993955
0.000017192784809757072
0.000016982591143818606
0.000015950736467698334
0.000015804867612916976
0.000014795265704851585
0.000014711530939313868
0.000013720233759219056
0.000013696700584461086
0.000012719927845977411
0.000012754908546403057
0.000011789031070625363
0.000011881070767093698
0.00001092259554986773
0.000011070461254366337
0.00001011601688248135
0.000010318687181341546
9.365010310058589e-6
9.621666211291578e-6
8.665588131272706e-6
8.975604839387887e-6
8.01403956335951e-6
8.37697853215114e-6
7.406910917868276e-6
7.822513274867591e-6
6.840987748713386e-6
7.3091684140747306e-6
6.313278354287126e-6
6.834120024328003e-6
5.820997351479291e-6
6.394746814660758e-6
5.361552622038606e-6
5.988615237563735e-6
4.932530147100395e-6
5.613467162562013e-6
4.531682255144617e-6
5.267207398015577e-6
4.156915416870779e-6
4.947892868924649e-6
3.8062795762746296e-6
4.653721506068675e-6
3.4779580645319108e-6
4.383023125872876e-6
3.1702573803848206e-6
4.134250115279186e-6
2.8815989565210325e-6
3.905969205038427e-6
2.610511211320866e-6
3.6968528899813895e-6
2.3556206119335305e-6
3.5056734371508056e-6
2.115645758565802e-6
3.3312951306918066e-6
1.889390323577014e-6
3.172668276152641e-6
1.6757364235245292e-6
3.0288233561619423e-6
1.473639569109931e-6
2.8988659418895586e-6
1.2821226640003704e-6
2.781971070818179e-6
1.1002711062138234e-6
2.677379267317659e-6
9.27228573757279e-7
2.5843914251726544e-6
7.621918768274601e-7
2.5023654600686986e-6
6.04407581300003e-7
2.4307122721044217e-6
4.531676838220297e-7
2.3688913984326443e-6
3.0779869524645463e-7
2.316348217577933e-6
1.671852529275093e-7
2.268756929270642e-6
-2.135143005827873e-6
-0.000012807566976236877
-0.00004370617076039245
-0.00010258726085821896
-0.00019885500136031494
-0.0003399609802649257
-0.0005333689654541637
-0.0007849479182776496
-0.001099955028147541
-0.0014820920445469126
-0.0019341225476996403
-0.002457260677216144
-0.0030516265116835905
-0.0037158400624601054
-0.00444739642156047
-0.005242400379489608
-0.006095893076992358
-0.007001685307873037
-0.00795264296198133
-0.008940587296510009
-0.009956534690870579
-0.010990639675556267
-0.0120323811889468
-0.013070532681301834
-0.014093289952165262
-0.015088263031605438
-0.016042547671116205
-0.01694274508411979
-0.01777498786743152
-0.018525004283504558
-0.01917811734979613
-0.019719378167111713
-0.020133561959527955
-0.020405398365403296
-0.02051958880776243
-0.020461159662537226
-0.02021552080363973
-0.019768959910776165
-0.01910875237958958
-0.018223802138523915
-0.01710479889818375
-0.015744993461244736
-0.014140380344731904
-0.012290574629626561
-0.010198977303649463
-0.007873697409538655
-0.005327635413196198
-0.002579370651568413
0.0003469229423340203
0.0034207250321070895
0.006605522165965128
0.009858305320536925
0.013130297705158405
0.0163668126977397
0.019508446563799794
0.022491382029395907
0.025249095245194315
0.027713136188167387
0.02981532986564805
0.03148898364036369
0.032671470693164194
0.03330571657605456
0.03334295362505343
0.03274424414426616
0.03148311082723847
0.02954678696907191
0.02693838519708189
0.023677549196926873
0.019801840300036372
0.015366513650204668
0.010444885100544634
0.005127064851518168
-0.00048079572694729084
-0.006258827582664546
-0.012075252553376721
-0.01778961502201306
-0.023255422059925503
-0.028323993285195147
-0.03284758692071608
-0.03668348597283609
-0.03969720036314097
-0.041766377380486656
-0.042783668412655684
-0.04266008043104939
-0.04132714744722516
-0.03873941296009959
-0.03487563314752541
-0.029740178250336723
-0.023363097620693288
-0.015800333855551272
-0.007132585385068839
0.0025356689433704655
0.013078471558366176
0.024350453162455515
0.03619015990580424
0.048423014544289156
0.06086542896768726
0.07332836271046898
0.08562188152526638
0.09755892472983815
0.10895988668605047
0.1196561389031039
0.12949416586121765
0.13833837393559784
0.14607433170051248
0.15261045808740561
0.15788001646102606
0.16184141587054837
0.16447878322269582
0.16580081650519776
0.16583998024640542
0.16465007692579117
0.1623043283962328
0.15889202806061686
0.1545159324851406
0.1492884752207347
0.14332896114975313
0.13675983879499698
0.12970415565765098
0.12228230541522643
0.11461008547266299
0.10679619005168366
0.09894105074140323
0.09113517965391209
0.08345881345739747
0.07598106277947456
0.06876025403554799
0.06184373820306613
0.055268749818341435
0.04906267851695171
0.04324424114692457
0.037824016754897605
0.032805744436792905
0.02818695210474617
0.023960233193626085
0.02011384512881949
0.016632866858685848
0.013499690783977577
0.010695008931929406
0.008198163338106891
0.005987945116376594
0.0040427987911364266
0.002341443503604615
0.0008629460929639036
-0.00041281201700031644
-0.0015051684106137545
-0.0024323376531917313
-0.0032115242024857134
-0.003858675603707277
-0.004388649012131684
-0.004815033151705801
-0.005150346713230071
-0.005405907320352439
-0.005592044861008999
-0.005718000683601141
-0.005792143593321114
-0.005821887066189328
-0.005813899676123316
-0.005774031921307191
-0.0057075160699836805
-0.005618897162619319
-0.005512219663259937
-0.0053909593802993015
-0.005258195999915545
-0.005116544184862111
-0.0049683121728208695
-0.004815431312824853
-0.004659601584016385
-0.004502219432681327
-0.0043445114315243775
-0.004187460620584482
-0.004031929665258717
-0.0038785860652403572
-0.0037280161836206202
-0.0035806497242473487
-0.003436865934119444
-0.003296917724950145
-0.0031610312397505206
-0.0030293299325620314
-0.002901928562938045
-0.0027788574699126366
-0.002660151933543652
-0.0025457767979853987
-0.0024357120178907475
-0.00232987771621351
-0.0022282166287058733
-0.002130619609461601
-0.0020370056019461775
-0.001947247551409112
-0.001861250444404923
-0.0017788775520204728
-0.001700027012438766
-0.001624558288011619
-0.0015523677216610979
-0.0014833150561832777
-0.0014172983503143843
-0.0013541803945453473
-0.0012938633363428118
-0.00123621480322084
-0.001181142568225256
-0.0011285201738040472
-0.0010782619451900853
-0.0010302479050072028
-0.0009843994237563505
-0.0009406032039040781
-0.0008987878497540703
-0.0008588466888076155
-0.000820715535514439
-0.0007842941157049281
-0.0007495252916482236
-0.0007163148486870646
-0.0006846124441050423
-0.0006543295137127514
-0.0006254222070166702
-0.0005978071616621572
-0.0005714466937964343
-0.0005462621760302313
-0.0005222217561989237
-0.0004992510758939224
-0.0004773237859781237
-0.0004563693371903765
-0.000436366571556668
-0.0004172483033122029
-0.0003989982716574174
-0.0003815522298718815
-0.0003648985437757637
-0.0003489754987655479
-0.0003337758431822564
-0.0003192400106599455
-0.00030536491374717653
-0.0002920927681029769
-0.0002794244570606272
-0.00026730363552920363
-0.00025573499096392965
-0.0002446632912384758
-0.0002340968824279224
-0.00022398133893004388
-0.000214328544956164
-0.00020508458857857375
-0.0001962647956361305
-0.00018781548879022485
-0.00017975535670309138
-0.00017203069184173946
-0.00016466348928865094
-0.0001575997579334225
-0.00015086475762224617
-0.0001444039692699573
-0.0001382458972715285
-0.0001323352571370569
-0.00012670379390854642
-0.00012129522717458714
-0.00011614455481925345
-0.00011119427433333228
-0.00010648266430965556
-0.00010195078040064992
-0.00009764022242454216
-0.00009349038615131167
-0.00008954624872649364
-0.0000857453287857762
-0.00008213605265210894
-0.00007865384529631613
-0.00007535066491434756
-0.00007215962654806773
-0.00006913631767250824
-0.00006621132521135255
-0.00006344397496786847
-0.00006076210735428736
-0.000058228907951755764
-0.000055769246047760895
-0.000053450304480822335
-0.000051193753904876586
-0.00004907092112102419
-0.000047000045979015196
-0.00004505676204980167
-0.00004315563815473024
-0.00004137678800865769
-0.000039630867335644866
-0.0000380026561242831
-0.000036398643775835246
-0.00003490847816868228
-0.00003343422122788911
-0.000032070602875166465
-0.00003071498895327797
-0.000029467419608837105
-0.000028220285408293534
-0.00002707917776365618
-0.000025931222721126572
-0.000024887821840752557
-0.000023830535283974508
-0.000022876845472203972
-0.000021902434009426472
-0.00002103115262851342
-0.0000201324784443853
-0.000019336936969096297
-0.000018507460264075758
-0.000017781567922011463
-0.000017015293369086435
-0.00001635348914851697
-0.000015644919006808907
-0.000015042124591229773
-0.000014386214150067863
-0.000013837794157382893
-0.000013229912902462664
-0.000012731636608400293
-0.000012167530762204316
-0.000011715537884846671
-0.000011191297825573875
-0.000010782067284807172
-0.000010294097856190624
-9.92442034979601e-6
-9.469412435648526e-6
-9.1363625480291e-6
-8.711268238324793e-6
-8.412182481636813e-6
-8.014191529798469e-6
-7.746646420345376e-6
-7.373166056505443e-6
-7.134957971745157e-6
-6.7835918347018544e-6
-6.5727206284049364e-6
-6.241253043036669e-6
-6.05590401327502e-6
-5.742283243879311e-6
-5.580812736904081e-6
-5.283135180492418e-6
-5.144059415357352e-6
-4.860556122141679e-6
-4.742536037597713e-6
-4.471561847234287e-6
-4.373392443914395e-6
-4.113413365307216e-6
-4.034015339383736e-6
-3.783597293138629e-6
-3.7220052771436687e-6
-3.4798062805588914e-6
-3.4351625987502715e-6
-3.1999217180005127e-6
-3.1714683089836317e-6
-2.9419988229118853e-6
-2.92906948657006e-6
-2.7042506095885307e-6
-2.70626559497734e-6
-2.485036228829521e-6
-2.501496260831488e-6
-2.2828482709077673e-6
-2.3133290971944207e-6
-2.096300644904508e-6
-2.1404499988737896e-6
-1.9241199334689053e-6
-1.9816512810663106e-6
-1.7651353785782872e-6
-1.835825710461915e-6
-1.6182702373290352e-6
-1.7019561717946756e-6
-1.4825337619345719e-6
-1.5791099537594828e-6
-1.3570159865395092e-6
-1.4664295304154447e-6
-1.2408777787296316e-6
-1.3631288729692122e-6
-1.1333476534065199e-6
-1.268486353330014e-6
-1.0337143749685741e-6
-1.1818400408639906e-6
-9.413238468789757e-7
-1.1025811477105924e-6
-8.555720596498172e-7
-1.030152871959668e-6
-7.759035201709487e-7
-9.640439524366912e-7
-7.018051203331493e-7
-9.0378489952777e-7
-6.328039695283553e-7
-8.489466674857442e-7
-5.684626352314812e-7
-7.991356066497239e-7
-5.083777171209801e-7
-7.53990507302213e-7
-4.521768890955048e-7
-7.131816943375284e-7
-3.9951490041081325e-7
-6.764073326636474e-7
-3.5007254170608864e-7
-6.433913660240578e-7
-3.0355343536923104e-7
-6.138813302643732e-7
-2.596837948497811e-7
-5.876476948722296e-7
-2.1820858587943336e-7
-5.644809915049429e-7
-1.7889134853605534e-7
-5.441902564647637e-7
-1.4151157570483382e-7
-5.266019959675432e-7
-1.0586467929237e-7
-5.115593766453924e-7
-7.175709827074455e-8
-4.989059814298456e-7
-3.8896941295196017e-8
-4.876168109208426e-7