1.3928190022103792
1.3944170196013235
1.3970389135133279
1.4006702720991804
1.4052631861939004
1.410769990485604
1.4171250796418766
1.424259710371078
1.4320926017243831
1.4405395886061727
1.4495078945924047
1.458903397444666
1.468626844381793
1.4785796938404716
1.488661474099634
1.4987746134506092
1.5088225034686877
1.5187135178745328
1.528359516274565
1.5376791635683686
1.5465967086837293
1.55504467878724
1.5629628283016639
1.5703002656212564
1.577014505561277
1.583073077282785
1.588452635586583
1.593140091466897
1.5971317491362151
1.6004339933558536
1.6030624239174425
1.6050421273017959
1.6064067824988972
1.6071985404584117
1.6074670782069524
1.6072691100458514
1.6066673737752883
1.6057298041933028
1.604528447494655
1.6031383406848236
1.6016363679148946
1.6000999077334146
1.5986056664990316
1.5972281760979077
1.5960386612832833
1.5951034894182994
1.5944831462187559
1.5942307514974228
1.5943912268097653
1.5949999928125507
1.596082409233085
1.5976527576705726
1.599714017726517
1.60225721376918
1.6052615623553834
1.6086942254597203
1.6125108276658784
1.616655616999368
1.62106231200716
1.625654631452552
1.6303473982568077
1.63504736763403
1.6396544928925434
1.6440629630934862
1.6481625284375447
1.6518396552891144
1.6549788165940609
1.657463682852259
1.6591783028087483
1.6600082695478398
1.6598417433253068
1.6585705565839548
1.6560910580804022
1.6523051433101033
1.6471209214615357
1.6404536737598765
1.6322263584959562
1.622370506604288
1.610826583731235
1.597544829865643
1.5824854921695608
1.5656196056985057
1.5469290993311997
1.5264075009029117
1.504059904735419
1.4799035706260473
1.453967728894744
1.4262940320215625
1.3969361648550338
1.3659601028357096
1.333443493175685
1.2994756761416966
1.2641568088028468
1.2275976164738893
1.1899182443689122
1.1512477248924988
1.1117225637014032
1.0714859340058638
1.0306860305270198
0.9894750320381345
0.9480072865392501
0.9064381141731945
0.864921915187447
0.823610912033842
0.7826532929093147
0.74219200869989
0.702363073758841
0.6632945356623885
0.6251050477344109
0.5879031150570982
0.5517860295048839
0.5168394653405326
0.4831368303039433
0.45073924325730574
0.4196953104818683
0.3900414735308964
0.36180217619317584
0.3349905308475944
0.3096088059384313
0.28564933011434207
0.26309520761564914
0.241921364843467
0.22209539362154715
0.20357864476942067
0.18632710543728073
0.17029245614668953
0.15542290470020542
0.14166414275292555
0.12896008056524852
0.1172536618628799
0.10648746652621104
0.09660436433532005
0.08754797318275552
0.0792631505759225
0.07169631108806325
0.06479576786158753
0.0585119240379437
0.052797484791570704
0.04760754365754776
0.042899689441576364
0.03863401055015684
0.034773121492396745
0.03128210761051219
0.028128493936258478
0.025282150201332863
0.02271522154663466
0.02040201027214863
0.018318884118158123
0.016444147567617
0.014757939680919884
0.013242104332786407
0.011880086223749253
0.010656806463811952
0.009558562569140614
0.008572913395131476
0.007688586698699355
0.0068953755750667724
0.0061840554911062355
0.005546293037393259
0.004974573142402605
0.004462120031798635
0.0040028345277607815
0.003591226522400176
0.003222361762602524
0.0028918048108095146
0.002595574434454109
0.0023300958737604662
0.0020921638302754367
0.0018789028301542919
0.0016877367865150484
0.0015163562935543778
0.001362693783291463
0.0012248966781890254
0.0011013072459753585
0.000990440653261179
0.0008909687228872431
0.0008017020528942458
0.0007215769862510684
0.0006496410786586757
0.0005850426924840225
0.000527019207528488
0.0004748887449144456
0.00042804061420591023
0.00038592875663033056
0.0003480640087513795
0.00031400892706758297
0.0002833715229256419
0.00025580119248523446
0.00023098364053172063
0.00020863769184018463
0.00018851117415630725
0.00017037843020452692
0.00015403697364644347
0.00013930555651595078
0.00012602144772499557
0.0001140389397077149
0.00010322712823255147
0.00009346876554850358
0.00008465844396873305
0.00007670172177162802
0.00006951363219631614
0.00006301802357228156
0.00005714633082751841
0.00005183708349462508
0.00004703488926578376
0.00004269007323019869
0.0000387578329898203
0.00003519798020260495
0.00003197423477166495
0.000029054045894669924
0.0000264079992437803
0.00002400969957383433
0.000021835269935637343
0.000019863281733329445
0.000018074329113924258
0.00001645099539571997
0.000014977489057535724
0.000013639637852048057
0.000012424575443713073
0.000011320756406635434
0.00001031768466267731
9.405944048867153e-6
8.576961392207664e-6
7.823048500841877e-6
7.137194063828085e-6
6.513113839972078e-6
5.945066656522643e-6
5.427910292501829e-6
4.95693772343448e-6
4.527936763848264e-6
4.137043408441013e-6
3.7808037440879494e-6
3.4560418052527482e-6
3.159922615291927e-6
2.8898324325033207e-6
2.643442054225834e-6
2.4185977012724685e-6
2.2133839324190132e-6
2.026023716298411e-6
1.8549404710647827e-6
1.6986661178676897e-6
1.5559018907804459e-6
1.425433365700176e-6
1.3061897869278281e-6
1.197165228527774e-6
1.097476262452676e-6
1.0062885430702627e-6
9.228727023310143e-7
8.465357579612589e-7
7.766751677283408e-7
7.12714552229001e-7
6.541558758491876e-7
6.005190497788878e-7
5.513922341814086e-7
5.063749489660552e-7
4.6512651185572253e-7
4.273123359064479e-7
3.9265053307345373e-7
3.608611203872183e-7
3.317108294321698e-7
3.049649790144246e-7
2.804305386010086e-7
2.579104554945618e-7
2.3724502545500669e-7
2.1826848784623314e-7
2.0084875994283695e-7
1.8484613505872175e-7
1.7015143887333276e-7
1.5664668386531727e-7
1.442417067239104e-7
1.3283664804204468e-7
1.223571297818498e-7
1.1271844258081092e-7
1.0385932152868017e-7
9.570773497648516e-8
8.821331572142721e-8
8.131465518504864e-8
7.497044562180685e-8
6.912819219936977e-8
6.375412014523355e-8
5.880322482521021e-8
5.424799589753902e-8
5.004973211585669e-8
4.6186132630540355e-8
4.262380908140336e-8
3.934479221622598e-8
3.632017900382424e-8
3.353560076350987e-8
3.096594761919338e-8
2.859984237588314e-8
2.6415388732119246e-8
2.4403693218856478e-8
2.2545587259524668e-8
2.0834237615797445e-8
1.9252795689680604e-8
1.779613510876431e-8
1.6449384651619932e-8
1.5208829858067853e-8
1.40612886689295e-8
1.3004212268143083e-8
1.2025864995418322e-8
1.1124658018412348e-8
1.0290097331694151e-8
9.521382319016253e-9
8.80908771946688e-9
8.153057671497238e-9
7.544789428827194e-9
6.984652077935668e-9
6.464941540730231e-9
5.9864518237842764e-9
5.542172467942039e-9
5.133238918438289e-9
4.753245087275996e-9
4.403598226008493e-9
4.078420666849075e-9
3.779333431712215e-9
3.500922522988152e-9
3.2449744107477008e-9
3.0064834630122864e-9
2.787361415134482e-9
2.5829636701634273e-9
2.395293867659538e-9
2.2200278543825013e-9
2.0592335315826847e-9
1.9088723008862865e-9
1.7710534769060037e-9
1.6419939583208522e-9
1.523825644035904e-9
1.4129949699004088e-9
1.31164095929195e-9
1.2164171060069706e-9
1.129456921827747e-9
1.0476014397208391e-9
9.72968389549651e-10
9.025693463005192e-10
8.384979686221145e-10
7.779215274928915e-10
7.22902978797907e-10
6.707522814822715e-10
6.23496443114461e-10
5.785766757028385e-10
5.379799504376984e-10
4.992686463150273e-10
4.6438657538687535e-10
4.3100835626801164e-10
4.010323227333287e-10
3.722374030298198e-10
3.4647480110079575e-10
3.216206851799178e-10
2.9947803093466456e-10
2.78013920731774e-10
2.5898246028881835e-10
2.40435964798033e-10
2.2407940403608874e-10
2.0804520463008244e-10
1.939892418460526e-10
1.80119419992316e-10
1.6804281118999048e-10
1.560385894608374e-10
1.4566551663527644e-10
1.352702012102424e-10
1.2636374817842672e-10
1.1735669234028398e-10
1.0971326129344844e-10
1.0190469555015268e-10
9.534922129874373e-11
8.857581736178101e-11
8.295765575751102e-11
7.70787091275583e-11
7.226809173870513e-11
6.716222135259138e-11
6.304718029287886e-11
5.860945361143983e-11
5.5093128391956893e-11
5.123252622383865e-11
4.823076821304192e-11
4.48679048856678e-11
4.2307093611934584e-11
3.937210373978401e-11
3.71870814607861e-11
3.461757275327448e-11
3.2749587226069267e-11
3.0488536758644296e-11
2.8883053553263255e-11
2.6876488481347446e-11
2.5480688313256366e-11
2.3674934798824938e-11
2.2434640457519248e-11
2.0772837131300827e-11
1.9628507097335463e-11
1.8045947605932557e-11
1.69272122069598e-11
1.5344884379932127e-11
1.4162859874942017e-11
1.2478255838574962e-11
1.1114514941772352e-11
9.188358299509537e-12
7.47899523621432e-12
5.117110647333188e-12
2.8459003936156848e-12
-0.3591081470471038
-0.35499595467873823
-0.34809355999712627
-0.3384859784108097
-0.3261969332895853
-0.3113013907098102
-0.29386150029579605
-0.2739747520261051
-0.25173789692883225
-0.22727701289525354
-0.2007222402380491
-0.1722289613731924
-0.14195762043015153
-0.11008931409057224
-0.0768082385747496
-0.04231329650956353
-0.0068020898498308635
0.02952040608198538
0.06645665549749666
0.10380994667478251
0.14139793932919045
0.1790473010632955
0.21660569140384495
0.2539369114254366
0.2909309492191419
0.327499014054242
0.3635813069176542
0.3991414709012677
0.43417187564421866
0.4686872172529942
0.5027272880326732
0.5363496853479119
0.5696302499170591
0.6026550726326616
0.6355189977499783
0.6683173253408543
0.7011429603247918
0.7340783683796522
0.767192077394737
0.8005315283656749
0.8341196749301362
0.8679493557112273
0.9019806726169328
0.936137388655308
0.9703055970330818
1.0043324307688437
1.038026285535615
1.0711578495193692
1.10346185814278
1.1346401675743933
1.1643647564169721
1.1922823331069086
1.218018114246848
1.2411813243920504
1.2613692118599642
1.278172795206122
1.291180635810428
1.2999843039998396
1.3041815931670813
1.303381386194893
1.2972062231066857
1.2852964922477725
1.2673124952104842
1.2429381093531986
1.2118826751301275
1.1738844278281675
1.1287126224655075
1.0761710812662921
1.0161009485434755
0.9483846347907996
0.872949457113646
0.7897720884053738
0.6988831047348074
0.6003717933323801
0.49439132976800515
0.3811635010783832
0.260983919890699
0.1342259318884198
0.001344999955258326
-0.1371191501709659
-0.28054001181487176
-0.42820494208531257
-0.5793155533509866
-0.7329920782998899
-0.8882775233639565
-1.0441463826858983
-1.1995130114630712
-1.3532448274656441
-1.5041747985321585
-1.6511186454663858
-1.7928906774074922
-1.9283238395169366
-2.056287476676643
-2.175708468096577
-2.285588975936806
-2.3850265006210267
-2.4732293972034105
-2.549533579700568
-2.6134136573958595
-2.6644942815249055
-2.7025552022108337
-2.7275358835109147
-2.739533564237647
-2.738800678090824
-2.725735986756242
-2.7008753625396524
-2.664877055270569
-2.6185073170108817
-2.562621658104351
-2.4981474265954566
-2.426063343985089
-2.3473813800891827
-2.2631268710285015
-2.174321843470249
-2.081967648982557
-1.9870313796418289
-1.8904323305277466
-1.793032462616402
-1.6956272913203325
-1.5989406536547475
-1.5036199642809278
-1.4102349601834407
-1.3192767681705444
-1.2311599038443304
-1.1462242986768356
-1.064739636200409
-0.9869093843360479
-0.9128765331525465
-0.8427287278880803
-0.7765045791654027
-0.7141991396009434
-0.6557701339700698
-0.6011432149358111
-0.5502176596412071
-0.5028710364484174
-0.45896410140931676
-0.41834468078770026
-0.3808516556857538
-0.34631800076218955
-0.3145738599390725
-0.2854487768107386
-0.258773939436921
-0.23438369598274605
-0.21211708784609687
-0.1918187721607231
-0.17333997783181834
-0.15653896283154803
-0.14128152520936568
-0.12744111524786425
-0.11489902022212847
-0.10354423574454177
-0.09327342446457888
-0.08399063197244622
-0.07560709963206359
-0.06804089135688753
-0.06121662180584788
-0.055065043040384586
-0.04952273272059524
-0.044531675000196176
-0.04003893967701678
-0.03599627993598691
-0.03235982265861159
-0.029089696641690175
-0.0261497461840685
-0.02350719684115674
-0.021132398575973748
-0.01899853152705773
-0.017081380991327715
-0.015359082655369704
-0.013811929051707054
-0.012422151843218144
-0.011173757799015686
-0.01005234470336253
-0.00904496403526875
-0.00813996663694148
-0.007326888919846995
-0.006596324374723502
-0.00593983009113684
-0.005349820374976944
-0.004819490531228906
-0.004342729171625988
-0.003914056482201533
-0.003528552182237517
-0.0031818058188664675
-0.0028698577320962967
-0.002589159249375633
-0.0023365243915582385
-0.002109098157279549
-0.0019043170549796163
-0.0017198839570752404
-0.0015537358557483527
-0.001404024024203401
-0.0012690876664718852
-0.0011474383459981845
-0.001037738433193499
-0.0009387889514004186
-0.0008495119232369894
-0.0007689409433632607
-0.0006962066896066059
-0.0006305296643055961
-0.0005712082729265036
-0.000517613284695297
-0.00046917799395409816
-0.00042539403980067236
-0.0003858032575551884
-0.00034999456941528804
-0.0003175972084761087
-0.00028827845082472477
-0.00026173795551802907
-0.00023770615554799619
-0.00021593950654675773
-0.00019621939174908215
-0.00017834811208203714
-0.0001621481903891731
-0.00014745896774133292
-0.00013413621622333208
-0.00012204923223352487
-0.00011108068626328502
-0.00010112412483438694
-0.00009208400089862992
-0.00008387351287156985
-0.00007641477133391839
-0.00006963691715156695
-0.00006347638970892008
-0.00005787527700072436
-0.00005278165818199483
-0.000048148147295044536
-0.00004393228889090905
-0.000040095264132164635
-0.00003660232295401016
-0.00003342162699505409
-0.000030524705483209606
-0.00002788541406151752
-0.0000254804045121584
-0.000023288182278195922
-0.000021289582443006455
-0.000019466911774376767
-0.000017804425187155657
-0.000016287540591895784
-0.00001490331148909405
-0.000013639704901483922
-0.000012486066860842736
-0.000011432455330073914
-0.000010470096213111833
-9.590764501405923e-6
-8.787229115280427e-6
-8.052676596601376e-6
-7.381143616634933e-6
-6.766978428515412e-6
-6.205260284279993e-6
-5.691294594233232e-6
-5.2210188097753236e-6
-4.7905278416267415e-6
-4.39646620533822e-6
-4.035580750574287e-6
-3.705099048626454e-6
-3.4023068999024282e-6
-3.1249130798512195e-6
-2.870649437093256e-6
-2.6376222157730575e-6
-2.423932845047685e-6
-2.2280161297918844e-6
-2.0482800736837737e-6
-1.8834312825371983e-6
-1.732132366308564e-6
-1.5933149349623419e-6
-1.4658532961356595e-6
-1.348865446164493e-6
-1.2414019253943362e-6
-1.1427352198058977e-6
-1.0520627595477573e-6
-9.687851518580274e-7
-8.922224139946312e-7
-8.218814577004059e-7
-7.571847383302891e-7
-6.977274064015167e-7
-6.430176328355287e-7
-5.927238353024219e-7
-5.464260071411662e-7
-5.038534161301128e-7
-4.646463234968838e-7
-4.285845411089282e-7
-3.953589784178567e-7
-3.647914313937639e-7
-3.3661544041302304e-7
-3.106876709646637e-7
-2.867776053349345e-7
-2.6477086150336384e-7
-2.444672767923178e-7
-2.2577649767946595e-7
-2.0852404502429433e-7
-1.926394939276493e-7
-1.7797013827045997e-7
-1.6446206637978182e-7
-1.5198106787847634e-7
-1.404868978637877e-7
-1.298610918582804e-7
-1.200746985366454e-7
-1.1102268921376029e-7
-1.0268542691230289e-7
-9.496937559960517e-8
-8.786256159960146e-8
-8.128130492929901e-8
-7.521991773825012e-8
-6.960319579710853e-8
-6.443058780096197e-8
-5.963419949541881e-8
-5.521765730477176e-8
-5.1119390890397356e-8
-4.7346404653071285e-8
-4.3842616828361027e-8
-4.0617742953298826e-8
-3.762048102095955e-8
-3.486270198122231e-8
-3.2297281094120635e-8
-2.993778193668385e-8
-2.7740743992247764e-8
-2.572103844364593e-8
-2.383843128319928e-8
-2.210878136919037e-8
-2.0494706999637336e-8
-1.9012789276671413e-8
-1.7628178209518832e-8
-1.6357957352459084e-8
-1.5169533136066896e-8
-1.4080310001447375e-8
-1.3059713844974939e-8
-1.2125320447807596e-8
-1.1248370694891458e-8
-1.0446488978078938e-8
-9.692554247729279e-9
-9.00413923434222e-9
-8.35560743996693e-9
-7.764398462223042e-9
-7.206226758910758e-9
-6.698333055194768e-9
-6.217666142073462e-9
-5.781215288725554e-9
-5.367061484928368e-9
-4.991900953083298e-9
-4.63485713562224e-9
-4.312300792719095e-9
-4.0043186856979435e-9
-3.726931345090865e-9
-3.461118826084334e-9
-3.222533026359772e-9
-2.992985104280598e-9
-2.787745206236017e-9
-2.589400156072097e-9
-2.4128296074547114e-9
-2.2413464463993817e-9
-2.0894347059082907e-9
-1.9410887838282373e-9
-1.8103949357044758e-9
-1.6819889082551723e-9
-1.5695594533645052e-9
-1.4583473231541204e-9
-1.3616460151071644e-9
-1.265268277291551e-9
-1.1821161939527016e-9
-1.0985444176108444e-9
-1.0270687285346907e-9
-9.545581523554804e-10
-8.931482684959018e-10
-8.301971953023651e-10
-7.774671747770894e-10
-7.227821192961372e-10
-6.775383561852701e-10
-6.300040377248065e-10
-5.912173826952499e-10
-5.498707610546082e-10
-5.166523141514462e-10
-4.806599433042304e-10
-4.522398195890908e-10
-4.208778372942774e-10
-3.96586231680434e-10
-3.692223092077503e-10
-3.4847217093985444e-10
-3.2454870635880034e-10
-3.0681926433201936e-10
-2.858370004187169e-10
-2.706572392524602e-10
-2.521582998452326e-10
-2.390892447003156e-10
-2.226382759480235e-10
-2.112525580982214e-10
-1.964141804451215e-10
-1.862707607509593e-10
-1.725808044264634e-10
-1.631918313978158e-10
-1.5011872480848833e-10
-1.409041543406538e-10
-1.277951861863375e-10
-1.1801877834598564e-10
-1.0402350170967283e-10
-9.270082516323338e-11
-7.666029069544893e-11
-6.242568152871458e-11
-4.2721018761539755e-11
-2.37704218589985e-11
1.3940352642898775
1.3997965825434435
1.4093144733920728
1.4225198467471243
1.4392842020439285
1.459452381993958
1.4828278696588715
1.5091786147676278
1.5382358323191874
1.5696911722856843
1.6032025999756474
1.6383872312454746
1.674832186002161
1.7120850001044188
1.749668426666433
1.7870694473994135
1.8237572963092727
1.8591716209054419
1.8927430609973601
1.9238808203940478
1.9519951347328461
1.976484348532098
1.9967586280544005
2.01222657650879
2.022319619220619
2.0264782116865536
2.0241764422093373
2.0149079639350247
1.9982105007394872
1.9736517260719735
1.940853484563894
1.8994779034640288
1.8492512150093094
1.789950379929254
1.7214263808710049
1.6435915347390362
1.556442009904695
1.460045801078681
1.3545640139589838
1.2402391991457105
1.1174146899906081
0.9865226983314949
0.8481007559269669
0.702778746037406
0.551291373795787
0.39446323254157767
0.23321629713395228
0.06855227393994562
-0.0984455738636302
-0.2666331405469659
-0.4348094522139418
-0.6017401721029172
-0.7661667733449482
-0.9268318269412354
-1.0824919990578796
-1.231943421195486
-1.3740364982444933
-1.5076991865353015
-1.6319512589309395
-1.7459232071187436
-1.8488676845288887
-1.9401720761161567
-2.0193653515331227
-2.0861230772929615
-2.1402687765424
-2.181771159403723
-2.210740124054749
-2.2274170410623952
-2.232166514773572
-2.2254614440566565
-2.2078723725509932
-2.1800495670863116
-2.1427120653789435
-2.0966290598553496
-2.0426105543952455
-1.9814899284867045
-1.9141175132194364
-1.8413454663747642
-1.764024745692997
-1.6829925580055305
-1.5990723729614267
-1.513063451563269
-1.4257429268382642
-1.3378564631785776
-1.250121184742594
-1.1632164684610227
-1.0777866687747844
-0.9944313852440866
-0.913707434410932
-0.8361185249371695
-0.7621165874472858
-0.6920914300688509
-0.6263721353480992
-0.5652177413076646
-0.5088197560174359
-0.4572950555130122
-0.410690541728111
-0.36897921667988254
-0.33206762669434386
-0.2997955300966011
-0.2719461502802517
-0.24824916399838437
-0.22839311708304386
-0.2120308229665003
-0.19879277221085848
-0.18829361958538882
-0.18014518030043203
-0.1739625933443965
-0.16937558773310848
-0.16603313432128985
-0.16361203155647186
-0.1618193057752299
-0.1603976862751455
-0.1591255465455874
-0.15781936879814817
-0.15633149819987985
-0.15455011602822544
-0.15239540831117615
-0.1498178055470968
-0.14679330733593512
-0.14332079577588833
-0.13941722508328708
-0.13511471334485986
-0.13045615366325577
-0.12549259745888688
-0.12027963663509737
-0.11487537500291986
-0.1093377267078474
-0.10372307956939066
-0.09808449147513085
-0.09247100775918962
-0.08692663062885482
-0.08149016912057137
-0.07619480554406562
-0.07106832379737847
-0.06613308947576237
-0.061406506131876676
-0.056901246568677476
-0.052625811637429104
-0.04858488487175125
-0.044779901810114785
-0.04120943764782712
-0.037869728038204445
-0.03475503309494777
-0.03185807827765509
-0.029170364690204526
-0.02668251915978893
-0.024384539695987736
-0.022266057374343538
-0.020316517870725324
-0.0185253654351944
-0.01688216806966105
-0.01537673724368593
-0.01399920711457259
-0.012740104144048648
-0.011590391147678077
-0.010541499805494176
-0.00958534933887687
-0.008714352935640586
-0.007921419235169133
-0.007199941482385116
-0.006543788232107492
-0.005947281946084061
-0.005405183675680912
-0.004912665992875147
-0.0044652950048644615
-0.004059001024541268
-0.0036900601500449324
-0.003355064928385702
-0.00305090688500322
-0.002774748577789441
-0.002524007849317318
-0.00229633205620984
-0.0020895843945356557
-0.0019018206688525083
-0.0017312777649865052
-0.0015763530468798682
-0.0014355948817855778
-0.0013076845817701572
-0.0011914287926392058
-0.0010857437992863783
-0.0009896495469253186
-0.0009022560816475877
-0.0008227589625914488
-0.0007504275936011172
-0.0006846017948133119
-0.0006246817857778048
-0.000570125705625258
-0.0005204410238515485
-0.00047518282380457267
-0.00043394643884387313
-0.00039636634059190954
-0.00036210982169583697
-0.0003308763558984735
-0.00030239217191823633
-0.000276409975705673
-0.00025270428175745507
-0.00023107140840549406
-0.00021132545256356703
-0.00019329848643699678
-0.0001768370790400096
-0.00016180263744616677
-0.0001480683934272974
-0.00013551984454838296
-0.00012405213711689774
-0.00011357057237550192
-0.00010398832783081236
-0.00009522700183665872
-0.00008721462453494731
-0.0000798862205581872
-0.00007318206849971766
-0.0000670482665743219
-0.00006143520596224056
-0.0000562981282925794
-0.00005159578357330442
-0.00004729097151018029
-0.000043349359216423454
-0.000039740000822804196
-0.00003643429390349861
-0.000033406473713467045
-0.000030632690396736614
-0.000028091475621609537
-0.00002576292525867094
-0.00002362913726738609
-0.000021673486730720392
-0.00001988103465398712
-0.000018237884093248207
-0.000016731560119622734
-0.000015350437338998522
-0.000014084091700553217
-0.00001292279102484296
-0.00001185781963225458
-0.000010881024615549121
-9.985114462349197e-6
-9.163254759942644e-6
-8.409342109391467e-6
-7.717643762163934e-6
-7.083048190485576e-6
-6.500743849792223e-6
-5.96644779493905e-6
-5.476119358174412e-6
-5.026168194950036e-6
-4.613199179598607e-6
-4.23420123638614e-6
-3.886320197156394e-6
-3.5670297296083467e-6
-3.2739292835486793e-6
-3.004898374205701e-6
-2.7579170753189715e-6
-2.5312048545331e-6
-2.323061359827326e-6
-2.131990939533158e-6
-1.9565617198375015e-6
-1.795516875945063e-6
-1.6476502178591786e-6
-1.511905213217629e-6
-1.387265490736984e-6
-1.2728425504716933e-6
-1.1677797629485392e-6
-1.0713296398294814e-6
-9.827700550932944e-7
-9.01471888869764e-7
-8.268263277597301e-7
-7.583036373071223e-7
-6.953905140188951e-7
-6.376406877387597e-7
-5.846214001240805e-7
-5.35956487188418e-7
-4.912811496201582e-7
-4.502781179515023e-7
-4.126399606372647e-7
-3.7809888964572924e-7
-3.463959239051984e-7
-3.173048515001252e-7
-2.9060763004251905e-7
-2.6611298296655465e-7
-2.436374755186128e-7
-2.2301918673501303e-7
-2.0410395089636752e-7
-1.8675451349551328e-7
-1.7084147386981592e-7
-1.5624830265553579e-7
-1.4286656251966157e-7
-1.3059713609882257e-7
-1.1934933883032692e-7
-1.0903868002979148e-7
-9.958951524393077e-8
-9.092963878183428e-8
-8.299615318321494e-8
-7.572716903976488e-8
-6.907059645663064e-8
-6.297320724130795e-8
-5.7392077944350915e-8
-5.2281250328981956e-8
-4.7605577985829404e-8
-4.332520330138066e-8
-3.941157999608758e-8
-3.58299684723313e-8
-3.255742513797278e-8
-2.9563502927534826e-8
-2.683001513639963e-8
-2.433011397354472e-8
-2.204965200978755e-8
-1.996479874887842e-8
-1.806483683675439e-8
-1.6328464741650162e-8
-1.474787771109488e-8
-1.330389365785877e-8
-1.1991180603942183e-8
-1.0792332703786623e-8
-9.704116683643702e-9
-8.710615533961385e-9
-7.810376330593592e-9
-6.988730431441994e-9
-6.245734136952853e-9
-5.56776617872853e-9
-4.956161012849232e-9
-4.398176939304227e-9
-3.8962294906100435e-9
-3.4383166236668896e-9
-3.0277667248073103e-9
-2.653200929173151e-9
-2.318716766802783e-9
-2.0134617480557483e-9
-1.7421796698882225e-9
-1.4944641257537713e-9
-1.2756000198704219e-9
-1.0755605823770946e-9
-9.000817406853652e-10
-7.394615166642337e-10
-5.998096130051572e-10
-4.717037107636555e-10
-3.6156097601177113e-10
-2.602017392330305e-10
-1.7429364147220965e-10
-9.48694382968674e-11
-2.8798211236930646e-11
3.269942208173469e-11
8.259518398708801e-11
1.2950044125096097e-10
1.662641637218142e-10
2.013456253859297e-10
2.2750252858514129e-10
2.5305471902918806e-10
2.7069587462809705e-10
2.8861637651334545e-10
2.9946949037351144e-10
3.113238620482598e-10
3.1681284748188566e-10
3.2388924175982777e-10
3.2518432872816505e-10
3.2853941730794694e-10
3.2659927234943643e-10
3.270968313702537e-10
3.227039341381513e-10
3.2104723552706985e-10
3.148375636847344e-10
3.1159653814196637e-10
3.040844473115911e-10
2.997184324895428e-10
2.9131747756252546e-10
2.861942351887265e-10
2.7723455887263335e-10
2.716461329087835e-10
2.6238894374689925e-10
2.5656483479427064e-10
2.4721440566875174e-10
2.4133245077010917e-10
2.3204598735418957e-10
2.262412560793851e-10
2.171369085757371e-10
2.1150885151706772e-10
2.02672068518298e-10
1.9729007862844347e-10
1.887784236746e-10
1.8368588842873848e-10
1.7553235112985658e-10
1.7074917631520903e-10
1.629639016596091e-10
1.5848736499994102e-10
1.510575836696219e-10
1.4686121297394758e-10
1.3974896362096065e-10
1.3577890709241463e-10
1.2891587131437085e-10
1.2508390459250234e-10
1.1836228741933487e-10
1.1453413458175284e-10
1.0779195901407079e-10
1.0376892233688133e-10
9.67672800237437e-11
9.22581712204756e-11
8.464675530077731e-11
7.922564451704131e-11
7.049109759486076e-11
6.353422043613436e-11
5.2923224204851385e-11
4.351569695765761e-11
2.992805382145324e-11
1.6823081014720446e-11
-0.21376490478532462
-0.22170523121266467
-0.2348075565891698
-0.2527607815075783
-0.27520362859734493
-0.3016560342567066
-0.3315645591175527
-0.3642886184790955
-0.39912461613013617
-0.4353096716922114
-0.47203696438243054
-0.5084681904124072
-0.5437437130296968
-0.5769997200125923
-0.6073744208047833
-0.634027518981246
-0.6561429652685073
-0.6729492209968002
-0.6837189075751079
-0.6877889161039646
-0.6845573324568872
-0.673502866000987
-0.6541795087118468
-0.6262350303919912
-0.5894038604175234
-0.5435245254677841
-0.48853118096131104
-0.4244698576527567
-0.351488912096485
-0.26985382879747455
-0.1799366323480929
-0.08222881129971193
0.022670510705003914
0.13404414115144087
0.2510702928664727
0.3728153605710609
0.4982495415949776
0.6262435238969702
0.7555866996341118
0.8849882826373678
1.0130983343740851
1.1385134770043437
1.2598005668606633
1.3755066815235621
1.4841847859927204
1.5844071184073054
1.6747916835785484
1.7540176395861407
1.8208510272009193
1.8741603770154083
1.9129398459589948
1.9363231180516802
1.9436021502470224
1.9342375884755896
1.9078716558131992
1.8643337510274007
1.803646610278084
1.7260264330687334
1.6318822169017524
1.5218105406818678
1.396588762945152
1.2571653247905357
1.1046481513088264
0.9402918554985802
0.7654830462593253
0.5817260039204556
0.3906265940686659
0.1938778019295446
-0.006756417204460713
-0.20945486495504295
-0.4123546211489602
-0.6135638514065221
-0.8111767522034853
-1.0032859608332036
-1.1879976232606964
-1.3634444332304763
-1.5278018817132228
-1.6793030928053796
-1.8162572523479181
-1.9370670943793573
-2.04024998250043
-2.1244581446937327
-2.188501962219698
-2.231371975845462
-2.2522627973415537
-2.2505947351617217
-2.2260356363363476
-2.178518981853053
-2.1082601793762206
-2.015767441337507
-1.9018488444618338
-1.7676124544332845
-1.614461022694184
-1.444078771415564
-1.2584119444994766
-1.0596413617584368
-0.8501490330810224
-0.632477791634841
-0.40928648966298387
-0.18330032190457918
0.042740715859478924
0.26613529936058006
0.48427286106565665
0.6946843153476051
0.8950880406300473
1.0834314676660033
1.2579250991881017
1.417069943357525
1.5596756157049858
1.684870912089356
1.7921046440060762
1.8811393770743863
1.9520363685685058
2.0051350351803623
2.041025599844343
2.0605186721018005
2.0646105477460996
2.054448092704083
2.031291921075722
1.9964815583006106
1.951401070789638
1.897448475663905
1.8360071201135082
1.7684218653668538
1.695977998360468
1.6198852192919921
1.5412644519943959
1.4611393957314236
1.380430510440356
1.2999530135525486
1.2204166457552712
1.1424285356636852
1.0664970829637515
0.9930380188283159
0.9223807883091767
0.85477629625974
0.7904044152911736
0.7293822113626965
0.6717715398109337
0.617586895219738
0.5668024034178716
0.5193587695638622
0.4751692766489956
0.4341255765762712
0.3961025411008983
0.36096283975510074
0.32856065297219295
0.2987451108402035
0.2713629782986889
0.24626110141579444
0.22328822456338993
0.20229662078330637
0.18314321532086636
0.1656905777341669
0.14980751807327114
0.13536960239504464
0.12225936743046893
0.11036649684933347
0.09958777474302256
0.08982703328250384
0.08099493946201415
0.07300879934023284
0.06579224893284402
0.05927497792998193
0.05339237565366491
0.04808521874413212
0.04329930704342113
0.038985145254872844
0.03509759126439585
0.03159555082088355
0.02844165167759621
0.025601962362036195
0.023045699030991452
0.02074497380592195
0.018674536814739517
0.01681155581313208
0.015135393025061863
0.013627415379041805
0.012270804033049457
0.011050393142919517
0.009952509028428966
0.0089648346585186
0.008076275025554202
0.007276844252912107
0.006557553702892028
0.005910318621189277
0.00532786567371386
0.004803656222703847
0.004331810273698327
0.003907043749269273
0.003524606165839611
0.0031802295800943863
0.0028700776652266042
0.0025907043183922415
0.0023390121424126365
0.0021122190001475693
0.0019078242168463857
0.001723581638270822
0.0015574721442862254
0.0014076820072939451
0.0012725805475063716
0.0011507027958994336
0.0010407313269877809
0.0009414824075026234
0.0008518912160306223
0.0007710008076118613
0.0006979500747418349
0.0006319649822625699
0.0005723487445940288
0.0005184748879706173
0.00046977921792389245
0.0004257543502749769
0.000385943124126081
0.00034993431196477903
0.00031735719967985196
0.00028787824224263484
0.00026119658610932015
0.0002370414824505634
0.00021516857093234026
0.00019535789926913426
0.00017741082264425992
0.00016114850806133937
0.0001464093321203568
0.00013304777256639374
0.00012093221006195164
0.00010994412857791221
0.0000999762452494194
0.00009093195672060411
0.00008272373600287938
0.00007527277430541225
0.0000685075957319703
0.00006236385409859576
0.00005678312587743653
0.00005171282950309819
0.00004710516465901602
0.00004291712799314834
0.00003910957301549382
0.000035647301294921906
0.000032498222194121046
0.000029633502753809283
0.000027026810473990914
0.000024654508411306088
0.0000224949674158505
0.00002052879563370865
0.000018738209181498633
0.00001710728738880618
0.000015621392962174917
0.000014267446024975414
0.00001303338648828818
0.0000119084613317644
0.000010882723240451052
9.947326685928124e-6
9.094057969533673e-6
8.315636561748096e-6
7.605272564709824e-6
6.956970492053979e-6
6.365110868126241e-6
5.824754214480652e-6
5.331244072706484e-6
4.880509434914707e-6
4.4686869379704215e-6
4.092420355497548e-6
3.748500084843555e-6
3.43415862501328e-6
3.146725780766139e-6
2.8839192986566025e-6
2.6435144590521707e-6
2.423629242427326e-6
2.222407180700813e-6
2.0382965872903477e-6
1.869745702872035e-6
1.7154756528173581e-6
1.5741870563439421e-6
1.4448264797578393e-6
1.3263037877542411e-6
1.2177519451694632e-6
1.1182544794673232e-6
1.0270985513491082e-6
9.435119719641389e-7
8.669095168380203e-7
7.96639003062268e-7
7.322208641414934e-7
6.731028437565786e-7
6.188928833336244e-7
5.691220318829412e-7
5.234707250404287e-7
4.815395465483953e-7
4.430689985497595e-7
4.077177807525203e-7
3.7527616798744234e-7
3.454514990195396e-7
3.180752896882824e-7
2.928956455458924e-7
2.697782480177943e-7
2.485054242102169e-7
2.2897115006247004e-7
2.109865273390485e-7
1.944689521707595e-7
1.7925376385585184e-7
1.6527772991203857e-7
1.5239664422373083e-7
1.4056328107133735e-7
1.2965073166898062e-7
1.1962497986369987e-7
1.1037377644718115e-7
1.0187398855228756e-7
9.402582048070081e-8
8.681508744144639e-8
8.015260017436968e-8
7.403151172553545e-8
6.837169098908176e-8
6.317228881582904e-8
5.836093285043842e-8
5.394165652108367e-8
4.984875429811035e-8
4.609021409757282e-8
4.260607840054284e-8
3.9407517386638624e-8
3.643954728867585e-8
3.3715878210430383e-8
3.1185846694318237e-8
2.8865168714905467e-8
2.670694874897147e-8
2.472846490750023e-8
2.2886121848062836e-8
2.119839144608465e-8
1.9624581706795053e-8
1.8184052802129735e-8
1.6838678747338962e-8
1.5608455063710678e-8
1.4457534400617552e-8
1.3406338543129634e-8
1.242105339997072e-8
1.1522354570086817e-8
1.0678251195226488e-8
9.90953084021169e-9
9.18584563815795e-9
8.52797883385745e-9
7.907070439024644e-9
7.343804440949526e-9
6.810674846172264e-9
6.328189272141292e-9
5.870079796647299e-9
5.456615431403733e-9
5.062665620330865e-9
4.7082109417315226e-9
4.3691704170535516e-9
4.065196703907051e-9
3.773181595740101e-9
3.5124189497366235e-9
3.2607058826426686e-9
3.0369537257666615e-9
2.8198054591404667e-9
2.627772097569055e-9
2.4402898600990845e-9
2.275456565398987e-9
2.1134549111093515e-9
1.971960690230225e-9
1.8318613616152248e-9
1.7104051888143356e-9
1.5891470231809096e-9
1.4849048095184022e-9
1.3798671828487155e-9
1.290421177177522e-9
1.1993588609616419e-9
1.1226375223980819e-9
1.0436251424195578e-9
9.778518075555346e-10
9.092363481914233e-10
8.528852431781638e-10
7.93245240682274e-10
7.450035621104996e-10
6.931137784316852e-10
6.518486889036705e-10
6.066491524817696e-10
5.713786027560791e-10
5.319469376009323e-10
5.018132286009899e-10
4.673391571313076e-10
4.4158407646519153e-10
4.113448537396576e-10
3.892850367214053e-10
3.6262032236619436e-10
3.436211568459351e-10
3.199054057150666e-10
3.033512620379175e-10
2.8196104115556967e-10
2.6721877164920565e-10
2.4749137709706577e-10
2.338627569345309e-10
2.1504094219209386e-10
2.016978105271064e-10
1.8285309938719883e-10
1.6874610467937637e-10
1.4866967977547608e-10
1.3239729419362298e-10
1.0944236597557901e-10
8.906160619936881e-11
6.0928104718761e-11
3.387375477798848e-11
-3.5762471701049203
-3.5499988511709875
-3.5057465694090624
-3.444014773939974
-3.3647755864000706
-3.268366212648225
-3.1549770929848235
-3.0250550496227007
-2.8790198691869318
-2.7175242781115516
-2.541260152599977
-2.351148208217084
-2.1481868120754153
-1.9335966616414524
-1.7086913324100834
-1.474988541985878
-1.2340925000977958
-0.9877788715215576
-0.737884780649997
-0.4863731680532156
-0.23522965860038794
0.013488505501562838
0.25774771354738135
0.4954997765076474
0.7247676135653884
0.9436138322567955
1.150215365642274
1.3428359761967406
1.5198890977132937
1.6799126195127656
1.8216201659635831
1.9438776828123483
2.0457443090737715
2.126451175738493
2.1854336416887117
2.222313147910391
2.2369227287264253
2.2292926414457934
2.1996706592678974
2.1485115280212717
2.076492660969593
1.9845064062210445
1.873670601248174
1.7453214450101728
1.601017257129254
1.4425288085376728
1.2718339498022042
1.0911019413419814
0.9026767033597196
0.7090522713234373
0.5128434466090747
0.31675103555970546
0.1235205576495127
-0.06410182343772507
-0.24341951600884373
-0.4118354884798166
-0.5669061217429866
-0.706391643128112
-0.8283067739423579
-0.9309650293562549
-1.013018969525912
-1.0734920101304917
-1.111802120722217
-1.1277763514976273
-1.1216540607067262
-1.0940819119506136
-1.0460956607648397
-0.9790963240669034
-0.8948125688431994
-0.7952614568207229
-0.6826959532287511
-0.5595555926830816
-0.42840516515134347
-0.29188157369363965
-0.1526302370722961
-0.01325433143878022
0.12374499607503242
0.25601166941960024
0.3813856551763898
0.49793428349353613
0.6039908219378237
0.6981715728402889
0.7793999663921588
0.8469084100794357
0.9002472529775575
0.9392717286401558
0.9641364694152434
0.9752691298282459
0.9733523573084463
0.959286822277764
0.9341636763660583
0.8992207192500855
0.8558093261831252
0.8053482386144724
0.7492895619108095
0.6890749891687951
0.6261055485235254
0.5617047573570695
0.4970961658514025
0.4333768857155775
0.3715056113463723
0.31228826188976166
0.2563772673278028
0.2042690237439878
0.1563132217047543
0.11271991892567047
0.07357606098432448
0.03885869510076455
0.008454988256043785
-0.01782227426858611
-0.04021478514375572
-0.05900427650316593
-0.07449548490474464
-0.08700499524463369
-0.09684856584481247
-0.10433416218056933
-0.10975388533147033
-0.11338098073911643
-0.11546569535342739
-0.11623534517332137
-0.11589296899186656
-0.11461929512757706
-0.1125730186727936
-0.10989361664402733
-0.10670230445438128
-0.1031049440086398
-0.09919306809779645
-0.09504645657951027
-0.09073392838225851
-0.08631543029666097
-0.08184252001203618
-0.07735998333114705
-0.07290605594209558
-0.06851366441193443
-0.06421047892358615
-0.060019888418315764
-0.05596097191581473
-0.05204929884779696
-0.048296880430800694
-0.04471285591651794
-0.04130345642441736
-0.038072610296710316
-0.0350219291975978
-0.032151246608497386
-0.029458622464477585
-0.02694081843620711
-0.024593311727872273
-0.022410707072466132
-0.020386749978678682
-0.01851467564828936
-0.01678721437602481
-0.01519687963273534
-0.013735961589537878
-0.012396758899583188
-0.011171559299008059
-0.010052821375487945
-0.009033143384249152
-0.008105402243056004
-0.00726271299734982
-0.006498532467882167
-0.005806612332782742
-0.005181074457184107
-0.004616360543391029
-0.0041072854074167015
-0.003648985794221912
-0.003236956925440324
-0.002867002559239147
-0.00253525916032288
-0.0022381487275452425
-0.0019723940250324767
-0.0017349751825070008
-0.0015231386264166233
-0.0013343580182507736
-0.0011663388569562666
-0.0010169839736761002
-0.0008843952411051721
-0.0007668435871107426
-0.0006627688309235069
-0.0005707540022269137
-0.000489524010590681
-0.000417923946436659
-0.0003549170599424253
-0.00029956666090918873
-0.000251033718607877
-0.0002085619554375762
-0.00017147526423629163
-0.00013916559431110097
-0.00011109030467623293
-0.00008676246147630086
-0.00006574819418453715
-0.00004765905375183897
-0.000032149406109117777
-0.0000189105355663142
-7.668090128140767e-6
1.822348719708851e-6
9.777765642632675e-6
0.00001639091838548292
0.000021832784863637583
0.00002625475638636833
0.00002979103706142145
0.00003256000236562381
0.00003466655607925528
0.00003620280604015204
0.00003725038313898227
0.00003788056221904921
0.00003815654651898697
0.000038133141000381884
0.00003785900437596759
0.000037375964410048634
0.000036721238514225477
0.00003592646547278931
0.00003501989462144455
0.000034025195687940204
0.00003296361582434114
0.0000318526185179968
0.000030708007222717465
0.000029542435301273332
0.00002836749467249981
0.000027192131237339948
0.000026024696795857443
0.00002487129815538049
0.000023737810541122505
0.000022628183389533198
0.000021546413545774702
0.000020494826436554808
0.000019476007490189636
0.000018491073814977432
0.00001754156246839461
0.000016627704816320672
0.00001575027049817379
0.000014908854205033522
0.000014103674421759132
0.000013333880350962992
0.000012599304750021248
0.00001189879707081305
0.000011231929940292699
0.000010597363221728685
9.994503906463456e-6
9.421904681326658e-6
8.878877202196811e-6
8.363927832072487e-6
7.87632445212341e-6
7.414571281344646e-6
6.977929546301973e-6
6.5649326775010355e-6
6.1748613052066986e-6
5.806299625903032e-6
5.458565318526474e-6
5.1303074669898855e-6
4.82089209998815e-6
4.529041726291051e-6
4.254177292886454e-6
3.995099124974235e-6
3.7512861731585723e-6
3.5216179387711904e-6
3.305631942319056e-6
3.1022860475386755e-6
2.911175131865091e-6
2.7313330919060088e-6
2.5624097336648915e-6
2.4035116414300896e-6
2.2543403322625293e-6
2.1140710944030977e-6
1.9824534683226605e-6
1.8587271052308705e-6
1.7426856469424716e-6
1.6336286162843815e-6
1.5313897712975384e-6
1.4353240142568675e-6
1.3453012931542184e-6
1.260727502161951e-6
1.181504995903194e-6
1.1070864493724692e-6
1.0374030389119612e-6
9.719502321596594e-7
9.106846746209786e-7
8.531408886811025e-7
7.992978868128469e-7
7.487257718449209e-7
7.014230777075938e-7
6.569922800403076e-7
6.154488433822146e-7
5.764246709858546e-7
5.399498139746884e-7
5.056829112006015e-7
4.7366649141594295e-7
4.4358347765454356e-7
4.1548698823171217e-7
3.890820049251477e-7
3.644305528734667e-7
3.4125765743421434e-7
3.196327570260666e-7
2.992990996170036e-7
2.8033221642652795e-7
2.624919352968352e-7
2.4585871710054536e-7
2.302074895564344e-7
2.15622622311232e-7
2.0189281092485986e-7
1.891054410025062e-7
1.770617779397909e-7
1.658514452876176e-7
1.5528720131692354e-7
1.4546023205585597e-7
1.3619382072354845e-7
1.27580131654235e-7
1.194521030893207e-7
1.1190237453845557e-7
1.0477275726217043e-7
9.815593455383974e-8
9.190188745187548e-8
8.610297497863594e-8
8.061671517695259e-8
7.553483052880696e-8
7.072180628898091e-8
6.626846514590063e-8
6.204574602358794e-8
5.8143351531877024e-8
5.443821092497379e-8
5.1018724031273204e-8
4.7767391891829683e-8
4.477116164389843e-8
4.191772752849662e-8
3.929246263216709e-8
3.678791145059872e-8
3.448777645162797e-8
3.2289141235724816e-8
3.027396256024112e-8
2.8343580351630667e-8
2.6578149116249395e-8
2.4883007655499932e-8
2.3336467662003925e-8
2.184763198382295e-8
2.04929426533311e-8
1.9185051958172603e-8
1.799851715605278e-8
1.6849343457262575e-8
1.5810198224004915e-8
1.4800259272152996e-8
1.3890307420577636e-8
1.3002527296807502e-8
1.2205823672447506e-8
1.1425235229907218e-8
1.0727807174946383e-8
1.0041291206907864e-8
9.4308944222803e-9
8.826951049895559e-9
8.292855629367452e-9
7.761403945262207e-9
7.2942068646836474e-9
6.826409348275216e-9
6.417870143088828e-9
6.0059787833385625e-9
5.648875540668816e-9
5.28609697180004e-9
4.9741001096519454e-9
4.654477387005803e-9
4.382038992444622e-9
4.1003479159831705e-9
3.8626046747296514e-9
3.6142628072184424e-9
3.4069507785504692e-9
3.187937510259507e-9
3.00731718642514e-9
2.8141033635292237e-9
2.656893600645765e-9
2.486379364482039e-9
2.3496988810095907e-9
2.1991584517043316e-9
2.0804736539933483e-9
1.9475058304570155e-9
1.8445837343889892e-9
1.7270668593361112e-9
1.6379318158996173e-9
1.5339818493116952e-9
1.4568746259630355e-9
1.364804754431496e-9
1.2981422359620557e-9
1.2164220714430273e-9
1.1587553677102233e-9
1.0859671891985875e-9
1.0359351876246296e-9
9.707237493268463e-10
9.269980024106143e-10
8.680090209101927e-10
8.292241274757157e-10
7.750244397698189e-10
7.396854865092124e-10
6.886547059208182e-10
6.550094744954996e-10
6.051882635808942e-10
5.710461717135735e-10
5.199192638747839e-10
4.823905006543881e-10
4.2657224547633007e-10
3.8168797152790424e-10
3.164630835056204e-10
2.5862201126993823e-10
1.7731403265410941e-10
9.904205650408998e-11
-1.7317480562070757
-1.6883003994498857
-1.6167554779735505
-1.5181919862340656
-1.3942428743141924
-1.2468703235815515
-1.0784705261196696
-0.8917069943357286
-0.6895793665742281
-0.47526228866750436
-0.2521615374445466
-0.023753030712974358
0.2063643044379379
0.4346280485560494
0.6574577627680741
0.8714105578926589
1.073122475495178
1.2594579973405966
1.4274465626051738
1.5744245572309332
1.697967217025606
1.796022093658177
1.8668370104584686
1.909084106478139
1.9217844130993285
1.904421359678253
1.8568620814480343
1.7794588586800169
1.6729666396203962
1.5386304424198414
1.37809797054362
1.1934906967159615
0.9873100389042314
0.7624898251312369
0.5222944515155096
0.27035084535944004
0.01053749380644758
-0.2530049917729864
-0.515993997527006
-0.7740150209513854
-1.02264923551895
-1.2575013733276506
-1.4743308024697215
-1.6690917524051705
-1.838061600904979
-1.9778856134803764
-2.085694136341029
-2.159142312315289
-2.196506848899714
-2.196710734747806
-2.1593907027932433
-2.0848981889259663
-1.974330761659272
-1.8295034630838534
-1.6529411373911205
-1.447818464074365
-1.217914677685946
-0.9675252693985057
-0.7013851619417887
-0.4245592816317492
-0.14234392045761493
0.1398536594010027
0.4166238542256033
0.6826747035263334
0.932938426572538
1.1626801651596188
1.367591712145631
1.54388010547627
1.6883402982394784
1.7984173857058192
1.8722528843528006
1.9087172062428883
1.9074270267494786
1.868747142262449
1.7937787726911214
1.6843319389691405
1.5428863747923016
1.3725370639394172
1.1769308396035703
0.9601889187823107
0.7268234819750479
0.4816421943036024
0.229650336038218
-0.02405637104919299
-0.27439701696183566
-0.5164164877462588
-0.7453893887033445
-0.956925359752116
-1.1470615157011443
-1.312351503755333
-1.449935721904397
-1.557603637555556
-1.633832060172074
-1.6778122526977524
-1.6894496760333917
-1.669351616972792
-1.6187870220872433
-1.5396362805845665
-1.4343161510793012
-1.3056997277615163
-1.1570174868101644
-0.9917606196630945
-0.8135731699294001
-0.6261543017057132
-0.4331571698396049
-0.23810459772574138
-0.04430758302951118
0.14519526665702406
0.3276918659111047
0.5008288718806448
0.662636679852893
0.8115343785041268
0.9463289257204381
1.0661980992112572
1.1706703651829617
1.259593162219642
1.3331010590959365
1.3915768333463858
1.435614918236946
1.4659815335961683
1.4835788642684944
1.4894087000500524
1.4845409407145305
1.4700833765148515
1.4471564271770907
1.4168701676824664
1.380305888893716
1.338500356456327
1.2924338670748048
1.2430210055782926
1.1911043154989271
1.1374504224162636
1.082748165529123
1.0276088063818645
0.9725674054755326
0.918085863035151
0.8645564060415053
0.8123063502084729
0.7616027321782912
0.7126578873234294
0.6656344726671383
0.6206511815124983
0.57778761862076
0.5370896889449649
0.49857398246596185
0.4622325606912463
0.4280366698276257
0.3959407956339029
0.36588564502423093
0.33780144588100625
0.3116102201866358
0.28722837448153876
0.2645683377600928
0.24354052723425168
0.22405444882603057
0.2060201394544507
0.18934883442894473
0.1739539887984972
0.15975161080497616
0.14666095688191058
0.1346046187064098
0.12350897372398688
0.1133040989581896
0.10392404459818756
0.09530663303874762
0.08739360907649846
0.08013036910833927
0.07346602893874261
0.06735311638268567
0.061747587075573325
0.05660850413871638
0.051898023796637945
0.047581078203560084
0.04362534597266196
0.040000948507683876
0.03668041548478878
0.03363840079533091
0.030851649306982382
0.028298735504545296
0.025960035213390912
0.023817487952254694
0.021854575480150018
0.02005610751390512
0.018408207750562625
0.016898121761516442
0.0155142103779042
0.01424577810162964
0.013083073290877904
0.012017135210739199
0.011039800220930113
0.010143565539544675
0.009321600542705127
0.008567625372047336
0.007875926454157377
0.007241248201980352
0.006658811913887314
0.0061242189711593
0.005633472357474485
0.005182889918910176
0.004769127838010183
0.004389102686646048
0.004040016284144723
0.003719285429122607
0.0034245676621142197
0.00315369770592122
0.0029047137363657333
0.002675799689853129
0.0024653117196889217
0.002271725644038688
0.0020936633292996817
0.001929844651907921
0.0017791136049009537
0.0016403942340942489
0.0015127163099184066
0.0013951747735963165
0.0012869548545271228
0.0011872946265882834
0.0010955094827435749
0.001010957456780735
0.0009330629924033653
0.0008612847328328334
0.0007951385422909718
0.0007341675060660284
0.0006779641788105157
0.0006261425719042837
0.0005783596160702767
0.0005342889420383262
0.000493641555234498
0.0004561412406214079
0.00042154445515524985
0.00038961720890283885
0.0003601541870170002
0.00033295697737376306
0.0003078524383513955
0.00028467215876104286
0.00026327009102802953
0.00024350314251230128
0.00022524809602707306
0.00020838324309974753
0.0001928046153240306
0.00017840857998463756
0.0001651074066891912
0.00015281275430992735
0.0001414505978145021
0.00013094554287001217
0.00012123513789358041
0.00011225495908752244
0.00010395233254966666
0.00009627213810712752
0.00008916996593101727
0.0000825985924313956
0.00007652059526737396
0.00007089545885861028
0.00006569167101416111
0.00006087441939272565
0.00005641719222646895
0.00005229003039581024
0.000048470653925603576
0.00004493323729205296
0.00004165908253947882
0.00003862588805885621
0.00003581798833064449
0.00003321608875119591
0.0000308070911632355
0.000028574269395610872
0.000026506698907998817
0.000024589849582915345
0.00002281463699221167
0.000021168410665743854
0.000019643643689589198
0.000018229296196521836
0.000016919159233248743
0.00001570357459391884
0.000014577448148987298
0.00001353230839195626
0.000012564003706606088
0.000011665083133868898
0.000010832191368429384
0.000010058756290001732
9.342094824726255e-6
8.676392734318953e-6
8.059533852219857e-6
7.486358494863159e-6
6.955227986643462e-6
6.461548857961394e-6
6.004084006207191e-6
5.578730583199027e-6
5.184588600222586e-6
4.817981088997392e-6
4.478290446839055e-6
4.162210086257457e-6
3.86935832994614e-6
3.5967513493395527e-6
3.3442039576856384e-6
3.1090141817448874e-6
2.891159863226475e-6
2.6881857141904515e-6
2.500204221653309e-6
2.3249765094701194e-6
2.1627256467794157e-6
2.0114030803294413e-6
1.8713220734427061e-6
1.7406018854947192e-6
1.6196287133342883e-6
1.5066701813814262e-6
1.402170820738043e-6
1.3045297962854756e-6
1.2142376392140035e-6
1.1298104784773031e-6
1.0517744391332541e-6
9.787499662478465e-7
9.112900134555572e-7
8.481083494920171e-7
7.897773878330175e-7
7.350946508663436e-7
6.846458315944444e-7
6.373038592603582e-7
5.93662537158701e-7
5.526629074920615e-7
5.149025745710721e-7
4.793843068415342e-7
4.467059314898687e-7
4.1592633890689186e-7
3.8764062232839523e-7
3.609588653255244e-7
3.3647099802124387e-7
3.1333395232683026e-7
2.921305138745758e-7
2.720606234097035e-7
2.5369832036571806e-7
2.3628315269741455e-7
2.2037913348905422e-7
2.0526239621730861e-7
1.9148591945532608e-7
1.783597306461372e-7
1.6642499540144946e-7
1.550232308653456e-7
1.4468320488875432e-7
1.3477577045956813e-7
1.2581687576168484e-7
1.1720477439992732e-7
1.0944230965685105e-7
1.0195339175541898e-7
9.522758815816683e-8
8.871288928536149e-8
8.288551112720404e-8
7.72160950262946e-8
7.21675088837339e-8
6.723174516652546e-8
6.285839228800932e-8
5.8559608219203925e-8
5.477182393425465e-8
5.102627820686524e-8
4.7746410057459983e-8
4.448154376745754e-8
4.1642326804209596e-8
3.879525305824349e-8
3.633840651042649e-8
3.3854605429345825e-8
3.172961986202691e-8
2.956181026141379e-8
2.7724898505286846e-8
2.583206137154403e-8
2.424525001617312e-8
2.259178209254165e-8
2.122212324564448e-8
1.9777101672026912e-8
1.8595987028735095e-8
1.733252804228375e-8
1.6315089095857368e-8
1.5209785297972264e-8
1.4334364720152753e-8
1.3366786292216074e-8
1.2614466039070317e-8
1.1766711432204419e-8
1.1120882844180515e-8
1.037716369667927e-8
9.823123527745091e-9
9.169366564311043e-9
8.693920098336976e-9
8.117365079373652e-9
7.708412715497127e-9
7.1971794152505825e-9
6.843255442921077e-9
6.385843084410877e-9
6.07556353455857e-9
5.660231513031806e-9
5.381590027922544e-9
4.995546750756899e-9
4.734970487897926e-9
4.363264256904793e-9
4.1043016793453755e-9
3.728258552028539e-9
3.4497112452000616e-9
3.0446920785011606e-9
2.717914271201836e-9
2.2500570451703946e-9
1.8350372699179926e-9
1.2567920780133046e-9
7.004603602169412e-10
1.1441944331174203
1.1152366561326283
1.0697487046677574
1.0072264323660094
0.9297620440183605
0.8386427979541318
0.7362611736151502
0.6245742568854142
0.5061843908765434
0.3833103588663587
0.258539582156203
0.1340462355993476
0.012182383701268985
-0.1051498487572079
-0.21599599965292482
-0.31886645234267935
-0.41228976273441514
-0.49524535180732093
-0.5667583249532896
-0.6262666637840845
-0.6732530373735954
-0.7075612133705982
-0.7290644519823345
-0.7379422014356882
-0.7343855602245964
-0.7188419274699221
-0.6917573878600176
-0.6537941255998114
-0.6056085440030814
-0.5480441490085181
-0.4819432868320759
-0.408316784134247
-0.3281864040591002
-0.24273147697227584
-0.15315833188463548
-0.06082314086178403
0.03287645015276357
0.12640407732451944
0.21817664819535867
0.3064952634583014
0.3896271755985548
0.46576730918256504
0.5331158867805431
0.5898713822967386
0.6343072319774682
0.6647938171258354
0.679873895865513
0.678306842489378
0.6591380013131275
0.6217540868964084
0.5659379564123141
0.4919212820863886
0.40041467413029913
0.29264367896036764
0.17034559314605469
0.03577788461471786
-0.10832275336212543
-0.2587650278994671
-0.4119803902804638
-0.564079921774798
-0.7109610600397063
-0.8483906649392647
-0.9721302133255182
-1.0780358754376773
-1.1621898417421002
-1.2210075082111915
-1.251363197463308
-1.2506952084949476
-1.217115442556572
-1.1495035710668573
-1.0475904482734544
-0.9120317509671224
-0.7444537951368098
-0.547494611796869
-0.32479853433665873
-0.08101021184610896
0.1782968285289815
0.44668770380448297
0.7170157317395721
0.9815607625610215
1.2322601439221843
1.460915297311054
1.6594920856600635
1.8203754889729022
1.9367078990066249
2.0026521437867983
2.0137175845950863
1.966976095108272
1.861314597976451
1.6975435937663519
1.4785171288040289
1.2090841464438402
0.896036146254433
0.5478790346113094
0.17460326376331184
-0.21270657284963398
-0.6022419926734983
-0.9819642999506558
-1.340039872477097
-1.6653471295938416
-1.9478801646428168
-2.179170122949327
-2.3525647482898453
-2.4634833971552283
-2.509510346491294
-2.490443405521558
-2.408186212476474
-2.2666010592662613
-2.0712346793807774
-1.8290303044041645
-1.5479571924115556
-1.2366619770326
-0.9040848897981206
-0.5591310145762824
-0.21034533490541135
0.1343355697405876
0.4678044392337939
0.7839214568083385
1.0776178183744622
1.3449243719711286
1.582971445524216
1.7899306812316178
1.964940945125839
2.1079963720702635
2.219832879645342
2.30179529907283
2.355714885169814
2.3837814457039146
2.3884333875840897
2.3722510785277153
2.33787116475141
2.2879081952994094
2.2248966855726025
2.151241076676144
2.0691833908686035
1.9807773804884172
1.887876643950131
1.792127005990588
1.6949690661524415
1.597642743433428
1.5011986655381664
1.4065096762433575
1.3142865730885738
1.2250926325985425
1.1393604831117938
1.0574069696418478
0.9794491199589173
0.9056177452505364
0.8359713905109328
0.7705078770770893
0.7091757952179275
0.6518837461733288
0.5985093643347902
0.5489063534599985
0.5029112695996453
0.46034862369179147
0.42103576858239833
0.38478640966516214
0.35141396661889096
0.3207338366858727
0.2925655798219756
0.26673424593191986
0.24307168595137754
0.2214172052416399
0.20161824873681913
0.18353059028301463
0.1670185867676675
0.15195506441232692
0.1382212895552289
0.12570667100148208
0.11430855572866673
0.1039318323150383
0.0944886284414852
0.08589787383289543
0.0780849523014781
0.0709812626113319
0.06452385983183846
0.058655037919646325
0.0533219821356204
0.04847638679489949
0.04407413134076933
0.04007493963014218
0.03644208600402071
0.03314209780823144
0.030144493679579283
0.027421528076240802
0.024947961405223124
0.022700843634022784
0.02065931435747007
0.018804421693163476
0.017118949582078286
0.015587267850605439
0.014195183711759173
0.012929818903746565
0.011779482331473256
0.010733570424103025
0.00978245800835696
0.008917418369588329
0.00813052969682478
0.007414611720445461
0.006763145360051308
0.006170223206863068
0.0056304803053132445
0.005139056125819803
0.00469153469900437
0.0042839160714184315
0.0039125642763365555
0.003574186575262982
0.0032657879860338392
0.0029846568850528904
0.002728325020604275
0.0024945582859181884
0.0022813213239955515
0.002086772482543216
0.0019092322683929538
0.0017471816655357008
0.0015992338251345588
0.0014641350710286579
0.0013407393183243281
0.0012280112104647288
0.001125002848339102
0.0010308586026970916
0.0009447938093159394
0.0008661008832387677
0.0007941296962110419
0.0007282946876260265
0.0006680566902908491
0.000612930789417434
0.0005624694036475496
0.0005162706899236112
0.000473962720139276
0.00043521226795969516
0.00039970994879783657
0.00036717925605291344
0.00033736255442819884
0.00031003025881720555
0.0002849675891930728
0.00026198380648466294
0.00024089965213934303
0.0002215565726133123
0.00020380477885049606
0.000187512405158188
0.00017255413376842174
0.00015882024542943765
0.00014620576233630509
0.00013461935720935193
0.00012397297453602504
0.00011419057261089009
0.00010519818849540213
0.00009693249377038086
0.00008933127312153284
0.0000823417796589961
0.00007591160075325591
0.00006999680292312194
0.00006455316162672562
0.00005954408907736099
0.00005493220725811345
0.0000506870547369866
0.00004677698431725402
0.00004317664710671236
0.00003985919801612564
0.0000368035570859711
0.00003398690756893101
0.00003139173590977305
0.00002899860844193013
0.000026792992517355924
0.000024758298955932708
0.000022882487683224833
0.00002115136402857086
0.000019554972894102644
0.00001808113782725517
0.000016721648250645347
0.00001546603096236478
0.00001430753533083257
0.00001323712751735038
0.000012249278808792054
0.00001133617342706827
0.000010493305353656756
9.713891101237883e-6
8.994280495566566e-6
8.328566245291235e-6
7.713814200559322e-6
7.1448619753648965e-6
6.619374210433376e-6
6.132822885142692e-6
5.6833730838420545e-6
5.267037986268354e-6
4.882400578702752e-6
4.525936637327814e-6
4.196577744625807e-6
3.891195882501129e-6
3.6090130159245695e-6
3.3472411949115354e-6
3.1053438550626407e-6
2.8808255920944134e-6
2.6733502060374114e-6
2.4806745609153867e-6
2.3026282693903875e-6
2.13718628483373e-6
1.984314987791691e-6
1.8421783797338542e-6
1.7108551940901977e-6
1.5886737715335066e-6
1.4758046778938604e-6
1.3707195406251734e-6
1.2736635150937563e-6
1.1832335520884505e-6
1.0997349134975266e-6
1.021874521944474e-6
9.500055877636069e-7
8.829318646848011e-7
8.21044312802208e-7
7.63232249246315e-7
7.099158369827008e-7
6.600602772992783e-7
6.141077821921349e-7
5.710911063901371e-7
5.31468532147086e-7
4.943331830155355e-7
4.6015442413878546e-7
4.280795383392424e-7
3.985848227868962e-7
3.708663406272714e-7
3.4540387608795414e-7
3.214376019884094e-7
2.9944794020953254e-7
2.787151074269474e-7
2.5971781624267183e-7
2.417727784714699e-7
2.2535507426975376e-7
2.0981480462982213e-7
1.956218513377045e-7
1.821569782193266e-7
1.6988360378763524e-7
1.5821075433648415e-7
1.475943736171023e-7
1.374696304110221e-7
1.282841953774784e-7
1.1949750139362983e-7
1.1154832676454102e-7
1.0391869860149898e-7
9.703803381950856e-8
9.040946423229903e-8
8.445270208114822e-8
7.869065066183142e-8
7.353307931655814e-8
6.852146533128785e-8
6.405548443431971e-8
5.969410858118115e-8
5.582684180589919e-8
5.202917452688528e-8
4.868042104598305e-8
4.537170426061763e-8
4.2472180049540624e-8
3.9587796944335465e-8
3.707762399171089e-8
3.456169813295407e-8
3.2389105754858964e-8
3.0193296393862194e-8
2.8313503980290224e-8
2.6395969138892585e-8
2.4770223998422234e-8
2.3094726916833622e-8
2.1689474527868202e-8
2.0224612335643674e-8
1.901077929635172e-8
1.7729315485507818e-8
1.6681687862589822e-8
1.5559972255692217e-8
1.4656653887342374e-8
1.3674115354392548e-8
1.2896051914006732e-8
1.2034750052419166e-8
1.136530530465638e-8
1.0609527535073125e-8
1.0034098062822217e-8
9.36998799617884e-9
8.875641535325523e-9
8.290842713540825e-9
7.865962783128845e-9
7.34925860139134e-9
6.9831738084227165e-9
6.524098912174543e-9
6.2066683624915455e-9
5.795058159669747e-9
5.516173672136204e-9
5.14160532101395e-9
4.8905548065466665e-9
4.541613025767218e-9
4.3062248921744756e-9
3.9694959756777905e-9
3.7349478413190215e-9
3.39360066006021e-9
3.1407212905993577e-9
2.772467815427687e-9
2.4752806191316225e-9
2.0494118641751125e-9
1.6715688165114925e-9
1.1448911080725448e-9
6.381353861495757e-10