-0.012404563638995185
-0.012427509684079364
-0.012465024060079325
-0.012516715031521505
-0.01258163278646119
-0.0126587696506263
-0.012746798339590127
-0.012844296937705026
-0.012949618559674544
-0.013061041288154695
-0.013176694037875891
-0.013294670890464861
-0.013412987186362994
-0.01352967157700456
-0.013642739975835642
-0.013750270733784289
-0.013850389427616119
-0.013941329642516473
-0.01402142423412419
-0.01408915307918556
-0.014143137993166148
-0.01418217840624579
-0.01420524809025136
-0.014211519591964511
-0.014200361541059735
-0.014171352634859278
-0.014124278679193731
-0.014059136895176313
-0.013976132070417101
-0.013875671936761922
-0.01375836195112823
-0.013624992491239737
-0.013476531905840566
-0.01331410632150159
-0.013138990751418488
-0.012952582425153842
-0.012756389956601175
-0.012552001311051988
-0.01234107131657877
-0.012125285658996433
-0.011906347361015668
-0.011685938510718724
-0.011465706687046214
-0.011247226423268404
-0.011031986862026508
-0.010821355158497383
-0.010616566829867216
-0.010418693339159398
-0.010228636596788653
-0.01004710277932549
-0.009874602206073082
-0.009711431018544237
-0.009557677197868592
-0.009413211091046607
-0.009277697710629664
-0.009150596322648204
-0.009031178476149733
-0.00891853607904775
-0.008811603960655185
-0.008709175177219829
-0.008609926426303415
-0.008512438842692371
-0.008415224334096447
-0.008316749903512676
-0.008215462982914257
-0.008109817347188544
-0.007998295753738007
-0.007879435743834517
-0.007751848278796897
-0.0076142420753647355
-0.007465437374086325
-0.007304387839496593
-0.007130189021766345
-0.006942097200119573
-0.006739532448087837
-0.006522094069237919
-0.006289558425498926
-0.006041890798888158
-0.005779238296789642
-0.005501938087436275
-0.005210505780469751
-0.004905640055505349
-0.004588206962151037
-0.00425924101864629
-0.003919925910061176
-0.0035715921986657984
-0.003215694939879959
-0.002853808228310044
-0.0024876003061673774
-0.0021188252715932093
-0.0017492963260668886
-0.0013808750944465592
-0.0010154437475273978
-0.00065489252611073
-0.00030109158368969176
0.000044122531066314705
0.0003789743406382009
0.0007017630696744187
0.0010108883193646655
0.0013048627204292028
0.00158233461037252
0.0018420985039421215
0.002083113537357968
0.0023045105431219216
0.0025056051229884685
0.002685900262110994
0.0028450931615463483
0.0029830726605102656
0.0030999194083854583
0.003195897868984392
0.0032714500009872974
0.0033271822290494844
0.003363853441718566
0.003382357924639832
0.003383709058981932
0.0033690197019530473
0.003339483363130582
0.003296353788188016
0.003240925529162155
0.0031745144900002624
0.0030984396725747235
0.003014006191118789
0.0029224896125886832
0.0028251225094460914
0.002723082308808262
0.002617481928480125
0.0025093615087125824
0.0023996831659865384
0.0022893264973468577
0.0021790870691704147
0.0020696752199359137
0.0019617176210537175
0.001855758685683959
0.0017522644039728898
0.0016516255867194808
0.0015541631688786172
0.0014601325493210679
0.00136972963966182
0.0012830956674053688
0.0012003233836005835
0.0011214618393282627
0.0010465223213729205
0.0009754827613256111
0.0009082931181833515
0.0008448792149141937
0.0007851474151839987
0.0007289877929715314
0.0006762780505320897
0.0006268860089054659
0.0005806727850665573
0.000537494646326315
0.0004972055095692368
0.00045965823480010573
0.00042470653346133924
0.00039220579099445875
0.0003620144799165687
0.00033399460344134426
0.00030801270726226994
0.0002839400305033848
0.0002616532021088204
0.0002410341751980848
0.00022197068269561777
0.00020435601910748813
0.00018808931770632274
0.00017307523153479057
0.00015922408247950987
0.00014645148197533442
0.0001346783914523897
0.00012383071330089682
0.00011383929283188556
0.00010463950176198561
0.00009617120408484161
0.00008837834763094
0.00008120891002809043
0.00007461450864268717
0.0000685503379480268
0.00006297480416230616
0.00005784946163979688
0.0000531386755731017
0.00004880956226693123
0.00004483168116220948
0.00004117698185291008
0.000037819525233997576
0.00003473543871015836
0.000031902665312133206
0.00002930092758112056
0.00002691150291068824
0.000024717195957628295
0.000022702138147243798
0.000020851768069997202
0.000019152652957200498
0.000017592476303002133
0.000016159879115055355
0.000014844453900300882
0.00001363660357617251
0.000012527540936958548
0.000011509163242842562
0.0000105740563127501
9.715382967756123e-6
8.926890955829339e-6
8.20281359674583e-6
7.5378808197950694e-6
6.9272305285107695e-6
6.366422114542856e-6
5.851357225316803e-6
5.378295199580842e-6
4.943782075375343e-6
4.544667471294856e-6
4.178040813676818e-6
3.841249260106446e-6
3.531840252635373e-6
3.247580145382619e-6
2.986402304863929e-6
2.746426161345748e-6
2.5259101785550362e-6
2.3232710988555645e-6
2.137041193592754e-6
1.965887515608512e-6
1.8085729193013098e-6
1.6639751710652352e-6
1.5310512959196477e-6
1.408856427810412e-6
1.2965110984864299e-6
1.1932197359099175e-6
1.0982405619790909e-6
1.0109036692107399e-6
9.305832379044469e-7
8.567151393908144e-7
7.887712211910237e-7
7.26276400018459e-7
6.687847962051546e-7
6.158962917942e-7
5.672343236891608e-7
5.224618920108791e-7
4.812608456998355e-7
4.433473342086346e-7
4.0845244019460375e-7
3.763370739010718e-7
3.467738255913529e-7
3.1956130691355135e-7
2.945071112569398e-7
2.7144161023051077e-7
2.502019235218945e-7
2.3064518154677965e-7
2.1263341796289072e-7
1.9604631173166213e-7
1.8076692544636684e-7
1.666939416278632e-7
1.537281786904019e-7
1.4178433738548083e-7
1.3077823374266372e-7
1.2063807227551745e-7
1.1129234176169941e-7
1.026806322119657e-7
9.474214503381066e-8
8.742607090397533e-8
8.068067081265241e-8
7.446323192546211e-8
6.872968033282419e-8
6.344413178290324e-8
5.8569000750469543e-8
5.407416260361614e-8
4.992752693284261e-8
4.6103827310432514e-8
4.257562974732699e-8
3.9321765738366794e-8
3.631874929625732e-8
3.3548868467263776e-8
3.0991986674823777e-8
2.8633307353776662e-8
2.6455537360862323e-8
2.4446338823105624e-8
2.259083417273814e-8
2.087875874633658e-8
1.929728860694049e-8
1.7837906872270933e-8
1.6489536922160493e-8
1.5245134882281755e-8
1.4095112102079956e-8
1.3033665679178081e-8
1.2052475250413664e-8
1.1146782914612277e-8
1.0309350423102902e-8
9.536299347130125e-9
8.821315698179306e-9
8.16126069249078e-9
7.550610687602147e-9
6.986848421230842e-9
6.4651269289631925e-9
5.9834506787379695e-9
5.5375528445240456e-9
5.125875320973387e-9
4.744649376994056e-9
4.3926831177849845e-9
4.066636137174181e-9
3.765622595934538e-9
3.4866710384938038e-9
3.229150876741361e-9
2.990409040351206e-9
2.7700272936951377e-9
2.5656278540320395e-9
2.3769686250330834e-9
2.2019103474038817e-9
2.040356505241502e-9
1.8903749727125188e-9
1.751989038305989e-9
1.6234468820187278e-9
1.5048698668330605e-9
1.3946635261297394e-9
1.2930289906913105e-9
1.1985094881304997e-9
1.1113705066922547e-9
1.0302761094387399e-9
9.555431824014657e-10
8.85942147955958e-10
8.218304037843658e-10
7.620722839515928e-10
7.070565660250802e-10
6.557307762991273e-10
6.085074246534742e-10
5.644079834779356e-10
5.238623028324738e-10
4.859578120772648e-10
4.511363710491054e-10
4.185444502604517e-10
3.8863148658247166e-10
3.6059699309296077e-10
3.3489430963468053e-10
3.1077077782669426e-10
2.8868060735397346e-10
2.679144260879573e-10
2.489248215924936e-10
2.3104174143384768e-10
2.14714115716023e-10
1.9930773914080307e-10
1.8526623399427083e-10
1.7198819392967597e-10
1.599106073211597e-10
1.4846218362218961e-10
1.3807222400862384e-10
1.2819718500424512e-10
1.1925785650044842e-10
1.1073634458923417e-10
1.0304429603774452e-10
9.568760334331444e-11
8.90682992428831e-11
8.271440228805152e-11
7.701799468411252e-11
7.152773653053553e-11
6.66255349303938e-11
6.187935978253781e-11
5.7660811412769886e-11
5.3555970744501584e-11
4.992607642540255e-11
4.6374237628904244e-11
4.325133954441716e-11
4.0176538239383163e-11
3.7490425219616185e-11
3.4827310960440064e-11
3.2517594809399533e-11
3.020992720969309e-11
2.822465030356733e-11
2.622400874221262e-11
2.4518448756764377e-11
2.2783123983718037e-11
2.131876631188716e-11
1.981280654711696e-11
1.855645883505508e-11
1.724884642842728e-11
1.6171872750089298e-11
1.503581018487776e-11
1.4113464712678832e-11
1.3125750689126181e-11
1.2336592274631272e-11
1.1477069747741439e-11
1.0802439514333442e-11
1.0053497756732403e-11
9.47704145666396e-12
8.823153251783196e-12
8.33036847001168e-12
7.757641056669647e-12
7.335425909345973e-12
6.8311397467249676e-12
6.4673138472700245e-12
6.019415821050678e-12
5.702174959579299e-12
5.29868107230823e-12
5.015932773960971e-12
4.644177831604463e-12
4.3826835115378545e-12
4.028329146691011e-12
3.772546705780558e-12
3.4182203168420255e-12
3.148693937790935e-12
2.7720739858264236e-12
2.463148689685891e-12
2.0342293279086666e-12
1.650785633609592e-12
1.1281980376157484e-12
6.245313830333955e-13
0.004434788596301199
0.004410463829841661
0.004367619761617129
0.004306959200789718
0.004227053945380226
0.004127319527604989
0.004006428108881346
0.003863621749341048
0.0036978861725623065
0.0035087886142988545
0.003295955018332858
0.0030596592737123177
0.0028004423939315595
0.002519528300357437
0.002218510026411484
0.00189962643083436
0.001565479356326847
0.001219195564746215
0.0008641617789005899
0.0005040961069616976
0.00014280284410795167
-0.00021582020245310162
-0.0005679964378268052
-0.0009101001730998659
-0.0012388268338502687
-0.0015512349069137427
-0.0018448591048667103
-0.002117745220382065
-0.00236849895071537
-0.002596302010767927
-0.002800896724636586
-0.002982580325448522
-0.0031421332302495318
-0.003280796311348542
-0.0034001572799200507
-0.00350212138483244
-0.003588774174030375
-0.003662358532592676
-0.003725132493911368
-0.0037793644054919216
-0.0038272014087259824
-0.0038706902407239065
-0.003911666274225366
-0.0039518011918086605
-0.0039925155167611906
-0.004035047809505288
-0.0040803872025354185
-0.004129353659835137
-0.004182542815777602
-0.004240404638792821
-0.004303191948056793
-0.004371026188185383
-0.004443843528856182
-0.004521441046124388
-0.004603419471676484
-0.004689209611428019
-0.004778016986090151
-0.004868834927999899
-0.00496040158554705
-0.005051210884424313
-0.005139494914373201
-0.005223245361669536
-0.00530023312960515
-0.005368050374168058
-0.00542417429942543
-0.005466034021522957
-0.005491117788269434
-0.0054970609065569205
-0.005481786836309025
-0.005443604198340303
-0.005381364226868556
-0.0052945483161548875
-0.005183418925182566
-0.00504907572190289
-0.004893575413361593
-0.004719935156623274
-0.004532199419010511
-0.00433537407031916
-0.004135425033360815
-0.003939134818688317
-0.0037540275770859693
-0.0035881507211854772
-0.0034499327468198054
-0.0033479045416242533
-0.0032905083680135473
-0.003285784738664039
-0.0033411613934459356
-0.0034631403237905777
-0.0036571025099503473
-0.003927033950194555
-0.004275383631969231
-0.00470286578928588
-0.005208403916865288
-0.005789038256170563
-0.006439977498285319
-0.00715462622049279
-0.007924749512588695
-0.008740616751204175
-0.009591265434255343
-0.010464738621341722
-0.011348416562562445
-0.012229309386560541
-0.013094412672127444
-0.013931008223450215
-0.014726995629471851
-0.015471154421363504
-0.016153408992442695
-0.01676501496972486
-0.017298728271211917
-0.01774889464439891
-0.018111511668458005
-0.01838421900313309
-0.018566260355055632
-0.018658388627566122
-0.01866274922351009
-0.018582725617407838
-0.01842277336936051
-0.018188236161337506
-0.017885161075057585
-0.017520113315775465
-0.017099998938269034
-0.016631900202430647
-0.01612292428139681
-0.015580072875318407
-0.01501012689158589
-0.014419555764723329
-0.013814440521748425
-0.013200421679840072
-0.01258265754820594
-0.011965805236886678
-0.01135400777315477
-0.010750900616275148
-0.010159619907773748
-0.009582826503348794
-0.009022727887128794
-0.008481112510346518
-0.007959378988577459
-0.007458574919197065
-0.006979428447644165
-0.006522387292744951
-0.006087649260250917
-0.005675198659505798
-0.005284833652572013
-0.004916198453303914
-0.004568806436886229
-0.004242067426245596
-0.003935306236497561
-0.00364778498726063
-0.003378717250446672
-0.00312728572458581
-0.0028926524430188394
-0.0026739723621318112
-0.002470400223993822
-0.0022811006967824506
-0.002105252519409277
-0.0019420558337680108
-0.0017907342078294555
-0.001650539750128661
-0.001520753541278762
-0.001400689046245241
-0.0012896914024899198
-0.0011871395618692632
-0.001092444799795678
-0.0010050519365342242
-0.0009244373536050321
-0.0008501095697227259
-0.0007816069821160741
-0.0007184980080807131
-0.0006603787114029994
-0.000606872667172077
-0.0005576285869606097
-0.0005123200216563991
-0.0004706430625095018
-0.00043231596315637964
-0.00039707696572875397
-0.00036468389756089657
-0.0003349121508019138
-0.0003075542901020143
-0.00028241819917267704
-0.0002593267217286684
-0.0002381159779483509
-0.00021863505095980767
-0.00020074446910289188
-0.00018431594333117926
-0.00016923100669588695
-0.00015538080341236706
-0.00014266487437808524
-0.00013099099570744932
-0.00012027409781995973
-0.00011043614950390832
-0.00010140519775364902
-0.00009311529251945593
-0.00008550563472610532
-0.00007852053653337606
-0.00007210866560578095
-0.00006622303574851583
-0.00006082033635813185
-0.000055860948570428494
-0.00005130834979057547
-0.00004712915089272651
-0.000043292566728270505
-0.00003977047038328935
-0.00003653692154452485
-0.000033568234304530945
-0.0000308425561950512
-0.00002833994650158738
-0.000026041999635209878
-0.00002393193136068836
-0.00002199424096168741
-0.00002021480319003931
-0.000018580564383503062
-0.000017079638304112044
-0.00001570103199395895
-0.000014434743987291544
-0.000013271516242393726
-0.000012202933486929614
-0.000011221198048579265
-0.000010319229329037062
-9.490458778930058e-6
-8.728928696514368e-6
-8.029104959995037e-6
-7.385974516222674e-6
-6.794873802110708e-6
-6.251584430368944e-6
-5.752175507170102e-6
-5.2930971398235025e-6
-4.871035095596556e-6
-4.483001853593861e-6
-4.126202254592716e-6
-3.7981218992784566e-6
-3.49640261548065e-6
-3.2189280700082062e-6
-2.963708031643743e-6
-2.728961116467889e-6
-2.5130069557770615e-6
-2.314346037017334e-6
-2.1315589983950953e-6
-1.9633835611016987e-6
-1.8086202693560241e-6
-1.6662065359773567e-6
-1.5351282301546496e-6
-1.4144908788781384e-6
-1.3034365767848173e-6
-1.2012124015504533e-6
-1.1070921823605489e-6
-1.0204421989852719e-6
-9.406473991806261e-7
-8.671744595640393e-7
-7.995020887711413e-7
-7.371815340392742e-7
-6.797706472655689e-7
-6.26891924903124e-7
-5.781700490706346e-7
-5.332875503966502e-7
-4.919255667753961e-7
-4.5381721950758904e-7
-4.1869135882704567e-7
-3.863237433692023e-7
-3.5648356475964846e-7
-3.289825193281817e-7
-3.036239243242705e-7
-2.8024976907623905e-7
-2.586922531820637e-7
-2.3881890214485063e-7
-2.204863735236365e-7
-2.0358371958262748e-7
-1.87988321169557e-7
-1.736073771976437e-7
-1.6033583819958998e-7
-1.480961995976418e-7
-1.3679831767450323e-7
-1.2637758064180968e-7
-1.1675649935902e-7
-1.078813272338641e-7
-9.968532656453555e-8
-9.212390533578445e-8
-8.513946769379384e-8
-7.869513276841281e-8
-7.274108463029068e-8
-6.724693539560454e-8
-6.216949616128442e-8
-5.748384385005283e-8
-5.315244015810092e-8
-4.9154958887133716e-8
-4.5458684943745616e-8
-4.2047156289516585e-8
-3.889177956678094e-8
-3.597933828272346e-8
-3.3284765757563826e-8
-3.079756874678089e-8
-2.849570216297474e-8
-2.637095503271198e-8
-2.4403874874042513e-8
-2.2588160680489552e-8
-2.0906587978574564e-8
-1.935445142959963e-8
-1.7916444477013608e-8
-1.65891921544867e-8
-1.5359041888979606e-8
-1.4223725198211069e-8
-1.3171018665834134e-8
-1.2199571399402118e-8
-1.129839746010653e-8
-1.0466904230113733e-8
-9.69517967927732e-9
-8.983255154469644e-9
-8.322152815722633e-9
-7.712414806044541e-9
-7.145878003839442e-9
-6.623500055828223e-9
-6.137830283911932e-9
-5.6901616623626264e-9
-5.273668296691206e-9
-4.889911095500427e-9
-4.532613716261919e-9
-4.203548418482909e-9
-3.896923755382385e-9
-3.6146758948038624e-9
-3.3514426344311595e-9
-3.1092843368052462e-9
-2.883220065932341e-9
-2.6754011995922873e-9
-2.481186633249256e-9
-2.302791103492606e-9
-2.1358774866657496e-9
-1.982700888837245e-9
-1.8391970865946026e-9
-1.707642508608193e-9
-1.5842188291636345e-9
-1.4712080815234062e-9
-1.3650143251252645e-9
-1.2679122890743796e-9
-1.176507895264089e-9
-1.0930580290807902e-9
-1.0143525164269383e-9
-9.426218558706143e-10
-8.748240207592723e-10
-8.131562604941114e-10
-7.547308324651144e-10
-7.017062878940766e-10
-6.513369347932447e-10
-6.057383640251542e-10
-5.622961062749818e-10
-5.23079524861478e-10
-4.855957590068205e-10
-4.5186550983090274e-10
-4.1950896103289464e-10
-3.904964118365858e-10
-3.625534364346463e-10
-3.37598770940637e-10
-3.134565163234829e-10
-2.919931642569544e-10
-2.7112516640083243e-10
-2.526664850895981e-10
-2.3462034619788176e-10
-2.1874822361746767e-10
-2.031350649758688e-10
-1.8949016262114322e-10
-1.7597559245318262e-10
-1.6424898753051062e-10
-1.5254536145033174e-10
-1.424713826335527e-10
-1.3233116620144925e-10
-1.236812464489903e-10
-1.1489131609759214e-10
-1.074687104489867e-10
-9.984545126204672e-11
-9.348068763939174e-11
-8.686576454346246e-11
-8.141271169101309e-11
-7.566940479191846e-11
-7.100185372290543e-11
-6.601185879192307e-11
-6.202052235927034e-11
-5.768112359271727e-11
-5.4270962636990144e-11
-5.049248616372736e-11
-4.758026928568743e-11
-4.428372138650791e-11
-4.179571733834094e-11
-3.8910499201480927e-11
-3.678018398512073e-11
-3.424175231516697e-11
-3.240738394601458e-11
-3.0154689743180266e-11
-2.8556557240701147e-11
-2.652903741903736e-11
-2.5106119431352976e-11
-2.323992854760093e-11
-2.1925590054021045e-11
-2.014862886048747e-11
-1.886482535788175e-11
-1.70899294585516e-11
-1.5739153038977692e-11
-1.385451972716529e-11
-1.2308376022110585e-11
-1.0163895701393139e-11
-8.246790255412087e-12
-5.635670187981976e-12
-3.119209955927899e-12
0.005828539512978173
0.005850496042421652
0.005886845859287747
0.005935752602102046
0.00599556150994509
0.006063850865674214
0.006137988180321398
0.006214861412369107
0.00629115187402489
0.00636328189855295
0.006427569152843537
0.00648028772045604
0.006517753906889636
0.006536453911677844
0.0065330776000527965
0.006504682422840098
0.006448678684096606
0.006363006929539997
0.006246074016398422
0.006096927294481614
0.005915141497118967
0.005700979469575106
0.005455233250344365
0.005179367472522701
0.004875321923148488
0.004545638891625058
0.004193237259406099
0.0038215279878745204
0.0034341704470335598
0.0030351806615724875
0.002628679188814161
0.0022189953140862133
0.0018104132590566959
0.001407273491833227
0.0010137217035574451
0.0006338070923142964
0.00027123748606597026
-0.00007052531511284685
-0.0003885002697743722
-0.0006800928713997838
-0.0009433138813706354
-0.001176681953213186
-0.0013794185138327332
-0.00155134102113083
-0.0016930252111056034
-0.0018056824266982714
-0.0018912814540352678
-0.0019524051409190836
-0.0019923271556156353
-0.0020148468137771236
-0.0020243207665476062
-0.0020254797529224524
-0.002023420455988807
-0.0020234126897366476
-0.00203086135245288
-0.0020511163146787284
-0.0020894176563796283
-0.0021507225189006233
-0.002239648085199776
-0.0023603295033020463
-0.0025163741035564785
-0.0027107620589142674
-0.0029458220875381207
-0.0032231818479378713
-0.003543770021228073
-0.003907816883978148
-0.004314880739297307
-0.0047638914782129746
-0.005253191941306121
-0.005780610013567583
-0.006343499385753989
-0.00693882080818965
-0.007563163971520693
-0.008212818018717446
-0.008883758675175246
-0.009571693330424777
-0.010272005799265238
-0.01097977208632856
-0.01168966815086911
-0.012395966758353276
-0.013092428295415376
-0.013772303012181505
-0.01442823681504961
-0.01505231194331785
-0.01563600407365798
-0.016170293860886874
-0.01664570533945367
-0.017052508802600168
-0.01738085301497896
-0.017621058059512702
-0.01776382863577971
-0.017800608917428417
-0.01772383788086859
-0.017527314633006177
-0.01720643751773841
-0.01675851577804072
-0.016182929130995928
-0.015481325323975956
-0.01465764896576083
-0.01371818483083045
-0.012671431444859438
-0.011527981627483776
-0.010300250118738807
-0.009002216686263552
-0.007649048063604357
-0.006256755298856152
-0.004841769887525478
-0.00342057921985847
-0.0020093207751861884
-0.0006234559642669656
0.0007225643155540928
0.002015543051832864
0.0032437668329242026
0.004397143983684605
0.005467318748669139
0.006447703225491663
0.007333484675883786
0.008121566717507253
0.00881049151228726
0.009400315124788916
0.009892472363627976
0.010289614030879635
0.0105954422881612
0.010814535359262845
0.010952177392618462
0.011014191052466803
0.011006779902206418
0.010936383002468074
0.010809541395826305
0.010632782616079356
0.010412516958187923
0.010154954491494441
0.009866032037419733
0.009551361261914528
0.009216183888892818
0.008865346811468052
0.008503281017585676
0.008133998285275066
0.007761088399682429
0.007387731641201992
0.007016708855104828
0.006650424308839469
0.006290923740849075
0.005939922966714875
0.00559882991383277
0.005268775351951656
0.004950635901844329
0.004645064273626023
0.004352511172491354
0.004073253332559394
0.003807413044753253
0.0035549830157301085
0.003315842875224778
0.003089780452148276
0.002876505079180948
0.0026756652722035625
0.002486858957494581
0.0023096477920122147
0.0021435646219050736
0.001988124820949539
0.0018428313789750014
0.0017071836944502522
0.0015806807160407797
0.0014628276293713763
0.0013531374576507876
0.001251136053094634
0.0011563625213216711
0.0010683728804626903
0.0009867396217211456
0.0009110543447038948
0.0008409267117434585
0.0007759863134938172
0.0007158812226087189
0.0006602792932766131
0.0006088664734990244
0.000561347698065111
0.0005174450791810215
0.00047689851511369417
0.0004394638464358127
0.0004049132720649296
0.0003730335324402368
0.00034362620034202095
0.00031650593212556404
0.0002915006817063807
0.00026845004564883366
0.0002472054341681833
0.00022762852452172294
0.00020959141197204672
0.00019297517774700463
0.00017767003488095614
0.0001635740112940872
0.0001505930996395127
0.0001386400522149235
0.000127634539863624
0.00011750205299528972
0.00010817407179135645
0.00009958706619877486
0.0000916826778379395
0.00008440681115008477
0.00007770982623840393
0.00007154571317242414
0.0000658722943115332
0.00006065047393077855
0.00005584444823188542
0.00005142102283129543
0.00004734982854700896
0.00004360269979241473
0.00004015389425816244
0.000036979525821727095
0.000034057786364912066
0.00003136842739597135
0.00002889298241536737
0.000026614292025930337
0.000024516725454776266
0.000022585744479202073
0.00002080812291307387
0.00001917154519121844
0.00001766482282255383
0.000016277523948172267
0.000015000185944090537
0.000013823972696123636
0.000012740882698696381
0.000011743431173465819
0.00001082485315564909
9.978807925124007e-6
9.199576698096644e-6
8.481787141946739e-6
7.820605398587523e-6
7.211478720912631e-6
6.650321646209438e-6
6.133275026160992e-6
5.656886245742689e-6
5.2178831237446855e-6
4.813348136384881e-6
4.440505844513204e-6
4.096891133362834e-6
3.780148979010911e-6
3.488196757834192e-6
3.2190353012122746e-6
2.9709053617940185e-6
2.742109024345843e-6
2.5311604421780182e-6
2.336616775705503e-6
2.157223332475906e-6
1.9917532954061843e-6
1.8391474148139488e-6
1.6983618671670073e-6
1.5685026582190368e-6
1.4486810219936337e-6
1.338142701321618e-6
1.2361303570087852e-6
1.1420078964045763e-6
1.0551294154342653e-6
9.749587478445265e-7
9.009445090253833e-7
8.32635038732419e-7
7.695591562508137e-7
7.113366680741984e-7
6.575644797241359e-7
6.079228373894929e-7
5.620664732626937e-7
5.197267467785947e-7
4.806075282197819e-7
4.444834011574046e-7
4.1110001379826245e-7
3.8026849970208153e-7
3.517700483064637e-7
3.2544669612256855e-7
3.011098874403931e-7
2.7862778310460233e-7
2.578375998803987e-7
2.38629578681174e-7
2.2086290672939335e-7
2.044464818227561e-7
1.8925823548639614e-7
1.7522282458465976e-7
1.6223418632707217e-7
1.5023028330671495e-7
1.3911873266426602e-7
1.2884872549697297e-7
1.1933958285025744e-7
1.1054996542104109e-7
1.024092184634684e-7
9.488398282739554e-8
8.791219944300042e-8
8.146722800389436e-8
7.54943895323958e-8
6.997269444666352e-8
6.485380888634843e-8
6.012148950072946e-8
5.573286580651967e-8
5.167567480164342e-8
4.7911757696224274e-8
4.4432183395250844e-8
4.1202863545384055e-8
3.821765003805432e-8
3.544597749675625e-8
3.2884016227522635e-8
3.050425607632878e-8
2.8304792692315657e-8
2.6260771149643394e-8
2.43718799863195e-8
2.261557714192939e-8
2.0992862985774155e-8
1.9483215000593005e-8
1.808870791272858e-8
1.6790587176935702e-8
1.5591801362860568e-8
1.4475147890282732e-8
1.344428000437461e-8
1.2483361393866306e-8
1.1596607396487297e-8
1.0769388122778982e-8
1.0006360966932973e-8
9.293964671671272e-9
8.637197772773946e-9
8.023448690171917e-9
7.457972401024396e-9
6.9290041414342545e-9
6.441984377740542e-9
5.985906063543458e-9
5.566335856448916e-9
5.1729471067262265e-9
4.811383242195787e-9
4.471930777006733e-9
4.160268855778294e-9
3.867238572280955e-9
3.598520820565958e-9
3.3454601113261815e-9
3.113711118274532e-9
2.8950769815975224e-9
2.6951632579622597e-9
2.5061924121915768e-9
2.333702274912268e-9
2.170300051220226e-9
2.0214408572882986e-9
1.8800861236516603e-9
1.7515963174293125e-9
1.6292600929277078e-9
1.5183339059544417e-9
1.4124096702478972e-9
1.3166326313621557e-9
1.2248766282243605e-9
1.1421703130972605e-9
1.0626503971581625e-9
9.912250771387898e-10
9.222768658985631e-10
8.605909125700215e-10
8.00780187053738e-10
7.475052561720783e-10
6.955957079812213e-10
6.49586868929127e-10
6.045124228448865e-10
5.647825209524637e-10
5.256235741302789e-10
4.913212164507665e-10
4.572842304215571e-10
4.2767487326697316e-10
3.9807483583032145e-10
3.7252452686788096e-10
3.4676986947690295e-10
3.2473126017167353e-10
3.0231087427821676e-10
2.8331117146259255e-10
2.637832156496515e-10
2.474137850401907e-10
2.303960147253299e-10
2.1630338514397567e-10
2.0146476862486646e-10
1.8934281383575786e-10
1.763962227780136e-10
1.6597931824449826e-10
1.5467509703973862e-10
1.4573206094378115e-10
1.3585228676843767e-10
1.2818091700358236e-10
1.1953415922507797e-10
1.1295616856453592e-10
1.0537253935992192e-10
9.972866587075165e-11
9.305491908452307e-11
8.819994255335428e-11
8.229431792702259e-11
7.809163703646639e-11
7.281805166146338e-11
6.913335829401068e-11
6.43544010727763e-11
6.104780873220766e-11
5.6615774094421294e-11
5.3531489473279583e-11
4.927636020150301e-11
4.6228589936713444e-11
4.194139664178964e-11
3.869459586081944e-11
3.4103870632904097e-11
3.034458034277814e-11
2.5082597968651806e-11
2.0379096623618475e-11
1.3936376464254142e-11
7.724787058478777e-12
0.011339412581238734
0.011155327591828544
0.010849997219025409
0.010426582877600213
0.009889058481802512
0.009242458498478092
0.008492934065151114
0.007647388965951977
0.006713843931366962
0.005700825783350948
0.004617901265200068
0.0034749144497125354
0.002282635511767558
0.0010518928634198597
-0.00020569603796843306
-0.0014786693256983335
-0.002754933265936175
-0.004022763428194566
-0.005269981733996087
-0.006484997207053891
-0.007655964514812146
-0.00877184756871396
-0.009821571882479582
-0.010795093020452956
-0.011682550552726363
-0.012475322051352888
-0.013165182914710524
-0.013745326413978664
-0.014209531826846459
-0.014553132460245555
-0.014772194454798387
-0.014864417622834324
-0.014828328506830236
-0.014664102687527611
-0.014372777474733736
-0.013956988346170186
-0.01342020833931082
-0.012767394938965062
-0.012004264422449886
-0.011137848598741833
-0.010175812947513347
-0.009126925155079959
-0.008000425966218867
-0.006806413555853359
-0.005555275637522115
-0.004257995331058772
-0.0029256521492364443
-0.0015696559904733432
-0.00020132296773475941
0.0011679557212527177
0.002527059623763099
0.003865029219600779
0.005171332918605607
0.006435811318921987
0.007648867777779464
0.008801462486251077
0.009885230972748809
0.010892523410400291
0.011816455836555557
0.012650988459778629
0.013390913337427276
0.01403196298414522
0.014570736604503224
0.01500482822974453
0.01533269274593585
0.015553782548679283
0.01566835585621239
0.01567761347534186
0.015583455798023465
0.01538861667064273
0.015096381391094739
0.01471072155291883
0.014235992459774633
0.013677078882200322
0.013039094108459666
0.012327549258080403
0.011548075418012437
0.010706626627023177
0.009809240041368844
0.008862274555839586
0.007872212318565603
0.00684592275391249
0.005790494577603644
0.004713502128629506
0.0036228444126920312
0.0025269815804633607
0.0014347509615744143
0.00035554038938999204
-0.0007009459172133512
-0.0017246014416990739
-0.0027052156521064773
-0.0036324814761349434
-0.004496351115223889
-0.005287119779539652
-0.005995810108572071
-0.006614293968671497
-0.007135659866130357
-0.007554322542008314
-0.007866322678305318
-0.008069375348943806
-0.00816306013706595
-0.008148774151738867
-0.008029790942022845
-0.007811107175673849
-0.007499374193115717
-0.007102652302760151
-0.0066302419249298795
-0.006092378726580761
-0.005500006103623479
-0.004864453690293485
-0.004197196891344066
-0.0035095600150669864
-0.0028125027639959352
-0.002116379814823388
-0.0014307820487885756
-0.0007643708021781974
-0.00012478726128931962
0.0004814343110859124
0.0010488887798971343
0.0015733151168831594
0.0020515599060505667
0.002481535381771488
0.002862139838849484
0.003193177205705187
0.003475252005542928
0.0037096690465780228
0.003898319529164786
0.004043576968734803
0.004148187928508991
0.004215176331201773
0.004247748177522584
0.004249211957310632
0.004222902503471274
0.004172121076277933
0.004100079857749464
0.004009861961810269
0.0039043853575637384
0.0037863807700106705
0.0036583721261235756
0.003522669035959168
0.0033813600797478072
0.0032363161238461407
0.00308919269710609
0.002941440558314412
0.002794313800848844
0.002648884605524323
0.0025060543417278845
0.0023665701102924437
0.0022310368060684707
0.002099933735730255
0.0019736262587101133
0.0018523813678636358
0.0017363780724139637
0.001625721314694254
0.0015204506788732367
0.001420552376564998
0.001325966162618437
0.00123659536767336
0.0011523120948350332
0.0010729654289094368
0.0009983850981532452
0.0009283880708712289
0.0008627809172425183
0.0008013650353745154
0.0007439379590465925
0.0006902974546928866
0.0006402420072540169
0.000593574010255292
0.0005500996351802772
0.0005096313083085873
0.0004719871369080553
0.00043699283508809604
0.00040448084759559693
0.00037429185646825516
0.00034627371316422415
0.0003202826303526556
0.0002961820069076311
0.0002738433856607775
0.000253145233902009
0.00023397372851151566
0.00021622153692411083
0.0001997884755011037
0.00018458032201848298
0.00017050938096884472
0.00015749334798275088
0.00014545580642814766
0.00013432515620078516
0.00012403505898158978
0.00011452343800350479
0.00010573288415366312
0.00009760972917188197
0.00009010442103019763
0.00008317067014914361
0.00007676579981036903
0.00007084996307012031
0.00006538647208726498
0.00006034108221524946
0.00005568230284330776
0.00005138074446123642
0.00004740941275163076
0.00004374311409598887
0.00004035873409641232
0.00003723469691423093
0.00003435122904901015
0.00003168986798914079
0.000029233711867329274
0.00002696697309612229
0.000024875214404174788
0.000022944943385633554
0.000021163835366468223
0.00001952036508485089
0.00001800401681824204
0.000016604949711817678
0.00001531419559881599
0.000014123354791961191
0.00001302478204128002
0.000012011309890620249
0.000011076423232045153
0.000010214007600646826
9.418512798607934e-6
8.684723753766632e-6
8.007913697246594e-6
7.3836354434274245e-6
6.807864611600721e-6
6.276809397057622e-6
5.78704432919807e-6
5.335336795987706e-6
4.918771828504635e-6
4.534593815038021e-6
4.180322795601284e-6
3.8536099587512375e-6
3.552345919696671e-6
3.2745287338502187e-6
3.018364619401294e-6
2.7821473480840962e-6
2.5643518580623865e-6
2.363523995738235e-6
2.1783674480661218e-6
2.0076429107392837e-6
1.8502487510983158e-6
1.7051287689071284e-6
1.5713469822781263e-6
1.4480032285925868e-6
1.3343024466953546e-6
1.2294774383294979e-6
1.1328530005624718e-6
1.043775233307316e-6
9.616708567698693e-7
8.859825090322012e-7
8.162235644673155e-7
7.519189177023673e-7
6.926556005730557e-7
6.380285957236725e-7
5.876875318964653e-7
5.412871125492838e-7
4.985301521671018e-7
4.591222431115532e-7
4.2281137927192107e-7
3.893465183641675e-7
3.58514023637609e-7
3.300998094339825e-7
3.0392281685517816e-7
2.7980045793954755e-7
2.5757932717844703e-7
2.3710368449728727e-7
2.1824359127808148e-7
2.0086619473474026e-7
1.8486146464377754e-7
1.7011606193641204e-7
1.5653684063214865e-7
1.4402710176481254e-7
1.325080140329589e-7
1.2189707073391991e-7
1.1212757235961712e-7
1.0312911921575826e-7
9.484528956932122e-8
8.721601423823637e-8
8.019357490497492e-8
7.372671932023967e-8
6.777509600270991e-8
6.229497993410626e-8
5.725225203278605e-8
5.260961544337912e-8
4.833822086975707e-8
4.440626287885361e-8
4.0789345373272084e-8
3.7460355828099805e-8
3.439865884403368e-8
3.1581153997100215e-8
2.899037950996556e-8
2.6606666490532368e-8
2.441522926194974e-8
2.2399335260720207e-8
2.0546453449316776e-8
1.8842365095133577e-8
1.7276436926288734e-8
1.583660347102435e-8
1.4513827183622581e-8
1.3297888035839824e-8
1.2181088712419571e-8
1.1154791753496501e-8
1.0212424076594035e-8
9.346706207944315e-9
8.55200681040035e-9
7.822212446474688e-9
7.152479459736142e-9
6.5376963122944586e-9
5.973677064433783e-9
5.456171651435938e-9
4.981542315454798e-9
4.546280255109985e-9
4.147203670565421e-9
3.7814420559853924e-9
3.44619200870796e-9
3.139133059475811e-9
2.857775056824693e-9
2.6002718604877795e-9
2.3643919306019998e-9
2.1486984622314198e-9
1.9511727743690213e-9
1.7707315522276419e-9
1.6055307333819766e-9
1.454792462918945e-9
1.31681540344425e-9
1.1910858080317672e-9
1.0760185287954501e-9
9.713282847547801e-10
8.75524101887175e-10
7.885184072392477e-10
7.088961944507716e-10
6.367410207846889e-10
5.706988489622228e-10
5.110013682326509e-10
4.563432097864058e-10
4.070842639191747e-10
3.619577962258844e-10
3.214345971494335e-10
2.842784342488479e-10
2.510559539196961e-10
2.2055488630566934e-10
1.934246274039653e-10
1.684716629900125e-10
1.4641669763827978e-10
1.2608087818222318e-10
1.0824620907982517e-10
9.174533044362824e-11
7.74127708640408e-11
6.409026643787202e-11
5.2657156374293775e-11
4.196251445107368e-11
3.292369295849323e-11
2.4395873600613775e-11
1.7328414737414144e-11
1.0581812209221992e-11
5.132106282965339e-12
-1.5532831383856412e-13
-4.282503263412714e-12
-8.379306174867025e-12
-1.1430023801070692e-11
-1.4559706858472103e-11
-1.6738698052948642e-11
-1.9086915700681486e-11
-2.056415607611201e-11
-2.2284749488356306e-11
-2.320101089612115e-11
-2.4421096094800715e-11
-2.489261493466696e-11
-2.5716854414333392e-11
-2.583924384196046e-11
-2.635341699006382e-11
-2.620492707367602e-11
-2.6478892623630617e-11
-2.612310120741341e-11
-2.6213224115816342e-11
-2.5701220494324393e-11
-2.5652314844620373e-11
-2.5024417009075782e-11
-2.4871234289757193e-11
-2.415825692324752e-11
-2.3926523508965848e-11
-2.3150585780114553e-11
-2.28575619971723e-11
-2.203238852299051e-11
-2.1686880644686743e-11
-2.081750133726538e-11
-2.041920206771139e-11
-1.9500890768252596e-11
-1.903884566710813e-11
-1.8055044380905352e-11
-1.7504930354864173e-11
-1.642377238649668e-11
-1.5743513884491273e-11
-1.451236593805046e-11
-1.3635381561292793e-11
-1.2172543877317774e-11
-1.099757728642589e-11
-9.179878133484544e-12
-7.555963195259362e-12
-5.20163869360899e-12
-2.922816097091281e-12
0.012873362849483875
0.012828205123683016
0.012756898002478614
0.012655437549828227
0.012524324656805115
0.012361508761154112
0.01216651118136854
0.011937510325187892
0.011673669230669564
0.011373420854707314
0.011036058080043418
0.01066060464281931
0.010246995488018365
0.009795282094876238
0.009306521150739322
0.008782169891576359
0.008224722702869582
0.007637200814669612
0.007023552609846042
0.006388180123048386
0.005736124816402584
0.0050726116893427065
0.004403062798827667
0.0037326753404925595
0.003066326517934195
0.0024082268459122173
0.0017617907922516487
0.001129414124324078
0.000512378854278471
-0.00008920796346389313
-0.0006764285798416173
-0.0012514429120984967
-0.001817407737498399
-0.0023782126428697294
-0.0029383219042726197
-0.003502406168216911
-0.0040751485571643925
-0.004660836263812331
-0.0052631822160306855
-0.005884942085983462
-0.006527798253808469
-0.007192056008032462
-0.007876621165273571
-0.008578809301843302
-0.00929442782512395
-0.010017709624824298
-0.010741490048016179
-0.011457256079559231
-0.012155392395045586
-0.012825322034432035
-0.013455785668068487
-0.014035041300119191
-0.014551138206811226
-0.014992142375897447
-0.0153463718328235
-0.01560262160542507
-0.015750340068094167
-0.015779841255626047
-0.015682420311258313
-0.015450558636772164
-0.015077995690375235
-0.01455994765917007
-0.01389316548850689
-0.013076192837286015
-0.012109438840487943
-0.010995489755542131
-0.00973920529362765
-0.0083480692908022
-0.0068322828002909085
-0.005205098623578141
-0.0034828430063829074
-0.0016851406808174093
0.00016523368856527151
0.0020423515657001473
0.00391755087840386
0.005759747867456077
0.007536193821134938
0.009213139097264702
0.010756914688822127
0.012134892843464872
0.013316781584392314
0.014275722968917772
0.01498959231329306
0.015441992503313896
0.015623291062000964
0.015531239840157007
0.015171490873468474
0.014557616823811275
0.013710932563618543
0.012659812807048918
0.011438797311518352
0.010087271825989893
0.008648012290339428
0.007165465616041957
0.0056840385800924625
0.00424633119612215
0.0028915483499025673
0.0016540590528651008
0.000562275495888156
-0.0003621742732443945
-0.0011048859763547155
-0.0016587705997810362
-0.0020237838468823996
-0.002206348802430406
-0.0022185241718269515
-0.0020769772710525817
-0.0018018553742971857
-0.0014155996365811955
-0.0009418089861567773
-0.00040416619694551563
0.00017447402256114507
0.0007728631263308755
0.0013719211797845144
0.0019551499145430244
0.002508832319289238
0.0030221124295972987
0.003486902053930599
0.003897721531753026
0.004251423480392219
0.00454690749439842
0.0047847706284666214
0.0049669941178676555
0.0050966045381106015
0.005177398626823587
0.005213664270673292
0.005209975463338614
0.0051709909570883845
0.005101324681360839
0.005005418255414554
0.004887476076943032
0.004751396731802606
0.004600755387051144
0.0044387761411891725
0.004268344303779829
0.004092003638351815
0.003911984413174278
0.003730213455989133
0.0035483481354027986
0.003367791293747111
0.0031897251866754954
0.0030151267513447827
0.002844798434134413
0.0026793816191305313
0.0025193831643178124
0.002365186260509108
0.0022170725697894396
0.0020752305472479748
0.0019397735876762216
0.001810746167170821
0.0016881385797708507
0.001571891336463952
0.0014619070747904908
0.001358053618337041
0.001260173570759614
0.001168086364840892
0.0010815959630663683
0.0010004921494115766
0.0009245566766899717
0.0008535639912505266
0.0007872861009458023
0.0007254928757368883
0.0006679558592443172
0.0006144482546315939
0.0005647478641959172
0.000518636846182129
0.00047590393721892607
0.0004363440485545794
0.00039975990246044195
0.00036596152330922624
0.0003347673993508735
0.00030600391348922844
0.0002795061248599565
0.0002551171752024903
0.00023268876976048825
0.0002120805873496545
0.00019316052692159634
0.00017580414260681798
0.00015989471067031738
0.00014532270489826774
0.00013198572854219913
0.00011978804039167798
0.00010864038757900736
0.00009845958851144242
0.00008916829500256447
0.00008069463487864854
0.00007297192571110803
0.00006593837729494617
0.000059536774156360545
0.00005371423614107144
0.000048421882730226686
0.000043614648580970885
0.00003925093936969422
0.000035292498200702596
0.00003170406007983949
0.000028453264560143832
0.00002551031391243446
0.00002284792712616477
0.000020441005280456156
0.000018266621992216132
0.00001630369830852115
0.000014533024830998258
0.000012936947570053678
0.000011499417223843486
0.00001020568679035062
9.04238380108509e-6
7.997220025006213e-6
7.059082819405473e-6
6.217756936353126e-6
5.464031532814768e-6
4.789433871059141e-6
4.186348909240625e-6
3.6477645450301087e-6
3.1674010745710135e-6
2.7394675425222966e-6
2.358798703208409e-6
2.0206219941079507e-6
1.7206999533916192e-6
1.4551073156272006e-6
1.2203771319287457e-6
1.0132874872256315e-6
8.310098324108413e-7
6.709048352611809e-7
5.306716682872104e-7
4.0815252575364107e-7
3.014818178652569e-7
2.088989106929503e-7
1.2889635856346574e-7
6.004044989447465e-8
1.1177672218774324e-9
-4.903685164384279e-8
-9.139600037131688e-8
-1.2690469256046702e-7
-1.5633875282494946e-7
-1.8046309550736246e-7
-1.9989317786043791e-7
-2.152468870586456e-7
-2.2700932852284024e-7
-2.3567861847566032e-7
-2.416342089705976e-7
-2.4527686420721114e-7
-2.46900663789011e-7
-2.468274237641692e-7
-2.4528246955158875e-7
-2.425237469974903e-7
-2.3872141486583195e-7
-2.340818769942793e-7
-2.2873121004711155e-7
-2.2283433497081441e-7
-2.1648226773310057e-7
-2.0980663655724307e-7
-2.0287072075440342e-7
-1.9577950949443e-7
-1.88574475704543e-7
-1.8133936232901102e-7
-1.7409862393841786e-7
-1.6691911739872137e-7
-1.598121326911168e-7
-1.528311565614004e-7
-1.4597740559059867e-7
-1.3929382363363022e-7
-1.3277402393836546e-7
-1.264526739457234e-7
-1.2031774886924582e-7
-1.1439745064462169e-7
-1.0867567251834848e-7
-1.0317559254748552e-7
-9.787824713936645e-8
-9.280293347792705e-8
-8.792878937736755e-8
-8.327213330038247e-8
-7.881094813169243e-8
-7.455928203699626e-8
-7.049453468004681e-8
-6.662903700731214e-8
-6.294003987453815e-8
-5.943858592683883e-8
-5.610210246089397e-8
-5.294067387107576e-8
-4.9932142750908736e-8
-4.7085886887178066e-8
-4.4380335028057876e-8
-4.182434810400747e-8
-3.939705868624652e-8
-3.710695199877151e-8
-3.493394081145229e-8
-3.288623785918645e-8
-3.094458071173954e-8
-2.9116983433681613e-8
-2.738502881394191e-8
-2.5756583471784302e-8
-2.4214077681293844e-8
-2.2765264649895022e-8
-2.1393411014972525e-8
-2.0106177685039304e-8
-1.888764689841397e-8
-1.7745398817090255e-8
-1.666430380457431e-8
-1.5651865894584295e-8
-1.4693711657778003e-8
-1.379726872431026e-8
-1.294888525639223e-8
-1.2155908883192422e-8
-1.1405373372402237e-8
-1.0704540632135535e-8
-1.0041093674206956e-8
-9.422201746692077e-9
-8.836161103191412e-9
-8.290040845449492e-9
-7.772715352982902e-9
-7.291146036682675e-9
-6.8347515409558105e-9
-6.410378330025687e-9
-6.0079569507511986e-9
-5.634212190371179e-9
-5.27955578312523e-9
-4.950584787449261e-9
-4.6381631340168214e-9
-4.348754868018871e-9
-4.07364887217877e-9
-3.819171702649088e-9
-3.5770116794710774e-9
-3.3533542087779086e-9
-3.140263217269767e-9
-2.9437800959233412e-9
-2.756322166485179e-9
-2.5837846989385955e-9
-2.41891773931973e-9
-2.2674690422576543e-9
-2.122502162228371e-9
-1.9896166002819794e-9
-1.8621715687561457e-9
-1.7456181743555542e-9
-1.6335947112230873e-9
-1.5314042886162075e-9
-1.432948891171007e-9
-1.3433845058625724e-9
-1.2568625143671221e-9
-1.1783930776277837e-9
-1.1023636955249428e-9
-1.0336403659040824e-9
-9.668343636344056e-10
-9.066695021821447e-10
-8.47969349729932e-10
-7.953177825562377e-10
-7.437399728296377e-10
-6.976823320104026e-10
-6.523616749806157e-10
-6.12089606350169e-10
-5.722652910555606e-10
-5.370683347495952e-10
-5.02071573733895e-10
-4.713255403734571e-10
-4.4056862730692053e-10
-4.1372530833233355e-10
-3.866919350376822e-10
-3.632700007053521e-10
-3.395066938491156e-10
-3.19083645884424e-10
-2.9819219688730246e-10
-2.803972552810245e-10
-2.6202802847819694e-10
-2.46535842892691e-10
-2.3038185736629526e-10
-2.1690694296625786e-10
-2.0269863187646504e-10
-1.9099043704166813e-10
-1.784909950031397e-10
-1.6832951402970467e-10
-1.5733074751862377e-10
-1.4852259441665915e-10
-1.3884119169063303e-10
-1.312160510689816e-10
-1.2269018591562464e-10
-1.1609755234351853e-10
-1.0858372878824615e-10
-1.02889835764079e-10
-9.625986665410129e-11
-9.134468751152511e-11
-8.548267594276849e-11
-8.123684874545823e-11
-7.603600317080543e-11
-7.235748420530825e-11
-6.771653952309952e-11
-6.45067181800034e-11
-6.032564735674275e-11
-5.748454792754359e-11
-5.365911770375366e-11
-5.107915423284801e-11
-4.749368490036866e-11
-4.505120014572932e-11
-4.15686039812009e-11
-3.9112077428006285e-11
-3.5559830928094964e-11
-3.28931324714984e-11
-2.9043221615425477e-11
-2.590154256565243e-11
-2.144153323781355e-11
-1.7456739968569226e-11
-1.1950641874264503e-11
-6.6392369977920625e-12
0.020570300981012694
0.020305748989142877
0.0198669327514298
0.01925762465021107
0.01848277893284022
0.017549067867470153
0.01646449975120911
0.015238859935917755
0.01388334081749296
0.012410981976053873
0.010836250350256513
0.009175471289961276
0.007446321057034561
0.005668221226795393
0.0038617123708420712
0.0020487830363414635
0.00025210431640012605
-0.0015047238297343833
-0.0031980780884419335
-0.004804143916510688
-0.0062999363168685
-0.007663180260222176
-0.00887339576373068
-0.009911773725046317
-0.010762255580212916
-0.01141133968673872
-0.01184908078868398
-0.012068765503944128
-0.01206776784982972
-0.01184705106216107
-0.011411839851510102
-0.010770934708471028
-0.009937192526193477
-0.008926670647643766
-0.007758936455132643
-0.006456083422768409
-0.0050429099942301625
-0.003545863192186007
-0.0019931340120426175
-0.0004135844102029713
0.001163198516616831
0.002707946114668571
0.0041916651914143494
0.00558662030175032
0.0068662854318443465
0.00800624581257903
0.008984137283346872
0.009780455626965045
0.010378479612082346
0.010764976369488534
0.010930100843800937
0.010867981154669195
0.010576580136278933
0.010058138015648583
0.00931897420405631
0.008369759289471566
0.007225230361544162
0.005904263034305895
0.004429473780428088
0.00282706760934223
0.00112630806275926
-0.0006408710569904131
-0.0024405317697984382
-0.004237346069495457
-0.005995377295101035
-0.007678879962004587
-0.009253143814257557
-0.010685403783817998
-0.011945659971562488
-0.013007588476493281
-0.013849222597308683
-0.014453733113379802
-0.014809844793913469
-0.014912354602230471
-0.014762172531134987
-0.014366475487269605
-0.013738306797244563
-0.012896322637605036
-0.011863956243845153
-0.010668793992021563
-0.009341395128990864
-0.007914418696143514
-0.006421267072689294
-0.004895150589546374
-0.003367770779310801
-0.001868535629736195
-0.00042349832983546815
0.0009450901862522494
0.002219425274950773
0.0033861494120828706
0.004436515609468362
0.005365942763423609
0.006173752380418341
0.006862392340901336
0.007436902850533078
0.007904002754654102
0.008271495154082549
0.008547431970546035
0.008739659202432526
0.008855231640302478
0.008900227339254491
0.008879491888694649
0.00879674803472162
0.008654641817766212
0.00845507426552415
0.008199437703472204
0.007889035524963691
0.007525361913170297
0.007110468690016389
0.006647160161161413
0.00613920657044436
0.0055913819127490294
0.005009488739192851
0.004400233857170625
0.003771091859992354
0.0031300667379383375
0.0024854614180053244
0.0018455985497680104
0.001218573505736075
0.0006120044681484721
0.00003283183330198279
-0.0005128546216171626
-0.001019934498011774
-0.001484333795607507
-0.0019030549142830954
-0.002274164468368796
-0.0025967489527666237
-0.002870835988681301
-0.00309730114546556
-0.003277751113059706
-0.0034144089101112315
-0.003509985425185972
-0.0035675657141989088
-0.003590488813654296
-0.003582250454213762
-0.003546403165326102
-0.003486483195867653
-0.0034059358460802303
-0.003308068276851752
-0.003195999774573582
-0.0030726380378192854
-0.0029406509073312843
-0.002802461555372279
-0.0026602367964966237
-0.0025158959407253975
-0.0023711106380404096
-0.002227322471959433
-0.0020857498758624104
-0.0019474103770436707
-0.0018131310486704368
-0.0016835723245462947
-0.0015592394377677932
-0.0014405056975915092
-0.0013276232528843016
-0.0012207445426758198
-0.0011199314363087194
-0.001025174199350144
-0.0009363985881762227
-0.0008534821181333567
-0.0007762590460010715
-0.0007045340152335907
-0.0006380850775608497
-0.0005766749560687609
-0.0005200523721953067
-0.0004679612456742258
-0.0004201406370988687
-0.0003763322236026972
-0.000336279165756265
-0.0002997321820529259
-0.0002664476214903693
-0.00023619242496968718
-0.0002087416450208451
-0.00018388253929526967
-0.0001614117353598656
-0.00014113865762255043
-0.0001228824932619806
-0.00010647511322115508
-0.00009175795799277919
-0.0000785845777380995
-0.00006681752499977642
-0.00005633060921466491
-0.00004700585764287419
-0.000038735555418962925
-0.000031419315656185555
-0.000024965957169644176
-0.00001929070914808506
-0.00001431696405159635
-9.973630655388527e-6
-6.196788605971104e-6
-2.927195265194671e-6
-1.1186028004364628e-7
2.2982941997077108e-6
4.3469264564287224e-6
6.074465965613926e-6
7.516665504968168e-6
8.70664972849946e-6
9.673520982110846e-6
0.000010444273954077118
0.000011042451646647218
0.000011489935044793475
0.000011805646930757741
0.000012007225672856047
0.000012109775329115076
0.000012127432472546172
0.00001207216146114815
0.000011955222812460858
0.000011786012729850867
0.000011573441008647977
0.000011324813982026364
0.000011047129347611992
0.00001074600168561923
0.000010426880982373907
0.000010094019816962053
9.751621755421297e-6
9.402849225634395e-6
9.05090738091182e-6
8.69809160241687e-6
8.346811894205486e-6
7.998678878285422e-6
7.65547328976097e-6
7.3182692671798855e-6
6.988353067941674e-6
6.666382408536724e-6
6.35325811613745e-6
6.049318240190636e-6
5.755165993811048e-6
5.470897339545965e-6
5.196888250913024e-6
4.9330544696098215e-6
4.679600829955364e-6
4.4363118907801766e-6
4.203265810052039e-6
3.98015457044602e-6
3.7669646647592217e-6
3.563325657932697e-6
3.369159742694325e-6
3.1840574109908096e-6
3.0078977607111667e-6
2.8402500846415956e-6
2.6809666503895087e-6
2.529609053786202e-6
2.3860150528244016e-6
2.249748573793028e-6
2.120642054036038e-6
1.998269032088128e-6
1.8824633414407052e-6
1.772813259769565e-6
1.6691587949958787e-6
1.5711064127285663e-6
1.4785055652683418e-6
1.3909830601245713e-6
1.3083999009962652e-6
1.2304044032536208e-6
1.156870342204378e-6
1.0874679634623816e-6
1.0220843670421694e-6
9.60411601318219e-7
9.023501508555953e-7
8.476133420538864e-7
7.961147473914802e-7
7.47588168722825e-7
7.019597201701141e-7
6.589826913281178e-7
6.185950248451414e-7
5.805683964759652e-7
5.44851760972315e-7
5.11234018975427e-7
4.796742657971034e-7
4.4997744658309474e-7
4.221119065457742e-7
3.958974656973199e-7
3.713108357765484e-7
3.481855741753301e-7
3.265059019329969e-7
3.061180233216174e-7
2.8701285060518174e-7
2.6904820116034977e-7
2.522209080190693e-7
2.36399430452092e-7
2.2158580444100015e-7
2.0765822539038665e-7
1.946232694558361e-7
1.8236802855556714e-7
1.7090301175905883e-7
1.601234330972439e-7
1.5004318187320993e-7
1.4056488298614806e-7
1.3170530594312028e-7
1.2337383557864094e-7
1.155896716231048e-7
1.0826836487659376e-7
1.0143114233406487e-7
9.499918011397654e-8
8.899537327343464e-8
8.334603215408929e-8
7.807540106518624e-8
7.311447924410588e-8
6.848857847677289e-8
6.413298362653188e-8
6.007382593708138e-8
5.6250311108302944e-8
5.2689172433747194e-8
4.933320673869025e-8
4.620955959106511e-8
4.326432110608935e-8
4.0524884191246464e-8
3.7940363304283776e-8
3.5538256006473e-8
3.3270458270105016e-8
3.116444948297254e-8
2.9174687874415952e-8
2.7328529500367764e-8
2.5582796823499767e-8
2.3964633082527173e-8
2.2433046052375632e-8
2.101489053154391e-8
1.9671197851036774e-8
1.842847097317506e-8
1.724961843857489e-8
1.6160738731818683e-8
1.512648508009756e-8
1.4172508282788718e-8
1.3265086124165288e-8
1.2429386763201983e-8
1.1633203519576789e-8
1.0901194155372936e-8
1.0202568457068653e-8
9.561452294132327e-9
8.94838176942495e-9
8.386934792492095e-9
7.848891624003324e-9
7.3572708371982936e-9
6.885021855466194e-9
6.454596578334273e-9
6.040045020599165e-9
5.6632485347221145e-9
5.299294919180061e-9
4.969494063591293e-9
4.649913917129785e-9
4.361294503245392e-9
4.080630938896443e-9
3.828097099941317e-9
3.5815664708748372e-9
3.3606522783264223e-9
3.1440613402480774e-9
2.9508532131653167e-9
2.7605264098937504e-9
2.591595015471527e-9
2.424310664189541e-9
2.2766511601879906e-9
2.1295854568715727e-9
2.0005650617691327e-9
1.8712429538369533e-9
1.7585549497198902e-9
1.644807035294337e-9
1.5464304135461694e-9
1.446355124533647e-9
1.3605191760122568e-9
1.2724495881859384e-9
1.197602819355738e-9
1.1200775062449518e-9
1.0548603310863148e-9
9.86597741639688e-10
9.298184565252459e-10
8.696943481746305e-10
8.203079431604739e-10
7.673354426152439e-10
7.244248371799431e-10
6.777367291183098e-10
6.404960412764912e-10
5.993288988077417e-10
5.670483618040236e-10
5.307281279233696e-10
5.027802531509002e-10
4.707088545924339e-10
4.465353968796962e-10
4.181779118739966e-10
3.972771132128075e-10
3.721489107201761e-10
3.5406236581133484e-10
3.317154666962963e-10
3.16013745550922e-10
2.9602139876132144e-10
2.8228724479323276e-10
2.6422532319204166e-10
2.520327705090614e-10
2.3545601219551565e-10
2.2434306113790352e-10
2.0875332521722107e-10
1.9818477449515487e-10
1.8298721741026765e-10
1.723027194841112e-10
1.5674394100723055e-10
1.4508409678428048e-10
1.2816357841942494e-10
1.1436358975829258e-10
9.470582112149374e-11
7.714229512333023e-11
5.2823685463864385e-11
2.9361350843973116e-11
-0.002155349398906093
-0.0022229753326763278
-0.0023405153694152727
-0.0025030474772226394
-0.0027106855255613197
-0.0029602174791681923
-0.003249415885297723
-0.003573822580947742
-0.003928705967956521
-0.004307456808637915
-0.004702574412067409
-0.005104975353492598
-0.005504494679798961
-0.005889843427970499
-0.0062488367475345905
-0.006568842796762237
-0.00683682309108445
-0.0070401398033620366
-0.0071664252281263665
-0.007204621293777046
-0.007144662097445491
-0.006978630451997809
-0.006700230205340548
-0.006305964940132197
-0.0057943864366908765
-0.005167227196669484
-0.0044284288897451255
-0.0035851874780804694
-0.002646783295433247
-0.001625520568379211
-0.0005353946580030729
0.0006070750492943065
0.0017842960054692207
0.002976865022827142
0.0041650865383397575
0.005328310066519172
0.006446460800821492
0.007499424113036209
0.008468530533063212
0.009335954589333917
0.010086096450231414
0.01070496231485807
0.011181390828117766
0.0115063889249698
0.011674163980532842
0.011681402652183419
0.011528088551355894
0.011216729609404395
0.010752962127498976
0.010144749717868893
0.009402792777035861
0.008539734023959793
0.007570403427058917
0.006511068617394253
0.00537954751359092
0.0041945366220824684
0.002975618862772174
0.0017426922744043978
0.0005158929546345282
-0.0006848644477416264
-0.0018400350674959514
-0.002930788479410813
-0.003939217717554525
-0.004848570808597175
-0.005643510547944436
-0.0063102378008524605
-0.006836793113932644
-0.007213080779031693
-0.007431206723646594
-0.007485418060806249
-0.007372476486363776
-0.007091532638526749
-0.00664453603023031
-0.0060360615487319485
-0.005273749872271627
-0.004368089704574662
-0.003332863069274066
-0.002184860613406559
-0.0009442766465528209
0.0003656973955903891
0.0017186125234165113
0.0030853699004760892
0.004434192244998787
0.005731511545982815
0.0069422498929208485
0.008031027343238248
0.00896276933655929
0.009704196285602328
0.010224679805301283
0.010497872194006067
0.010502627774302801
0.010224533071518617
0.009656628673484319
0.008800548012545222
0.007666756316663332
0.006275029295622425
0.004653991643080011
0.0028407769315270752
0.0008797942636809389
-0.0011784128703822144
-0.0032790520526472587
-0.005364811503026617
-0.00737809863594759
-0.009262992882804192
-0.010967429542031417
-0.01244495129757813
-0.013656428869667586
-0.01457124111410124
-0.015168232670651363
-0.015436102815950795
-0.015373482757487204
-0.014988510313034862
-0.014298107750719564
-0.013326902211300153
-0.012105941374111693
-0.010671238933198253
-0.009062242710145179
-0.007320317916180239
-0.005487273530195015
-0.003604050837565357
-0.0017095385781839682
0.0001603610501322519
0.001973505675893246
0.0037020067128689617
0.005322574072162584
0.006816601424182406
0.008170145100967462
0.00937369314704147
0.010421884871762415
0.011313081173548598
0.012048941006617905
0.012633905875188497
0.013074734886174605
0.013379993291810732
0.01355962043117069
0.013624481909680063
0.013586014603299838
0.013455872926048437
0.013245668835494644
0.012966719484118027
0.012629880984995115
0.012245389232233223
0.011822774528572944
0.011370779001286059
0.010897333914616976
0.010409534307615292
0.009913660112234593
0.009415189518486215
0.008918847086404863
0.008428640225578448
0.007947920856061982
0.007479433015926578
0.007025378269379712
0.006587466015501596
0.006166976153951262
0.00576480672338872
0.005381530030805908
0.005017434631934956
0.004672573140040072
0.00434679727420956
0.0040397969426694625
0.0037511282182874197
0.003480244153039087
0.003226516216980177
0.002989257771557046
0.002767739852871824
0.0025612084292941117
0.0023688955296820354
0.002190031431676321
0.002023852115569943
0.001869607446894072
0.0017265658390808586
0.0015940193592080519
0.001471286350126957
0.0013577142356882804
0.0012526807128114285
0.001155594883009263
0.0010658974928230952
0.0009830608833548435
0.0009065886416131377
0.0008360147440718737
0.0007709028847266235
0.0007108450934893374
0.0006554609290384157
0.0006043957769276317
0.0005573200348752418
0.0005139272364800199
0.0004739333109514421
0.00043707463355954643
0.0004031074083001661
0.0003718057129544239
0.00034296102930384724
0.0003163803264944389
0.0002918857469613483
0.0002693127545844513
0.0002485099736078565
0.00022933741611432816
0.00021166646444338344
0.00019537818442636615
0.0001803634379506825
0.0001665212831152548
0.00015375920176827535
0.00014199158444998648
0.00013114005727898193
0.00012113204763774018
0.00011190119521173893
0.00010338599339692601
0.00009553027025784715
0.0000882819002737738
0.00008159334223284463
0.00007542041595888664
0.00006972288553253239
0.00006446329589545741
0.00005960759117844062
0.000055124006457934186
0.00005098371230609406
0.0000471597574061832
0.00004362773168198743
0.00004036475591853728
0.0000373501569575807
0.000034564500892423584
0.00003199027482495726
0.00002961096059286669
0.000027411718473516652
0.00002537849875173704
0.000023498723532436073
0.000021760433765775524
0.000020152966002809295
0.000018666132763461663
0.000017290891647768656
0.000016018557163410625
0.000014841460099797058
0.000013752189130130482
0.000012744238776623748
0.000011811279270938956
0.000010947791795907493
0.000010148365231867663
9.408317661770783e-6
8.723018753127265e-6
8.088496767206925e-6
7.500785430362717e-6
6.956515900931697e-6
6.4522870725359175e-6
5.98524213025769e-6
5.552461304731048e-6
5.151522797361852e-6
4.779917069703467e-6
4.435592040381282e-6
4.116388051325385e-6
3.820567340482786e-6
3.5462688763751445e-6
3.292022193929016e-6
3.0562213328503914e-6
2.837623191769671e-6
2.634839845116634e-6
2.44682162564545e-6
2.2723671296549925e-6
2.1105912818832595e-6
1.9604523707670234e-6
1.8212053844140416e-6
1.6919454466724535e-6
1.5720467398074657e-6
1.4607217389615665e-6
1.3574460575772864e-6
1.2615329026693113e-6
1.1725441939715708e-6
1.0898796856661794e-6
1.0131747206109245e-6
9.419034859643423e-7
8.757637704016368e-7
8.14293841665935e-7
7.572445780774877e-7
7.042094755508665e-7
6.549845254726939e-7
6.092108773057762e-7
5.667228335164278e-7
5.272027116115946e-7
4.90517323630764e-7
4.563845984377811e-7
4.246989086819868e-7
3.9520903043083635e-7
3.678326747485738e-7
3.4234537738061024e-7
3.186845854010051e-7
2.9664908467287473e-7
2.7619298461223754e-7
2.571353056038629e-7
2.3944419695949834e-7
2.2295632038441325e-7
2.0765162783072125e-7
1.9338219051239835e-7
1.801378546824431e-7
1.6778417861725504e-7
1.563192754729083e-7
1.456205331135814e-7
1.3569294421908576e-7
1.2642429584321863e-7
1.178252779176478e-7
1.0979284099811823e-7
1.023423652989125e-7
9.537889624492895e-8
8.892164721918699e-8
8.288283329619127e-8
7.728477203210011e-8
7.204604612207783e-8
6.719145784219679e-8
6.264526136780803e-8
5.843421790936526e-8
5.448764805703929e-8
5.0833826263117624e-8
4.740661285603192e-8
4.423541832122793e-8
4.125818356536412e-8
3.850513645076301e-8
3.591789749993364e-8
3.3527243349258056e-8
3.12781233775963e-8
2.9201637173013225e-8
2.724575555543651e-8
2.5441711795420934e-8
2.3740228191638504e-8
2.217251364947127e-8
2.0691804379335766e-8
1.932915352899102e-8
1.8040101699927277e-8
1.685543763460444e-8
1.5732821113268096e-8
1.4702687219657227e-8
1.3724650791546917e-8
1.2828720524209688e-8
1.197632051417129e-8
1.1196974403108486e-8
1.04537856843467e-8
9.77574623831584e-9
9.127522974540472e-9
8.53753945629068e-9
7.971922136718816e-9
7.458498311148034e-9
6.964760682324892e-9
6.517919605982194e-9
6.086749997405236e-9
5.697830745076899e-9
5.3211430550692956e-9
4.9826249915258906e-9
4.653395257372076e-9
4.358746073094486e-9
4.070871117409376e-9
3.814415371469091e-9
3.5625905014815094e-9
3.3393958663046338e-9
3.1190090217299744e-9
2.9247878104774885e-9
2.7318279132534503e-9
2.5628518033905313e-9
2.393829370301693e-9
2.246855520973265e-9
2.0987338638966953e-9
1.970940869113506e-9
1.8410764326380676e-9
1.7300087597914406e-9
1.6160993378503606e-9
1.5196190773085867e-9
1.4196588113923953e-9
1.3359037103185351e-9
1.2481439063771611e-9
1.175490780819574e-9
1.0984056896879175e-9
1.035438404563673e-9
9.676951934213184e-10
9.131764688199534e-10
8.536086661398985e-10
8.064550087824826e-10
7.540387294426281e-10
7.132977947986218e-10
6.67130039441475e-10
6.319596947144425e-10
5.912379557719943e-10
5.608862229328828e-10
5.248885046029631e-10
4.98673396223994e-10
4.667375401625331e-10
4.440255274932703e-10
4.155263937141049e-10
3.957078211463023e-10
3.700303486310356e-10
3.524894639671204e-10
3.289948462183311e-10
3.1307115265240477e-10
2.910521901143354e-10
2.7598839854101207e-10
2.546083550622887e-10
2.3947810949935534e-10
2.176848457203905e-10
2.012902975116429e-10
1.776937006755044e-10
1.584184661682378e-10
1.3111378768662479e-10
1.0671142362115307e-10
7.304043365315884e-11
4.056127726516387e-11