0.0005569089467304489
0.002227202971936861
0.0050020584745659935
0.008871113514671868
0.013817289997000897
0.01982043012612447
0.026854802048002523
0.034891197286282455
0.043895413179664944
0.053829728318191876
0.06465188368146585
0.0763162183982225
0.08877296304774633
0.101969156654929
0.11584816237113722
0.1303504270550848
0.14541317085399616
0.16097102436825955
0.17695586421806614
0.19329734962047881
0.209922887215049
0.22675808153329507
0.2437268186751183
0.26075164052864735
0.27775394042970736
0.2946542676967212
0.3113726302699435
0.32782873349740127
0.3439423855601536
0.35963367213846037
0.37482346053156795
0.38943350964516754
0.4033870682903835
0.41660891772906705
0.42902605877502414
0.4405676818303633
0.45116593616812983
0.4607558199729774
0.46927602363482407
0.4766687298427366
0.48288052101003875
0.48786207715165336
0.4915691359451426
0.49396207427176125
0.4950069082642514
0.4946747434446032
0.49294280186301487
0.48979372618786987
0.4852166221198233
0.4792062039467483
0.47176384306721963
0.4628965465196144
0.4526180065979524
0.4409474094255657
0.4279104858336789
0.4135381535099967
0.39786757474521095
0.3809406421109936
0.36280505342087976
0.34351265630613037
0.32312055394329187
0.30168932753588856
0.27928418750697254
0.2559730943800145
0.23182796912028472
0.2069227322861111
0.18133458432001032
0.15514198050113448
0.12842598779278905
0.10126820965603928
0.07375222122741658
0.04596145410542438
0.017980706839444863
-0.010106003987445428
-0.03821386510223775
-0.06625944588690515
-0.09415906161268846
-0.12183098176037473
-0.14919374650301198
-0.17616840284059937
-0.20267678520496205
-0.2286437769785782
-0.2539955639895276
-0.278661916486692
-0.3025744211010686
-0.3256687753026457
-0.3478829999504093
-0.3691597355249675
-0.3894444345526638
-0.40868764725631973
-0.42684319153374845
-0.4438704154403896
-0.45973234209935065
-0.4743978973479112
-0.48784002739542665
-0.5000378811919199
-0.5109748988523586
-0.5206409387971671
-0.5290303340054382
-0.5361439530420729
-0.5419872187920401
-0.5465720902946041
-0.5499150354503513
-0.5520389183375577
-0.5529709151159431
-0.5527442911268796
-0.5513962498487256
-0.5489695874430026
-0.5455104696165144
-0.5410699592496135
-0.53570172549923
-0.5294634520042171
-0.5224144949351649
-0.5146171926910493
-0.5061345019621962
-0.4970312415956854
-0.4873717448256943
-0.4772210770912541
-0.466642745915639
-0.45569993314930907
-0.44445330064580735
-0.4329622716757931
-0.42128296142138605
-0.40946953177749595
-0.39757226296889997
-0.3856389931821576
-0.3737133340223731
-0.36183619405901374
-0.35004412881777924
-0.338370937431497
-0.3268461290153348
-0.3154965752887602
-0.3043450701221051
-0.29341201838297504
-0.28271406392772236
-0.2722657954640169
-0.2620784195072526
-0.25216146680892826
-0.24252148981026922
-0.2331637571676454
-0.22409095906905646
-0.2153048817394127
-0.2068051078974018
-0.19859066723170776
-0.19065872277679263
-0.18300619685443517
-0.17562843698270214
-0.16852081952523434
-0.16167739084485686
-0.1550924528955866
-0.14875917673625835
-0.14267117562649465
-0.1368210888351229
-0.13120214859127427
-0.12580673248827912
-0.1206279310316626
-0.11565806697872397
-0.11089027034080036
-0.10631696282105983
-0.10193144707140682
-0.09772635408222131
-0.09369525334304162
-0.08983106066114362
-0.08612767568581654
-0.0825783472309165
-0.079177344432848
-0.07591827625270715
-0.07279580237142542
-0.06980390316514652
-0.06693763631044444
-0.06419135316911834
-0.06156050698792329
-0.05903981129751418
-0.056625105546103845
-0.05431145080998102
-0.05209505869758971
-0.049971319382200244
-0.047936799649306173
-0.04598719799112958
-0.044119417742598935
-0.0423294437177429
-0.040614496484429115
-0.038970824769873
-0.03739594705862225
-0.035886353744310456
-0.03443984239630966
-0.033053123383902074
-0.031724255342314274
-0.030450147740560863
-0.029229103285371826
-0.0280582106424472
-0.02693600074570735
-0.02585972261132252
-0.024828120768728423
-0.02383858682566792
-0.02289006550583412
-0.02198007432963466
-0.021107746030742277
-0.02027070840996799
-0.019468271209236564
-0.018698157873580187
-0.017959845286133945
-0.017251138834736942
-0.016571673755637114
-0.015919324545486696
-0.015293877024870846
-0.01469326276266886
-0.014117411353700158
-0.013564300129573346
-0.013033996548202425
-0.012524513052504658
-0.012036049893878163
-0.011566644566552571
-0.011116625833022318
-0.010684046706621684
-0.010269360915108454
-0.009870627926234646
-0.009488423576984682
-0.009120805135617988
-0.008768468339336158
-0.00842945996055305
-0.008104594035910843
-0.007791898853394959
-0.007492305721608383
-0.007203816716778795
-0.0069274799340536125
-0.006661263728385521
-0.0064063330103954
-0.006160615081464901
-0.005925392186553465
-0.005698543380427035
-0.005481469229884276
-0.005271993453697048
-0.005071636378236988
-0.004878159367145659
-0.004693204378637531
-0.004514463440842224
-0.004343702437445763
-0.004178537089681155
-0.004020859910861422
-0.0038682033247088663
-0.0037225895802009148
-0.003581460766825505
-0.003446972370540689
-0.0033164690380600727
-0.0031922433842188364
-0.0030715354079089634
-0.0029567791324128317
-0.002845102583414434
-0.00273908585866004
-0.002635737541797214
-0.0025377888578611402
-0.0024421213136850486
-0.0023516227030868984
-0.002263039633325385
-0.0021794223004581647
-0.002097374379763246
-0.00202011469961122
-0.0019440957398433804
-0.0018727115937979466
-0.0018022550301359345
-0.0017363024496241661
-0.0016709781205480768
-0.0016100482118176713
-0.001549459407522306
-0.0014931755333194884
-0.0014369562893878586
-0.0013849714854248885
-0.001332784100654275
-0.0012847787067357581
-0.001236311465888376
-0.0011919909533538778
-0.001146956037303022
-0.0011060490160620376
-0.0010641805833501055
-0.0010264369732631258
-0.0009874893984981108
-0.0009526787512006456
-0.0009164250069902178
-0.0008843349654671412
-0.0008505651357550451
-0.0008210000200929941
-0.0007895199338163554
-0.0007622994425582299
-0.0007329294175056475
-0.0007078874349583066
-0.0006804611225880511
-0.0006574446232666008
-0.000631807946034893
-0.0006106759881855113
-0.0005866861616609635
-0.0005673089625014904
-0.0005448335952113323
-0.0005270916811601003
-0.0005060079457023886
-0.0004897913714367994
-0.0004699852409531277
-0.0004551928716741503
-0.00043655841627345763
-0.0004230972680189413
-0.0004055360061985385
-0.00039332063949936027
-0.0003767409400295856
-0.00036569290258751594
-0.0003500094327033309
-0.00034005674714775527
-0.00032518996324052134
-0.00031626665634130146
-0.0003021423336588162
-0.00029418800368776745
-0.00028073680184048763
-0.0002736962210424782
-0.00026085328238092416
-0.0002546760317786469
-0.0002423806099448127
-0.00023702074392457806
-0.0002252158601053634
-0.00022063159845372085
-0.0002092637230617835
-0.00020541716830740455
-0.00019443592600614987
-0.00019129280410954015
-0.00018065070025945765
-0.00017818012284836595
-0.00016783228961521755
-0.00016600653611698691
-0.00015591049661767086
-0.00015470481477671366
-0.00014482026377128702
-0.0001442126871647614
-0.00013450128692110607
-0.0001344724682008252
-0.0001248976582660557
-0.0001254307169608453
-0.00011595753667373346
-0.00011703792048519494
-0.00010763284315507778
-0.00010924820176409502
-0.00009987897952507426
-0.00010201905001495997
-0.00009265456843869944
-0.00009531107150977622
-0.00008592121313398585
-0.00008908775935710425
-0.0000796432753464677
-0.00008331528076644747
-0.00007378766998386444
-0.00007796228044081845
-0.00006832367526088469
-0.0000729996988524375
-0.0000632227570969529
-0.00006840060425439702
-0.00005845840667357522
-0.00006414003736968373
-0.000054005990138175065
-0.00006019486778694624
-0.00004984260951644608
-0.00005654366116469625
-0.00004594697397289347
-0.00005316655641891448
-0.000042299280624027355
-0.00005004515213278324
-0.00003888110417303858
-0.000047162401486725965
-0.000035675294689325866
-0.000044502515062297746
-0.000032665882910470964
-0.00004205087092230155
-0.000029837992492725397
-0.00003979393142085601
-0.0000271777586793184
-0.000037719166229774584
-0.000024672252898056233
-0.000035814981120976074
-0.00002230941283510762
-0.00003407065206661708
-0.000020077977570717397
-0.00003247626426271708
-0.000017967427388741062
-0.00003102265570772769
-0.000015967927908295612
-0.000029701364994897105
-0.00001407027820508785
-0.000028504583008471266
-0.000012265862622275535
-0.000027425108230660364
-0.000010546605988154462
-0.00002645630539613536
-8.904931980974665e-6
-0.000025592067243534056
-7.333724403493219e-6
-0.000024826779136759988
-5.826291123244794e-6
-0.000024155286202574632
-4.376329347674079e-6
-0.000023572853833408653
-2.977821064857095e-6
-0.00002307455879154395
-1.6203991170728557e-6
-0.00002261876341930556
0.000040793197399032715
0.00016280259794439748
0.00035852190076102647
0.0006192551464127087
0.000930849942437336
0.0012770559642581267
0.0016376222824311234
0.001990484322318955
0.002310735055507858
0.002572387829547251
0.0027477645324577343
0.002809021262149111
0.002727734878044593
0.002476225477697366
0.0020272021268636867
0.001354859530113876
0.0004344872171285303
-0.0007566970765533555
-0.002240031269515881
-0.0040348659681077375
-0.006159154743311804
-0.008629202552213602
-0.011460329954623743
-0.01466688087394914
-0.018262885373116225
-0.02226226390257423
-0.02667938046262375
-0.03152936012714196
-0.03682840814096519
-0.042594153583073
-0.048845614120500154
-0.0556034938271173
-0.06288969835518117
-0.07072754787935892
-0.079140789906205
-0.08815373398045222
-0.09778976233399539
-0.10807144330043399
-0.11901859430525095
-0.13064847633149335
-0.14297350960740002
-0.15600168289688493
-0.16973405141940434
-0.1841655057472153
-0.1992821892437905
-0.21506275975387898
-0.23147585011261335
-0.24848192430745308
-0.2660308739344271
-0.28406452579197583
-0.30251442706298937
-0.3213050117879802
-0.3403515858393492
-0.35956411266939187
-0.37884537121053885
-0.39809528058621146
-0.4172091715538971
-0.436082535660429
-0.4546093224002262
-0.4726869688264489
-0.4902146085349691
-0.5070982123640295
-0.5232485726157655
-0.5385863671701605
-0.5530397682367377
-0.5665492378754281
-0.579064613339279
-0.5905494599838498
-0.6009775127153297
-0.6103364580956832
-0.618623666390302
-0.6258493470526918
-0.632031583263185
-0.6371988943167031
-0.6413846715370333
-0.6446292716040024
-0.6469740325556559
-0.6484630969030772
-0.6491372442671287
-0.6490356902493598
-0.6481900004821493
-0.6466261274428914
-0.6443586708335391
-0.641393404947049
-0.6377221300280971
-0.6333259157054509
-0.6281707544391638
-0.6222117059253837
-0.6153895164423971
-0.6076357894203056
-0.5988706629130374
-0.5890090387235909
-0.5779592990752345
-0.5656304877705952
-0.551931888899424
-0.5367808705939595
-0.5201029574289205
-0.5018398489911976
-0.4819494358668849
-0.46041334644440784
-0.4372362468490759
-0.4124522158383068
-0.38612269246855124
-0.3583410797529861
-0.3292288900054184
-0.29893823876297737
-0.26764606433056054
-0.23555454433419146
-0.20288365776810025
-0.16986994318617618
-0.13675802334628673
-0.103798420115395
-0.07123887626153542
-0.03932206821085108
-0.008277582739955564
0.021679699712805978
0.050356276986251704
0.07758042621578233
0.10320711381568769
0.12711694567192544
0.14921922858219056
0.1694495395880483
0.18777113312882945
0.20417143109977168
0.21866215504306585
0.23127516268673715
0.24206175808117755
0.2510883184576254
0.2584352126728785
0.264192600263367
0.26845930269339563
0.2713390505016758
0.27293953875462224
0.27336928175359154
0.27273697314191886
0.2711490046931415
0.26870916097850067
0.2655167817652195
0.2616667584216911
0.2572482712458393
0.2523450192336863
0.24703444077541367
0.24138809485477858
0.23547126960373807
0.22934343467374313
0.2230581502858616
0.2166635210414011
0.21020233249814763
0.2037124510407903
0.19722713137429546
0.19077532183144094
0.1843821017904197
0.17806886496970528
0.1718538592160896
0.16575223101944161
0.1597766508606022
0.153937210185665
0.14824212359002722
0.14269747505098845
0.1373079939947591
0.1320766511126724
0.1270055092643149
0.12209517116063907
0.11734570855387803
0.11275596488977728
0.108324567725685
0.10404908949568374
0.09992714890726544
0.09595543250673169
0.09213089118296933
0.08844962447338084
0.08490817842847938
0.08150229370536105
0.07822831104556728
0.07508178325804643
0.07205899451550797
0.06915543539118539
0.06636744213784905
0.06369053304525768
0.061121173858720027
0.058654972883033785
0.056288578739786516
0.0540177308613662
0.0518392958840232
0.04974916945143352
0.04774445769216012
0.045821225579057184
0.04397683014380377
0.04220751000820893
0.04051087723995088
0.03888334207618016
0.03732277061862816
0.035825738200638134
0.03439036045219551
0.033013368210701555
0.03169311985383408
0.030426490114917038
0.029212071979664515
0.02804687123368212
0.026929706646763345
0.02585770154630968
0.024829891467332218
0.023843503508033843
0.022897781104055256
0.021990041376880855
0.02111972719599342
0.020284232173554857
0.019483190708189723
0.01871405970805923
0.017976657864581913
0.017268492597473553
0.01658956038636482
0.015937406823724305
0.015312200437508574
0.014711513108675134
0.014135680449322282
0.013582289189255664
0.013051837832646665
0.012541916940385872
0.012053184474937756
0.011583224200686032
0.011132850843256091
0.01069963109644468
0.010284534469021146
0.009885100622783806
0.009502452560032864
0.00913409322061706
0.008781298475710525
0.008441525082117148
0.008116201796410672
0.007802729918177452
0.0075026917233149484
0.007213423925879848
0.006936663552618566
0.006669673709430669
0.006414347982967469
0.00616786691563779
0.005932283025017356
0.00570468536392048
0.005487288299117985
0.005277080462077063
0.005076441522474355
0.004882250717344148
0.004697056999131792
0.004517621162988182
0.004346665942773434
0.004180824537841602
0.004022998475935392
0.0038696840682350725
0.003723967159908634
0.0035821977134443393
0.0034476519249146674
0.003316523749075937
0.0031922862778521036
0.00307096757210841
0.002956244678450763
0.00284396962169942
0.002738030981381054
0.0026340943198909254
0.0025362678535049356
0.0024400199432969387
0.0023496870803956763
0.0022605293457124993
0.002177120687141412
0.002094501458342456
0.0020174928015253323
0.0019409035001659372
0.0018698121970369657
0.0017987838381542227
0.0017331654564511233
0.001667265440822029
0.0016067107036103819
0.0015455398753918004
0.0014896718542636634
0.001432861800647544
0.0013813333416162214
0.0013285439150049984
0.0012810352771801391
0.0012319523200231008
0.0011881690088313647
0.0011425022642956922
0.0011021730433909617
0.0010596542358777847
0.0010225293019551936
0.0009829103739973889
0.000948759681702042
0.0009118111724606653
0.0008804228960329484
0.0008459324516279143
0.0008171115727121386
0.000784882575185328
0.0007584495852620931
0.0007282998917548827
0.000704089601170455
0.0006758503835207622
0.000653710826677478
0.0006272255031079315
0.0006070169333319546
0.0005821401846405826
0.0005637341503186194
0.0005403310134845881
0.0005236095097234406
0.000501554542737656
0.000486409231321649
0.00046558574299592766
0.000451917236481046
0.00043221657624117465
0.0004199337797900889
0.00040125468209739184
0.00039027418900395574
0.0003725221682973725
0.00036276770498115966
0.00034585449658571936
0.00033725641257566734
0.0003210994563344353
0.0003135942564102039
0.0002981162188081362
0.00029164613311027986
0.00027677446535152443
0.0002712870554940883
0.0002569535842804862
0.0002524013815546705
0.00023854192975474863
0.00023488210407797503
0.00022143613903331759
0.00021863019515761046
0.00020554050238416816
0.00020355400215015163
0.0001907663819551504
0.00018956869008340252
0.00017703167557758147
0.00017659572742427878
0.00016426032215733692
0.00016456241167979183
0.00015238184464522384
0.0001534014314683811
0.00014133092889402404
0.00014305046246073657
0.0001310470342036809
0.0001334517941592249
0.00012147403389188608
0.0001245519856262101
0.00011255988351099102
0.00011630154743671568
0.00010425631400788458
0.00010865464794690626
0.00009651854853584558
0.00010156884202734637
0.00008930504033618879
0.00009500482047989849
0.00008257723109773882
0.00008892617853896079
0.0000762993267440371
0.00008329920211766652
0.00007043809102890369
0.0000780926699199083
0.00006496265382021408
0.00007327767108732491
0.000059844334386286244
0.00006882743614400307
0.00005505647747109698
0.00006471718115493998
0.00005057430189607378
0.0000609239633395515
0.00004637476026389985
0.00005742654792274813
0.000042436409107285075
0.000054205284663493685
0.00003873928880572181
0.000051241994061696205
0.00003526481194223258
0.00004851986182167172
0.000031995660388522303
0.00004602334148977966
0.000028915689463470118
0.0000437380643105356
0.000026009839441279767
0.000041650755922034016
0.000023264053285425696
0.00003974915932617813
0.000020665200479890186
0.00003802196373068774
0.000018201006345267963
0.000036458738609828954
0.00001585998616589366
0.000035049872820689065
0.00001363138436337766
0.000033786518236874825
0.000011505117645023708
0.00003266053778361336
9.47172250886824e-6
0.00003166445728698088
7.522306210367336e-6
0.00003079142100427409
5.648499706741564e-6
0.000030035138438141436
3.8423207060659305e-6
0.00002938909790316546
2.090199585963692e-6
0.000028799486365224262
-0.0007451191500249589
-0.0029795329576757287
-0.006684250736563531
-0.011837070702513037
-0.018401656355254124
-0.026335547137073385
-0.0355852146199423
-0.046090761491938546
-0.057783326490321966
-0.07058834003906593
-0.0844242835114804
-0.09920499050255477
-0.11483939177871712
-0.13123299605320285
-0.14828846189692677
-0.16590626123906735
-0.18398601333464737
-0.20242627946882105
-0.22112664552803074
-0.23998657293489117
-0.2589082484748863
-0.27779440692987206
-0.2965519881536368
-0.31508884374574925
-0.3333182563723468
-0.3511544435928012
-0.3685180066484508
-0.3853301494424321
-0.40151913677647316
-0.41701315675598066
-0.4317478841727248
-0.4456579309801493
-0.458685629733018
-0.47077103815327814
-0.48186207820810856
-0.49190308371891833
-0.5008464482382674
-0.5086397237511137
-0.5152389388665827
-0.5205942657977176
-0.5246651634171351
-0.5274046237657183
-0.5287762680615825
-0.5287371607205507
-0.52725693998928
-0.524299148943283
-0.5198424204553236
-0.5138602279265019
-0.5063440761553416
-0.4972815309738282
-0.4866813060217009
-0.4745494031817095
-0.4609159432812698
-0.44580924943227956
-0.4292842563040823
-0.41139440120111476
-0.39222146311463235
-0.3718451877717189
-0.35037444656880484
-0.3279145996691192
-0.3045999119023686
-0.2805587358217143
-0.25594716137685025
-0.23091216436462186
-0.20562648907122508
-0.18024995023042745
-0.15496555205459475
-0.12993915672847256
-0.10535683697042902
-0.08138314069724291
-0.058199668219862985
-0.035962180050036034
-0.0148403905329616
0.005025814300129595
0.02348537039564123
0.04042042644188827
0.05570413260283891
0.06924536444880275
0.08094534259864283
0.0907424539265434
0.0985677993913023
0.10438995240062021
0.10816962203108914
0.10990428657808281
0.10958225643051132
0.10722721297309351
0.10285202762207991
0.09650328900677362
0.0882152518234582
0.07805442404705787
0.06607396636965457
0.05235833224798386
0.03697832474595611
0.02003565657117617
0.001618728077978572
-0.018153158108610307
-0.039173362186756426
-0.061304398439156436
-0.0844209802347716
-0.10836760230290435
-0.1330011971786799
-0.15815013746604692
-0.18365655465024938
-0.20933696769456647
-0.23502418410877038
-0.260529604766549
-0.28568448356019194
-0.3103038078175145
-0.3342265757945462
-0.3572810429180267
-0.37932361551830374
-0.40020520780068863
-0.41980835961013185
-0.4380144728437265
-0.4547388369071252
-0.4698985945505487
-0.4834454818560348
-0.4953344878401683
-0.5055542576661113
-0.514096527979547
-0.5209842725834128
-0.5262420893445979
-0.5299222633268917
-0.5320763337531285
-0.53277929875096
-0.5321025974664731
-0.5301366839991144
-0.526965627044468
-0.5226882489223841
-0.5173944870721331
-0.5111852426912017
-0.5041505809717561
-0.496388377855447
-0.48798437263682803
-0.4790296520250408
-0.46960251840627787
-0.45978481401461446
-0.4496455343511833
-0.4392559733663578
-0.428674993799618
-0.41796296515429493
-0.40716859808406203
-0.39634164724907933
-0.38552122141556844
-0.374747229328608
-0.364050087142119
-0.35346089403453385
-0.34300247091779273
-0.3326982613270244
-0.3225646479692782
-0.3126185819922883
-0.3028711355856086
-0.29333386837982195
-0.2840135844271284
-0.2749174480294168
-0.2660489218761296
-0.2574116461984733
-0.2490065417653295
-0.24083446622481391
-0.23289447130911003
-0.2251852489166851
-0.2177045365418764
-0.21044936341507683
-0.20341660212323223
-0.1966020222535414
-0.19000198962800233
-0.18361133162317103
-0.17742618858329823
-0.17144069148368232
-0.16565097304003523
-0.16005065476620833
-0.15463602815523114
-0.14940034453429282
-0.14434017951155034
-0.13944851539882336
-0.13472230494009657
-0.1301543324819755
-0.12574199584538492
-0.12147792888475537
-0.1173600232483468
-0.11338079148025054
-0.10953865334547717
-0.10582601518423429
-0.10224184845875088
-0.09877845766160767
-0.09543538177388987
-0.09220481964178176
-0.08908688812459585
-0.08607367047534481
-0.08316586810296626
-0.08035543410943692
-0.07764365879531065
-0.07502234710928317
-0.0724933812914574
-0.07004839756431376
-0.06768987264180458
-0.06540925152590449
-0.0632096080113706
-0.06108217193562755
-0.05903061728989289
-0.05704593369405556
-0.05513239928142197
-0.05328073752628066
-0.051495835716893736
-0.04976812453714528
-0.048103106681564464
-0.04649089278048251
-0.044937608548819875
-0.043433016735180574
-0.0419838751414185
-0.040579570262321264
-0.039227502569536214
-0.03791665338214343
-0.03665507798813436
-0.03543132303735386
-0.034254112378640886
-0.03311152788895509
-0.03201297734670345
-0.030946047096249426
-0.029920845862028252
-0.028924432983764792
-0.027967636813858724
-0.0270369574441495
-0.02614396322336341
-0.025274561915074854
-0.024441083937231458
-0.023628810741049673
-0.02285085861282334
-0.022091847733001012
-0.021365705805157478
-0.020656355734359547
-0.019978563965374202
-0.019315519003650475
-0.01868285516448387
-0.0180629882339575
-0.017472451364495056
-0.016892848031137865
-0.01634164306365109
-0.015799586684782447
-0.015285110154830339
-0.014778068074186261
-0.014297894843411665
-0.013823505560755345
-0.01337537648039804
-0.012931437725933012
-0.01251324817424482
-0.012097705825519984
-0.011707495057544516
-0.011318432836124298
-0.01095437408789595
-0.01059000398258932
-0.010250395275518314
-0.00990904863886692
-0.009592304235067713
-0.009272423504344521
-0.008977065964457649
-0.008677196962927694
-0.00840184976635727
-0.008120634543786516
-0.007864015228112052
-0.007600185399836661
-0.007361099183766096
-0.007113469734256248
-0.0068908035896109365
-0.006658267106617123
-0.00645098424704899
-0.006232505555693644
-0.0060396403122871326
-0.005834251479687521
-0.00565490453615199
-0.005461700220541837
-0.005295034182835528
-0.005113167303347569
-0.004958402579176242
-0.004787080281829738
-0.004643491249608293
-0.004481971149707903
-0.0043488825949936985
-0.004196469275597123
-0.004073253077376229
-0.003929294825450099
-0.003815366873646889
-0.003679252637756172
-0.0035740699670736113
-0.0034452265204624848
-0.0033482846448411466
-0.003226173938777525
-0.0031370043722047467
-0.003021121067271126
-0.002939289018871898
-0.002829158180540095
-0.0027542604109179153
-0.002649435358401245
-0.002581098187169005
-0.0024811584842190097
-0.0024190359373036747
-0.0023235855157376526
-0.0022673576039381085
-0.0021760230093275006
-0.002125394128086153
-0.0020378228800484906
-0.0019925203231947967
-0.0019083793810509885
-0.0018681519607604779
-0.0017871262885400926
-0.0017517430527595572
-0.00167353427499485
-0.0016427833185944513
-0.0015671084616395632
-0.0015407958223013854
-0.0014673861341663822
-0.001445334769517045
-0.0013739346132214693
-0.0013559834520456779
-0.0012863492671213491
-0.001272352331553732
-0.001204251658330653
-0.0011940772511162573
-0.001127287813926996
-0.0011208177670192457
-0.0010551266118571728
-0.00105225559228728
-0.0009874582744551564
-0.0009880931442786084
-0.000923992962957771
-0.0009280521889801887
-0.000864459465673309
-0.0008718725767468128
-0.0008086039726331311
-0.0008193110613267945
-0.0007561889326188452
-0.0007701401978801717
-0.0007069919850153875
-0.0007241473145600223
-0.0006608049628518153
-0.0006811335518231443
-0.0006174329619810665
-0.0006409129663754879
-0.000576693470891539
-0.0006033116935972374
-0.0005384155588701399
-0.0005681671662745024
-0.0005024391165968904
-0.00053532738450755
-0.000468614147499719
-0.0005046502340569673
-0.0004368001048555528
-0.0004760028499244447
-0.00040686527277099683
-0.0004492610216106403
-0.0003786861877533875
-0.00042430863827916496
-0.0003521470974166329
-0.0004010371695058858
-0.00032713945510728275
-0.00037934518139858334
-0.0003035614468897739
-0.000359137883413773
-0.0002813175496327254
-0.00034032670640545784
-0.0002603181174509339
-0.0003228289067167791
-0.0002404789947110391
-0.00030656719786576055
-0.000221721154535461
-0.00029146940565982234
-0.00020397036017285434
-0.00027746814604727866
-0.0001871568483145509
-0.00026450052454324335
-0.0001712150324453471
-0.00025250785495152886
-0.00015608322516451965
-0.00024143539664912549
-0.00014170337846480243
-0.00023123210952077125
-0.00012802084007771481
-0.00022185042460880634
-0.00011498412565147864
-0.0002132460298505745
-0.00010254470484656824
-0.0002053776703626287
-0.00009065680101440096
-0.00019820696119479523
-0.00007927720380432607
-0.00019169821324049947
-0.00006836509277149546
-0.0001858182698799393
-0.0000578818722645638
-0.00018053635490908752
-0.00004779101624427777
-0.00017582393009189649
-0.000038057922772582235
-0.0001716545616604387
-0.000028649769597614206
-0.00016800373488734383
-0.00001953490003402794
-0.00016484489339551562
-0.000010652243565090648
-0.0001619080576888926