1.748188429124334e-13
-4.3861714150735583e-11
-4.878816333064907e-10
-2.691884457325373e-9
-1.0232526125992853e-8
-3.050990852399502e-8
-7.692230433962383e-8
-1.7140831338630747e-7
-3.4761308191091155e-7
-6.543219057198888e-7
-1.1596410371533252e-6
-1.9552449932525835e-6
-3.161552002281892e-6
-4.932646025495571e-6
-7.4623580477193926e-6
-0.000010989641088209355
-0.000015805378517317098
-0.000022257898818753726
-0.00003076023781038178
-0.00004179540137714638
-0.000055923735804452144
-0.00007378750796651228
-0.00009611801512820705
-0.00012373907670886318
-0.00015757356248205777
-0.00019864548818496007
-0.0002480857622735986
-0.0003071327379435587
-0.00037713715352854566
-0.00045956118088439566
-0.0005559827214802399
-0.000668093152728732
-0.0007977012868925655
-0.0009467300954389306
-0.0011172206902197368
-0.001311328256215511
-0.0015313263423462808
-0.0017796020368700401
-0.002058660656976834
-0.0023711198740050603
-0.002719714596066072
-0.0031072893367550007
-0.003536802744106975
-0.00401131706654882
-0.004534001449832523
-0.005108116945579486
-0.005737017419891287
-0.006424128217086947
-0.007172943327236516
-0.007986995591833758
-0.008869848682794114
-0.009825056651742435
-0.010856149314263822
-0.011966579059887508
-0.01315969848329963
-0.014438692789416683
-0.015806549081989488
-0.017265973552706666
-0.018819352860969054
-0.020468656714549074
-0.022215393347257084
-0.02406050012668033
-0.02600429723462466
-0.028046371457348247
-0.030185534580580868
-0.0324197081942717
-0.034745895593589086
-0.037160077718401116
-0.03965720889569493
-0.04223113526876108
-0.04487462487346472
-0.04757931947159612
-0.050335807713856026
-0.05313361879362639
-0.055961343635079326
-0.05880667425352964
-0.06165657230120818
-0.06449735197436123
-0.06731488861827245
-0.07009473642299378
-0.07282236327340887
-0.07548328856728703
-0.0780633253879676
-0.08054871982075221
-0.08292637898445197
-0.08518399220116629
-0.08731022419271517
-0.08929480083176337
-0.09112865100808094
-0.0928039452288491
-0.09431417669290398
-0.09565414879168856
-0.096819994557809
-0.09780911767314547
-0.09862015802193742
-0.09925289840915254
-0.09970819071713159
-0.09998784557444958
-0.10009453719224717
-0.1000316946283132
-0.09980340306927489
-0.09941431286776266
-0.09886955106641486
-0.09817465875475634
-0.09733552013453228
-0.0963583314503567
-0.09524954763241017
-0.09401587899984437
-0.09266424937887939
-0.09120181170957228
-0.08963590799691001
-0.08797409295724674
-0.08622408584600759
-0.0843937924933701
-0.0824912416168184
-0.08052459923343265
-0.07850208638561999
-0.07643198462198933
-0.07432253668454958
-0.07218194608509113
-0.07001826593002582
-0.06783939851718306
-0.06565297934112165
-0.06346638364242788
-0.0612866126121622
-0.05912031309504114
-0.056973671492117677
-0.05485245091414383
-0.05276189593913434
-0.05070678913887272
-0.04869136737206402
-0.04671939738442535
-0.044794102230940304
-0.04291825397983752
-0.04109410743824141
-0.03932350703086619
-0.03760782430457258
-0.03594807576644788
-0.03434486055859295
-0.03279848627339151
-0.03130890353715298
-0.029875837378079265
-0.02849871604252952
-0.02717680619268273
-0.025909133939710883
-0.024694622855383874
-0.023532005828594885
-0.022419965500666435
-0.02135703607056944
-0.020341746264868666
-0.01937251060721061
-0.01844777540139617
-0.0175658992439168
-0.016725302744109407
-0.015924338211691053
-0.015161443983314747
-0.014435003283608607
-0.01374350409764702
-0.013085387207838918
-0.012459212570230372
-0.011863496491771226
-0.01129688545453293
-0.010757982335241527
-0.010245528590471169
-0.009758219345296864
-0.009294894815048508
-0.00885434401102426
-0.008435506237594328
-0.008037263085460131
-0.007658650811101757
-0.007298640215063154
-0.006956360686200603
-0.006630867495238235
-0.006321378269907615
-0.006027027172791032
-0.005747114565234628
-0.005480847482875942
-0.005227603245683974
-0.0049866555937819424
-0.004757453007368157
-0.004539329818613763
-0.004331800017718354
-0.004134252612849536
-0.00394626171639569
-0.0037672653832805662
-0.0035968927938493022
-0.0034346257606589505
-0.0032801438507548447
-0.0031329677115647008
-0.002992823005065157
-0.0028592646641282774
-0.0027320605438238554
-0.002610795680043618
-0.00249527659861099
-0.002385114607852474
-0.0022801517440430765
-0.002180022088518349
-0.002084600368097729
-0.001993540245076434
-0.0019067466335099617
-0.0018238898668051138
-0.0017449028350425607
-0.0016694698897240998
-0.0015975499536122716
-0.0015288389753558033
-0.0014633202116178785
-0.0014006989956707597
-0.0013409814418823551
-0.0012838802418383218
-0.0012294230935783771
-0.0011773281862768436
-0.0011276437110128528
-0.0010800916404274507
-0.00103473973432169
-0.0009913121639301217
-0.0009498954843265632
-0.0009102145939260495
-0.0008723742066105727
-0.0008360985757112453
-0.0008015100620217052
-0.0007683309877393598
-0.0007367009621820381
-0.000706339164899078
-0.0006774021590422015
-0.0006496048340075307
-0.000623120507112855
-0.0005976586846132344
-0.0005734093257019141
-0.0005500755064627807
-0.0005278637963368504
-0.0005064698324408342
-0.0004861168376204713
-0.00046649203248025996
-0.00044783540608859574
-0.00042982480992227804
-0.0004127171772995774
-0.00039618005714628276
-0.00038048756642226206
-0.00036529603205061784
-0.0003508970520851171
-0.0003369348212005406
-0.00032371877123992074
-0.0003108800592234256
-0.00029874635634096847
-0.0002869348773771778
-0.0002757919892985536
-0.0002649200571893186
-0.00025468464945692284
-0.00024467236769689195
-0.0002352685353380431
-0.0002260430671648626
-0.00021740164209054064
-0.0002088965522280771
-0.00020095447854770422
-0.0001931091392569087
-0.00018580890952873738
-0.0001785679643748769
-0.00017185711056910815
-0.0001651699900212117
-0.00015900062362958308
-0.00015282110723162918
-0.00014714950355821724
-0.0001414353239746609
-0.0001362215461586127
-0.00013093403088787307
-0.00012614158968655796
-0.00012124533668239492
-0.00011684088245185307
-0.00011230346628038896
-0.00010825650996735292
-0.00010404821548283945
-0.00010033087576848502
-0.00009642445660012382
-0.00009301123063507543
-0.00008938169005653382
-0.00008624924548473438
-0.00008287363748738892
-0.00008000062369651625
-0.00007685787230708873
-0.00007422474904978734
-0.00007129548413479077
-0.00006888436585254372
-0.00006615077382596463
-0.00006394528817769315
-0.00006139097618953541
-0.000059376135433955895
-0.00005698600775736202
-0.00005514809177472602
-0.00005290823723833735
-0.00005123468709762401
-0.000049132276521960206
-0.00004761159760549893
-0.000045634790305856385
-0.000044256464102435035
-0.00004239432261174978
-0.0000411487263750068
-0.00003939113862316137
-0.000038269472170440126
-0.000036607080429328186
-0.00003560129942640129
-0.00003402543539722069
-0.0000331281905375682
-0.00003163081601685916
-0.00003083539756033578
-0.00002940905017418008
-0.000028709337360701026
-0.000027347080905451705
-0.000026737495806252626
-0.000025432874778342198
-0.00002490834018859492
-0.00002365533812332528
-0.00002321123913631532
-0.000022004240414243616
-0.000021636389352671222
-0.000020470144159485726
-0.00002017474856806132
-0.000019044340728001063
-0.00001881797416013775
-0.00001771879158392802
-0.000017558366939032738
-0.000016486074455778177
-0.000016388819647972226
-0.00001533933400616115
-0.00001530276976325656
-0.00001427223661154936
-0.000014294156222762115
-0.00001327892889295111
-0.000013357379741551383
-0.00001235399967529618
-0.000012487266403040318
-0.000011492445077053733
-0.00001167903424748634
-0.000010689636464070861
-0.000010928262597247713
-9.941291021070325e-6
-0.000010230863889321785
-9.243444718641102e-6
-9.583057799215105e-6
-8.592427472717815e-6
-8.981347464012646e-6
-7.984840310350566e-6
-8.422497626940787e-6
-7.4175343741133e-6
-7.90351454207974e-6
-6.8875916093824145e-6
-7.421627492612089e-6
-6.392306995057691e-6
-6.974271787007256e-6
-5.929172188958087e-6
-6.559073112073429e-6
-5.495860470363867e-6
-6.173833129589196e-6
-5.0902128729395485e-6
-5.816516214382646e-6
-4.7102254092324195e-6
-5.485237240344812e-6
-4.354037297886953e-6
-5.1782503280865925e-6
-4.019920110747499e-6
-4.893938476511321e-6
-3.706267766112225e-6
-4.630804006964372e-6
-3.411587298271046e-6
-4.387459752926218e-6
-3.1344903413758686e-6
-4.1626209368778636e-6
-2.8736852692189008e-6
-3.955097677939862e-6
-2.6279699390260297e-6
-3.7637880799520277e-6
-2.3962249894900204e-6
-3.587671854706363e-6
-2.1774076507529934e-6
-3.4258044364372425e-6
-1.9705460237427795e-6
-3.277311550536272e-6
-1.7747337928351051e-6
-3.1413841992524837e-6
-1.5891253366442748e-6
-3.0172740321650657e-6
-1.4129312066131953e-6
-2.9042890714158345e-6
-1.2454139429962219e-6
-2.8017897639220807e-6
-1.085884203367098e-6
-2.709185335604346e-6
-9.336971780210569e-7
-2.6259304239405666e-6
-7.882492709168764e-7
-2.551521968053048e-6
-6.489750242989885e-7
-2.485496335295183e-6
-5.153442671085444e-7
-2.427426654677245e-6
-3.8685937021468574e-7
-2.376919546255836e-6
-2.630463027215966e-7
-2.333561399132494e-6
-1.430445836361428e-7
-2.2936849774855534e-6
-1.5700294812229062e-13
3.105815287160778e-11
3.4402563292246263e-10
1.9144214792786676e-9
7.340022662968353e-9
2.215036237206172e-8
5.659012665365486e-8
1.280448655690664e-7
2.6398587152026985e-7
5.058787022558091e-7
9.135893505353415e-7
1.5711472007679525e-6
2.5928484705454746e-6
4.131163675342385e-6
6.384640436142062e-6
9.608096963089544e-6
0.000014122245166539857
0.000020326129283190712
0.000028708199132626618
0.000039860781891384905
0.00005449218279747939
0.00007344287378412793
0.00009769813636629197
0.00012840566179113532
0.00016688831177464694
0.00021466297283975714
0.0002734531890962521
0.0003452093684912499
0.0004321212732897169
0.0005366399516325955
0.0006614902418435922
0.0008096949717622809
0.0009845876053830298
0.0011898391848418172
0.0014294709002246756
0.001707883839259879
0.002029870505253696
0.002400646612227119
0.002825859343337387
0.003311619109240305
0.003864500549017023
0.004491570256951349
0.005200374079400183
0.00599895421001532
0.00689581318177824
0.007899910458399488
0.009020589839144397
0.010267542097827499
0.011650678948067155
0.013180045328356309
0.014865620895033627
0.016717164811346958
0.018743926843673653
0.02095441107011909
0.0233559852341149
0.0259545597071957
0.028754097577577433
0.031756222694947565
0.03495965448126427
0.03835978335283805
0.041948081618082465
0.04571171280711757
0.04963299862438737
0.0536891546649368
0.05785191591517565
0.06208750674100386
0.06635653508197327
0.07061430069982684
0.07481105289303876
0.07889271113272793
0.08280153830216996
0.0864772903821244
0.0898582886779802
0.09288293586659144
0.09549108615019805
0.09762577749063131
0.09923471533493826
0.10027199525903803
0.10069945545138191
0.10048812221999004
0.09961916942044297
0.09808482912264696
0.09588873582661268
0.09304611333462201
0.08958337809071343
0.08553753340019374
0.08095504403782428
0.07589051740025773
0.07040501123052963
0.06456422388712475
0.05843652188713882
0.05209096144062866
0.04559538853204436
0.03901464263496736
0.03240906868341029
0.025833200747071666
0.019334933034262425
0.012954858288622195
0.006726196984443222
0.0006748047417639937
-0.005180205317581373
-0.010825926270204457
-0.016254543277047524
-0.02146251601798308
-0.02644924822613812
-0.031216271668807596
-0.035765972096143316
-0.040101018197694197
-0.04422334692306659
-0.048133986840475367
-0.05183239703221527
-0.05531671926331706
-0.05858345273226106
-0.06162806813099106
-0.0644449161964037
-0.06702807360218477
-0.06937134326170523
-0.071469185410462
-0.0733166722116064
-0.07491038045419178
-0.07624819968213087
-0.0773301093295449
-0.07815779018505008
-0.07873526030968316
-0.07906828746774995
-0.07916490072808113
-0.07903463577005214
-0.07868896543569831
-0.0781404268360098
-0.07740302364352383
-0.07649128556151107
-0.07542069153711156
-0.07420670332391335
-0.07286524749981522
-0.07141175104916724
-0.06986170619828065
-0.0682297216468514
-0.0665301814541451
-0.06477631357251752
-0.06298094429143948
-0.06115557727383705
-0.05931123894516155
-0.05745755633400181
-0.055603685913546724
-0.05375737656293861
-0.05192597393141368
-0.05011545488816172
-0.048331500601781235
-0.04657849009066426
-0.04486063713393739
-0.043180932301083476
-0.041542340975736475
-0.039946685074681396
-0.03839590152124855
-0.03689085648989137
-0.035432665426364876
-0.0340214339526176
-0.03265764193317569
-0.031340806117130734
-0.030070931804307425
-0.028847092917105886
-0.027668955574414292
-0.02653527163000055
-0.025445478979662484
-0.024398104736232187
-0.02339244744073175
-0.02242688602324085
-0.021500649315179497
-0.020612026818248603
-0.01976023106772392
-0.018943506035980745
-0.018161088008973026
-0.017411207211880927
-0.016693152956726583
-0.016005163815010683
-0.015346602889967175
-0.014715731586998662
-0.014112000968671488
-0.01353370389422406
-0.012980388536613296
-0.012450383382163446
-0.011943339128086625
-0.01145762075327818
-0.010992984174598775
-0.010547829320367335
-0.010122018102839596
-0.009713982145874578
-0.009323688830063433
-0.008949597044605082
-0.008591778278561786
-0.008248713482397224
-0.007920576413488286
-0.007605864404020788
-0.007304851419956275
-0.007016045237047929
-0.006739817939220049
-0.006474681702987145
-0.00622110474316015
-0.005977597596113429
-0.005744722816325778
-0.005520983330650031
-0.005307034499571223
-0.005101365786068696
-0.0049047241192088
-0.004715579782141472
-0.004534770353068813
-0.004360741367089379
-0.004194420460520387
-0.0040342229988361315
-0.0038811664154900553
-0.0037336306241049855
-0.0035927229208171994
-0.003456782611649414
-0.0033270072400266915
-0.0032016904600522403
-0.00308212075708125
-0.002966541183234548
-0.0028563321599118525
-0.002749681263355639
-0.002648062134229883
-0.00254960205722215
-0.0024558694540157623
-0.002364926542129191
-0.0022784383547997593
-0.002194397289851953
-0.0021145670819666213
-0.0020368655623747914
-0.0019631575089704436
-0.0018912814295774236
-0.0018232057310916588
-0.0017566848153160951
-0.0016937935424863988
-0.0016321973856664928
-0.0015740807156453091
-0.001517015199952373
-0.0014632980061272786
-0.0014104020520867488
-0.0013607408139365632
-0.001311683436151952
-0.001265763438631937
-0.0012202410765907788
-0.0011777738706063373
-0.0011355079674267986
-0.0010962290666876279
-0.0010569638729400002
-0.0010206306642299716
-0.000984131244070146
-0.0009505210901668726
-0.0009165715107725581
-0.0008854800278525765
-0.0008538817145860016
-0.0008251212068694572
-0.0007956914479325754
-0.0007690894852014198
-0.0007416600719678591
-0.0007170581954818462
-0.000691474184829304
-0.0006687267300730914
-0.0006448453182184606
-0.0006238183432755124
-0.0006015078393121865
-0.0005820781486886505
-0.0005612170396626402
-0.0005432712948828492
-0.0005237473926639561
-0.0005071813014897245
-0.0004888909648673371
-0.0004736085416571255
-0.00045645596601976806
-0.00044236885695951805
-0.00042626542549821885
-0.000413292292343262
-0.00039815598320897927
-0.0003862219406342246
-0.0003719767847912142
-0.0003610128861052643
-0.00034758847146526393
-0.00033753123863654614
-0.00032486225594059346
-0.00031565324954704806
-0.00030367907680069905
-0.0002952645029711143
-0.00028392882430108634
-0.0002762591744190193
-0.000265509630918381
-0.0002585393522765137
-0.00024832722142336544
-0.00024201441519136277
-0.00023229431684166453
-0.00022660046141007533
-0.00021733008762418266
-0.00021221978517798446
-0.00020335965214431933
-0.00019880039611711977
-0.0001903136159371927
-0.0001862755778958998
-0.00017812764866540135
-0.00017458348271460838
-0.00016674209533750205
-0.0001636667587451421
-0.00015610161897596842
-0.00015347220745690065
-0.0001461548719208571
-0.0001439504684697195
-0.0001368541934468032
-0.00013505572966252693
-0.0001281553315158171
-0.00012674546011092678
-0.00012001718653672015
-0.00011898016450796543
-0.00011240157541513603
-0.00011172315649645551
-0.00010527301393884656
-0.00010494035012466627
-0.00009859851650595199
-0.00009860006737422764
-0.00009234741107833015
-0.00009267286078347664
-0.00008649116881565266
-0.0000871313496701514
-0.00008100324662755479
-0.00008195006915944443
-0.00007585894194181963
-0.00007710533067778942
-0.00007103525861542905
-0.00007257509312272373
-0.00006651078289091326
-0.00006833884386166001
-0.00006226556898983535
-0.00006437748882065394
-0.00005828103331852064
-0.00006067325078885783
-0.000054539856481068814
-0.000057209575404450894
-0.00005102589277394886
-0.00005397104421779185
-0.00004772408641277446
-0.00005094329420564681
-0.00004462039409728027
-0.0000481129433674526
-0.00004170171307881382
-0.00004546752169296091
-0.0000389558147325428
-0.00004299540732029502
-0.000036371282927563364
-0.00004068576741732052
-0.00003393745698455511
-0.00003852850335702191
-0.000031644378716807755
-0.000036514199871612435
-0.000029482743393467488
-0.000034634077999044324
-0.000027443854221337072
-0.000032879951382647205
-0.000025519580066104288
-0.000031244185720238214
-0.000023702316328913057
-0.00002971966121423676
-0.000021984948486343135
-0.000028299737660832453
-0.000020360818396773627
-0.000026978222047775242
-0.000018823692872137315
-0.000025749338515375592
-0.000017367734490855836
-0.000024607700338401007
-0.000015987474526860068
-0.000023548284082404795
-0.000014677787742134113
-0.000022566405422258282
-0.000013433868981082445
-0.00002165769683174569
-0.000012251211355418512
-0.000020818086646930695
-0.000011125586040451018
-0.000020043779830201937
-0.000010053023318336855
-0.00001933123989922137
-9.029795085468004e-6
-0.00001867717217774705
-8.052398468393528e-6
-0.000018078508319118397
-7.117540646600631e-6
-0.000017532391700612752
-6.222124614247102e-6
-0.000017036164086480342
-5.363235980031548e-6
-0.000016587353013646132
-4.538130673288398e-6
-0.000016183660142703787
-3.744223431592925e-6
-0.000015822950423426594
-2.9790771185398024e-6
-0.000015503241902146847
-2.240392079906637e-6
-0.000015222691516163804
-1.5259588541204929e-6
-0.000014979285304221144
-8.312656750403136e-7
-0.000014751952992646192