-0.0000697678213405539
-0.00027888413103973535
-0.0006277261925830773
-0.0011151786797898515
-0.0017422419244748288
-0.0025068683167980507
-0.0034104726687338993
-0.004450059078243709
-0.005627269457088551
-0.0069380802641342085
-0.008384151369031713
-0.009960305675720064
-0.011667992374959088
-0.013500727343253971
-0.015459514053254582
-0.01753640349611637
-0.01973173325087262
-0.022035954636318855
-0.024448560106542293
-0.026958318378407696
-0.0295637646169575
-0.03225197922806088
-0.03502051563869849
-0.03785485420114199
-0.040751639983887776
-0.04369493945063745
-0.0466806567890878
-0.04969171783647794
-0.052723529303217165
-0.05575821219427331
-0.058790964905395114
-0.061803467531216495
-0.06479100799090169
-0.06773517934371276
-0.07063162817774075
-0.07346216931028797
-0.07622301752147263
-0.07889644743342758
-0.08147937276286295
-0.08395468315346907
-0.0863200386874551
-0.08855901930834949
-0.09067000556691661
-0.092637279417829
-0.09445986444744153
-0.09612271887560733
-0.09762540950226063
-0.09895353858478366
-0.10010712548014965
-0.1010724088142508
-0.10184980860172259
-0.10242624398689208
-0.10280254694770265
-0.1029664340096844
-0.10291924092126797
-0.10264968406723854
-0.10215978406887787
-0.10143954887010508
-0.10049195329970446
-0.09930867055385705
-0.09789397461044584
-0.0962416397124261
-0.09435763357688995
-0.09223829536166839
-0.08989169059206917
-0.08731716719594655
-0.08452524899111928
-0.08151865726836997
-0.07831062966187669
-0.07490748217830766
-0.07132525522751273
-0.06757387857493598
-0.06367206660793003
-0.059633136714444895
-0.05547810106254969
-0.05122317718019702
-0.04689105231558371
-0.042500112861129105
-0.03807388770122141
-0.033632009695904685
-0.02919787389139639
-0.02479132872730205
-0.02043461122390354
-0.016146747448445353
-0.011947847923916868
-0.007855176332327555
-0.0038859033313494947
-0.000054780313456135526
0.0036245415679847775
0.007140318093795867
0.010482717881740723
0.01364321572447707
0.016615814575073242
0.019395148845244042
0.02197881685734335
0.024364329371087328
0.026552450479284735
0.028543132376072266
0.030339765180258802
0.03194423831015899
0.03336200038861121
0.034596381291853065
0.03565436221198706
0.03654028206311224
0.037262215795981796
0.037825176444122525
0.038237998213316894
0.038506133151639005
0.03863893572105511
0.03864214255516082
0.0385254581116031
0.03829479810766593
0.03796008171287492
0.03752731396080158
0.037006498302189716
0.036403629746731996
0.03572865146387022
0.03498742738599589
0.03418967675481582
0.03334099124957706
0.03245069096088145
0.03152394603444857
0.030569505958692372
0.029591979036192196
0.02859939399956879
0.027595682641784948
0.026588038867010853
0.025579641137431375
0.024576779506383067
0.023581845860982595
0.022600204625803803
0.02163347067948372
0.020686104471538343
0.01975899034867846
0.018855741843864158
0.017976587133569966
0.017124375156366594
0.016298770035377007
0.015501953315265115
0.014733125318048709
0.013993902995930358
0.013283123189836456
0.012601939258092994
0.011948918917019337
0.011324845852212967
0.010728103099102623
0.010159188259362614
0.009616372113062271
0.009099937877217128
0.008608103842353911
0.00814099838377959
0.007696834816984178
0.007275634681662045
0.006875642660174785
0.006496811081374326
0.006137442602032639
0.005797449000580246
0.005475209347147762
0.005170616046984723
0.004882136389189983
0.004609658516149599
0.004351744516271903
0.004108288589019283
0.003877950208171825
0.0036606362617108506
0.0034551032374361716
0.0032612745741312987
0.0030780012917913818
0.002905225218838938
0.002741887988708018
0.002587950225080647
0.0024424393417557468
0.0023053341868991143
0.002175742603186067
0.00205366046213921
0.0019382704579360116
0.001829583910455245
0.0017268527723260864
0.001630102048577951
0.0015386474876133962
0.0014525259589983042
0.0013711117716165963
0.0012944518706070715
0.0012219741776940676
0.001153734014161035
0.0010892082878485978
0.0010284591213173763
0.0009710081165891177
0.0009169227658032626
0.0008657654083124114
0.0008176076243980525
0.0007720488600925456
0.0007291636518962718
0.0006885852332555255
0.0006503901086072393
0.0006142422725699622
0.000580219343847338
0.0005480133248085814
0.0005177022185915857
0.0004890035338578189
0.0004619950406500135
0.0004364174837378659
0.00041234788320989614
0.00038954816104958077
0.0003680941599192999
0.0003477671124625954
0.000328641335167416
0.00031051567940161014
0.00029346265556773067
0.000277297200034182
0.00026208979700902385
0.000247670077275142
0.0002341063303751724
0.00022124162028918043
0.00020914191774882578
0.00019766257556445418
0.0001868671593348195
0.00017662227183743337
0.00016698901929496608
0.0001578443108366491
0.0001492467660948075
0.00014108274293012112
0.00013340836977886167
0.00012611867327171934
0.00011926730480106959
0.00011275724996107399
0.00010663971266577497
0.000100824991072285
0.00009536188370213287
0.00009016741221122531
0.00008528802184249599
0.0000806469205647015
0.00007628826033926101
0.0000721409452371386
0.00006824689998423828
0.00006454027710397434
0.00006106084461757408
0.00005774759444468776
0.000054638211586326525
0.00005167615332491739
0.00004889709735560696
0.0000462486240969591
0.000043764480735736846
0.00004139605751129792
0.00003917524818874127
0.000037056965814500484
0.00003507132744991408
0.000033176505882151974
0.000031400917271201965
0.00002970575290444092
0.00002811780248172306
0.0000266010544570701
0.00002518074478962006
0.000023823455941373793
0.000022552940839168123
0.000021338189404377725
0.00002020154000139294
0.000019114218656410293
0.000018097215228258548
0.000017123834404214693
0.000016213781052047656
0.000015342293828925963
0.000014527853488636565
0.000013747499667296502
0.000013018547184955312
0.000012319714412275574
0.000011667205682574365
0.000011041305739895715
0.000010457161130202278
9.896519708395014e-6
9.373520189058856e-6
8.871278663558642e-6
8.402973244057199e-6
7.953001125484556e-6
7.533624349366213e-6
7.130441236948878e-6
6.754839630875464e-6
6.393545624843648e-6
6.057112116818804e-6
5.733325760811295e-6
5.4319411970043324e-6
5.141744129087048e-6
4.871725108158378e-6
4.6116126840860804e-6
4.36966502297633e-6
4.136502262485595e-6
3.919679476311542e-6
3.710661750215358e-6
3.516327999880866e-6
3.3289459434359195e-6
3.154742966240268e-6
2.986751161194248e-6
2.830568750273661e-6
2.679957762939658e-6
2.5399074129739784e-6
2.4048788287492827e-6
2.279270200852656e-6
2.1582143287598612e-6
2.0455342325393514e-6
1.937010191517508e-6
1.8359038111250215e-6
1.738621743339329e-6
1.647875866408451e-6
1.5606810455842923e-6
1.479209077252203e-6
1.4010677105879287e-6
1.3278962808583521e-6
1.2578828209777265e-6
1.192139816584149e-6
1.1294256238360785e-6
1.070329487534693e-6
1.0141726942811864e-6
9.610228584474717e-7
9.10759311426871e-7
8.629276432633453e-7
8.179628057042581e-7
7.748859554393251e-7
7.346876672665149e-7
6.958602244464085e-7
6.599522306001763e-7
6.249205992633782e-7
5.928767616105447e-7
5.612336801090856e-7
5.326728043569662e-7
5.040524384124318e-7
4.786336473176634e-7
4.5270719857088764e-7
4.3012579658435305e-7
4.0659756882397387e-7
3.8658134300899407e-7
3.6518521710934954e-7
3.474911316692575e-7
3.2798740806435913e-7
3.123986497050512e-7
2.945712173052023e-7
2.808945529471744e-7
2.6454835003229633e-7
2.526117686208916e-7
2.3757050493618357e-7
2.2722110796692994e-7
2.1332521923291936e-7
2.044273398673275e-7
1.9153215118846085e-7
1.8396567409283092e-7
1.7193974883461828e-7
1.655986117840733e-7
1.5432226568548336e-7
1.4911312396010246e-7
1.384770879421909e-7
1.3431812505983295e-7
1.2422233950921003e-7
1.2104220918043212e-7
1.1139473723326416e-7
1.0913162297101744e-7
9.984766494318037e-8
9.844844766847086e-8
8.94494532852805e-8
8.886897186478007e-8
8.008183284410879e-8
8.028223296410394e-8
7.163854884148696e-8
7.258870966726254e-8
6.402411996348898e-8
6.569915072928377e-8
5.715272459926591e-8
5.953352538953504e-8
5.094720188970882e-8
5.40200818659778e-8
4.5338155197039185e-8
4.909450510988925e-8
4.026314979362013e-8
4.469916016850571e-8
3.56659893306005e-8
4.0782415522515703e-8
3.149606986290014e-8
3.729803597351471e-8
2.7707799190810633e-8
3.420463931653749e-8
2.4260073688800645e-8
3.146520875032238e-8
2.111581088765179e-8
2.9046656184922497e-8
1.824152696016809e-8
2.6919431630723982e-8
1.5606959795325833e-8
2.505717268476255e-8
1.3184727279356197e-8
2.3436391284600103e-8
1.095002234885462e-8
2.2036192310922387e-8
8.880336891436062e-9
2.083802451457727e-8
6.95521340989014e-9
1.982545290325219e-8
5.156020720645134e-9
1.8983951885644204e-8
3.4656721999841772e-9
1.8300078902675124e-8
1.8633187173000877e-9
1.772056126940847e-8
-0.000022727748953207274
-0.00009273828952013155
-0.0002083707334102737
-0.0003735717616955644
-0.0005864059044172751
-0.0008521929440699065
-0.0011688960014463864
-0.0015427346171644225
-0.001971448970053511
-0.002461767600761222
-0.0030110527351915883
-0.003626249037489968
-0.004304241422035307
-0.005052014779311308
-0.00586596084359848
-0.006753032010786858
-0.0077091726528466875
-0.008741283954767745
-0.009844913996785835
-0.011026878067829373
-0.012282314828766357
-0.013617833137419065
-0.015028024141159588
-0.0165190325945459
-0.018084602619277308
-0.01972999839922472
-0.02144765105825553
-0.023241379832084866
-0.025101696623641406
-0.02703030404243304
-0.029015101352852558
-0.03105496020399097
-0.033134460171410994
-0.03524896646727688
-0.03737910453956521
-0.03951618601730603
-0.04163640944578587
-0.043726700461139106
-0.0457585998818787
-0.04771460136956148
-0.04956166017961369
-0.05127812713107237
-0.0528267842197065
-0.054182489279617906
-0.055304622063736174
-0.05616557108175198
-0.056722458687993256
-0.056946619970449454
-0.056794468572351715
-0.0562381337151687
-0.05523532743235131
-0.05376131288428505
-0.05177763334800235
-0.04926557392852646
-0.04619360770091262
-0.04255247560856743
-0.03832119324756937
-0.03350380635062125
-0.028093786432116505
-0.02211242495747341
-0.015571438262599869
-0.008512853227686459
-0.0009696583503328429
0.006993075567270682
0.015319601737347557
0.023921487524301843
0.0327210639803002
0.04160892628429765
0.050489231465484105
0.059237119158637316
0.06774542838674326
0.07588242038838465
0.08353922436934882
0.09058819332616799
0.09693014105354833
0.10245361319857148
0.10708079046228032
0.11072793713597522
0.11334876177799541
0.1148963343464102
0.11536274448032294
0.11474286213790079
0.11306932017012528
0.11037861957425349
0.10674076469489965
0.10222835200161501
0.09694055487462666
0.09097594101573336
0.08445087489959494
0.07747683863122279
0.07017362730841063
0.06265186786268842
0.0550215736811283
0.04738035560329814
0.03981795327309831
0.03241033205178523
0.02522073080010709
0.01829948657710839
0.011681974885841865
0.005393666920077655
-0.0005548492561574934
-0.0061583301855725955
-0.011424735887921316
-0.01636208904785451
-0.020989243048129456
-0.025320002922862125
-0.029376805962339356
-0.03317283293938127
-0.03672850418590308
-0.04005210341394451
-0.04315885733614859
-0.046050378426541895
-0.04873597250015308
-0.05121103364533093
-0.05348014624501516
-0.05553446552662289
-0.057376162507873814
-0.05899480092390236
-0.06039270900930253
-0.061560400070672434
-0.06250252365215653
-0.0632124439340328
-0.06369850074880838
-0.06395792896414944
-0.06400322788408588
-0.06383565575915483
-0.06347155426274542
-0.06291567622778378
-0.0621873390591202
-0.06129384121805246
-0.06025632961312003
-0.05908353757780756
-0.057797253832922085
-0.05640658006478083
-0.05493288972425592
-0.05338476437354054
-0.05178233392899078
-0.05013301312921785
-0.0484551228727909
-0.046754514548108805
-0.045047384865615346
-0.04333784756575585
-0.04163987037490093
-0.03995583073297848
-0.03829752151627852
-0.0366657092415396
-0.03507017336472654
-0.0335102710776052
-0.03199399202612911
-0.030519522522201338
-0.02909331259259467
-0.02771262353795856
-0.0263826169001187
-0.02509986232721996
-0.02386846823743572
-0.02268452154286281
-0.021551287614746405
-0.020464549322381374
-0.019426909621205614
-0.018433994381748597
-0.01748789483673594
-0.016584196646717595
-0.015724601876033327
-0.014904745526448365
-0.01412603796161679
-0.01338422961158858
-0.012680515096360695
-0.012010806842920822
-0.011376141795048438
-0.0107726251843196
-0.010201179838319342
-0.009658122210489544
-0.009144293060705768
-0.008656228989566512
-0.008194711779788406
-0.007756500025118702
-0.0073423327772864444
-0.00694918734499519
-0.00657777115921482
-0.006225273390324928
-0.005892377174775818
-0.005576474318244233
-0.005278228257250312
-0.0049952227473412086
-0.0047281041925233275
-0.004474636835447213
-0.004235451393764756
-0.004008480854091247
-0.0037943407214282307
-0.003591121056135492
-0.0033994220788161216
-0.0032174795693671768
-0.003045878080416418
-0.0028829882331437556
-0.002729378379800871
-0.002583543678962185
-0.0024460357122827402
-0.0023154644991993955
-0.002192364314691258
-0.0020754510108859548
-0.0019652410987900997
-0.001860547881634494
-0.0017618697523827875
-0.0016681097136903758
-0.0015797478002290933
-0.0014957695655531812
-0.001416636561090317
-0.0013414103130951311
-0.001270533875755365
-0.0012031387038633865
-0.001139649442725753
-0.0010792619288336098
-0.0010223825790446693
-0.000968266524529181
-0.000917302214619559
-0.000868799412407252
-0.0008231289299248327
-0.0007796508886931675
-0.0007387188518388553
-0.0006997393831982974
-0.0006630492327060644
-0.0006280978174308071
-0.0005952055478200028
-0.0005638614041576862
-0.0005343699598988743
-0.0005062567420014829
-0.00047981101079956693
-0.0004545920729366203
-0.00043087441380236166
-0.00040824858066872675
-0.0003869748308800908
-0.0003666726211734329
-0.00034758853096471926
-0.0003293687856017593
-0.0003122468357569675
-0.0002958937079483279
-0.00028053026854761223
-0.00026585053671832114
-0.00025206333088512677
-0.00023888399951032052
-0.0002265098391954707
-0.00021467599702979092
-0.00020356876134585482
-0.00019294166893808393
-0.00018297049908305244
-0.0001734258806538717
-0.00016447356793082284
-0.00015590008616298722
-0.00014786163196623344
-0.00014015952542568275
-0.00013294085542087857
-0.00012602072114900937
-0.00011953753587259671
-0.00011331924145285653
-0.00010749598979146129
-0.00010190770152921292
-0.00009667666300808364
-0.00009165397679797868
-0.000086954441109076
-0.00008243960546773457
-0.00007821713928713745
-0.00007415836106414731
-0.00007036415232858018
-0.00006671497503702517
-0.0000633052462750075
-0.000060023994747846125
-0.000056959478597573425
-0.00005400876163284279
-0.00005125423166268552
-0.000048600497234017824
-0.00004612434761931505
-0.000043737484963694946
-0.00004151135489047387
-0.0000393643378189237
-0.00003736277484387668
-0.00003543134304165803
-0.00003363150212959841
-0.000031893875282130786
-0.00003027524913110988
-0.000028711871268084186
-0.000027256048332159504
-0.000025849358570183866
-0.0000245398073263736
-0.000023274034712598543
-0.000022095909399256526
-0.00002095688894010454
-0.000019896856169070838
-0.000018871864037782002
-0.00001791794718522102
-0.000016995553087455276
-0.000016136992714660935
-0.000015306927385547386
-0.000014534056258327746
-0.000013787092862204092
-0.000013091223807423017
-0.000012419071749992298
-0.000011792397431877034
-0.00001118760654263115
-0.000010623108760568996
-0.000010078984145034173
-9.57035366556795e-6
-9.080878339041095e-6
-8.62244207029534e-6
-8.182208745739638e-6
-7.768864684697043e-6
-7.373013692087169e-6
-7.000172463944026e-6
-6.644336297464459e-6
-6.307869003336565e-6
-5.988122825991613e-6
-5.684313588259904e-6
-5.39713034553879e-6
-5.122634525098454e-6
-4.8648451174025885e-6
-4.616651029834867e-6
-4.385408150847765e-6
-4.1608033653872544e-6
-3.953549415820016e-6
-3.750089700548411e-6
-3.5645278132487832e-6
-3.3800101691805554e-6
-3.214078201201974e-6
-3.04651577230216e-6
-2.898362910763891e-6
-2.7459629605008133e-6
-2.6139289299776644e-6
-2.4750728710876257e-6
-2.3576689651284765e-6
-2.230894201419663e-6
-2.1267866088053575e-6
-2.010770654707638e-6
-1.9187651926184765e-6
-1.812310967702815e-6
-1.7313395450970431e-6
-1.63336238016579e-6
-1.5624707937017915e-6
-1.4719866758229282e-6
-1.4103236923591871e-6
-1.326438299947048e-6
-1.273246083042924e-6
-1.1951456818265974e-6
-1.1497507080845046e-6
-1.076693213946877e-6
-1.038498563722734e-6
-9.698057027369106e-7
-9.382841684104445e-7
-8.733347351801792e-7
-8.480222982435749e-7
-7.862453793778804e-7
-7.667357272189488e-7
-7.076051492919175e-7
-6.935448182882523e-7
-6.365737796976478e-7
-6.276574680847009e-7
-5.723938349352534e-7
-5.683605217624227e-7
-5.143824275006765e-7
-5.150120425205571e-7
-4.619240519044233e-7
-4.6703406363410394e-7
-4.1446360633878234e-7
-4.2390641585663434e-7
-3.7150028249781405e-7
-3.851609028333675e-7
-3.3258237896668734e-7
-3.503761807129449e-7
-2.9730207498569526e-7
-3.1917310866479975e-7
-2.652912457407944e-7
-2.9121070517811217e-7
-2.3621745881736167e-7
-2.661822565736965e-7
-2.0978048883271106e-7
-2.438120732937042e-7
-1.8570878625436418e-7
-2.238524105163036e-7
-1.637569722594131e-7
-2.0608081366169718e-7
-1.4370271392717787e-7
-1.902974404454292e-7
-1.25344992589465e-7
-1.7632332229980965e-7
-1.0850148935236248e-7
-1.6399786086913487e-7
-9.300680018891202e-8
-1.5317733654242867e-7
-7.871082137816655e-8
-1.437332429584935e-7
-6.547689354086174e-8
-1.3555094880294048e-7
-5.318069134155912e-8
-1.2852828226893155e-7
-4.1708788645489245e-8
-1.225742446196649e-7
-3.0957585249021905e-8
-1.176083280121139e-7
-2.0831720840592497e-8
-1.1355534216817087e-7
-1.1212157449624512e-8
-1.1009890570991295e-7
0.000155161742245184
0.0006123395850842935
0.0013735383517850994
0.0024135502084903734
0.003732810749629619
0.00529034194090629
0.007084794801599808
0.009061892728315004
0.011219261890310729
0.013491971520390427
0.015878168906778834
0.018305229262807646
0.020773896707415456
0.023207042061800288
0.02561035361328108
0.027905409496382344
0.030105156998149724
0.032132830720691265
0.03401058623731024
0.03566569198588387
0.037130780251927745
0.03833868727588948
0.03933286989644519
0.040052249539846534
0.04055042279008723
0.04077186770413403
0.040778650324412795
0.04051936383725851
0.040062096165126675
0.03935748286545111
0.03847674826044198
0.0373702531577915
0.03610944993982339
0.03464229122060369
0.03303794749449012
0.03124041175207419
0.0293148198439475
0.027200541436676422
0.024957924353881715
0.022522108929707706
0.019948996016153252
0.017170965138395267
0.014240849162325722
0.011090680698499382
0.007772450359378017
0.004220952092191157
0.0004901096822523577
-0.0034790610069541698
-0.007627750151978424
-0.012005311070958247
-0.01654533843402794
-0.021284638760035543
-0.026147190700208323
-0.03115528394341645
-0.03622239065624417
-0.04135568822269987
-0.04645877358360374
-0.05152483916031829
-0.05645003558075132
-0.061216612197364455
-0.06571757809211419
-0.06992914750490183
-0.07374717089668495
-0.07714824673054549
-0.08003820895995538
-0.08240129209748608
-0.08416079037329093
-0.08531570884037488
-0.08581357549110938
-0.08567409178552174
-0.08487399979972217
-0.08345736846531346
-0.0814323999302208
-0.0788681496405044
-0.07580319246835215
-0.07232876124561509
-0.06850926461673525
-0.06445201786527513
-0.060239684404137336
-0.05598694100517299
-0.05178497624372338
-0.04774555999645716
-0.04395775334344265
-0.040519928394877815
-0.03750881272295586
-0.03500002932130161
-0.03304951249821203
-0.03170311735522398
-0.030990310133787162
-0.030923346808422788
-0.031502972438809014
-0.03270760728614513
-0.03451060360265871
-0.036859823233620394
-0.03970581433834966
-0.042972132673607
-0.04659363199321018
-0.05047788415936649
-0.05455264006703857
-0.05871874824842298
-0.06290574901670479
-0.06701677789910325
-0.07099121001193255
-0.07474215699622458
-0.07822508071364108
-0.08136863669233911
-0.08414821849730171
-0.086511047388413
-0.08845367779059685
-0.08994235932398906
-0.09099361338862343
-0.09159097893436043
-0.09176784523310731
-0.09152172219640217
-0.09089857518245593
-0.0899057298679196
-0.08859699926581668
-0.08698524844411175
-0.0851276368120121
-0.08303874408892127
-0.08077528162803406
-0.078350536604695
-0.07581794424662086
-0.07318745990934934
-0.07050743601320897
-0.06778339472158779
-0.06505772081944847
-0.062331188491900884
-0.05964006150528962
-0.05698062823539123
-0.054383387642533774
-0.05184076579921659
-0.04937815373339566
-0.0469849131664115
-0.04468211456424668
-0.042456886322034704
-0.04032677425356042
-0.038277444345105924
-0.03632364629963138
-0.03445024335521965
-0.03266981190545779
-0.030966941577676193
-0.029352541067219233
-0.027811326993982238
-0.026352934268817622
-0.024962492714119214
-0.023648660135009613
-0.022397170871320968
-0.021215922874888413
-0.02009137179543463
-0.019030811206038546
-0.018021479004929356
-0.017070173704097632
-0.016164936305154483
-0.015312146266292312
-0.014500641031851788
-0.013736433712737738
-0.013009133590844773
-0.012324424306684123
-0.011672651442428744
-0.011059195591747655
-0.010475097130733135
-0.009925453319766667
-0.009401955247235742
-0.008909432370550018
-0.008440182070820689
-0.007998779000157065
-0.007578083487104093
-0.007182426886190144
-0.006805191040294617
-0.006450474654809949
-0.006112142018318848
-0.005794069338002539
-0.005490566841497616
-0.005205298082640294
-0.004932985320008935
-0.00467708908074636
-0.004432712283298895
-0.004203121864172987
-0.003983772449879764
-0.00377774662730947
-0.0035808240523893635
-0.0033959119885373823
-0.003219090556791767
-0.003053100484048229
-0.0028942997477082698
-0.0027452710620088265
-0.0026026294521953527
-0.0024688078601780416
-0.0023406592049003516
-0.0022204745970258403
-0.002105327212479996
-0.0019973739618245672
-0.0018938920323893639
-0.0017969114487942897
-0.0017038984396344956
-0.0016167631387311355
-0.0015331470144725166
-0.0014548469866667284
-0.0013796670338011496
-0.0013092972234594288
-0.0012416922972011766
-0.0011784415234749263
-0.0011176395616611173
-0.0010607806322257252
-0.0010060892952184382
-0.0009549701813212025
-0.0009057684943101897
-0.0008598044497240401
-0.0008155353373287414
-0.000774201858551767
-0.0007343654741548315
-0.0006971920095133067
-0.0006613397727354783
-0.0006279040992346418
-0.0005956333652175858
-0.0005655565610226355
-0.0005365058527862133
-0.0005094478002378779
-0.0004832925436713041
-0.0004589479068363105
-0.0004353966142574791
-0.00041349123928927675
-0.00039228209379569163
-0.00037256978710936234
-0.00035346758434487196
-0.00033572722854158027
-0.00031852063859275564
-0.0003025536095688878
-0.00028705272420336073
-0.00027268057825791266
-0.00025871471394001394
-0.0002457771152710689
-0.00023319284420322473
-0.00022154570833303626
-0.0002102050941664333
-0.00019971892380541578
-0.00018949793987682676
-0.00018005633376016528
-0.0001708434448248627
-0.00016234176012401019
-0.00015403665087763385
-0.00014638080401598472
-0.00013889323822714243
-0.0001319986298105826
-0.000125247427089953
-0.0001190379769770211
-0.00011295009465546826
-0.00010735737647235387
-0.0001018670854483544
-0.00009682955001147642
-0.00009187769520326066
-0.00008733997342484312
-0.00008287331014173284
-0.00007878558755765203
-0.00007475618479022884
-0.00007107363945740721
-0.00006743834502190861
-0.00006412064349302684
-0.00006084060299632792
-0.00005785144713433522
-0.000054891671985843225
-0.000052198392390084574
-0.000049527371756869214
-0.000047100562259462
-0.00004468991450148869
-0.00004250310360535642
-0.000040327262757326295
-0.00003835661899757711
-0.000036392552904806025
-0.00003461661932631514
-0.00003284357693415278
-0.00003124303339186129
-0.000029642316545302467
-0.00002819976471042621
-0.000026754523712455633
-0.00002545429526196976
-0.000024149344663229718
-0.000022977327613524224
-0.000021798980852377577
-0.000020742464333780304
-0.0000196783844635994
-0.000018725918306030943
-0.000017764983982581607
-0.000016906252833445112
-0.000016038438175450257
-0.00001526414850770743
-0.000014480414068311631
-0.000013782191780767907
-0.000013074387618637863
-0.000012444686867388858
-0.00001180546376367848
-0.00001123748407985645
-0.000010660215040701208
-0.000010147827154923754
-9.62653609122378e-6
-9.164215145355774e-6
-8.693512753320063e-6
-8.276278170620439e-6
-7.85130403503983e-6
-7.474665194694894e-6
-7.091036130193076e-6
-6.750943621309634e-6
-6.404706558767198e-6
-6.0975084674633075e-6
-5.785098471779415e-6
-5.50750077398561e-6
-5.225703115712358e-6
-4.974733852734621e-6
-4.720649749320404e-6
-4.493627205723213e-6
-4.264642721273583e-6
-4.059146490594197e-6
-3.852905542172518e-6
-3.666749991564099e-6
-3.481128633784156e-6
-3.3123400943078177e-6
-3.1454243359247036e-6
-2.9922198206425624e-6
-2.8422851634479605e-6
-2.7030529975578513e-6
-2.5685464333936796e-6
-2.4418291385892966e-6
-2.321352537887952e-6
-2.20583189424971e-6
-2.0981268357050693e-6
-1.992609024782055e-6
-1.8965442784342228e-6
-1.7999477323689966e-6
-1.714506439761903e-6
-1.6258504396272106e-6
-1.5501196599751505e-6
-1.4685139836033932e-6
-1.4016750488777739e-6
-1.3263105834263929e-6
-1.2676302336325392e-6
-1.1977707902540562e-6
-1.1465930382816852e-6
-1.0815675184383578e-6
-1.0373069866603487e-6
-9.765027799158138e-7
-9.3863811376575e-7
-8.814944246175245e-7
-8.495626984187859e-7
-7.955655872108687e-7
-7.691569091003655e-7
-7.178336551622073e-7
-6.965869585494727e-7
-6.475016514720016e-7
-6.311000277202253e-7
-5.838491913421545e-7
-5.720169407181667e-7
-5.262258894500286e-7
-5.187243750840941e-7
-4.7404345866623787e-7
-4.706690463072e-7
-4.267708362991535e-7
-4.2735162410477674e-7
-3.8392770005227775e-7
-3.883214932321594e-7
-3.450796847615543e-7
-3.5317206625306026e-7
-3.098343362276265e-7
-3.215365275095061e-7
-2.7783633237381987e-7
-2.930841747032419e-7
-2.487648154807948e-7
-2.675167797928393e-7
-2.2232858024469434e-7
-2.445651958679683e-7
-1.9826486765857587e-7
-2.2398718594524966e-7
-1.7633493335319587e-7
-2.0556421207561974e-7
-1.563230604548366e-7
-1.8909963996879974e-7
-1.3803329585981673e-7
-1.7441636657783227e-7
-1.212882449607462e-7
-1.6135513114637235e-7
-1.0592658696991805e-7
-1.4977280772621899e-7
-9.180203047925399e-8
-1.3954092812223363e-7
-7.878128851171167e-8
-1.3054399913594662e-7
-6.674323546108347e-8
-1.226785802576696e-7
-5.557726259512813e-8
-1.1585230905632963e-7
-4.518253609664983e-8
-1.0998253183500739e-7
-3.546697671833447e-8
-1.0499581051522013e-7
-2.634628367069157e-8
-1.0082649398164956e-7
-1.774245376937862e-8
-9.741344490445153e-8
-9.557024916778109e-9
-9.448833976400365e-8
-0.00013729041466494199
-0.0005412609584958674
-0.0012034302680023544
-0.002096632872323708
-0.0032006608361353816
-0.00446773593825576
-0.005868749056573026
-0.007338995950298811
-0.008843810917755608
-0.01030676001391565
-0.011692840167719574
-0.012920743105050578
-0.013961971850321928
-0.01473845546619677
-0.015235972933493826
-0.015388159673928386
-0.015202630081429983
-0.014632271190203971
-0.013712488597024395
-0.012420638813930178
-0.010822921339586117
-0.00892285563180178
-0.0068165037932532355
-0.004531029408142732
-0.002187134024718051
0.00017109155728430007
0.002407438656300261
0.0044710503177779375
0.0062221721110118505
0.0076154116329622545
0.008520667418282316
0.008910557942799279
0.008677248115454048
0.007822402235609136
0.006270740766931704
0.004060906233507503
0.0011567705382551047
-0.0023623194480061776
-0.006491233819486481
-0.011110871361739168
-0.01617736861361711
-0.021537318564437594
-0.027114821822009066
-0.0327314055735297
-0.038289119988678656
-0.043596433845864375
-0.04854554309486135
-0.05294553123087215
-0.05669209983856227
-0.059609292231241194
-0.06160995409026061
-0.06254728754476006
-0.062364474267464866
-0.06095721692147926
-0.058311086999624
-0.05437600238268934
-0.04918999869542461
-0.04276629373632025
-0.0352023495106823
-0.02657982117389937
-0.0170580194067783
-0.006786684266145737
0.0040166824558489165
0.015141587588747084
0.02632337071386865
0.03730611165646486
0.047796994344178986
0.05751806784496751
0.06617479249364629
0.07349740535157777
0.07922153014131411
0.08311987747105783
0.08499212236203114
0.08468764367294988
0.08210139410199925
0.0771884071129298
0.06996221300627295
0.060501962919815994
0.048950160169261896
0.03551349416295017
0.020457284671735552
0.004101470045853154
-0.0131898435672981
-0.031015397269760495
-0.048952500502202526
-0.06656487001522103
-0.08342272213096576
-0.09910911501072234
-0.11324242895169685
-0.12547907142689502
-0.13553568385501072
-0.14318664277634496
-0.14828319869575057
-0.15074515384379622
-0.15057457009203942
-0.14784219270757343
-0.14269424178898343
-0.13533535688698797
-0.12602808048898784
-0.11507505366332121
-0.10281183328974634
-0.08959154148570592
-0.07577238661207365
-0.061707834253457945
-0.04773048718361334
-0.03415012952101858
-0.021235465762864062
-0.009221265689936772
0.001711002257848164
0.011416962455561104
0.019809342241450378
0.026833863057812726
0.03248991619504375
0.036800493491735954
0.03983381665175106
0.04166958108939575
0.04242184217372591
0.04220376574416975
0.04115189388398995
0.03939121926030007
0.037060678810655896
0.034279848777248025
0.0311752525446413
0.02784944687347055
0.024407554660521268
0.020929073437840583
0.01749398531485049
0.01415730722479743
0.010974179708105831
0.007976993462769708
0.005198982974543887
0.002653679748157332
0.0003566960374426513
-0.0016927622879655767
-0.003492077228796754
-0.005051894608579898
-0.006378289786477109
-0.007487848541539763
-0.008391734012391973
-0.00910935568014386
-0.009654188388096948
-0.010046184933823745
-0.010299163245035131
-0.010432097026985632
-0.01045787652957839
-0.010393596163617678
-0.010250500200629379
-0.010043374505819224
-0.00978150432306787
-0.009477267634539233
-0.009137952828685686
-0.008773642529015111
-0.008389760883250167
-0.007994328389017485
-0.007591129587022194
-0.007186411203107756
-0.006782579998985252
-0.006384408477254413
-0.005993189033237837
-0.005612503670964347
-0.005242774359594587
-0.00488664584965667
-0.004543883438962496
-0.0042164112068592
-0.0039035175476939085
-0.0036065850467717955
-0.003324571461164824
-0.0030584620946736327
-0.002806999726705842
-0.0025708856984485
-0.002348736891943822
-0.002141057781621167
-0.0019464061928371958
-0.00176515524986625
-0.0015958524985521213
-0.0014387879121196118
-0.0012925332208270819
-0.0011573298503892789
-0.0010317970844072103
-0.0009161519395092703
-0.0008090761983156129
-0.0007107787000913853
-0.000620012410743139
-0.0005369883632955521
-0.00046053483583976314
-0.00039087116910731376
-0.00032690185458313944
-0.0002688576306979737
-0.00021571788705057165
-0.00016772576291200714
-0.00012393276941904965
-0.00008459406153550557
-0.000048829594429535254
-0.000016905275654416226
0.000011994671215150608
0.000037595355843468774
0.00006065267414043381
0.0000808847706107312
0.00009899206311011134
0.0001146878179900449
0.00012862126014503766
0.00014050281359112167
0.0001509345960664267
0.000159626099454531
0.00016713617207264397
0.00017317511352583892
0.00017826206676754236
0.0001821096886896253
0.00018520070080607005
0.00018725146829299587
0.00018871129827474381
0.00018930142065978243
0.0001894404707653068
0.00018885551454700037
0.0001879370071138612
0.000186418651413854
0.00018466498324650547
0.00018241698576598506
0.0001800153232902401
0.0001772087651133836
0.00017431595574765417
0.00017109383173730212
0.00016784069619847235
0.0001643219265575659
0.00016081700060698034
0.00015709991809805657
0.00015343270585962547
0.00014959808593763494
0.0001458418796037404
0.00014195556394272195
0.00013816988460314125
0.0001342850487784841
0.00013051775271122497
0.0001266768614893956
0.000122965956197843
0.0001192024476032493
0.00011557765192014304
0.00011191738385563145
0.00010840146880972918
0.00010486395752244353
0.00010147389328616738
0.00009807337662134579
0.00009482131484005793
0.00009156765640275143
0.00008846176607473589
0.00008536122878189557
0.00008240640962287327
0.00007946231178813613
0.00007666080033876985
0.00007387407275930321
0.00007122595244053407
0.00006859560946523866
0.0000660992462811464
0.00006362278309696121
0.00006127518824790328
0.000058948914426712484
0.000056746051562434174
0.000054565371181299974
0.00005250241268084396
0.00005046205719483601
0.00004853359598002195
0.00004662781860928895
0.00004482804527924712
0.00004305077985164608
0.00004137362701619284
0.00003971862079079854
0.00003815788298183866
0.00003661880278689322
0.000035168232097105125
0.000033738750120965086
0.00003239213362918032
0.00003106599557852837
0.000029817215888020666
0.0000285882968693384
0.000027431382084040912
0.000026293726380165558
0.000025222885074133222
0.000024170740124698684
0.00002318038787365895
0.00002220822573485868
0.000021293006224029122
0.00002039553897404938
0.00001955033572632171
0.000018722527781158974
0.000017942471928876886
0.00001717954284973308
0.000016460017495114578
0.000015757444016891202
0.000015094083282702784
0.000014447599213943227
0.000013836285408114271
0.000013241875827833153
0.000012678734684378441
0.00001213263058675214
0.00001161402339685657
0.000011112694797393752
0.000010635211541787506
0.000010175358261240803
9.735808544269925e-6
9.31435093605352e-6
8.909753440728551e-6
8.523822858685767e-6
8.151397362669225e-6
7.798324894679222e-6
7.455479103940476e-6
7.132787011603353e-6
6.81710817694458e-6
6.522499503820227e-6
6.231743093829147e-6
5.963090624844851e-6
5.6951718255985566e-6
5.4505081761205275e-6
5.203490001311972e-6
4.980998518572643e-6
4.753083732439532e-6
4.551089139904312e-6
4.3406104105543075e-6
4.157570579338492e-6
3.962981567844221e-6
3.7974777399751563e-6
3.6173436187081226e-6
3.4680730118022862e-6
3.301064531407101e-6
3.166834255798939e-6
3.0117171926036766e-6
2.891433029820917e-6
2.7470642150533633e-6
2.6397281861124803e-6
2.5050457475761956e-6
2.409747135378537e-6
2.283766352387736e-6
2.1996753201832214e-6
2.0814798752173493e-6
2.0078448170539182e-6
1.8965835717348566e-6
1.832722828896257e-6
1.7276025112469305e-6
1.6729013734967091e-6
1.573182424333661e-6
1.5270875651334524e-6
1.4320787577660987e-6
1.3940960628199942e-6
1.3031515279191778e-6
1.2728389606068995e-6
1.1853507453220352e-6
1.162318637276299e-6
1.0777168573113421e-6
1.0616215768954854e-6
9.793682814626726e-7
9.69910681984652e-7
8.894955500754434e-7
8.86419503029841e-7
8.073593172423542e-7
8.104465473157818e-7
7.322796561355798e-7
7.413507079168298e-7
6.636364183592237e-7
6.785450583872914e-7
6.008580649821818e-7
6.214928343125317e-7
5.434239334578488e-7
5.697045424815663e-7
4.908557883955703e-7
5.227327453463058e-7
4.427158693776352e-7
4.801688106025966e-7
3.9860333230120476e-7
4.4164077345281405e-7
3.581510611066081e-7
4.068084521376358e-7
3.210230146669203e-7
3.7536245644835133e-7
2.8691067680797275e-7
3.470205462930417e-7
2.555319200632966e-7
3.2152648605031223e-7
2.266283743715638e-7
2.98646500554289e-7
1.9996223580138235e-7
2.7816889390266836e-7
1.7531632900293397e-7
2.599013412599179e-7
1.5249087439893804e-7
2.436693494456196e-7
1.3130318526862322e-7
2.2931474672442524e-7
1.115844890585515e-7
2.1669494758034075e-7
9.317929440617378e-8
2.056803608596443e-7
7.594583093642517e-8
1.9615516025176392e-7
5.975157864369641e-8
1.8801417852744415e-7
4.4475730432817545e-8
1.811642127197821e-7
3.000484254338954e-8
1.7551581754738881e-7
1.6188555153654027e-8
1.7062567702329926e-7
-0.00011388846607277104
-0.0004498128280936936
-0.0010099524775830883
-0.0017748489231628286
-0.0027466655771424034
-0.0038923755501780867
-0.005212677662523584
-0.006661683587581402
-0.008237906521704546
-0.009883624238868587
-0.011595516157019597
-0.013305997117122442
-0.015011570893379143
-0.016637955204491576
-0.018184410876924836
-0.01957416930578378
-0.020813066681866794
-0.02182657923107437
-0.022631131711994643
-0.023158926340147278
-0.02344035226944967
-0.02341775129401613
-0.02313744869723947
-0.022553617023376618
-0.02172857464289905
-0.020627965044997452
-0.019328109638879352
-0.017803787558654624
-0.016141559858478274
-0.014321489118247342
-0.012435451672003621
-0.010464159446751808
-0.008499531053720973
-0.006518361903601633
-0.004607830078821603
-0.0027371066463190426
-0.0009850350294280782
0.0006891076959451183
0.002216783143925562
0.003649160054733429
0.0049282337512292175
0.00611448877288927
0.007159117092399343
0.008129401125982124
0.008983210263814427
0.009791164323252544
0.01051458292892556
0.011223500529402684
0.011879211066170133
0.012547208032613043
0.01318542035829013
0.013851162409752385
0.01449610876675403
0.015166373391233607
0.015805226532485436
0.01644548331545079
0.017020919798978407
0.017550230907894693
0.017958039557624088
0.018249766007507082
0.018343025855399115
0.01823282074903503
0.01783397574812603
0.017136105021244054
0.016057547015105707
0.014589579479839385
0.012662087056077286
0.010276508927644593
0.007383244064264626
0.004002828507774458
0.00011487972957924548
-0.004232964761740004
-0.009024910835422405
-0.014180708372472805
-0.019644737967046074
-0.02530264375589458
-0.031060031578697498
-0.03677217786589317
-0.04231259812493317
-0.047515789080656616
-0.05223570276375065
-0.05630126635671831
-0.05956450486561748
-0.061868366085252854
-0.06308392031802162
-0.06308982966610402
-0.06179778217808472
-0.05914282631999447
-0.05509604525662263
-0.04966496833604603
-0.04289252893255633
-0.03486688888203967
-0.025705993666288545
-0.015576396260996531
-0.004663223898718756
0.006802081964244546
0.018585900691533153
0.03041553451921764
0.04203622320247125
0.053164632875574935
0.06355686628916042
0.0729518816589351
0.081148156684359
0.08793685017894225
0.09318461000355023
0.09675682304076089
0.09860419272489639
0.09867713461530424
0.09701412492148367
0.09364904555989141
0.08869980075054916
0.08227103218412403
0.0745419795921021
0.06566733636284817
0.055863683200111015
0.045311267868011554
0.03423851927683814
0.022827226894374143
0.01129466248836841
-0.00019590802556840016
-0.011456041685464246
-0.02235499374567871
-0.03274410650743222
-0.042532429573657486
-0.051615345986102804
-0.059942828589781345
-0.0674529146480578
-0.074132872450589
-0.07995799595007666
-0.08494618603695181
-0.08910233918942234
-0.09246695157654498
-0.09506615800582106
-0.09695498261972672
-0.09817288161209198
-0.09878222915025922
-0.0988290537266268
-0.09837729102976184
-0.09747429072681393
-0.09618130768898077
-0.09454329361323453
-0.09261604345298148
-0.09043976734242284
-0.08806326306449165
-0.0855207775258433
-0.08285353791748648
-0.08008944735475382
-0.0772622750137746
-0.07439377779437319
-0.0715108211043186
-0.06862957006929862
-0.06577078628849865
-0.0629457831155805
-0.060170118774608816
-0.05745105747283561
-0.054799855481781144
-0.05222051174613074
-0.04972082094036738
-0.04730223332947604
-0.04496982761444172
-0.04272313021360769
-0.04056514114751178
-0.03849398817147658
-0.03651112119483256
-0.034613697460507825
-0.03280204413099879
-0.031072687683393677
-0.029425170332651546
-0.027855650629839263
-0.02636314726077679
-0.02494364907512459
-0.023595849367289534
-0.02231571272909478
-0.021101754010710662
-0.019950016884784653
-0.018858944140370534
-0.01782472899109571
-0.0168458169943282
-0.015918596203710392
-0.015041565653941467
-0.014211334664023518
-0.013426488337325909
-0.012683869826397666
-0.011982169528749169
-0.011318467069854826
-0.010691567702530652
-0.010098783260799308
-0.00953903659435082
-0.009009862865037216
-0.008510300586519193
-0.008038096465982697
-0.0075923996762165226
-0.007171155030569219
-0.006773615463086374
-0.006397909697018039
-0.006043386485120256
-0.005708344139459928
-0.005392218841484219
-0.005093464475332376
-0.004811596233253932
-0.004545210138095146
-0.004293892220988019
-0.004056367966842414
-0.0038322864971128737
-0.0036204909294968485
-0.0034206862533439626
-0.003231822280456709
-0.0030536532210341024
-0.0028852255274478904
-0.002726336580782533
-0.0025761202862266902
-0.002434411727018951
-0.002300423895720958
-0.002174024671940114
-0.0020544985403845666
-0.0019417417999795065
-0.001835103550204037
-0.0017345046213341111
-0.0016393525090670877
-0.0015495891358735911
-0.0014646747788705542
-0.0013845694220774606
-0.0013087810594001165
-0.0012372850723357234
-0.0011696326060738132
-0.001105812105112718
-0.001045413751301884
-0.0009884370134910655
-0.0009345074022323403
-0.0008836336346658315
-0.0008354732084574649
-0.0007900425461158054
-0.0007470281191865663
-0.0007064527198412157
-0.0006680290760376277
-0.0006317851961445376
-0.0005974576123258995
-0.0005650785581674467
-0.000534406156683471
-0.0005054760126632263
-0.00047806584234723456
-0.0004522138945071504
-0.0004277156713983032
-0.000404611445614884
-0.00038271287417797334
-0.00036206172737191764
-0.000342484337800468
-0.0003240235319866841
-0.00030651897833797637
-0.000290014191251277
-0.000274360959093234
-0.0002596031800496813
-0.0002456036586504794
-0.00023240642537310777
-0.00021988429911155833
-0.00020808124256956235
-0.00019687917336444428
-0.00018632182858952128
-0.00017629939146124906
-0.0001668552529483816
-0.00015788710049859615
-0.00014943788748618064
-0.00014141211308282692
-0.00013385223088783511
-0.00012666891250206471
-0.00011990407447215014
-0.00011347397776862182
-0.0001074199869573876
-0.00010166341194142928
-0.00009624506855213455
-0.00009109082098205945
-0.00008624095233845656
-0.00008162542255092421
-0.00007728401903398961
-0.0000731503722218728
-0.00006926381657397568
-0.00006556126059913149
-0.00006208164021928597
-0.00005876477513058311
-0.00005564927187186008
-0.000052677515870256496
-0.00004988785813166662
-0.00004722492753845915
-0.00004472690359006044
-0.00004234035486265349
-0.00004010338065804554
-0.00003796420066287147
-0.00003596092968008987
-0.00003404316729681108
-0.00003224914783432166
-0.00003052958811447349
-0.000028922953294983607
-0.000027380826865644224
-0.000025942019585408975
-0.000024558742295696685
-0.000023270271536535775
-0.00002202920883459951
-0.00002087542889979993
-0.000019761694335907115
-0.0000187286083295783
-0.000017728874069634976
-0.00001680396210137435
-0.00001590629479697211
-0.000015078354093902612
-0.000014272066348685804
-0.000013531075255040262
-0.000012806593784831411
-0.000012143587112870406
-0.000011492335892879774
-0.000010899292765811018
-0.0000103135859641925
-9.783330736741087e-6
-9.256279676628145e-6
-8.782391890725852e-6
-8.307820485624541e-6
-7.884559018925415e-6
-7.456927942636976e-6
-7.079155832688389e-6
-6.693496660104604e-6
-6.3566215883798835e-6
-6.008474007926355e-6
-5.708389776801475e-6
-5.393750025354051e-6
-5.126787787677422e-6
-4.842059010246593e-6
-4.604939550978802e-6
-4.346888349455424e-6
-4.136683796323989e-6
-3.902402639595853e-6
-3.7164990575659033e-6
-3.503371526786849e-6
-3.3394372189171366e-6
-3.1451071902576282e-6
-3.0010646739072485e-6
-2.823407289562449e-6
-2.6974059609767067e-6
-2.5345026434522715e-6
-2.4248974314776334e-6
-2.2750162097860106e-6
-2.1803450640758134e-6
-2.041916944966721e-6
-1.9608862691471053e-6
-1.83248916526803e-6
-1.7639525899591418e-6
-1.644294796486791e-6
-1.5872431100919521e-6
-1.4751488408155648e-6
-1.4286942697757524e-6
-1.3230895609816194e-6
-1.2864539888574138e-6
-1.186356345734865e-6
-1.1588635409745297e-6
-1.0633706693578152e-6
-1.04443514765645e-6
-9.527156191292654e-7
-9.418346732024504e-7
-8.531177247074448e-7
-8.498657756271946e-7
-7.634345538654572e-7
-7.674561155571135e-7
-6.826404703722167e-7
-6.936436161941316e-7
-6.098144937232289e-7
-6.275671186405356e-7
-5.441277915810035e-7
-5.684531513210235e-7
-4.848372021925628e-7
-5.156095764900868e-7
-4.312741122692797e-7
-4.684157280053562e-7
-3.828358610903223e-7
-4.263156781751831e-7
-3.3898254825721004e-7
-3.888119920902881e-7
-2.9922701545925e-7
-3.554594625538396e-7
-2.6313052190883283e-7
-3.2585933755222457e-7
-2.302977145684174e-7
-2.996548086435962e-7
-2.0037149709075454e-7
-2.765276782849101e-7
-1.730312606632596e-7
-2.5619318711701637e-7
-1.4798599372158675e-7
-2.3839936819159922e-7
-1.2497344378890244e-7
-2.2291895795440934e-7
-1.0375456423958071e-7
-2.0955162496906285e-7
-8.411492495211715e-8
-1.9812023710590007e-7
-6.58578132040719e-8
-1.884663612840946e-7
-4.880624058467643e-8
-1.8045069335485408e-7
-3.279434922467085e-8
-1.7394375754491107e-7
-1.7625397364827326e-8
-1.6844238530760328e-7