0.0002581223559307278
0.0010324363512939077
0.002321853179554975
0.004125084902515825
0.006439993803554723
0.009264020106902575
0.012593854908713818
0.01642566714325859
0.0207548911966322
0.025576368292889538
0.030884191960694085
0.03667180146408107
0.042931864434097036
0.04965634056066758
0.056836392551445236
0.06446243114671536
0.0725240502891879
0.08101006112147188
0.08990844912862916
0.09920640267309652
0.10889029036030987
0.11894568801914152
0.129357374293475
0.1401093585159254
0.1511848919318636
0.16256649760142786
0.17423599399248624
0.1861745269342661
0.19836260177902365
0.21078011659744192
0.22340639885457053
0.23622023854871643
0.24919992546976963
0.26232328087641454
0.2755676919433656
0.2889101408422956
0.30232723391989036
0.3157952276423383
0.3292900512985008
0.3427873300793434
0.35626240153183936
0.3696903369209238
0.3830459530904606
0.396303834021921
0.4094383410003662
0.42242363678282463
0.4352336978643047
0.4478423437974645
0.4602232558196841
0.4723500136029299
0.4841961245341286
0.4957350695770485
0.5069403471574454
0.5177855289909948
0.5282443219029559
0.5382906335241878
0.5478986545521451
0.5570429332171328
0.5656984795172852
0.5738408463511211
0.5814462561654578
0.5884916856679308
0.5949550141564006
0.6008151078140289
0.6060519878173785
0.6106469094517547
0.6145825470225131
0.6178430624873529
0.6204143033044013
0.6222838549948293
0.6234412473705462
0.6238779853689467
0.623587758547624
0.6225664445562904
0.6208123162536207
0.6183260121759311
0.6151107350481589
0.6111721835423274
0.6065187353805588
0.6011613346867384
0.5951136525576579
0.588391924714666
0.5810150827352
0.5730045379090167
0.5643842776657725
0.5551805938442665
0.5454221414213856
0.5351396128415048
0.5243657597879325
0.5131350194177383
0.5014835040449666
0.48944858933001734
0.47706888048948437
0.464383775763956
0.451433420223218
0.4382582593805418
0.4248989922118121
0.4113961292433479
0.3977899549926248
0.3841201024950264
0.3704255325625522
0.3567441333532393
0.3431127206226504
0.32956666765811915
0.3161399281093973
0.302864699330633
0.2897714681072563
0.27688870957721373
0.2642429562858665
0.2518585351453046
0.2397576611972396
0.22796021575830464
0.2164838671579097
0.2053438934041359
0.1945533321570646
0.18412285028552497
0.17406092401928877
0.16437375552070743
0.1550654816759643
0.1461381346848433
0.1375918749084133
0.1294249892299637
0.1216341405724622
0.11421439518375237
0.1071594795615863
0.10046182641505055
0.09411282916200275
0.0881028963002861
0.08242169437380749
0.07705820168661766
0.07200093237483561
0.06723798242023388
0.06275722976906498
0.058546367979663415
0.05459307974344446
0.05088505581568108
0.04741014146240344
0.04415634028319291
0.041111934815138265
0.038265476313537355
0.03560588191204014
0.033122412357071376
0.030804748777638176
0.02864296083156001
0.02662756636746631
0.024749492538149183
0.0230001215543806
0.021371247166020825
0.019855109423920585
0.018444348625415156
0.017132031610927075
0.015911604898796134
0.014776914618109142
0.013722160176568285
0.01274190951826875
0.011831054314238958
0.010984821861515942
0.01019873247880439
0.009468609044616886
0.00879053702766451
0.00816087240025547
0.007576204534047511
0.007033363017314838
0.006529383496515376
0.006061513766101638
0.0056271825277922
0.0052240050016849286
0.004849754500443735
0.004502367722892153
0.004179918992211638
0.0038806253309377286
0.0036028231842728004
0.0033449733324571436
0.0031056399070567694
0.002883495168075992
0.002677300618280762
0.002485911654230498
0.002308260587992364
0.0021433611704496313
0.0019902933386230525
0.0018482076038732235
0.001716311354620392
0.0015938730996955786
0.0014802101692080213
0.0013746928031021597
0.0012767331063381316
0.001185788973807645
0.0011013541692575985
0.0010229620795088976
0.0009501767992642747
0.0008825967096702281
0.0008198464630760469
0.0007615803831133472
0.000707475254491836
0.0006572335437921434
0.0006105769094476377
0.0005672492442639289
0.0005270108298521415
0.0004896412034561122
0.00045493388931154685
0.0004226990936719174
0.0003927589529208487
0.00036495006174530137
0.00033911918439379665
0.0003151256217676562
0.0002928373380699192
0.00027213317319572136
0.0002528993422148167
0.0002350314998744949
0.00021843157497683803
0.00020300969407502565
0.00018868131690694023
0.00017536902650747022
0.00016299993549436336
0.00015150734984608236
0.00014082841906365757
0.00013090568080667363
0.00012168493081585326
0.00011311665546855041
0.00010515409988937133
0.00009775459530140167
0.00009087780600999367
0.00008448695819837865
0.00007854724847614198
0.00007302698050973019
0.00006789611961629628
0.00006312734333489214
0.00005869472813700612
0.00005457471975318814
0.000050744939490238956
0.000047185079823068534
0.00004387581907328514
0.000040799647474014115
0.00003793988009500712
0.00003528141828401466
0.00003280985173400038
0.000030512159909168337
0.00002837589504990372
0.000026389827901454313
0.000024543204267541052
0.000022826339074369186
0.000021229939808360657
0.00001974565267975587
0.00001836544693355762
0.000017082116613235053
0.00001588872032290561
0.000014779041845414558
0.000013747080456719789
0.000012787473418973934
0.000011895032426280635
0.000011065130765996979
0.000010293281903222385
9.575493895545156e-6
8.907886509877496e-6
8.287015272240296e-6
7.70952386660223e-6
7.172440009815773e-6
6.672860197503498e-6
6.208219419035545e-6
5.776005605023548e-6
5.374005027545068e-6
5.000044065652807e-6
4.652211978116877e-6
4.3286278436960974e-6
4.027642244778497e-6
3.7476274551129113e-6
3.487159434718921e-6
3.2448295376955955e-6
3.0194080826852744e-6
2.809676040343522e-6
2.6145713184242088e-6
2.4330390548610364e-6
2.2641616407847934e-6
2.1070263998425586e-6
1.960840257966787e-6
1.8248137366238319e-6
1.698261072439374e-6
1.5804995822512826e-6
1.4709359372555363e-6
1.3689800831561408e-6
1.2741182718735842e-6
1.18584084344303e-6
1.1037025228607375e-6
1.0272634789377412e-6
9.561373058739992e-7
8.899448813074862e-7
8.283503600426918e-7
7.710274574790014e-7
7.17683699372007e-7
6.680388498429502e-7
6.218375752419785e-7
5.788398364684396e-7
5.388220405976579e-7
5.015793050971902e-7
4.669150881109244e-7
4.3465532930863493e-7
4.046264627868193e-7
3.766815264620795e-7
3.506663794131275e-7
3.264579669128423e-7
3.039184740976122e-7
2.8294602513649063e-7
2.634164195261824e-7
2.452466348718147e-7
2.2832370198896594e-7
2.1258148048247186e-7
1.9791613174768952e-7
1.8427673464631387e-7
1.7156672008567538e-7
1.5974899364442906e-7
1.4873259522471106e-7
1.3849310661219704e-7
1.2894368680566004e-7
1.2007165352379861e-7
1.1179293688838673e-7
1.0410583955118123e-7
9.692782904815972e-8
9.026761593246037e-8
8.404306338376401e-8
7.827286428169851e-8
7.28742137156033e-8
6.787550051379325e-8
6.319224239349937e-8
5.886236808755138e-8
5.479875108074418e-8
5.104882322460692e-8
4.752187262075234e-8
4.4274910520119935e-8
4.121271324695759e-8
3.8402054308509344e-8
3.5742274312742145e-8
3.331019521363294e-8
3.099878677140365e-8
2.8895309508211213e-8
2.688540532736403e-8
2.506726260257082e-8
2.3318209685495752e-8
2.1747951512943835e-8
2.0224475714913707e-8
1.8869694617958414e-8
1.7541176746318944e-8
1.6373838805655798e-8
1.5213689091903693e-8
1.4209553249492125e-8
1.319466728160074e-8
1.2332783592450141e-8
1.1443072161326921e-8
1.0705348013357831e-8
9.923327589574807e-9
9.294152177034397e-9
8.604592241909275e-9
8.070511682500933e-9
7.46012690339171e-9
7.009563443706291e-9
6.466746772314496e-9
6.0897560295353145e-9
5.604347265870375e-9
5.292409128785427e-9
4.855492847571395e-9
4.601330531928565e-9
4.205061574807995e-9
4.002485875648958e-9
3.6399361041046163e-9
3.4837108591519424e-9
3.14873623251706e-9
3.034463592859542e-9
2.7215872429779114e-9
2.645608314732593e-9
2.3499181721012104e-9
2.3092289951169593e-9
2.0262892690058835e-9
2.0184682278943523e-9
1.7442397253143062e-9
1.7673866253033674e-9
1.4981575164640531e-9
1.5508415290383136e-9
1.2831651034994992e-9
1.3643820262688235e-9
1.0950212149405453e-9
1.204158013718352e-9
9.300357325894763e-10
1.066841021922627e-9
7.849952739234691e-10
9.495565335563754e-10
6.570990304752074e-10
8.498246350676656e-10
5.439031388865582e-10
7.655079863791266e-10
4.4327071494715215e-10
6.947689719465367e-10
3.533308833370352e-10
6.360303121376445e-10
2.7244164373816263e-10
5.879429191876422e-10
1.9915805439260568e-10
5.493558377120453e-10
1.3220079343172123e-10
5.192700016828595e-10
7.024551430092652e-11
4.953237626376724e-10
-0.0002786805372246963
-0.001114688282335832
-0.002507309284250487
-0.0044557007987001285
-0.006958450898882903
-0.010013873277138489
-0.013619758902820208
-0.017773563418718868
-0.02247220480626787
-0.02771222797268799
-0.03348960061982536
-0.039799883170596934
-0.0466379955065233
-0.0539984008509876
-0.061874820493914025
-0.07026042948384967
-0.0791474980376566
-0.08852759123737416
-0.09839111888299447
-0.10872753052210057
-0.11952476169024105
-0.1307694192724129
-0.14244612146978544
-0.15453767580160727
-0.16702432172081563
-0.1798839129710791
-0.19309108384857068
-0.20661745722384225
-0.2204307660727751
-0.23449511634817585
-0.24877010280187023
-0.2632111604914367
-0.27776871682159665
-0.2923886658809783
-0.30701159653082183
-0.3215734198758711
-0.3360047064705789
-0.3502314897628259
-0.3641747352226316
-0.3777513329776704
-0.39087370962360496
-0.40345101328908156
-0.41538886695357446
-0.42659074052073587
-0.4369578341734823
-0.4463906256951059
-0.45478886431583626
-0.46205327732177126
-0.46808564827581045
-0.4727906633771737
-0.47607604097789863
-0.4778544927983538
-0.47804386201768573
-0.47656916513136854
-0.4733626822270449
-0.4683660314961248
-0.4615301386132121
-0.4528172800283045
-0.44220084267511267
-0.4296672594353918
-0.4152154620848331
-0.398858629487119
-0.38062324232521133
-0.3605505772139062
-0.33869529517720903
-0.31512664442968397
-0.2899265542854868
-0.2631905514348026
-0.23502537952692404
-0.20554967855660974
-0.17489119605327108
-0.1431873145091689
-0.11058195104132647
-0.07722603372308251
-0.04327419552221947
-0.008885293734929864
0.025781008102077552
0.0605636070971891
0.09530342106069548
0.1298425989156287
0.16402797344524894
0.1977100898462208
0.23074660722869358
0.2630011179911559
0.29434644027837953
0.32466318193785604
0.3538428418740946
0.38178605105204977
0.4084053849842151
0.4336232117747432
0.45737413145842937
0.4796023945792172
0.5002639375439522
0.5193234069176045
0.5367558455731879
0.5525434498859472
0.5666770523396112
0.5791528176766308
0.589973727202135
0.5991464502499455
0.6066830336079805
0.6125981456594762
0.6169111026833094
0.6196435802875669
0.6208219863159673
0.6204755995796633
0.6186391677126543
0.6153513126318838
0.6106571367723183
0.6046066691610963
0.5972572368368916
0.5886717345080698
0.5789205652698595
0.5680795922856288
0.5562315534568572
0.5434636651286132
0.5298685328050187
0.515541486229463
0.5005811060609903
0.48508644546102697
0.4691573469654559
0.4528917329322869
0.43638589176625203
0.4197320008700769
0.40301852657368314
0.3863280935007853
0.36973808606313646
0.35331891661827375
0.3371348567983215
0.321242700108424
0.3056928023525331
0.2905280926682843
0.27578527062924096
0.26149409654819655
0.24767867902376817
0.23435696888930768
0.22154207158144665
0.20924187480419898
0.197460330043036
0.18619715665025463
0.17544905118568696
0.1652094257469352
0.15546951879200832
0.14621814002016628
0.13744266954145448
0.12912879371787186
0.12126138986416406
0.11382424653875717
0.10680083817309204
0.10017402943509747
0.09392674861685762
0.08804167934513799
0.08250184378265304
0.07729028673185616
0.07239058034156726
0.0677865061269796
0.06346249247669027
0.059403299783919325
0.055594401056744895
0.0520216745955359
0.04867173674127909
0.04553164560069153
0.042589193635743434
0.0398326249955136
0.037250894382741595
0.034833399693385864
0.03257021246233292
0.030451826782002634
0.02846936565457445
0.02661434657340407
0.024878867296387473
0.023255388021420763
0.0217368994313752
0.020316721062449476
0.0189886539375476
0.01774679449486893
0.016585673701795253
0.015500085759155638
0.014485215253778242
0.013536479765210784
0.012649646351421741
0.011820687143039023
0.011045886250939073
0.01032170742517491
0.009644892310402577
0.009012339263420172
0.008421193754207244
0.0078687374690027
0.007352471551604097
0.006870015162274436
0.006419182171394774
0.0059978883943477244
0.005604222281217428
0.005236360099578704
0.004892631108709162
0.004571440015049087
0.004271327071272326
0.003990897181258998
0.0037288753243700035
0.0034840417363686616
0.0032552830239934547
0.0030415328961083074
0.0028418193022796217
0.002655210232925295
0.0024808571887352396
0.002317945609497371
0.002165734956505065
0.002023513368272495
0.0018906346157534857
0.0017664766184150877
0.0016504755120332491
0.0015420876905583494
0.0014408212076049887
0.0013462010397197483
0.0012577980259596525
0.001175197074364462
0.0010980238284526054
0.0010259155637854945
0.0009585457560239331
0.0008955974363665974
0.0008367858228252155
0.000781833923595834
0.0007304933809818235
0.0006825221306254496
0.0006377035958962837
0.0005958262279765847
0.00055670117754397
0.0005201435567266252
0.00048598870521407645
0.00045407502865708774
0.0004242589673108371
0.0003963992786932757
0.0003703708085072216
0.00034605009630654573
0.0003233280412762946
0.0003020967201270719
0.0002822610331128855
0.00026372663331331644
0.0002464106312965729
0.00023023054374991407
0.00021511412903118895
0.00020098927101946598
0.00018779301256598624
0.00017546229818807168
0.0001639422658487896
0.0001531777787876701
0.00014312103248087838
0.0001337238118518448
0.00012494446471986138
0.00011674082640482589
0.00010907660738252112
0.00010191493252289317
0.00009522418597706667
0.00008897211760874059
0.00008313118426007045
0.00007767318008082991
0.00007257411038335876
0.00006780930644257313
0.0000633578647259521
0.000059198210490219904
0.00005531213265386435
0.00005168076313464871
0.000048288235481072625
0.00004511805019047565
0.00004215638185826426
0.000039388804095154416
0.00003680326803088425
0.000034387162227505824
0.000032129983256065953
0.00003002070935557613
0.00002805018127725917
0.000026208769888373424
0.000024488484027662142
0.00002288091566804198
0.00002137908828054406
0.000019975664855198545
0.000018664549399729737
0.000017439345065426828
0.000016294719222455135
0.000015225101121945072
0.00001422581931371441
0.000013292029468077271
0.000012419631908539132
0.000011604421761668048
0.00001084279318982208
0.000010131105226933732
9.466177123878736e-6
8.844866141460305e-6
8.264357007110334e-6
7.721947490108759e-6
7.2151352423744185e-6
6.741609303072067e-6
6.299133654958037e-6
5.885745650084373e-6
5.499435137377942e-6
5.138550292308068e-6
4.801270891164241e-6
4.486224235887867e-6
4.191747959558509e-6
3.916721002903319e-6
3.6596106382808265e-6
3.41952403927899e-6
3.19503263576597e-6
2.9854521137105254e-6
2.7894354697421666e-6
2.6064902553140488e-6
2.4353301320054776e-6
2.2756408814237967e-6
2.126178418985569e-6
1.98679540351542e-6
1.8562726594056612e-6
1.7346208550386737e-6
1.6206296832038596e-6
1.514461335975513e-6
1.4148992554750385e-6
1.322252251539409e-6
1.2352834436888688e-6
1.1544451050914359e-6
1.0784665886949137e-6
1.0079420710941688e-6
9.41553933800624e-7
8.80038692266526e-7
8.220184581115043e-7
7.683736994251705e-7
7.176538142175388e-7
6.708859568651411e-7
6.265337888104558e-7
5.857758062152295e-7
5.469767248734396e-7
5.114721859975675e-7
4.775144698863919e-7
4.4660345716729926e-7
4.1686524210584577e-7
3.8997230728711796e-7
3.639099245923925e-7
3.405333478417008e-7
3.17671592125445e-7
2.9737399915509806e-7
2.7729710323815247e-7
2.59697561464777e-7
2.420418520268857e-7
2.26808407231374e-7
2.1125557160715272e-7
1.98099343537547e-7
1.8437055081273511e-7
1.7304031879108714e-7
1.608908965090695e-7
1.511684677956506e-7
1.4038385447423283e-7
1.3207992044997945e-7
1.2247152660820162e-7
1.1542196123675338e-7
1.0682398979859282e-7
1.0088686003156351e-7
9.315299266066071e-8
8.820582866064983e-8
8.120693748527184e-8
7.714460348226646e-8
7.076601635536577e-8
6.749830105555195e-8
6.16382226577811e-8
5.9088315772759716e-8
5.3656021963400727e-8
5.1758782734577654e-8
4.667288713314314e-8
4.537370851941094e-8
4.05607331694942e-8
3.981449114045873e-8
3.520780127274532e-8
3.4977584387205703e-8
3.0516331638156644e-8
3.077285353310362e-8
2.640086603793322e-8
2.7121547239486996e-8
2.2786622851350432e-8
2.3955167989604486e-8
1.9608363052687285e-8
2.1214103499918068e-8
1.6808689738034883e-8
1.8846326333683197e-8
1.4337607234443903e-8
1.6806660071543947e-8
1.2151006891480382e-8
1.5055775660632727e-8
1.0210405758787594e-8
1.3559627026531494e-8
8.481830585376841e-9
1.2288527541932644e-8
6.935450896181921e-9
1.1216953177284284e-8
5.544994188204299e-9
1.0322838436106644e-8
4.287286249539137e-9
9.587140182964867e-9
3.141709367187764e-9
8.993615719145338e-9
2.089983378545595e-9
8.527877609039454e-9
1.1127168790682445e-9
8.153790626757922e-9
0.0008448397147761786
0.003378284783210295
0.007578679302886625
0.013420750464949041
0.020863126964250245
0.0298576327684929
0.04034349154416608
0.05225306033159163
0.06550844135069711
0.08002588609643024
0.09571353331209217
0.11247513846119793
0.13020836479981152
0.14880808677809712
0.1681649014468831
0.1881681075039834
0.20870421977564843
0.22965967057813128
0.25091918517804934
0.2723682384149354
0.29389120912673733
0.31537363148312336
0.33670009853580324
0.3577563630209559
0.3784270054862984
0.3985974563961677
0.4181514819791731
0.43697321398246664
0.4549445356550391
0.4719472149160635
0.48786029312686807
0.5025624201682578
0.5159293591876011
0.5278366167532885
0.5381571765691738
0.5467645030267401
0.55353060466266
0.558329463696964
0.5610355047618101
0.5615274657686784
0.5596873091874657
0.555404501669219
0.548575355684095
0.5391076295270509
0.5269202302622806
0.5119479868718946
0.49414158699226224
0.47347232056978295
0.4499320701543153
0.42353777829453726
0.3943312725041291
0.3623831851233712
0.3277923779847418
0.2906890464471345
0.2512335224906652
0.20961833069041122
0.166066195755701
0.12083088822976494
0.07419434118525581
0.026466221275095462
-0.02201984047494472
-0.07090790487155944
-0.11982426994762878
-0.16838020078994861
-0.2161770523092504
-0.26280983799996743
-0.3078726748696949
-0.3509629134763767
-0.3916866331596317
-0.4296630514048968
-0.46452981414057526
-0.49594742399922204
-0.5236041020256045
-0.5472200002297266
-0.5665514349436339
-0.5813946584123043
-0.5915892637262445
-0.5970212734946022
-0.5976254905925457
-0.5933876276288779
-0.584345344459577
-0.5705891163420271
-0.5522616905639964
-0.5295574092671906
-0.5027198686078702
-0.47203950467420286
-0.4378493716438267
-0.4005209765298063
-0.3604583044614043
-0.31809213118851726
-0.27387267994440057
-0.22826290190021817
-0.18173039197580057
-0.1347403421525384
-0.08774750755161752
-0.04118964424908242
0.004519649628125059
0.04899623859726609
0.09189102549363669
0.13289340942366062
0.17173481595453513
0.20819000865319756
0.24207843195774773
0.27326340567730417
0.3016514610509861
0.32718974287288005
0.3498637751492711
0.36969359824961445
0.3867305447577547
0.4010527198293815
0.4127613879681285
0.42197636782127856
0.4288325458971025
0.4334756336512881
0.43605917458430793
0.4367409464338187
0.435680659447665
0.43303712314185966
0.4289666839559311
0.42362114524575784
0.4171468845674609
0.40968343134162705
0.40136314360829944
0.39231030904062947
0.38264124152780316
0.37246376733959063
0.36187761040037086
0.3509741425846764
0.33983694952537796
0.32854174991633506
0.3171570605863605
0.3057442157861943
0.29435807465478997
0.28304709333543104
0.271854037145694
0.2608160746846236
0.24996547075043882
0.23932968286845746
0.22893202025067197
0.21879173061650412
0.20892461655762548
0.19934310538710398
0.19005681828244592
0.18107261915340797
0.1723951346842716
0.16402678048309244
0.15596823210499472
0.1482184283896705
0.14077499498325297
0.13363422596870225
0.12679146243422282
0.12024105434011102
0.11397669737843974
0.10799137756093866
0.10227767002109579
0.09682766908787384
0.09163325285042637
0.08668600155548821
0.0819774317314447
0.07749890565953196
0.07324183868910596
0.06919760233316101
0.06535770814739662
0.061713706730722115
0.05825735122607854
0.054980494201987265
0.05187523349548209
0.04893380863757341
0.04614873142411909
0.04351268324438882
0.0410186324446942
0.038659733643438055
0.03642943365666747
0.03432137363537356
0.032329485060072244
0.030447895320815214
0.02867101505786118
0.02699344762391878
0.02541006884848658
0.023915940671512103
0.02250638424172413
0.021176897888170974
0.01992322431969257
0.018741273003392615
0.017627182114425644
0.016577245314712292
0.01558796900185339
0.014656003424126908
0.013778195695522655
0.012951525138331099
0.012173152465356763
0.011440359209028644
0.010750593415924005
0.01010141299847757
0.00949052824341634
0.008915748906501503
0.00837502379785977
0.007866391433164166
0.007388016926447806
0.006938146007717108
0.006515139427746515
0.006117430153478785
0.00574355546523394
0.005392117144380511
0.005061811426699213
0.004751391999603246
0.004459697960057428
0.004185619445871305
0.003928123732458348
0.0036862233295549495
0.003459000339863243
0.0032455768607609643
0.003045137716893342
0.00285690301544684
0.002680149356519003
0.0025141843966205286
0.0023583666342629657
0.002212081844759094
0.0020747615317940763
0.001945861104438965
0.0018248770788083808
0.0017113268757068792
0.001604764851433049
0.0015047636039017987
0.0014109289040897361
0.0013228824063327316
0.0012402755469589587
0.0011627735626485323
0.001090068418647372
0.0010218640437811687
0.0009578883472455678
0.0008978795870365126
0.0008415975289786478
0.0007888108704569607
0.0007393075936808259
0.000692883371534395
0.0006493511630308481
0.000608530534500984
0.0005702565421118046
0.0005343699052616317
0.0005007252183272226
0.0004691819192703701
0.0004396118702141511
0.0004118910662212523
0.0003859066223001159
0.0003615491733505687
0.00033871930062975283
0.00031732057940093853
0.0002972654745648852
0.00027846899549975054
0.00026085408885807913
0.0002443458654277511
0.0002288765123305996
0.00021438006125295054
0.00020079684258675134
0.00018806876491743083
0.0001761433308674959
0.00016496940329961416
0.00015450079959876086
0.00014469252021679198
0.00013550393965188138
0.00012689547549731367
0.0001188313899975343
0.00011127688097178838
0.00010420050795748204
0.00009757168757497572
0.00009136275433638026
0.00008554684834474486
0.00008009961912879158
0.00007499749317103262
0.00007021902841770336
0.00006574355363725815
0.00006155217606874225
0.00005762678801985394
0.00005395072969345096
0.00005050815851520696
0.00004728436835197307
0.00004426551982064154
0.00004143861376244788
0.00003879158328566911
0.0000363129187165734
0.00003399212384841179
0.00003181898582712581
0.000029784401225184107
0.000027879284747232597
0.00002609577027816079
0.000024425748915809644
0.00002286245647467442
0.00002139862773442055
0.00002002848136292044
0.000018745477395877052
0.000017544714689201957
0.00001642027338220134
0.000015368042187999384
0.000014382628377798594
0.000013460633445709184
0.000012597107047543435
0.000011789297180238256
0.000011032620839371092
0.000010324915644298231
9.661898747958508e-6
9.041948542047662e-6
8.461020739807811e-6
7.917993970416808e-6
7.409007217339149e-6
6.93340616429296e-6
6.48746096526984e-6
6.070957359453693e-6
5.680249721305125e-6
5.315541905062949e-6
4.9732279770421274e-6
4.653915028342028e-6
4.35399494463994e-6
4.0744659622304596e-6
3.8116785924800014e-6
3.5670162522527428e-6
3.336749383834667e-6
3.1226443899245584e-6
2.920855131487634e-6
2.7335308881356942e-6
2.5566737999768195e-6
2.3928224231429054e-6
2.2377903796762096e-6
2.0945138272798515e-6
1.958582203860999e-6
1.8333423689568311e-6
1.7141231135833346e-6
1.6046976841542224e-6
1.5000964706134153e-6
1.4045393401798423e-6
1.3127197852777303e-6
1.229328106572944e-6
1.1486798599585595e-6
1.0759632199381646e-6
1.0050737909337083e-6
9.417288001545725e-7
8.793588597195045e-7
8.242460753324084e-7
7.693080091385517e-7
7.214316014369625e-7
6.729702442781347e-7
6.314601258604536e-7
5.886370627493893e-7
5.52733983720905e-7
5.148116880221855e-7
4.838534774140794e-7
4.501836134347156e-7
4.2359354014436335e-7
3.936049450139089e-7
3.7088174879916133e-7
3.440704543910401e-7
3.247783658737642e-7
3.0069987104039087e-7
2.844611591103598e-7
2.6272198602965416e-7
2.49210714338641e-7
2.294617559109668e-7
2.1839712169268862e-7
2.00328075702741e-7
1.9146916436761226e-7
1.7480309400626543e-7
1.679448064511939e-7
1.5243325287110667e-7
1.4740157376455637e-7
1.32821350836972e-7
1.294704401262987e-7
1.1561943491675194e-7
1.1382859660277278e-7
1.005227734727526e-7
1.0019376357822241e-7
8.726414645072417e-8
8.831932028948117e-8
7.56093865052689e-8
7.79896731376468e-8
6.535339155824081e-8
6.90163070249981e-8
5.631586882346281e-8
6.123505891822274e-8
4.8338858173896726e-8
5.4502260192814746e-8
4.128403610984215e-8
4.869340252828265e-8
3.5029148435599514e-8
4.369941988290771e-8
2.94671033763102e-8
3.942568245079947e-8
2.4503406682512578e-8
3.57894829648453e-8
2.005484441920837e-8
3.271964530915041e-8
1.6047580744971503e-8
3.01544729961081e-8
1.2416865738413968e-8
2.8040703729050245e-8
9.104947125694577e-9
2.6332658382210173e-8
6.060338531917344e-9
2.4990333371137698e-8
3.2282958188870753e-9
2.3909310321038082e-8