0.3276687224671037
0.3276461080586009
0.3276083394842709
0.3275553473294048
0.3274870070154816
0.32740317436589267
0.3273036679042636
0.3271882853733617
0.3270567955803872
0.32690895002421433
0.3267444788763903
0.32656310047206333
0.32636451954717943
0.3261484354854648
0.32591454187990954
0.3256625338435075
0.3253921083209782
0.3251029705412013
0.3247948346768179
0.3244674294206201
0.32412049869199966
0.3237538062847395
0.32336713639049597
0.32296029726155295
0.3225331213783985
0.3220854680839256
0.32161722327150855
0.3211283009696565
0.32061864247215466
0.3200882168805786
0.319537019640987
0.31896507208408853
0.31837241937495425
0.3177591291259461
0.3171252888076732
0.3164710035471722
0.31579639308983015
0.31510158893349743
0.3143867309714008
0.3136519641498565
0.3128974349592841
0.3121232878360788
0.3113296616997014
0.31051668634439217
0.30968447924125014
0.308833142178764
0.3079627585559292
0.3070733905282319
0.3061650770079331
0.30523783155138307
0.3042916412537724
0.30332646557356235
0.30234223626157225
0.30133885726040177
0.3003162057445659
0.29927413316121976
0.29821246738457013
0.2971310148854473
0.2960295639266713
0.2949078877708803
0.29376574877192113
0.2926029024607419
0.2914191023285314
0.29021410457598934
0.2889876733421976
0.28773958586724857
0.28646963789915825
0.28517764900465953
0.283863467884216
0.2825269775688243
0.2811681003871389
0.27978680280335544
0.27838309980592396
0.2769570591681626
0.2755088050602481
0.2740385215458874
0.2725464552546157
0.27103291796194195
0.2694982881957481
0.26794301278312926
0.2663676073030179
0.2647726565213227
0.26315881364311666
0.2615267996000688
0.2598774011008967
0.2582114687822315
0.2565299141055678
0.2548337064336693
0.25312386887401456
0.25140147439464317
0.2496676407642672
0.2479235258695055
0.2461703219454907
0.2444092502957619
0.24264155503970103
0.24086849746288064
0.2390913495259249
0.23731138808481456
0.23552988840895966
0.23374811850814337
0.23196733289710367
0.230188767250597
0.22841363263031192
0.22664311066486706
0.22487834842531124
0.22312045429528957
0.22137049364585246
0.21962948552410685
0.2178983992376675
0.2161781519485793
0.21446960623306266
0.2127735686219559
0.2110907881533726
0.20942195585279239
0.20776770424696034
0.20612860772885508
0.20450518295412043
0.2028978899924932
0.20130713348763146
0.1997332644616145
0.19817658208941583
0.19663733600045086
0.19511572850300227
0.19361191721837917
0.19212601758912748
0.19065810568686106
0.1892082208496724
0.18777636852175086
0.18636252288693078
0.1849666296231672
0.18358860842661057
0.1822283555927797
0.180885746354932
0.17956063723264454
0.1782528681362328
0.1769622644496088
0.17568863887678915
0.17443179324761973
0.17319152010181632
0.17196760422271604
0.17075982396851816
0.16956795255075688
0.1683917591318309
0.16723100987198083
0.16608546881758218
0.16495489874391644
0.16383906186094643
0.16273772048000798
0.16165063756377931
0.16057757724402447
0.15951830524098176
0.1584725892571622
0.15744019928903158
0.15642090791914345
0.15541449054023698
0.15442072556504802
0.15343939458010988
0.15247028248969716
0.15151317761389882
0.1505678717804608
0.1496341603792214
0.1487118424132113
0.14780072051935567
0.146900600988095
0.146011293758376
0.14513261241327446
0.14426437415571208
0.1434063997860686
0.1425585136637411
0.14172054367150505
0.14089232116695044
0.1400736809373406
0.13926446114408506
0.1384645032710307
0.1376736520644216
0.13689175547690446
0.13611866460486075
0.13535423362988191
0.13459831975491354
0.13385078314454288
0.1331114868610359
0.13238029680445193
0.1316570816493791
0.13094171278563035
0.13023406425626563
0.12953401269942397
0.12884143728804714
0.12815621967324672
0.12747824392601598
0.12680739648240577
0.12614356608740987
0.1254866437421313
0.12483652264995045
0.12419309816578984
0.12355626774461487
0.12292593089285135
0.1223019891192269
0.12168434588835293
0.12107290657388041
0.12046757841422949
0.11986827046801125
0.119274893571863
0.11868736029807146
0.118105584914457
0.1175294833441213
0.1169589731273136
0.11639397338321791
0.11583440477372647
0.1152801894671787
0.1147312511039621
0.11418751476211271
0.11364890692466204
0.11311535544700874
0.11258678952592863
0.11206313966862994
0.11154433766334369
0.11103031654997517
0.11052101059219573
0.1100163552496055
0.10951628715124882
0.10902074406920698
0.10852966489346212
0.10804298960684243
0.10756065926116239
0.10708261595344538
0.10660880280327191
0.10613916393020933
0.10567364443230146
0.1052121903646389
0.10475474871892738
0.10430126740313501
0.10385169522208025
0.1034059818580964
0.10296407785258266
0.10252593458762882
0.10209150426847746
0.10166073990605456
0.10123359530029256
0.10081002502351759
0.10038998440458505
0.09997342951307639
0.09956031714420299
0.0991506048037674
0.09874425069379372
0.09834121369821103
0.09794145336917146
0.09754492991341561
0.09715160417924085
0.09676143764351235
0.09637439239924595
0.09599043114323029
0.09560951716419074
0.0952316143309899
0.09485668708134179
0.09448470041055919
0.09411561986078953
0.09374941151027985
0.0933860419631061
0.09302547833892894
0.09266768826319059
0.09231263985733537
0.0919603017294499
0.09161064296492406
0.09126363311751132
0.09091924220040738
0.0905774406777089
0.09023819945588853
0.08990148987563144
0.08956728370368634
0.08923555312506085
0.08890627073522885
0.08857940953266678
0.08825494291139979
0.08793284465386123
0.08761308892376062
0.08729565025925021
0.08698050356609917
0.08666762411115161
0.08635698751579145
0.0860485697496783
0.08574234712448794
0.08543829628791286
0.08513639421766526
0.08483661821572852
0.08453894590261037
0.08424335521183325
0.0839498243844255
0.08365833196363914
0.08336885678966759
0.08308137799458014
0.0827958749972553
0.08251232749852165
0.08223071547629669
0.08195101918092464
0.08167321913051072
0.08139729610644668
0.08112323114893158
0.08085100555267608
0.08058060086260174
0.08031199886971509
0.0800451816069771
0.0797801313453399
0.07951683058977854
0.0792552620754824
0.07899540876404199
0.07873725383978872
0.0784807807061289
0.07822597298202559
0.07797281449847346
0.07772128929511518
0.07747138161685237
0.07722307591059015
0.07697635682197682
0.07673120919227278
0.07648761805521259
0.0762455686339919
0.07600504633824764
0.07576603676115769
0.07552852567653341
0.07529249903602767
0.07505794296633508
0.07482484376650288
0.07459318790523485
0.07436296201830093
0.07413415290593979
0.0739067475303628
0.07368073301325168
0.073456096633353
0.073232825824066
0.07301090817112424
0.07279033141027018
0.07257108342501974
0.07235315224442043
0.0721365260408955
0.07192119312808147
0.07170714195874896
0.07149436112271663
0.0712828393448452
0.0710725654830249
0.07086352852623955
0.07065571759262411
0.07044912192759668
0.07024373090198321
0.07003953401021425
0.06983652086851441
0.06963468121316109
0.06943400489873633
0.06923448189644485
0.06903610229242596
0.06883885628612846
0.06864273418868011
0.06844772642131731
0.06825382351380979
0.06806101610294348
0.06786929493099723
0.06767865084427682
0.06748907479164303
0.0673005578230939
0.06711309108834158
0.06692666583544216
0.06674127340941868
0.06655690525093637
0.06637355289497134
0.06619120796952871
0.06600986219435477
0.06582950737969669
0.06565013542505704
0.06547173831799358
0.06529430813291341
0.06511783702991192
0.06494231725360572
0.06476774113200844
0.06459410107540142
0.06442138957524485
0.06424959920308473
0.06407872260949826
0.06390875252303557
0.06373968174919842
0.06357150316941478
0.06340420974005005
0.06323779449141351
0.06307225052680045
0.06290757102152963
0.06274374922201481
0.06258077844483233
0.06241865207582134
0.06225736356917981
0.06209690644659293
0.06193727429635619
0.06177846077253067
0.06162045959409341
0.06146326454411728
0.0613068694689482
0.06115126827740924
0.06099645494000272
0.0608424234881386
0.060689168013360086
0.0605366826665955
0.060384961657406894
0.06023399925326424
-0.33203596982198275
-0.3319686055510131
-0.33185612351633526
-0.3316986153921051
-0.33149596656523966
-0.33124815014273956
-0.3309550675937416
-0.3306166694162133
-0.3302328734301355
-0.32980363310943633
-0.3293288851737412
-0.3288085883336021
-0.3282426826664201
-0.327631106036704
-0.32697375669723683
-0.32627049058762625
-0.3255210827895467
-0.32472520815153977
-0.3238823999564522
-0.32299201675921163
-0.32205319868149257
-0.3210648241268599
-0.3200254656432578
-0.31893334085258224
-0.3177862707963315
-0.3165816297499816
-0.31531630938685523
-0.3139866720682677
-0.3125885240910295
-0.31111707660758264
-0.3095669308111007
-0.30793204999223345
-0.3062057589521028
-0.3043807300250954
-0.30244899848050033
-0.3004019647868472
-0.29823042738949634
-0.2959246031280239
-0.2934741785784669
-0.2908683503128146
-0.288095895860919
-0.2851452352576747
-0.2820045224050604
-0.2786617288433659
-0.2751047556294241
-0.27132153925154406
-0.26730018287216345
-0.2630290826239468
-0.2584970751160584
-0.25369358001024117
-0.248608758173427
-0.24323366366395124
-0.23756040416490712
-0.2315822927454143
-0.22529399974073266
-0.21869169246315512
-0.21177316610269675
-0.20453795853525003
-0.19698744763791048
-0.18912492893411922
-0.18095566828744794
-0.17248693252631192
-0.16372798981428002
-0.15469008745031265
-0.1453863969620319
-0.13583193845800076
-0.12604347297532728
-0.11603937826903457
-0.10583949628448008
-0.09546497019203617
-0.08493805915817676
-0.07428194995965366
-0.06352055380805101
-0.052678307490391915
-0.04177996755068438
-0.03085041551014162
-0.01991446335781907
-0.0089966753322954
0.0018788040737353884
0.012688402414195093
0.023409261019075353
0.03401935551109334
0.044497603031674826
0.05482394842179801
0.06497943587656524
0.07494626112829278
0.08470780917614097
0.09424867528617491
0.1035546727943684
0.11261282792586126
0.12141136375441952
0.12993967575773577
0.13818829974015762
0.14614887645943436
0.15381411232937506
0.16117774192461742
0.168234490086579
0.17498004016652913
0.1814110043918452
0.18752490314322728
0.19332014713430767
0.19879602913831468
0.20395271727370573
0.20879125623193057
0.21331356677724125
0.21752244982891805
0.22142158433775347
0.22501552561164506
0.228309692899499
0.23131035371238323
0.23402459398135184
0.23646028270823602
0.23862602100202132
0.24053108542437293
0.24218535654429005
0.2435992436777865
0.24478359764945742
0.24574962314378873
0.24650878315550293
0.24707270711997775
0.24745309557776757
0.24766163241632472
0.2477098976127965
0.24760929057017722
0.24737095689373337
0.24700572752139735
0.24652406297513085
0.24593601042124696
0.24525116633485636
0.24447865131759536
0.2436270900615045
0.2427046020289022
0.24171879621660639
0.24067677477678975
0.2395851393823956
0.23845000448072284
0.23727701193502773
0.2360713507037821
0.2348377767090029
0.23358063614626254
0.23230388803214921
0.23101112891083944
0.229705616119345
0.22839029224321764
0.2270678077070573
0.22574054386832001
0.22441063403466788
0.22307998452982747
0.22175029363427143
0.22042307029867506
0.21909965079854893
0.21778121501551362
0.21646880079936268
0.21516331789985274
0.21386556015939195
0.2125762172753541
0.21129588501969335
0.21002507506206064
0.2087642234461048
0.20751369872008732
0.20627380890655994
0.20504480818299745
0.20382690257085098
0.20262025539198156
0.20142499188386107
0.20024120363391934
0.19906895230394075
0.19790827321879784
0.196759178358098
0.19562165925049319
0.19449568936673645
0.1933812264469969
0.19227821440761933
0.1911865852076873
0.19010626036267692
0.18903715243778302
0.18797916624483196
0.18693220003463698
0.18589614643931557
0.18487089342216262
0.18385632501622662
0.1828523220792082
0.18185876286918112
0.18087552364305542
0.17990247910233415
0.17893950286619764
0.17798646781381347
0.17704324645694644
0.17610971120025837
0.17518573463336407
0.17427118972602132
0.17336595005590483
0.17246988995232038
0.1715828846725965
0.17070481050502836
0.1698355449044801
0.16897496656302155
0.16812295551308704
0.1672793931729923
0.16644416242393345
0.16561714763599744
0.16479823472449193
0.16398731116070467
0.16318426601178948
0.16238898993984427
0.16160137522883974
0.1608213157746765
0.16004870710188002
0.1592834463469498
0.15852543226698254
0.1577745652179502
0.1570307471571499
0.1562938816177676
0.1555638737065105
0.15484063007554888
0.15412405891651978
0.15341406993057166
0.15271057431975546
0.1520134847559761
0.1513227153701401
0.15063818172071536
0.14995980078134688
0.14928749090927704
0.14862117183182744
0.14796076461507518
0.14730619164963868
0.1466573766197255
0.1460142444885323
0.14537672146786526
0.1447447350033309
0.14411821374468908
0.1434970875310978
0.14288128736216654
0.14227074538337092
0.14166539485799437
0.14106517015273204
0.140470006710544
0.13987984103659007
0.13929461067200252
0.13871425418016461
0.13813871112144618
0.1375679220398348
0.13700182843866057
0.13644037276769258
0.13588349839965494
0.13533114961785278
0.13478327159365366
0.13423981037449492
0.13370071286220575
0.13316592680153536
0.13263540075941788
0.13210908411381397
0.13158692703382074
0.13106888046908793
0.13055489613064142
0.13004492648071891
0.12953892471446907
0.12903684475009103
0.12853864121138253
0.1280442694182926
0.1275536853700772
0.12706684573643465
0.12658370784120315
0.1261042296539024
0.12562836977418101
0.12515608742367423
0.12468734243109648
0.12422209522436128
0.12376030681650177
0.12330193879793747
0.12284695332302353
0.12239531310269734
0.12194698139153771
0.12150192198077125
0.12106009918576706
0.12062147783946953
0.12018602328030603
0.11975370134594869
0.11932447836167828
0.11889832113449537
0.11847519694187145
0.11805507352608376
0.11763791908351415
0.11722370225920253
0.11681239213657543
0.11640395823212182
0.11599837048566364
0.11559559925528518
0.11519561530786634
0.11479838981417934
0.11440389434004576
0.11401210084142593
0.11362298165595017
0.11323650949829264
0.11285265745197506
0.11247139896495435
0.11209270784166271
0.11171655823892733
0.11134292465819835
0.11097178194168604
0.11060310526490653
0.11023687013287028
0.10987305237300074
0.10951162813154691
0.10915257386663656
0.10879586634484577
0.10844148263461403
0.10808940010285265
0.10773959640865813
0.10739204950002777
0.10704673760783928
0.1067036392427149
0.10636273318910752
0.10602399850238184
0.10568741450316096
0.10535296077447064
0.1050206171562195
0.10469036374253456
0.10436218087647081
0.10403604914739951
0.10371194938592405
0.10338986266133661
0.10306977027676126
0.10275165376670042
0.10243549489231969
0.10212127563914362
0.10180897821246536
0.1014985850351083
0.1011900787430456
0.1008834421832804
0.10057865840951828
0.10027571068015079
0.09997458245414424
0.09967525738907371
0.0993777193371405
0.09908195234322335
0.0987879406411217
0.09849566865168728
0.09820512097909423
0.09791628240912598
0.09762913790554054
0.09734367260843992
0.09705987183073826
0.09677772105656855
0.09649720593793118
0.0962183122931212
0.09594102610348011
0.09566533351190193
0.0953912208197121
0.09511867448512155
0.09484768112032956
0.09457822749002787
0.09431030050852415
0.09404388723831579
0.09377897488734097
0.0935155508076087
0.09325360249249275
0.09299311757546988
0.09273408382744275
0.0924764891554808
0.09222032160040348
0.09196556933544899
0.09171222066387745
0.09146026401774994
0.09120968795568449
0.09096048116151413
0.0907126324422272
0.09046613072673586
0.09022096506360712
0.08997712462016533
0.08973459868022123
0.08949337664308389
0.08925344802149585
0.08901480244056043
0.0887774296358736
0.08854131945240874
0.08830646184270054
0.08807284686579002
0.08784046468541909
0.0876093055691188
0.08737935988632452
0.0871506181076185
0.08692307080281242
0.0866967086401931
0.08647152238477036
0.08624750289751223
0.08602464113357712
0.08580292814160818
0.08558235506207677
0.08536291312654272
0.0851445936560546
0.0849273880603871
0.08471128783662264
0.08449628456831063
0.08428236992404727
0.0840695356567704
0.08385777360234245
0.08364707567883983
0.08343743388520135
0.08322884030051503
0.46213408889364954
0.4614127492215681
0.46020575374887385
0.4585101419976399
0.4563192945639922
0.45362592603553603
0.4504205599851484
0.44669271973672753
0.44243028040767657
0.43762015386540276
0.4322480347907276
0.42629884845410754
0.41975672984365475
0.4126053354975261
0.4048279818782701
0.39640786975415265
0.38732834057511123
0.37757304025320704
0.36712626689670524
0.3559730903706823
0.3440997720342817
0.3314938506539446
0.3181446185670754
0.304043180828326
0.289182974092491
0.27355980312605094
0.25717238938951326
0.2400223866521496
0.22211494606344462
0.2034587101787177
0.1840663803337444
0.16395468564210233
0.14314493673521275
0.1216629630660274
0.09953963459255406
0.07681075704273659
0.0535175401644079
0.029706436754961364
0.005429533191111767
-0.019255685356887143
-0.04428604846889148
-0.06959302867847922
-0.09510258565946736
-0.12073560709175839
-0.1464079073982243
-0.1720307968798925
-0.19751125261383207
-0.22275262400034498
-0.24765498325441063
-0.27211596433558105
-0.2960312868958799
-0.31929571157123326
-0.34180371559478523
-0.3634505323096067
-0.38413294094614886
-0.40375034425338074
-0.4222056216170952
-0.4394061883702643
-0.455264852907193
-0.4697007966923637
-0.48264037410629673
-0.494017954708903
-0.503776609956115
-0.5118687689088012
-0.5182567479578023
-0.5229131864397131
-0.5258213919655683
-0.5269755405297508
-0.5263808277313805
-0.5240534354170377
-0.5200204944248983
-0.5143198331853671
-0.5069997676264028
-0.49811865414730244
-0.48774452560288095
-0.47595447129761453
-0.4628341352412762
-0.44847694117894843
-0.43298346351400135
-0.4164605096172574
-0.39902036922687273
-0.3807797638859791
-0.3618589815092716
-0.3423807074401184
-0.32246905992886044
-0.30224833033250764
-0.2818419522694002
-0.2613711981420712
-0.24095413631473006
-0.22070435258863205
-0.20072996999892925
-0.1811324805528754
-0.16200591440902376
-0.14343587273493086
-0.12549893166484247
-0.10826195747767894
-0.09178181347001158
-0.07610501344341475
-0.06126776821657648
-0.047295996365384285
-0.034205707007226076
-0.022003344759417908
-0.010686464497445524
-0.000244348825863953
0.0093411031803894
0.018094575644806026
0.02604633135563702
0.03323133073340636
0.039688213470645994
0.0454584349646143
0.050585324314526114
0.05511331848455604
0.05908716354321858
0.06255130018145028
0.06554924616123664
0.06812315759099043
0.07031340205619971
0.07215829380477663
0.07369384371737343
0.07495364703282446
0.07596878082991233
0.07676781164644902
0.0773768039194745
0.07781941132825149
0.07811695940674379
0.07828858684442175
0.07835137005933097
0.0783204866833438
0.07820935692547654
0.07802980887218326
0.07779221904169863
0.0775056663133071
0.07717806086847809
0.07681627957984417
0.07642627789793635
0.07601320399932651
0.07558149196943309
0.07513495495982711
0.07467686039899954
0.07421000410704635
0.07373676954346141
0.07325918560192395
0.07277897241144633
0.07229758570255707
0.07181625170690369
0.07133600079793126
0.07085769379895819
0.0703820472538025
0.06990965310450727
0.06944099753508362
0.06897647561701947
0.06851640528212005
0.06806103818698017
0.06761057002971685
0.06716514859884201
0.0667248813609256
0.06628984142161501
0.06586007308739615
0.06543559628343013
0.06501641061142498
0.06460249863154138
0.06419382880483343
0.0637903579359544
0.06339203329269935
0.06299879442614689
0.06261057468237566
0.062227302561852195
0.06184890278078498
0.06147529728941702
0.06110640600108347
0.0607421475557428
0.06038243980495329
0.060027200385391576
0.05967634702411792
0.0593297979713175
0.058987472174412
0.0586492896032406
0.05831517133170694
0.05798503978157804
0.05765881873824027
0.057336433534044565
0.057017811016813684
0.056702879688022616
0.05639156963987015
0.056083812659430146
0.05577954214467483
0.055478693183098615
0.05518120245520809
0.05488700829462124
0.05459605058375098
0.0543082708003882
0.054023611910685734
0.05374201840472117
0.053463436190904295
0.0531878126228765
0.05291509639675678
0.05264523757162848
0.052378187471847595
0.052113898702514656
0.051852325056358534
0.05159342152649672
0.05133714421864528
0.05108345036130444
0.050832298223229606
0.05058364712268514
0.050337457349629536
0.050093690174133614
0.04985230777397415
0.04961327324185473
0.04937655051888142
0.04914210440037019
0.04890990047442322
0.04867990512753362
0.048452085487533145
0.04822640942889642
0.04800284552016086
0.047781363028915856
0.04756193187289058
0.0473445226245093
0.04712910646731041
0.046915655198153584
0.046704141188408314
0.04649453738551731
0.046286817277400555
0.04608095489397731
0.04587692477418337
0.04567470196737456
0.0454742620034974
0.04527558089355989
0.04507863510256688
0.044883401550399445
0.04468985758552801
0.044497980987068295
0.044307749940600945
0.04411914303865014
0.043932139259498466
0.04374671796708745
0.04356285889246108
0.043380542132307125
0.0431997481316368
0.04302045768367574
0.04284265191329128
0.04266631227630552
0.04249142054417612
0.04231795880429538
0.04214590944478577
0.04197525515472493
0.04180597891105727
0.0416380639767455
0.041471493890586485
0.04130625246457764
0.0411423237742004
0.040979692156175355
0.04081834219932693
0.04065825874271332
0.04049942686647246
0.04034183189074827
0.04018545936656906
0.04003029507438046
0.03987632501663026
0.03972353541580383
0.03957191270723368
0.03942144353738635
0.03927211475709361
0.03912391341953922
0.03897682677494591
0.03883084226731925
0.03868594753049569
0.038542130384161606
0.038399378830743576
0.038257681051287955
0.038117025402604345
0.03797740041378712
0.03783879478251065
0.03770119737255874
0.03756459721003216
0.037428983481005845
0.03729434552795257
0.03716067284707201
0.03702795508579338
0.03689618203919713
0.03676534364874543
0.036635429998182735
0.03650643131136348
0.03637833795053869
0.03625114041265201
0.036124829328379446
0.03599939545835443
0.035874829691680675
0.03575112304376629
0.03562826665349343
0.03550625178180945
0.03538506980882131
0.0352647122327389
0.035145170666810784
0.03502643683857074
0.03490850258630217
0.034791359858456154
0.03467500071140809
0.0345594173077456
0.03444460191387156
0.03433054689954428
0.034217244734511924
0.03410468798842306
0.03399286932776853
0.03388178151597169
0.033771417409704685
0.033661769959561993
0.033552832206616964
0.03344459728246174
0.03333705840653495
0.033230208885777955
0.03312404211218978
0.03301855156260262
0.03291373079589967
0.0328095734536713
0.03270607325655415
0.032603224005138584
0.03250101957730875
0.03239945392771918
0.03229852108596611
0.03219821515657242
0.0320985303162998
0.03199946081456437
0.03190100097073955
0.031803145174758136
0.03170588788470882
0.03160922362636125
0.031513146991976264
0.03141765263973121
0.03132273529175824
0.03122838973439802
0.031134610816046723
0.031041393447522287
0.03094873259963918
0.030856623303797303
0.030765060649578953
0.030674039785480577
0.030583555916825985
0.03049360430548962
0.03040418026859416
0.030315279178807136
0.030226896461504057
0.030139027596735982
0.03005166811572138
0.029964813602210524
0.029878459690375454
0.029792602064651535
0.029707236458942233
0.02962235865623444
0.029537964486835357
0.029454049829364278
0.029370610608322908
0.029287642794864573
0.029205142404929513
0.02912310549991633
0.02904152818469375
0.028960406608291668
0.02887973696222042
0.02879951548028382
0.02871973843833292
0.028640402152907737
0.028561502981707215
0.028483037322190537
0.028405001610832595
0.0283273923238874
0.028250205975356112
0.028173439117613948
0.02809708834007161
0.028021150269252306
0.027945621567524486
0.02787049893386865
0.027795779102186932
0.02772145884185723
0.027647534955701096
0.02757400428157539
0.02750086369038369
0.027428110086110673
0.027355740405675292
0.027283751618215595
0.027212140724351574
0.02714090475655707
0.0270700407777665
0.026999545882163863
0.026929417193571916
0.026859651865966352
0.026790247082374184
0.026721200055446353
0.02665250802582742
0.02658416826302428
0.026516178063861612
0.026448534753534033
0.02638123568362074
0.026314278233417487
0.02624765980805757
0.026181377839382323
0.026115429784563556
0.026049813127236903
0.025984525375191806
0.025919564061809584
-0.19502791084057175
-0.19445835250998947
-0.19350074958954094
-0.19214563874349105
-0.1903782709066441
-0.18818109654674994
-0.1855328555284944
-0.18241001076934082
-0.1787865041802292
-0.17463496613521998
-0.16992678169693015
-0.16463320829814118
-0.15872560838074048
-0.1521764958661919
-0.14495985102927994
-0.13705208600323038
-0.12843238522727532
-0.11908357414145984
-0.10899244684761428
-0.09815052519690642
-0.08655434950182166
-0.07420612113265204
-0.06111394278335283
-0.04729234295982653
-0.03276245904272307
-0.01755244468896436
-0.0016975914097063884
0.014759380813490564
0.03176826924651061
0.049271218050442676
0.06720274158467278
0.08548968359453012
0.104051334272744
0.12279953431942703
0.14163890735187343
0.160467128648216
0.17917529750831818
0.19764839165285059
0.21576580315877125
0.23340199603137993
0.2504272233779001
0.26670839697696597
0.2821099922763597
0.29649512514171883
0.30972663570727454
0.3216683501116427
0.332186315864906
0.3411502072441344
0.3484346659317026
0.3539207904620161
0.3574975191265314
0.3590631291019018
0.3585265866338969
0.3558089726785109
0.3508447200618284
0.3435828811014925
0.33398817381533347
0.3220420133133928
0.3077432986671902
0.29110914277151617
0.27217534647311253
0.2509967788039843
0.22764750268838155
0.20222077594978252
0.17482881041555218
0.14560238109586052
0.11469021520244997
0.08225821032938715
0.04848846057808369
0.013578093832897516
-0.022262050936881526
-0.058808950873471655
-0.09582905157437017
-0.13308013632764945
-0.1703132822719724
-0.20727503985531198
-0.24370965519196833
-0.2793615118046958
-0.3139775616249367
-0.3473099562755085
-0.3791186004746012
-0.409173867302249
-0.43725915271164123
-0.46317353259717964
-0.4867341614665262
-0.5077786960542257
-0.5261673534797635
-0.5417849057842157
-0.5545422025656653
-0.5643775421543904
-0.5712574786333173
-0.5751774046498566
-0.5761615067976427
-0.5742624535462206
-0.5695604345538352
-0.5621619300277739
-0.5521978607823296
-0.5398215120461121
-0.5252059191300347
-0.5085411146782345
-0.4900309640539234
-0.46988998440744234
-0.44833990906508675
-0.42560637559033976
-0.4019155276781375
-0.377490878529258
-0.35255024623896936
-0.32730306615954396
-0.3019479033518852
-0.27667041883067184
-0.2516416195999106
-0.22701659122240356
-0.20293354729988974
-0.17951334125741686
-0.15685928018067194
-0.13505733907077905
-0.11417662441152376
-0.09427014797455224
-0.07537577401807759
-0.05751737427393819
-0.0407060730368782
-0.024941600474405048
-0.010213658996962874
0.0034966872293471915
0.01621567116816335
0.027975522580156644
0.03881325757987986
0.048769549968967485
0.05788771400526036
0.06621278904944809
0.07379074032513407
0.08066776512566279
0.08688970752584685
0.09250157076063403
0.09754712303175914
0.1020685867146729
0.10610640262034297
0.10969906083243638
0.11288298801005313
0.11569248464847019
0.11815970197000894
0.12031465399811037
0.12218525519378266
0.12379738110340749
0.12517494356237133
0.12633997949836379
0.12731274616564353
0.12811182311347463
0.12875421495037911
0.1292554561074822
0.12962971275962315
0.12988988368990892
0.1300476961884405
0.13011379909071938
0.13009784980499167
0.13000859756915986
0.1298539603837874
0.1296410978614657
0.12937647791205262
0.12906593940248925
0.12871474908958705
0.12832765480996267
0.12790893350898483
0.12746243592760187
0.12699162674756
0.12649962182251467
0.12598922148465688
0.12546294136931058
0.12492303988480104
0.12437154359984612
0.12381026979517924
0.1232408472927098
0.12266473489841324
0.12208323843363562
0.12149752578440136
0.12090864078978747
0.12031751548995273
0.11972498143838955
0.11913177964740171
0.11853856979381668
0.11794593828373025
0.11735440573175805
0.11676443350202333
0.11617642977907743
0.11559075486538108
0.11500772610931129
0.11442762219436592
0.11385068714129824
0.11327713377498239
0.11270714697476142
0.1121408864798292
0.11157848952829243
0.11102007312291025
0.11046573617911241
0.10991556135187303
0.1093696167862011
0.10882795758744386
0.10829062724949949
0.10775765883984226
0.10722907616051354
0.10670489470815953
0.10618512261469967
0.10566976142096486
0.10515880684951047
0.10465224942000677
0.10415007508133504
0.10365226570967218
0.10315879961871251
0.10266965196275865
0.1021847951530015
0.10170419917744403
0.10122783194256468
0.10075565953075852
0.10028764647416047
0.09982375596310342
0.09936395007032407
0.09890818991173628
0.09845643583399807
0.09800864753899435
0.09756478423696066
0.09712480474300099
0.09668866760360009
0.0962563311710342
0.0958277537038351
0.09540289342543164
0.09498170860827425
0.09456415761399252
0.0941501989622306
0.09373979136237591
0.09333289376756114
0.0929294653954092
0.09252946577667351
0.09213285476367186
0.09173959257195949
0.09134963978458321
0.09096295738359614
0.09057950675187054
0.09019924969795076
0.08982214845606414
0.08944816570302533
0.08907726455596182
0.08870940858854333
0.08834456182487005
0.08798268874947658
0.08762375430188106
0.08726772388762825
0.08691456336432242
0.08656423905447033
0.08621671773257829
0.08587196663268983
0.08552995343583981
0.08519064627696407
0.08485401373183539
0.0845200248204842
0.08418864899748711
0.08385985615237182
0.08353361659934498
0.08320990107889249
0.08288868074468786
0.08256992716787645
0.08225361232182242
0.0819397085863645
0.0816281887315799
0.08131902592344387
0.08101219370840926
0.0807076660172135
0.08040541714848402
0.08010542177404843
0.07980765492463832
0.07951209199050739
0.07921870871069064
0.07892748117297421
0.07863838580267338
0.07835139936208753
0.07806649894237162
0.07778366195931682
0.07750286614717138
0.07722408955552112
0.076947310539752
0.07667250776292771
0.07639966018336672
0.07612874705596907
0.07585974792256492
0.07559264261091096
0.07532741122670941
0.07506403415229368
0.07480249203925948
0.0745427658067759
0.07428483663320272
0.07402868595645345
0.07377429546520535
0.07352164710000954
0.07327072304285172
0.07302150571970929
0.07277397779089613
0.07252812215095919
0.07228392192274943
0.0720413604553931
0.0718004213192612
0.07156108830257127
0.07132334540781786
0.07108717684963264
0.07085256704936849
0.0706195006332746
0.07038796242731196
0.07015793745777124
0.06992941094247124
0.06970236829308467
0.06947679510760497
0.06925267717176195
0.06903000045111024
0.06880875109321583
0.06858891542038133
0.06837047993088588
0.06815343129196128
0.06793775634138131
0.06772344208007477
0.0675104756759588
0.0672988444542519
0.06708853590117356
0.0668795376556245
0.06667183751367668
0.06646542341884941
0.06626028346556467
0.06605640589315638
0.06585377908741638
0.06565239157344938
0.06545223201841437
0.06525328922594004
0.065055552134706
0.06485900981867382
0.06466365148224398
0.06446946645926808
0.06427644421276166
0.06408457432981775
0.06389384652126265
0.06370425062210573
0.0635157765864186
0.06332841448561721
0.06314215450956992
0.06295698696207548
0.0627729022615362
0.06258989093718091
0.062407943627558866
0.06222705108222714
0.06204720415446695
0.06186839380565677
0.061690611100078896
0.061513847203223414
0.061338093384313265
0.06116334100902515
0.06098958154280329
0.060816806547104564
0.06064500768053642
0.060474176692614616
0.06030430542797354
0.06013538582197507
0.05996740989953068
0.05980036977469634
0.05963425764960128
0.059469065812334534
0.059304786636421705
0.05914141257920911
0.05897893618067055
0.05881735006281326
0.05865664692926213
0.05849681956075447
0.05833786081878024
0.0581797636411271
0.05802252104265584
0.05786612611276925
0.057710572015503704
0.0575558519872533
0.05740195933964613
0.0572488874520432
0.057096629775956524
0.056945179832556404
0.056794531211997
0.056644677570240075
0.05649561263182859
0.056347330186098124
0.05619982408828183
0.05605308825703347
0.05590711667459906
0.05576190338597664
0.05561744249761003
0.05547372817731059
0.05533075465197065
0.05518851620935218
0.055047007194357234
0.05490622201025515
0.05476615511847159
0.05462680103455745
0.05448815433215882
0.054350209637914156
0.05421296163408585
0.05407640505592425
0.05394053469147476
0.053805345381973534
0.05367083201883693
-0.34083639247603675
-0.3395220367012398
-0.3373230399897947
-0.33421971315012067
-0.3301892731187473
-0.325201352428611
-0.3192210579476776
-0.3122081526246245
-0.30411879931511854
-0.29490611040241527
-0.2845214775320397
-0.272916006281905
-0.2600417338026999
-0.2458537333026244
-0.23031132640104793
-0.2133806910079193
-0.19503606669343007
-0.17526268556259142
-0.15405788970338236
-0.1314341731942926
-0.10742007157872305
-0.082063076010486
-0.05543011875401722
-0.027610110949127745
0.0012861603490387378
0.031124103791118275
0.061746179025087174
0.09297076864034043
0.1245939023890016
0.15638905558660418
0.18810979171275466
0.2194905338061126
0.2502500973908049
0.28009339737092837
0.3087157661578242
0.3358054802648483
0.3610486913892401
0.3841325927725509
0.4047507404390303
0.4226066339987006
0.43741917396842933
0.4489264057626431
0.4568908456555237
0.4611031271082731
0.46138692833267353
0.4576022619478811
0.4496497459367478
0.43747328583389716
0.42106344416052355
0.40045927610723603
0.37575056890117725
0.34707860781515987
0.31463707887318404
0.2786715660748837
0.23947894398414488
0.1974054460469239
0.1528444250245955
0.10623289325868188
0.058047605009491694
0.008800057529348336
-0.04096904712318897
-0.09069623610900117
-0.13980223873670403
-0.18769961504397217
-0.23380083458974776
-0.2775267143668148
-0.318315132493001
-0.3556297557746013
-0.38896879646959853
-0.4178734065322167
-0.4419358065654189
-0.4608066708876987
-0.4742019372597159
-0.4819085178855923
-0.4837891458238883
-0.47978582673853265
-0.46992219327213874
-0.4543042568598069
-0.4331199166522222
-0.40663676889838946
-0.37519863863097275
-0.3392204407948562
-0.29918185442403716
-0.2556194880962957
-0.20911808016519745
-0.16030048283826207
-0.109817028624803
-0.058334090887011227
-0.006522481615245823
0.04495445557134056
0.09545238822133284
0.1443572943719681
0.1910958515325244
0.2351450469842937
0.276040380623516
0.31338283791928445
0.346844081218623
0.37617011393631494
0.4011829769042638
0.42178082717323795
0.43793609027199354
0.44969213167412725
0.45715827126881053
0.46050365975389945
0.45994995359844226
0.4557633393618526
0.44824592030710925
0.4377269960141918
0.42455428020464414
0.4090855165119663
0.3916805290676519
0.37269405792054444
0.3524693799856017
0.3313329367009558
0.30958992232822996
0.2875209275835144
0.26537955186083867
0.24339097210490218
0.22175135854812753
0.20062804896479677
0.1801603705531927
0.16046097717871574
0.14161760973371584
0.12369513158445562
0.10673777882826442
0.09077148178067924
0.07580623475115605
0.06183838658473417
0.048852864727833574
0.03682522563587875
0.02572357359109849
0.0155102604136007
0.006143428847530812
-0.002421671540956623
-0.01023152113107853
-0.01733337857919249
-0.0237744613311132
-0.029601308571366426
-0.03485924833897932
-0.03959201319042052
-0.043841430958531435
-0.04764723093824841
-0.051046898941780675
-0.054075618524978865
-0.0567662395426357
-0.059149308782835225
-0.06125311151647697
-0.06310375633323602
-0.06472525925766284
-0.06613965710427491
-0.06736711249325295
-0.06842603800939581
-0.0693332075305988
-0.07010387970008272
-0.07075190637717707
-0.07128984852821572
-0.07172907650130761
-0.07207987471589881
-0.07235153113746746
-0.07255242930305471
-0.0726901261713909
-0.07277143139055199
-0.07280247374719408
-0.07278876843295093
-0.07273527293958257
-0.07264644346779162
-0.0725262814146009
-0.07237838026037756
-0.07220596387787404
-0.07201192522905216
-0.07179885772430926
-0.07156908697543649
-0.07132469632413019
-0.07106755278639643
-0.07079932773891615
-0.07052151806530282
-0.0702354628409544
-0.06994236052919772
-0.06964328241775539
-0.06933918656072065
-0.06903092857810343
-0.06871927296037013
-0.06840490171526212
-0.06808842353869149
-0.06777038072819863
-0.06745125660961153
-0.0671314810764662
-0.06681143658942111
-0.06649146261746236
-0.06617186048565375
-0.06585289692697802
-0.06553480801721244
-0.06521780199703041
-0.06490206247179126
-0.06458775066405446
-0.06427500800198364
-0.06396395792110054
-0.06365470797196719
-0.06334735124519185
-0.0630419680893064
-0.06273862725181635
-0.062437387266976126
-0.06213829737265477
-0.06184139863437038
-0.06154672468061757
-0.06125430261507261
-0.06096415360211518
-0.060676293612204106
-0.060390733888157896
-0.06010748155229084
-0.059826539974580976
-0.059547909270474826
-0.059271586596875814
-0.058997566554148076
-0.0587258414185929
-0.05845640147425294
-0.058189235202562195
-0.05792432954190383
-0.05766167004447363
-0.05740124108896825
-0.05714302600124227
-0.05688700722980562
-0.05663316643905709
-0.056381484655863706
-0.056131942339759426
-0.05588451950259345
-0.055639195763264725
-0.05539595044799096
-0.05515476262921832
-0.05491561120587575
-0.05467847494005435
-0.05444333251418858
-0.05421016256096811
-0.05397894371575634
-0.0537496546312695
-0.05352227402101414
-0.05329678067642873
-0.053073153492395116
-0.052851371488133195
-0.052631413823972614
-0.05241325981125366
-0.0521968889363731
-0.051982280860417694
-0.05176941543891399
-0.05155827272558667
-0.05134883297793026
-0.051141076667045024
-0.05093498447882864
-0.05073053732384488
-0.050527716333465866
-0.05032650286583424
-0.05012687850992416
-0.04992882508264301
-0.04973232463230618
-0.049537359436765106
-0.049343912004416186
-0.049151965076465465
-0.048961501618292214
-0.04877250482716894
-0.0485849581255701
-0.04839884516138239
-0.048214149804087836
-0.048030856146030976
-0.04784894849719267
-0.047668411386376806
-0.04748922955342737
-0.04731138795331909
-0.04713487174719174
-0.04695966630626667
-0.04678575720234036
-0.04661313021309925
-0.046441771307534394
-0.04627166666000318
-0.04610280262927501
-0.04593516577070353
-0.04576874282301217
-0.04560352071287267
-0.045439486546075374
-0.04527662761105603
-0.04511493136880695
-0.04495438545880694
-0.04479497768611152
-0.04463669602978802
-0.044479528631217374
-0.04432346379577324
-0.04416848999012521
-0.04401459583878678
-0.04386177012026467
-0.04371000177049674
-0.04355927986917515
-0.043409593650829824
-0.04326093249241404
-0.043113285913646854
-0.04296664357887098
-0.04282099528797142
-0.04267633097811276
-0.04253264072263477
-0.04238991472511575
-0.04224814332028189
-0.04210731697189025
-0.041967426267368456
-0.04182846191978266
-0.04169041476393265
-0.041553275754818896
-0.04141703596437556
-0.04128168658245298
-0.04114721891163364
-0.041013624368587465
-0.04088089447983187
-0.04074902088020179
-0.0406179953138218
-0.04048780962965661
-0.040358455779149614
-0.04022992581812817
-0.04010221190044106
-0.039975306281597615
-0.039849201313984124
-0.03972388944708214
-0.039599363221544226
-0.03947561527352465
-0.03935263833136285
-0.039230425212050786
-0.03910896882313485
-0.038988262159044565
-0.03886829829749654
-0.03874907040593492
-0.03863057173158167
-0.03851279560633853
-0.038395735441783596
-0.03827938472933869
-0.038163737040782346
-0.03804878602118201
-0.03793452539695273
-0.03782094896460704
-0.037708050601174534
-0.03759582424948856
-0.03748426392886165
-0.03737336372688779
-0.037263117804190365
-0.03715352038549968
-0.03704456576654704
-0.036936248308576454
-0.036828562439265425
-0.036721502650387504
-0.03661506349902409
-0.03650923960143313
-0.03640402564040697
-0.03629941635696275
-0.036195406554477075
-0.03609199109447031
-0.03598916489559925
-0.03588692293620535
-0.03578526025269839
-0.0356841719349024
-0.03558365312899136
-0.03548369903568726
-0.03538430490964721
-0.03528546605850651
-0.03518717784241323
-0.03508943567141124
-0.03499223500888002
-0.03489557136664655
-0.034799440307544095
-0.034703837440845514
-0.03460875842585698
-0.03451419896913042
-0.03442015482310583
-0.034326621786524514
-0.03423359570528715
-0.034141072466922356
-0.03404904800740337
-0.03395751830140968
-0.0338664793733707
-0.033775927284955466
-0.03368585813984881
-0.03359626808680059
-0.03350715331311937
-0.03341851004668823
-0.033330334555064574
-0.033242623144213945
-0.03315537216185891
-0.03306857799021209
-0.03298223705303708
-0.03289634580797003
-0.032810900751215566
-0.032725898414281404
-0.03264133536798575
-0.03255720821305818
-0.03247351358902235
-0.032390248168260506
-0.0323074086572466
-0.032224991796766064
-0.03214299436165074
-0.032061413156982466
-0.031980245021412765
-0.031899486826626446
-0.031819135474314156
-0.03173918789730497
-0.03165964106153971
-0.031580491958724054
-0.6318969824135834
-0.6231079067935174
-0.6085262107797892
-0.5883085650541091
-0.5626378599575489
-0.5317633544970921
-0.4959755650935025
-0.45562119623787056
-0.4110880965114299
-0.3628124650103527
-0.31126728679407234
-0.2569653380335951
-0.20044894260037266
-0.1422901024074792
-0.08308069127493083
-0.023430429518521718
0.03604281264151644
0.09471664717937336
0.15197376626342343
0.207206655606098
0.25982690291195243
0.3092704525804428
0.3550063096253675
0.3965417920636779
0.43343026062956397
0.46527585234814195
0.49173987277249553
0.512544560074233
0.5274778322182972
0.5363957295629311
0.5392253012280761
0.5359654917187453
0.5266880597904554
0.5115367975307576
0.4907264829171608
0.4645404319271194
0.43332757995450194
0.39749845790701377
0.3575205697536137
0.31391294790439755
0.26724004335930834
0.21810505966215263
0.16714260436768938
0.11501103301944009
0.06238413969080187
0.00994277669301026
-0.041634101088814796
-0.09167822624717623
-0.13954124990067324
-0.18460355954356988
-0.22628333902562092
-0.264044948257895
-0.297407283292096
-0.3259511682511902
-0.3493264166212709
-0.3672576303280633
-0.3795493347612933
-0.38608958201600047
-0.38685257630947806
-0.3818995613654037
-0.37137848962036085
-0.35552185482980053
-0.33464318804314447
-0.30913176741359477
-0.2794460325549718
-0.24610543330837187
-0.20968120162600087
-0.17078594437975267
-0.1300625414354891
-0.08817238654153646
-0.045783434485309145
-0.0035581891111475823
0.03785795045559633
0.07784780587082481
0.115832655531024
0.1512814188930254
0.183718547733691
0.21273050395113322
0.23797070129668213
0.2591628668720878
0.2761028230382264
0.2886587253594296
0.2967698693062336
0.3004441641759232
0.29975447366803426
0.2948339523612605
0.28587063200352975
0.27310137684184244
0.25680548531969505
0.23729801019772906
0.21492307379378445
0.19004717579319771
0.16305276082894063
0.1343319555710596
0.10428073722376492
0.07329335780057371
0.0417572950273237
0.010048482022918751
-0.02147288738684786
-0.052466280964726886
-0.08261414080657974
-0.11162493110055725
-0.13923553885658013
-0.16521340456071165
-0.18935796215564343
-0.21150179546885603
-0.23151106674653962
-0.2492856559526799
-0.2647585614501243
-0.27789503335689747
-0.28869100211797194
-0.2971713024387625
-0.30338727949066874
-0.3074142950085276
-0.3093487494740531
-0.3093051394093167
-0.307412792874143
-0.3038127843616017
-0.2986546941043399
-0.29209367554229193
-0.2842875137450593
-0.2753940858977435
-0.2655689213338701
-0.25496321236065816
-0.243721987876335
-0.23198273999494676
-0.21987423387350874
-0.20751573362635128
-0.1950163977660725
-0.18247502729569776
-0.16997994802450644
-0.1576091686915269
-0.14543062869754989
-0.13350264333048378
-0.12187439427819612
-0.11058654648646087
-0.0996718725120344
-0.08915594447440942
-0.07905780512559253
-0.06939066162882998
-0.06016254054191006
-0.05137693365003103
-0.04303339656675994
-0.035128117386365294
-0.02765443685311976
-0.020603326949513084
-0.013963824697972874
-0.007723419016113292
-0.0018683997747432812
0.0036158410713547583
0.008744537860391543
0.013533325922747325
0.017998036986484698
0.022154537848238204
0.02601858168484232
0.029605698831360022
0.032931092969492884
0.036009572987782304
0.03885548431573929
0.04148267210230778
0.04390443916187551
0.04613353249722834
0.04818212069414088
0.050061797355934586
0.05178357213229079
0.05335788592190292
0.054794611376496646
0.05610307551966475
0.05729206648429861
0.05836986062572389
0.059344232983045225
0.060222486693981746
0.06101146527803744
0.0617175828543947
0.062346837059978726
0.06290483885045908
0.06339682521244053
0.06382768792434593
0.06420198549289002
0.06452397035070084
0.06479759970430753
0.06502656099550073
0.065214281477429
0.06536395169479363
0.06547853386418225
0.06556078346500387
0.06561325616198592
0.06563832767416253
0.06563819944942854
0.0656149167997966
0.06557037329635623
0.06550632737493362
0.06542440571970372
0.06532611829078845
0.06521286078059942
0.06508592828794849
0.06494651696605776
0.0647957363866433
0.0646346106003123
0.06446408919423433
0.06428504786316643
0.06409829851781111
0.0639045891166166
0.06370461307784213
0.06349900857961605
0.06328836713285345
0.06307323259367328
0.06285410897333227
0.062631459103423
0.062405711895640634
0.06217726066830019
0.06194646990865173
0.06171367333700495
0.061479180157928276
0.061243273049873745
0.06100621385072027
0.06076824150244391
0.06052957727534686
0.0602904226557487
0.06005096420094451
0.05981137136760237
0.05957180096548664
0.05933239506776545
0.05909328509957298
0.058854589654424284
0.05861641845208994
0.05837887009302257
0.0581420357446721
0.05790599693295675
0.057670828949858935
0.057436598777814624
0.057203368197359286
0.056971191733389284
0.05674011968140371
0.056510196008633155
0.05628146116076864
0.05605395009959579
0.05582769497330673
0.05560272303490975
0.05537905937983384
0.05515672477572604
0.05493573825891029
0.05471611516377208
0.05449786938082634
0.05428101158208837
0.0540655513920141
0.053851495556945475
0.053638849997728055
0.053427618208974445
0.05321780305919676
0.05300940523681538
0.05280242506535283
0.052596860909633274
0.05239271093382128
0.0521899715719506
0.05198863921070414
0.05178870868503433
0.051590174901536015
0.051393031344304216
0.051197271729742234
0.051002888459434154
0.050809874239701625
0.05061822063641992
0.050427919520223845
0.05023896174028794
0.05005133858293468
0.04986504031157397
0.04968005766683065
0.049496380552315346
0.04931399929702274
0.049132903474566385
0.04895308314907297
0.04877452764241012
0.048597226800342695
0.04842116983763663
0.04824634645903589
0.04807274576938811
0.047900357371824805
0.04772917040164978
0.047559174392176426
0.04739035849059335
0.04722271227966287
0.04705622492054026
0.04689088606973647
0.04672668494036827
0.04656361128655641
0.0464016544515203
0.04624080426666678
0.04608105018667848
0.04592238216387621
0.045764789826679544
0.045608263268862144
0.045452792257443364
0.04529836702848033
0.045144977496562703
0.044992614115560124
0.04484126697677565
0.04469092663438171
0.044541583409155275
0.044393228012073925
0.04424585097137275
0.04409944315863316
0.0439539952685927
0.043809498392175426
0.04366594340190986
0.043523321553235905
0.0433816239232875
0.04324084195562561
0.04310096690132301
0.04296199040416162
0.042823903898083
0.0426866992046771
0.04255036793858153
0.04241490209113265
0.04228029348349646
0.042146534301660286
0.042013616500011154
0.041881532464698605
0.04175027434172636
0.04161983465205585
0.0414902057697833
0.04136138034993078
0.04123335093498816
0.04110611038120817
0.04097965136543334
0.04085396691052624
0.04072904986906335
0.04060489342298738
0.0404814905989737
0.04035883470554454
0.04023691896141626
0.040115736805303705
0.03999528160822906
0.039875546967552515
0.039756526401204785
0.03963821367599705
0.03952060242273431
0.03940368654401532
0.03928745983683404
0.039171916356722875
0.03905705001848157
0.03894285501695174
0.0388293253996225
0.03871645548933314
0.038604239500777494
0.038492671843306084
0.03838174687010427
0.03827145912703787
0.03816180309042478
0.03805277343216289
0.03794436474018903
0.03783657181479824
0.03772938935251485
0.03762281227867581
0.03751683541540777
0.037411453776933515
0.037306662314762644
0.0372024561627844
0.037098830370212756
0.03699578016203716
0.036893300705404315
0.036791387357088756
0.036690035371677365
0.036589240175356974
0.03648899715974817
0.03638930186998357
0.03629014974156431
0.036191536444018055
0.036093457516867135
0.03599590872229599
0.035898885685248204
0.03580238424489648
0.035706400160985294
0.03561092931286637
0.03551596757294609
0.03542151092437118
0.03532755529623319
0.03523409676268412
0.03514113135992832
0.03504865523391972
0.03495666446519905
0.03486515532691016
0.03477412399094331
0.03468356674932149
0.03459347989390857
0.03450385980146693
0.034414702813658826
0.03432600539273566
0.034237763960264886
0.034149975043224534
0.03406263512317275
0.033975740814460725
0.033889288669073654
0.03380327538415785
0.03371769756031341
0.03363255194454383
0.033547835251253225
0.03346354426286902
0.03337967574937563
0.03329622657942034
0.44444194920500074
0.43544017522878065
0.4205262529743604
0.3999343697569829
0.37392705457970243
0.34286526138846435
0.3071642369877135
0.2673175304453895
0.22387125047639228
0.17743364612914608
0.12865596881709768
0.0782341844876033
0.026892654279475504
-0.02461940066508209
-0.07554287585868362
-0.1251160272692092
-0.17258857050547066
-0.2172313961139418
-0.2583496807111422
-0.2952938868710371
-0.327471416386956
-0.3543577000938436
-0.3755057256182217
-0.3905560528209826
-0.39924349016379385
-0.40140498722428114
-0.3969828085387879
-0.38602945588918597
-0.3687068778604602
-0.34528785350932173
-0.3161510415999287
-0.2817785846669929
-0.24274710499027166
-0.19972162760566603
-0.15344293138471315
-0.10471820206707723
-0.05440541547548656
-0.00340139316009415
0.047375896293097026
0.0970010107625651
0.14455978445219622
0.18916373382634258
0.2299687464253608
0.26618915389574693
0.29711521491206794
0.32212576871213006
0.3407033787831283
0.3524444952759626
0.3570711729592346
0.35443772920735866
0.3445380428887071
0.3275078041909124
0.3036265598477452
0.27331484059910516
0.23713036550237407
0.19575962706267902
0.15000802867533983
0.10078591642346806
0.04909290531516804
-0.004001127738341498
-0.05737669945478738
-0.10988765294312158
-0.16038534684710198
-0.2077437999498647
-0.25088539234552765
-0.28880599946173896
-0.3205997591022359
-0.34548166226384175
-0.36280876112581945
-0.37209765822437474
-0.37303967037064223
-0.36551096443283687
-0.3495796688113092
-0.32550703518284874
-0.2937452652064264
-0.2549289715846186
-0.20986347295449717
-0.1595068734580629
-0.10494966229448328
-0.047388803498601355
0.01189947935556301
0.07159122841937078
0.13034600941631977
0.18684090261325204
0.23980239319538624
0.2880392039783194
0.33047112020971775
0.3661569548501535
0.39431674731052613
0.4143515307556898
0.42585597077185
0.42862747387144234
0.42266744556262426
0.40817860838861975
0.38555456326963605
0.3553658173319768
0.31833902295390787
0.2753338888967045
0.2273150397548753
0.17532336617772654
0.12044455759439286
0.0637792244550978
0.006412542464595868
-0.05061254439420179
-0.10632057450529507
-0.15982380259653006
-0.21033951948152863
-0.2572016661782561
-0.29986899760667096
-0.3379276881400016
-0.37109076039487815
-0.39919281453888616
-0.42218246707716117
-0.44011139765947016
-0.4531223081494569
-0.4614349309434094
-0.46533216396208377
-0.46514555166298266
-0.46124188147874895
-0.45401009588738633
-0.44384995473381383
-0.43116158763558393
-0.4163370591061313
-0.39975303169153287
-0.38176539597148823
-0.3627049298623825
-0.3428746726420163
-0.3225480950607943
-0.30196863115050165
-0.28134970967300776
-0.2608757799549185
-0.24070354991730766
-0.22096389260482635
-0.20176372984332963
-0.18318832731042728
-0.1653033990934083
-0.14815744011910006
-0.13178376679092832
-0.11620266726522657
-0.10142321264729927
-0.08744511165342576
-0.07426021718981915
-0.06185404615494016
-0.05020696909425561
-0.03929540386914882
-0.029092710950983435
-0.01957009768049979
-0.010697260238023396
-0.00244304468560208
0.005224116332364126
0.012335737412780831
0.018923003883924573
0.025016455608363707
0.030645830440068453
0.03583985988412077
0.04062619930699729
0.04503130497024768
0.049080423734866825
0.05279752758581247
0.05620534276662781
0.0593253234017463
0.06217770533736538
0.06478150470556551
0.0671545861110335
0.06931367650104518
0.07127444016004436
0.0730515009692865
0.07465851886694011
0.07610821667479702
0.0774124539858159
0.07858225551727278
0.07962788116512885
0.08055885317747712
0.0813840214487133
0.0821115887623889
0.082749170437539
0.08330381696152471
0.08378206849779939
0.08418997404812123
0.08453314084262302
0.08481675093004774
0.085045605036022
0.08522413669784391
0.08535645123917827
0.08544633768645023
0.08549730314266031
0.08551258257303547
0.08549516943715853
0.08544782320451183
0.08537309683161763
0.0852733424289847
0.08515073571098712
0.08500728000137257
0.08484482813920058
0.08466508527249234
0.08446962813754427
0.08425990694580907
0.08403726261709553
0.08380292767145939
0.08355804164344834
0.0833036511328071
0.08304072372775521
0.082770147496927
0.08249274328388434
0.0822092638430586
0.08192040490135612
0.08162680384333974
0.0813290497202184
0.08102768141823358
0.08072319713285518
0.08041605191264979
0.08010666633765737
0.07979542415535663
0.07948267973722023
0.0791687560260954
0.07885395113097159
0.07853853607182512
0.07822276113505511
0.077906853177461
0.07759102160566655
0.07727545574189028
0.07696033028201313
0.0766458026260096
0.0763320177860381
0.07601910609662761
0.07570718747485841
0.07539636900198846
0.07508674931410525
0.07477841588685541
0.07447144915986019
0.07416591995288307
0.07386189333345904
0.0735594260240594
0.07325856990360352
0.07295936978527191
0.07266186657230873
0.07236609475894855
0.07207208595270881
0.07177986618880139
0.07148945903579787
0.07120088331172901
0.07091415593759555
0.07062928960457435
0.0703462956415237
0.07006518164129334
0.06978595410298866
0.06950861644148103
0.06923317115762348
0.06895961800403345
0.06868795634726535
0.06841818281482077
0.0681502939999002
0.06788428415733104
0.06762014757650106
0.06735787644058384
0.06709746316907875
0.066838898277877
0.06658217265995044
0.06632727550783842
0.06607419634331806
0.06582292348728348
0.06557344530316789
0.06532574920799991
0.06507982294412783
0.06483565313947381
0.06459322702741234
0.06435253061840396
0.06411355069328058
0.06387627292346779
0.06364068377359776
0.0634067686955438
0.06317451387124241
0.06294390458610058
0.06271492681566132
0.06248756593774133
0.06226180773900885
0.06203763763340465
0.06181504142223688
0.061594004462362344
0.06137451274694154
0.06115655164946582
0.060940107218875744
0.06072516510509575
0.06051171137933209
0.06029973183949706
0.06008921271463787
0.059880140037811384
0.05967250026081922
0.059466279543091735
0.059261464531592783
0.059058041626661555
0.058855997750157873
0.058655319484572754
0.05845599401324756
0.05825800812460485
0.058061349243446025
0.05786600446181714
0.057671961347901445
0.05747920730332077
0.057287730208211624
0.05709751758876008
0.05690855766569108
0.056720838237010913
0.05653434770514806
0.05634907423842085
0.056165006373854215
0.055982132560611596
0.05580044160375369
0.05561992221222453
0.05544056343513005
0.05526235422390457
0.05508528388277068
0.054909341615245064
0.0547345169647614
0.054560799376713924
0.054388178632375446
0.05421664441916032
0.054046186747796536
0.05387679555710121
0.05370846102063952
0.05354117335464488
0.05337492301553553
0.05320970035098419
0.05304549610796744
0.052882300876826945
0.05272010553408052
0.052558900873909555
0.05239867805524245
0.052239428064346144
0.05208114228563832
0.05192381184901402
0.05176742834900011
0.051611983220459276
0.05145746815989628
0.05130387479442772
0.0511511950513462
0.05099942070932289
0.05084854395154447
0.05069855662357933
0.05054945116090298
0.050401219685056294
0.050253854642123875
0.05010734836058996
0.0499616935799729
0.049816882719911644
0.04967290858570028
0.04952976390651835
0.04938744164929477
0.04924593466256074
0.049105236105440694
0.04896533891043206
0.04882623640901684
0.04868792175327196
0.04855038838129853
0.04841362962697778
0.04827763902314698
0.04814241006187869
0.04800793644233399
0.047874211822160964
0.047741230016780024
0.04760898475771774
0.04747747009258363
0.047346679824713044
0.04721660812374588
0.04708724902107432
0.04695859675568314
0.04683064547485155
0.04670338955426813
0.046576823169875374
0.04645094095641388
0.046325737212243055
0.04620120660467008
0.04607734362105819
0.04595414300242062
0.0458315993360087
0.045709707504071266
0.04558846223013451
0.04546785847435781
0.04534789105920731
0.04522855500156116
0.04510984536901779
0.04499175723630752
0.04487428567046096
0.044757425935575426
0.04464117320798681
0.04452552281701448
0.04441047002231301
0.044296010328150615
0.04418213907291949
0.044068851731718595
0.04395614383609192
0.04384401099034842
0.04373244874283287
0.04362145280894706
0.04351101884147785
0.04340114261815655
0.043291819889643195
0.043183046509645696
0.043074818355619666
0.04296713133005096