-8.547998518726418e-8
-1.1893400095879164e-6
-4.107123161371681e-6
-9.742097783229689e-6
-0.000018983336952241168
-0.00003268725819863541
-0.00005168819913194493
-0.00007678016045536107
-0.00010873276473040774
-0.00014826947720079459
-0.0001960897732673822
-0.00025284580566707713
-0.0003191700674042189
-0.0003956515086632619
-0.0004828675435956855
-0.0005813602350988554
-0.0006916712814647635
-0.0008143185887809934
-0.000949832749084743
-0.0010987340796307535
-0.0012615690729787662
-0.0014388878100833242
-0.001631278933392638
-0.001839347243536081
-0.0020637459182765326
-0.0023051540790626447
-0.002564305240244289
-0.0028419646718828924
-0.0031389533941438286
-0.003456125249018295
-0.0037943861259360765
-0.00415467076461938
-0.004537957276894378
-0.0049452438105996276
-0.0053775587857190195
-0.005835937631161494
-0.006321429450349209
-0.006835074079720304
-0.0073779061164563
-0.007950932528544282
-0.008555135101747938
-0.009191448754159953
-0.009860763487599731
-0.010563903431818275
-0.01130162932327501
-0.012074618139030192
-0.012883466985753253
-0.013728672997470498
-0.014610639315384609
-0.015529654733842383
-0.01648590220405706
-0.017479437534974912
-0.018510200579979416
-0.01957799215086192
-0.020682487769517983
-0.021823211856111444
-0.02299955368017741
-0.024210737869564954
-0.025455842021536296
-0.026733762688502066
-0.02804323406362586
-0.029382788878899675
-0.030750777715707237
-0.0321453247386854
-0.033564347537590536
-0.03500550832811753
-0.03646623480797694
-0.03794366834783729
-0.03943468708647584
-0.04093585361431154
-0.042443442319536714
-0.0439533899740567
-0.045461329997031306
-0.046962549984934925
-0.048452035873742604
-0.049924440601031086
-0.0513741409316203
-0.05279522093445106
-0.054181543366901744
-0.055526750424669084
-0.05682435005347058
-0.05806773455631022
-0.05925028016038979
-0.06036538176364243
-0.0614065618138817
-0.062367517093632516
-0.0632422308531964
-0.06402502548732554
-0.06471067031830197
-0.06529443271443358
-0.06577217329906347
-0.06614038780207869
-0.06639628198992682
-0.06653779745518144
-0.06656366023544173
-0.06647338574556451
-0.06626729767641978
-0.06594651006228759
-0.06551291623069147
-0.06496914911529597
-0.06431854325199082
-0.06356507736172132
-0.06271331511999895
-0.06176833624072596
-0.060735663535811675
-0.05962118986000596
-0.05843109955291091
-0.05717179849880125
-0.055849837372291315
-0.05447185081756059
-0.05304448821595998
-0.051574365916949784
-0.05006800892525801
-0.04853181769759915
-0.046972021725253624
-0.045394660164150016
-0.043805546260556924
-0.04221025944090218
-0.040614118247425404
-0.03902218072475835
-0.03743922313296172
-0.03586974554163746
-0.03431795396972022
-0.032787768831379446
-0.03128280903474149
-0.02980640198066501
-0.028361569177001326
-0.026951037514587453
-0.02557722679490349
-0.024242262723724525
-0.02294796720379337
-0.021695873767081934
-0.020487221500799502
-0.019322973506852748
-0.018203814994424385
-0.01713017494250113
-0.016102228369027048
-0.015119920856852242
-0.014182974474046584
-0.013290914366527686
-0.012443077392868644
-0.011638639693618462
-0.010876626888094208
-0.010155941438877871
-0.009475373244404395
-0.008833625708248239
-0.008229325709988909
-0.007661047509028304
-0.007127321324936059
-0.006626654489903204
-0.006157538155013929
-0.005718465396033357
-0.005307935832912363
-0.004924470648842865
-0.0045666151342692776
-0.004232950776218247
-0.003922095900612706
-0.003632715121205891
-0.0033635183545124127
-0.0031132679900649483
-0.0028807765990738034
-0.0026649122113513025
-0.002464595044342638
-0.00227880126030718
-0.0021065590197589293
-0.0019469510581519801
-0.001799110328693522
-0.001662221691523561
-0.0015355173645288565
-0.0014182779678381249
-0.0013098279542082707
-0.0012095362029857165
-0.0011168115580114666
-0.001031103121244057
-0.000951895988190053
-0.0008787113537079662
-0.0008111025035750101
-0.0007486548140051774
-0.0006909820330753847
-0.0006377262308787575
-0.0005885543855785948
-0.0005431583221718716
-0.000501251604082647
-0.0004625694843548745
-0.0004268660940289937
-0.00039391441932368107
-0.0003635037716829331
-0.00033543979731368246
-0.00030954220996837
-0.000285644834360778
-0.0002635935808049578
-0.00024324652092958785
-0.00022447208269166363
-0.00020714915497985868
-0.0001911654818403212
-0.0001764177916185682
-0.00016281037015824224
-0.00015025520979720583
-0.00013867074258912626
-0.00012798200453248087
-0.0001181195113470177
-0.00010901943361888072
-0.00010062259922044964
-0.00009287467549551249
-0.00008572528395860738
-0.00007912818614468662
-0.00007304049771073163
-0.0000674228750881076
-0.00006223881750364956
-0.00005745485206569885
-0.00005303991350631197
-0.000048965525788838205
-0.00004520525054132496
-0.00004173486368149256
-0.00003853186456488914
-0.0000355756464820699
-0.00003284705948544579
-0.000030328573920630718
-0.000028003890733165784
-0.000025858097457867035
-0.00002387732054683997
-0.00002204887345557123
-0.000020360946187868817
-0.00001880274529727283
-0.00001736421641817623
-0.00001603617614397001
-0.000014810063821058548
-0.000013678065378673568
-0.000012632891104684513
-0.000011667891591245378
-0.00001077685860220783
-9.95413336600959e-6
-9.194427983313669e-6
-8.49292635035553e-6
-7.845123854340827e-6
-7.246921245310562e-6
-6.694480628736164e-6
-6.184312628446756e-6
-5.713146914736489e-6
-5.278013014909042e-6
-4.876123816974829e-6
-4.504950389843762e-6
-4.162117080389105e-6
-3.845470705984699e-6
-3.552986016318137e-6
-3.2828296170922244e-6
-3.0332747064061847e-6
-2.8027600782035017e-6
-2.589813162136289e-6
-2.393104447674836e-6
-2.2113779616683396e-6
-2.0435014376999673e-6
-1.888403462737525e-6
-1.7451197022028681e-6
-1.6127360266938947e-6
-1.4904310895863172e-6
-1.377424820678084e-6
-1.273017632810024e-6
-1.1765437350674545e-6
-1.0874072335388585e-6
-1.0050397695160077e-6
-9.289337623767402e-7
-8.586039342668669e-7
-7.936179278794239e-7
-7.335613171921455e-7
-6.780658231565001e-7
-6.26777451664601e-7
-5.793825129761085e-7
-5.355785639257026e-7
-4.95098424769761e-7
-4.5768363317879214e-7
-4.2310663950600035e-7
-3.9114650725075774e-7
-3.6160945823513376e-7
-3.343065783324175e-7
-3.0907287173884846e-7
-2.857467532039561e-7
-2.6418775899370846e-7
-2.442576279648343e-7
-2.2583681048541262e-7
-2.0880695372306257e-7
-1.9306633854264462e-7
-1.785136055846646e-7
-1.6506224128915998e-7
-1.5262539079330736e-7
-1.4112951051132405e-7
-1.3050012479917806e-7
-1.2067475660102004e-7
-1.1158949473104892e-7
-1.0319130788517056e-7
-9.54252984963181e-8
-8.824650053964953e-8
-8.160770473806255e-8
-7.547083700676649e-8
-6.979524211427483e-8
-6.454873896448559e-8
-5.969625598682922e-8
-5.521065635960328e-8
-5.1061621051135464e-8
-4.722633589702615e-8
-4.3678522738349247e-8
-4.039907756336288e-8
-3.7365151402844194e-8
-3.456083039195591e-8
-3.1966170734841684e-8
-2.9568009393667876e-8
-2.7348855935585698e-8
-2.5297925605855845e-8
-2.3399792356324233e-8
-2.1645736252451863e-8
-2.0022058461874193e-8
-1.852184223704757e-8
-1.713282311314651e-8
-1.5849666607373004e-8
-1.4661289846289283e-8
-1.356375774703882e-8
-1.2546946276116317e-8
-1.1608168495514699e-8
-1.0738064390591986e-8
-9.935072805848055e-9
-9.190424440969986e-9
-8.503584883168151e-9
-7.866221215027721e-9
-7.278748556218823e-9
-6.733131387960231e-9
-6.230676237381052e-9
-5.763517711948471e-9
-5.333811589848598e-9
-4.933747059985621e-9
-4.5663015252970454e-9
-4.223609703640623e-9
-3.9094580601983016e-9
-3.615822862078542e-9
-3.3472984676674973e-9
-3.0956038062235174e-9
-2.8661530422366455e-9
-2.65030993654961e-9
-2.4543298543223385e-9
-2.2691259971259824e-9
-2.1018280899975974e-9
-1.942801165484363e-9
-1.8000927258324764e-9
-1.6634215655135225e-9
-1.5418055042369513e-9
-1.4242162200945637e-9
-1.3207053266162688e-9
-1.2193917391444092e-9
-1.1314359713661825e-9
-1.0439915656184355e-9
-9.694143463645691e-10
-8.937744724283823e-10
-8.307196211730171e-10
-7.65110229788213e-10
-7.119961105123806e-10
-6.548925464245188e-10
-6.103733058803609e-10
-5.604626365150402e-10
-5.233944643555136e-10
-4.795444813680775e-10
-4.4895753149018327e-10
-4.1018981317055195e-10
-3.852638196693519e-10
-3.5073040736699333e-10
-3.3077431675136043e-10
-2.997383363395799e-10
-2.841721806002298e-10
-2.559901217048153e-10
-2.443305190083011e-10
-2.184380848587393e-10
-2.1028534607948794e-10
-1.8618442130856405e-10
-1.8121202596783946e-10
-1.5846006195284423e-10
-1.5640542917331333e-10
-1.3460552435983108e-10
-1.352626144488468e-10
-1.1405561724746337e-10
-1.172685405001488e-10
-9.632512725145665e-11
-1.0198314927391057e-10
-8.099771859145415e-11
-8.90300861312333e-11
-6.771554219031435e-11
-7.808918692281693e-11
-5.61709320605742e-11
-6.888665208998258e-11
-4.60987502115031e-11
-6.119030049216718e-11
-3.7271050488768115e-11
-5.48024901077245e-11
-2.949060540795793e-11
-4.9555566191564684e-11
-2.25866811690985e-11
-4.530846685704658e-11
-1.6411006679567858e-11
-4.1941563893180065e-11
-1.0834019877190093e-11
-3.9353428659826316e-11
-5.727451698396101e-12
-3.7337068520625595e-11
1.0602195542607859e-7
1.4636728528569812e-6
5.0190916064142484e-6
0.00001181794841026322
0.000022787677574378567
0.000038763804327247934
0.00006040523815014536
0.00008826562105062176
0.0001226941833958848
0.00016394593658113798
0.00021207371837834608
0.0002670756377385273
0.00032877993409528454
0.00039702484534414115
0.00047153553263620064
0.0005521296073844967
0.0006385838999454611
0.0007308578877780897
0.0008289474942911487
0.000933118625741897
0.0010437454375461298
0.0011615469937229209
0.0012874083372032157
0.001422614671233948
0.0015686548124395543
0.0017274489213533245
0.0019011351673693913
0.002092288577626994
0.0023036927164430472
0.0025385484322306417
0.0028002328799485313
0.0030924977113235695
0.0034192178238068305
0.003784578895851615
0.004192817947573857
0.0046484002304988635
0.0051557532512753355
0.005719433110999739
0.006343853317752005
0.007033440945505479
0.007792361527440376
0.008624665980471397
0.009534013176801933
0.010523809409503303
0.01159693075989069
0.012755857746427155
0.014002400065756178
0.0153378296463632
0.01676261040829703
0.01827653291905962
0.01987845124423611
0.02156642162538879
0.023337447269764666
0.025187622088341206
0.027111882730059815
0.02910415694162294
0.031157120963852536
0.033262351303781086
0.035410085656181645
0.03758937769833957
0.039787861790416136
0.0419919134687264
0.044186422718158834
0.04635496822856532
0.048479610695251085
0.05054109584938937
0.05251868678703153
0.054390417600150086
0.05613299005131345
0.05772210389715402
0.059132445675920714
0.06033812086026421
0.06131275855090489
0.06203006221825923
0.06246404201193591
0.06258968412825627
0.06238330222118225
0.0618233014212445
0.060890614145959567
0.05956950686741922
0.057848037931713454
0.05571882879334157
0.05317945845930352
0.05023310274951272
0.04688876841377514
0.04316170044711265
0.03907336439783396
0.03465153725677827
0.029929971729150455
0.024948121495949147
0.019750464811830338
0.014385866200051488
0.008906592548422966
0.0033673722650147423
-0.002175804996318837
-0.007666815461905482
-0.01305067878408889
-0.01827471591695207
-0.02328973832791121
-0.028051067822069314
-0.03251947460260434
-0.036661908071702914
-0.04045205480643622
-0.043870676610066245
-0.04690571914973789
-0.049552221533764484
-0.051811980172459644
-0.053693068950881946
-0.055209135344039366
-0.056378635837724796
-0.05722389694271704
-0.05777021289473595
-0.058044831436570465
-0.058076071687407194
-0.05789238888196646
-0.0575216491656067
-0.05699039248944061
-0.056323355250813674
-0.05554299669127949
-0.05466930249396772
-0.053719581409694475
-0.05270852749582731
-0.051648243935017726
-0.0505485004885924
-0.049416910104583385
-0.048259297946419845
-0.04707994683210796
-0.0458819951487213
-0.04466767682571478
-0.04343868257274099
-0.042196342230276164
-0.04094190928344227
-0.03967665991484471
-0.038402086809944724
-0.03711991304708565
-0.03583220202705039
-0.034541301128012826
-0.033249887350825
-0.031960864097489945
-0.030677366789032268
-0.029402637228945424
-0.02814001185038883
-0.026892794235076758
-0.0256642433587388
-0.024457458543044795
-0.023275378517743233
-0.022120686517403274
-0.02099582492261433
-0.0199029227292399
-0.018843825924705748
-0.017820045742318442
-0.01683280204429405
-0.0158829886441078
-0.014971225626830158
-0.014097837263717277
-0.013262909007802326
-0.012466273703563388
-0.01170756951469587
-0.010986230834002053
-0.010301544258283208
-0.009652641505687374
-0.009038551481271688
-0.008458193395998424
-0.007910423804325816
-0.007394028872938779
-0.006907765940289257
-0.006450354459171743
-0.006020512110387778
-0.005616944341494333
-0.0052383753784560755
-0.0048835365290278146
-0.004551192609542421
-0.00424012931022519
-0.003949175625930159
-0.0036771906260520395
-0.00342308248012841
-0.003185794967266564
-0.0029643236482375995
-0.002757702410657703
-0.002565017277152675
-0.0023853932299920198
-0.0022180060754539124
-0.002062069735086339
-0.0019168465173775243
-0.0017816350101091754
-0.0016557790466210228
-0.0015386562874225734
-0.0014296861132143531
-0.0013283189455934735
-0.0012340432517866727
-0.0011463756241234101
-0.0010648670435367761
-0.000989093714246288
-0.0009186627020062457
-0.0008532035041173677
-0.0007923731540693126
-0.0007358484953313086
-0.0006833308251886073
-0.0006345388337001437
-0.0005892128443872833
-0.0005471083757679598
-0.0005080000255859862
-0.00047167561015888166
-0.00043793973033532307
-0.0004066084440777805
-0.00037751254565827213
-0.0003504927277299643
-0.0003254026005985223
-0.0003021043017572029
-0.0002804712782804354
-0.00026038430424708657
-0.00024173404626132006
-0.0002244174517959472
-0.00020834011533027845
-0.00019341300374334594
-0.00017955463862371642
-0.00016668812738763737
-0.00015474317579583136
-0.00014365339622616927
-0.00013335816335369776
-0.0001238001733051072
-0.00011492715424001326
-0.00010668965270394872
-0.00009904261007946693
-0.00009194335440498038
-0.00008535305282297816
-0.00007923488937823705
-0.00007355540259139082
-0.00006828283173523603
-0.00006338834817530957
-0.00005884455409263908
-0.00005462661557802704
-0.00005071089942490874
-0.00004707601553792686
-0.00004370157861906209
-0.00004056916674122809
-0.00003766119627462241
-0.00003496180326031278
-0.000032455820631258395
-0.000030129588438714045
-0.000027970023877468187
-0.000025965365839604842
-0.000024104329031299323
-0.00002237678813509851
-0.000020773008036314435
-0.000019284272447265313
-0.000017902183051423875
-0.000016619237147253784
-0.000015428189260800603
-0.000014322581970782132
-0.000013296163874978487
-0.00001234337767168672
-0.000011458829319746164
-0.000010637736623968879
-9.875444881262847e-6
-9.167839362442261e-6
-8.510902950511995e-6
-7.901095654149238e-6
-7.334950216310707e-6
-6.8094214729117636e-6
-6.32151634607854e-6
-5.868615861197686e-6
-5.448135775541559e-6
-5.05782396413033e-6
-4.6954489673499096e-6
-4.359074492809138e-6
-4.046773197219546e-6
-3.756880676392255e-6
-3.487732057248786e-6
-3.2378969454866113e-6
-3.0059367935290236e-6
-2.790622715325939e-6
-2.5907113892866154e-6
-2.40514741629954e-6
-2.2328556973478027e-6
-2.0729303199668717e-6
-1.924441370386891e-6
-1.7866114805290514e-6
-1.6586359662009896e-6
-1.53984819907948e-6
-1.4295514879894058e-6
-1.3271745364314588e-6
-1.232113779428945e-6
-1.1438800451245885e-6
-1.0619500435219983e-6
-9.85905367080866e-7
-9.152918192197952e-7
-8.497521095694777e-7
-7.888914888970881e-7
-7.324053232620931e-7
-6.799501819953612e-7
-6.312668220620303e-7
-5.86055878764006e-7
-5.440974140456651e-7
-5.051298602699859e-7
-4.6896724683412545e-7
-4.3538058639103803e-7
-4.042132810600147e-7
-3.7526409381260287e-7
-3.484021044424323e-7
-3.234497598481111e-7
-3.0029846714504053e-7
-2.787908358972969e-7
-2.588377770141008e-7
-2.4029899312742086e-7
-2.2310248610676657e-7
-2.0712237166007037e-7
-1.923017704163774e-7
-1.7852690747480173e-7
-1.6575422168498787e-7
-1.5387989742960682e-7
-1.42872378818656e-7
-1.3263597800671006e-7
-1.2314997866573297e-7
-1.1432521393284459e-7
-1.0615073492858423e-7
-9.854248463891287e-8
-9.1498600576685e-8
-8.493872077516978e-8
-7.886944759360352e-8
-7.321304283123994e-8
-6.798397090130902e-8
-6.31060613490968e-8
-5.8601400991647675e-8
-5.439426198276468e-8
-5.051422453167569e-8
-4.6885011494502175e-8
-4.354358906008065e-8
-4.041224003250253e-8
-3.753534518821321e-8
-3.483286146548108e-8
-3.235665307848302e-8
-3.002349196692963e-8
-2.789294931561624e-8
-2.587777521835347e-8
-2.404556146242629e-8
-2.2304118424380395e-8
-2.0729439953599914e-8
-1.9223542117481002e-8
-1.7871281233855624e-8
-1.6567947367316995e-8
-1.5407849306685808e-8
-1.4278632596486984e-8
-1.3284691889065229e-8
-1.230506253794442e-8
-1.1454837006087748e-8
-1.060351851659905e-8
-9.877824680325798e-9
-9.136492379285385e-9
-8.518800707073624e-9
-7.871562323535908e-9
-7.347681656038643e-9
-6.780795367718414e-9
-6.338623276329751e-9
-5.840133101507834e-9
-5.469273493467743e-9
-5.02880200271077e-9
-4.720385646356496e-9
-4.328952277584221e-9
-4.075345697239802e-9
-3.725090069747008e-9
-3.5199133448009688e-9
-3.2039622199497303e-9
-3.0417923567384193e-9
-2.7540991660366543e-9
-2.6303123272483845e-9
-2.3656045195259792e-9
-2.276387327038281e-9
-2.029904388764915e-9
-1.9721004167488043e-9
-1.7396723495545696e-9
-1.7107057866352262e-9
-1.4885500716403702e-9
-1.486355849543893e-9
-1.271006919040244e-9
-1.2940475598649268e-9
-1.0823714665707379e-9
-1.12948157231301e-9
-9.184841471166673e-10
-9.889056909357804e-10
-7.759046204921679e-10
-8.691395624704507e-10
-6.515148043644656e-10
-7.675019517062009e-10
-5.426498473566337e-10
-6.815064130107435e-10
-4.470802141091969e-10
-6.092746780454548e-10
-3.6272518542893425e-10
-5.490272485456441e-10
-2.8790921362665706e-10
-4.992577691665085e-10
-2.2114831867898764e-10
-4.588072749670516e-10
-1.6108433185904728e-10
-4.265966887276007e-10
-1.0659964345635815e-10
-4.0167674854338783e-10
-5.64828769042973e-11
-3.820789019768438e-10
-4.4057817318168214e-7
-6.125672261937996e-6
-0.000021103885643804463
-0.000049954233843165483
-0.00009702626875122587
-0.00016646174745138943
-0.00026204277464219385
-0.00038729429352264005
-0.0005452976332756325
-0.0007388497798783913
-0.0009702553426007915
-0.001241546000140478
-0.0015542556154942728
-0.0019096967317512013
-0.0023087206788657793
-0.002752044623486822
-0.0032399966617479223
-0.003772884250987916
-0.004350722822305754
-0.00497363434778777
-0.005641556993308031
-0.006354661190421107
-0.007113037349821881
-0.007917116174877697
-0.008767331501574856
-0.009664531738551835
-0.010609615498224326
-0.01160392198170795
-0.012648838216146673
-0.013746157913356939
-0.01489766081690629
-0.016105432018129074
-0.017371416107633826
-0.018697692060661547
-0.020086007500285795
-0.021538007931449152
-0.023054759308933994
-0.024636934394529925
-0.02628433475908528
-0.0279960410707339
-0.029769948361239564
-0.03160289078381501
-0.03349020612769832
-0.035425848668111666
-0.03740200023367959
-0.039409186917740195
-0.041435954285501446
-0.04346900473674813
-0.04549295359564521
-0.04749050373803778
-0.049442297357303586
-0.05132714311698396
-0.053121975411234916
-0.05480214681695076
-0.05634150271960419
-0.05771274818911317
-0.05888764085726159
-0.05983743635962802
-0.06053319610414049
-0.060946308798446314
-0.06104890191041641
-0.06081442819969593
-0.060218159974572166
-0.05923781883954737
-0.05785412037756076
-0.05605141289614877
-0.053818227644913584
-0.05114787937758487
-0.0480389652638482
-0.04449586869433329
-0.04052914115943125
-0.03615584379056283
-0.03139974370148329
-0.02629142842606515
-0.020868254479220087
-0.01517418071858412
-0.009259424104668115
-0.003179980214370234
0.0030030305984365536
0.009224154872794871
0.015414549460112479
0.021503045659951005
0.02741732161250775
0.03308515931177467
0.0384357475503361
0.04340101848021092
0.047916954644324994
0.05192487079224913
0.055372586142788935
0.05821551380065569
0.060417566066028536
0.06195192986956417
0.06280159873135294
0.06295974647795341
0.06242982096138262
0.061225475078139385
0.05937020840341034
0.056896867094237545
0.053846872416516964
0.05026935152809531
0.04622003862365983
0.04176013952160136
0.0369550252693755
0.031872959426696906
0.026583721246595502
0.021157332738722674
0.01566274760857774
0.010166705671652466
0.004732606053086288
-0.0005804080196840853
-0.0057183039257565705
-0.010632776443589717
-0.015281780966184917
-0.01962982368934356
-0.023648164339806935
-0.027314790577535213
-0.03061431817468369
-0.033537693626681166
-0.03608184874410822
-0.03824919910734502
-0.04004712824584942
-0.04148736166215423
-0.04258536207377176
-0.043359659112250565
-0.04383123223875664
-0.04402286648504508
-0.04395858597343101
-0.043663089176142096
-0.043161276905052684
-0.04247780022249237
-0.041636706108934864
-0.04066111103323654
-0.03957296864304645
-0.038392865036012774
-0.03713989814712766
-0.03583157871801583
-0.03448380169639412
-0.033110830264227634
-0.031725335433686754
-0.030338438688696817
-0.02895979610313291
-0.0275976769440952
-0.026259071661841348
-0.024949787754002205
-0.023674565474218874
-0.022437177054974094
-0.02124053879787135
-0.020086804427510385
-0.018977466582125204
-0.017913439037194143
-0.016895144106583146
-0.01592258148968694
-0.014995400611216856
-0.014112955907101104
-0.013274364755498102
-0.012478550265346703
-0.011724286356471502
-0.01101022974300789
-0.01033495410600092
-0.009696973165858951
-0.009094765936530018
-0.008526792720169343
-0.007991513281560112
-0.007487397396221682
-0.00701293753887189
-0.006566655358127609
-0.006147110200893141
-0.0057529026226269915
-0.005382679808222729
-0.0050351369860010846
-0.0047090205752992826
-0.0044031281663818615
-0.004116310031602103
-0.003847468164692025
-0.0035955566369257463
-0.003359580056518444
-0.0031385931284291634
-0.0029316987919057657
-0.0027380472481593394
-0.002556833957075876
-0.002387298325174522
-0.0022287216850090455
-0.002080425782068029
-0.0019417708183557792
-0.0018121538370261272
-0.001691006881177416
-0.0015777953455844362
-0.0014720162801957187
-0.001373196756779985
-0.0012808923313196118
-0.0011946854576065475
-0.001114184112638525
-0.001039020277644579
-0.0009688487236679561
-0.0009033455723110672
-0.0008422072341412272
-0.0007851490555949833
-0.0007319044005889112
-0.0006822233854603379
-0.0006358720924940593
-0.0005926313926237362
-0.0005522962785061335
-0.0005146747729757583
-0.0004795873694518261
-0.0004468660224815035
-0.0004163536836212648
-0.0003879033701954316
-0.0003613777852640727
-0.0003366484599164957
-0.0003135954469009317
-0.00029210653168231307
-0.00027207699027824585
-0.0002534088641288018
-0.00023601077349837672
-0.00021979725117869247
-0.00020468860425069266
-0.0001906103015151964
-0.00017749287669596362
-0.0001652713654726468
-0.00015388524422718671
-0.00014327791184962242
-0.000133396658867574
-0.00012419219051434033
-0.00011561862122184955
-0.00010763303567129905
-0.00010019550374736159
-0.00009326867706507537
-0.00008681782037616238
-0.00008081044097915274
-0.00007521633268134678
-0.00007000723571149295
-0.00006515689094664283
-0.00006064072727309931
-0.00005643592369991286
-0.000052521121904644766
-0.00004887649471349546
-0.00004548348110574712
-0.000042324859822557916
-0.000039384504693322156
-0.00003664746175592771
-0.000034099723223131915
-0.00003172830731354663
-0.000029521048951432616
-0.0000274666812129232
-0.000025554641257191925
-0.000023775152900026907
-0.000022119046103286464
-0.000020577840105693507
-0.000019143575469945713
-0.000017808896802022166
-0.000016566896479960904
-0.000015411196472776527
-0.000014335802996974689
-0.000013335186623142846
-0.000012404147141329559
-0.000011537892062387788
-0.000010731909991076308
-9.982047965538014e-6
-9.284392777898128e-6
-8.635346458857959e-6
-8.031514769626368e-6
-7.469781362855613e-6
-6.947202262917736e-6
-6.461078963243143e-6
-6.008858121450519e-6
-5.588203745399104e-6
-5.196901058351653e-6
-4.832928651550326e-6
-4.494365186911322e-6
-4.179462238532882e-6
-3.886552843350249e-6
-3.6141250202272072e-6
-3.360732439285042e-6
-3.125068234101256e-6
-2.905877302972712e-6
-2.7020303255994985e-6
-2.512438031063356e-6
-2.3361249638315547e-6
-2.1721456024049702e-6
-2.0196578623105262e-6
-1.8778405985128625e-6
-1.7459674454683993e-6
-1.6233247656151718e-6
-1.5092867802453958e-6
-1.4032326913416133e-6
-1.304623877286184e-6
-1.212920022628111e-6
-1.1276581539954138e-6
-1.048367302432671e-6
-9.746504024562713e-7
-9.060960745932697e-7
-8.423643134058638e-7
-7.830957667886104e-7
-7.280001685918287e-7
-6.767620973802984e-7
-6.291350272569407e-7
-5.848416430854843e-7
-5.436730359948567e-7
-5.053846329820036e-7
-4.698007888321399e-7
-4.3670464762426414e-7
-4.059496905467238e-7
-3.773427012612553e-7
-3.5076296289241025e-7
-3.2603720101018884e-7
-3.0306725546513324e-7
-2.8169647346613653e-7
-2.618473619887148e-7
-2.4337695247585316e-7
-2.2622573768153314e-7
-2.1026221836797534e-7
-1.954433292658193e-7
-1.8164659154137993e-7
-1.6884388302640053e-7
-1.5691978131039287e-7
-1.4585990140140817e-7
-1.355540735900269e-7
-1.260007441591028e-7
-1.170933302267578e-7
-1.0884234717917623e-7
-1.0114321110334794e-7
-9.40179583911553e-8
-8.736263789122679e-8
-8.12106005625871e-8
-7.545698572151975e-8
-7.014632747752175e-8
-6.517145551665825e-8
-6.058812430319514e-8
-5.628584828137688e-8
-5.233140679503785e-8
-4.860974642151907e-8
-4.519913344106181e-8
-4.19788383767888e-8
-3.903848829642684e-8
-3.625073384596801e-8
-3.3717298939547136e-8
-3.130292355546566e-8
-2.9121466523904677e-8
-2.7028875711844113e-8
-2.515212984386829e-8
-2.333709452843849e-8
-2.172424001128582e-8
-2.0148133921204098e-8
-1.87640125566121e-8
-1.7393415850007296e-8
-1.62077970166678e-8
-1.501396712740977e-8
-1.4000678023488558e-8
-1.2958525582705973e-8
-1.2095129763118707e-8
-1.1182925511182872e-8
-1.0450053644559712e-8
-9.648991957237178e-9
-9.030002427530741e-9
-8.323767089564414e-9
-7.804329349757297e-9
-7.178623283854525e-9
-6.746715951222339e-9
-6.1890480431086785e-9
-5.834210294342997e-9
-5.333761228524076e-9
-5.047137271793662e-9
-4.59440624340779e-9
-4.368488703214439e-9
-3.955042069720095e-9
-3.7835309069284015e-9
-3.4018882344122574e-9
-3.2795530600264176e-9
-2.9230818171989498e-9
-2.845687476246225e-9
-2.508387749183157e-9
-2.472305082473504e-9
-2.1489476861540994e-9
-2.151511899876875e-9
-1.837141917247794e-9
-1.876136810503663e-9
-1.5662647240741983e-9
-1.6401553742144942e-9
-1.3306664411552832e-9
-1.438285271280809e-9
-1.1252857769641013e-9
-1.2660765864568568e-9
-9.457520829081475e-10
-1.1195975789928831e-9
-7.884897693974919e-10
-9.957111166900718e-10
-6.50114063435873e-10
-8.914092772268967e-10
-5.279179003176898e-10
-8.042996710558562e-10
-4.1938737175750497e-10
-7.323617510885535e-10
-3.2239747679899367e-10
-6.737070436904709e-10
-2.350065023960764e-10
-6.268833385597407e-10
-1.555391439544253e-10
-5.906548786569686e-10
-8.245436098253412e-11
-5.621032824768044e-10