1.2406178114104112e-9
1.2406250189127794e-8
1.0151786123491266e-7
4.301373131454999e-7
1.3139222880333648e-6
3.266134749132536e-6
7.047281746089797e-6
0.000013709521422040953
0.00002464127294431983
0.000041608305110625674
0.00006679332944657589
0.00010283218780781218
0.0001528477422699384
0.00022048006414051693
0.0003099138919865399
0.000425901922904587
0.0005737851784497186
0.0007595086137471122
0.0009896338096499844
0.0012713461862502915
0.0016124595050531698
0.0020214140166287943
0.002507272309092988
0.0030797077503802355
0.003748991270309076
0.00452596949484245
0.005422042116257965
0.006449129180598785
0.007619638804286148
0.008946423187177723
0.010442736593758235
0.012122179839848783
0.013998648687520545
0.016086266804319887
0.01839932503151104
0.020952203142795604
0.023759300834334068
0.02683494900690044
0.030193333781285137
0.03384839847344954
0.037813762436269285
0.04210261535925387
0.04672763324099569
0.05170086707989703
0.05703365874440873
0.06273652647695718
0.06881908379741956
0.0752899244638397
0.08215654776448927
0.08942524561572165
0.09710103762423881
0.10518756281999539
0.1136870276780829
0.12260010457580425
0.1319258955594744
0.1416618390096153
0.15180369136730265
0.16234544276087887
0.17327931825319495
0.18459570243391868
0.19628316112514027
0.20832837430129184
0.2207161787154194
0.23342950809403246
0.2464494569192024
0.25975522674390883
0.2733242114384249
0.2871319487100299
0.3011522274835517
0.3153570442450176
0.3297167337960761
0.3441999307675133
0.3587737256328847
0.3734036325052983
0.3880537728580235
0.4026868513639896
0.4172643700956319
0.43174661454435226
0.4460929010323988
0.4602615750476572
0.47421029411313914
0.4878960401230477
0.5012754389419363
0.5143047875072607
0.5269404099763153
0.5391386989891371
0.5508565062995294
0.5620511958414738
0.5726810645790892
0.5827054030223371
0.592084939683775
0.6007819026463792
0.6087604787621896
0.6159868680451202
0.6224297468690203
0.6280603056182009
0.6328527039082185
0.6367840813049573
0.6398349921815487
0.6419893795182683
0.6432349774494525
0.6435632391116702
0.6429696960706018
0.6414538326570672
0.6390193930046572
0.6356741959809861
0.6314303822018885
0.6263041652650029
0.6203160126589456
0.6134903304795973
0.605855573702585
0.5974438631350705
0.5882910224215332
0.5784361281121488
0.5679214735270471
0.5567920559979375
0.5450954717238078
0.5328813487111888
0.5202011820316214
0.5071077265031144
0.49365478776411226
0.47989659448677596
0.46588756634472955
0.45168169029103333
0.4373322904894593
0.42289143562901627
0.40840973704031064
0.39393581322902677
0.37951614010199103
0.36519459466478427
0.35101237571943944
0.3370076415731902
0.32321551167912116
0.30966780447037245
0.29639312161293946
0.28341668322288505
0.27076048818352566
0.25844323641413397
0.24648055227748647
0.23488497820943974
0.22366624429104473
0.2128313148122677
0.20238468571909943
0.19232846543038543
0.18266268274192077
0.17338538492314753
0.16449294113547
0.15598014380745576
0.14784049598926938
0.1400663055443717
0.13264894847256106
0.1255789489897244
0.11884621422410416
0.11244009638948592
0.10634959709429173
0.10056341033502691
0.09507009682503642
0.08985810838095179
0.08491593417405152
0.08023210829376266
0.0757953307267789
0.07159446055846774
0.06761861490998972
0.0638571505038894
0.06029974386317555
0.056936363942818376
0.053757336732604424
0.05075331144718366
0.047915312372028826
0.04523470079457843
0.042703216562467686
0.04031293758825455
0.038056313202326
0.03592612271482419
0.033915502275196456
0.03201790365240544
0.030227115977871692
0.028537225622049592
0.026942633906279916
0.025438018715261572
0.024018349018087533
0.022678848661612228
0.021415008339506728
0.020222551857499108
0.019097446027191236
0.01803586957556643
0.01703422131212742
0.016089091766377708
0.015197269876966797
0.014355717376649143
0.013561574175307671
0.012812135467267805
0.012104855921633033
0.0114373294575288
0.01080729231113733
0.010212605406898145
0.009651256337653284
0.009121344251143543
0.008621080755084231
0.00814877723615112
0.007702844683457312
0.007281783359814837
0.006884181523303768
0.006508707376537249
0.006154106655501416
0.005819196790803258
0.005502863324725634
0.005204056228220582
0.004921785100418993
0.004655117595890826
0.004403173355112666
0.0041651245078491005
0.003940188277899483
0.003727629540089817
0.0035267520376866535
0.0033369029822505666
0.0031574628171943744
0.0029878518615233667
0.0028275185479683085
0.0026759481233708787
0.0025326492845162522
0.0023971649595917388
0.0022690572591961876
0.0021479203749118205
0.002033363756910888
0.0019250271772618627
0.001822562039040883
0.0017256486635790155
0.0016339756289778286
0.0015472593521422553
0.001465221347062532
0.0013876101842230856
0.0013141765509180295
0.0012446976825322082
0.0011789500984780992
0.001116736611971834
0.001057856605890417
0.001002135740072717
0.0009493936214630446
0.0008994763407219835
0.0008522213804161876
0.0008074931258850198
0.0007651448439246216
0.0007250573264903846
0.0006870977602681901
0.0006511616759624772
0.0006171285163147689
0.0005849070784957476
0.0005543875744702031
0.0005254907694526746
0.0004981163139926745
0.00047219579762532285
0.000447637116600344
0.0004243816788463962
0.00040234455484256676
0.00038147608787774046
0.00036169755810410884
0.0003429674708938171
0.0003252124455611477
0.00030839847447127996
0.00029245672819735443
0.0002773600990024074
0.0002630435932471368
0.00024948649502939984
0.00023662699439401316
0.00022445033036434683
0.00021289727984541827
0.0002019586641128627
0.00019157729816125712
0.0001817492710184377
0.00017241892857776595
0.00016358736598903208
0.0001551999886269077
0.0001472626843729312
0.0001397214772107105
0.00013258687857631865
0.0001258051160209356
0.00011939119608145195
0.00011329115639387316
0.00010752440785504587
0.00010203642238174609
0.00009685095962626679
0.0000919125641180733
0.00008724932160521032
0.00008280449844984057
0.00007861051493851917
0.00007460901637962497
0.00007083679561942353
0.00006723353914510214
0.000063840478723172
0.00006059500678106947
0.000057542887730482256
0.00005461888479771871
0.00005187341539280738
0.00004923827619706597
0.00004676868408607162
0.0000443931274599555
0.00004217179493311375
0.000040029518389248735
0.00003803165614262003
0.000036099026792783596
0.00003430238206683786
0.00003255815999144224
0.00003094275540525224
0.000029367846001551686
0.00002791574581007002
0.000026492978024204175
0.00002518807887747884
0.000023902006562860114
0.000022729850168723228
0.000021566574113843403
0.000020514179479200714
0.000019461187907282625
0.000018516901093809243
0.000017562926678712378
0.000016716286220019718
0.000015851177871385374
0.0000150927942104417
0.000014307402068408094
0.000013628849538746634
0.00001291492178389639
0.000012308641823659888
0.00001165873205978416
0.0000111179464868027
0.000010525330583614004
0.000010043963881128791
9.502565280816508e-6
9.075174960160172e-6
8.579497563466425e-6
8.201211766499239e-6
7.746279600002622e-6
7.412741193005348e-6
6.994044147630819e-6
6.701360640358142e-6
6.314805644860217e-6
6.0595043352478456e-6
5.70137139541641e-6
5.4803592075214335e-6
5.147261798705568e-6
4.957789336278428e-6
4.646638695124404e-6
4.486268082535378e-6
4.194240985063835e-6
4.060817114726109e-6
3.7853267766494876e-6
3.676951621559183e-6
3.415621387885558e-6
3.330631073158877e-6
3.0812706043419973e-6
3.0182149654665404e-6
2.778798652714037e-6
2.7364230359237754e-6
2.505070407096211e-6
2.482299494694024e-6
2.2572573976403814e-6
2.2531808611867252e-6
2.0328072287888653e-6
2.0466670395489873e-6
1.8294160667499613e-6
1.8605953037305537e-6
1.6450038757086e-6
1.6930168976098954e-6
1.4776921303672543e-6
1.5421759837479803e-6
1.325783748325156e-6
1.406490704566768e-6
1.1877450201103954e-6
1.2845361426982463e-6
1.0621893324624768e-6
1.1750289874738391e-6
9.47862504507601e-7
1.0768137379578142e-6
8.436295730372277e-7
9.888502875084554e-7
7.484628810368208e-7
9.102027507770635e-7
6.614313367583985e-7
8.400294101489809e-7
5.816907258894543e-7
7.775736672755149e-7
5.084749697063243e-7
7.221559029874813e-7
4.410882339525682e-7
6.731661523859901e-7
3.7889780315583057e-7
6.300575164039782e-7
3.213276423185419e-7
5.923402356893427e-7
2.6785257550537366e-7
5.595763612919671e-7
2.1799302027981729e-7
5.313749644174478e-7
1.7131022012736344e-7
5.073878269632244e-7
1.2740189305512784e-7
4.873053204589234e-7
8.589628639388959e-8
4.7083681390043364e-7
4.632048067614474e-8
4.5668895481285656e-7
-1.2473840799925935e-9
-1.2473549995075543e-8
-1.0197813665134432e-7
-4.3180310053753675e-7
-1.3180676783896803e-6
-3.273807855400987e-6
-7.057431193917344e-6
-0.000013715586283344311
-0.000024625495302044884
-0.00004153392620029165
-0.00006659359946389422
-0.00010239747904317283
-0.00015200894783098115
-0.00021899147439759128
-0.0003074321529948517
-0.00042196710023944737
-0.0005677976496925043
-0.0007507117594404698
-0.000977091557210081
-0.0012539306844092943
-0.0015888310731430593
-0.0019900156383504675
-0.0024663112672910375
-0.003027155746292619
-0.003682563108130926
-0.004443123287634029
-0.00531994533957956
-0.006324648176693131
-0.007469276846520429
-0.008766282905861907
-0.010228409013576438
-0.011868658114264354
-0.013700142138793418
-0.015736040285467774
-0.017989408703943915
-0.02047312986056083
-0.023199681789318936
-0.026181082875390584
-0.02942862162287533
-0.032952804175467816
-0.03676304848862799
-0.04086764536189842
-0.0452734241363043
-0.04998574155223476
-0.05500812910813373
-0.06034232706190791
-0.06598792567465232
-0.07194246337746629
-0.07820107451096256
-0.08475667035985071
-0.09159960408132552
-0.09871795054134698
-0.10609719473050012
-0.11372062122779455
-0.12156902597879884
-0.12962121952660388
-0.13785375465428354
-0.14624154055437896
-0.15475757198860346
-0.1633736457971683
-0.17206007231172915
-0.1807864821712509
-0.18952149854973374
-0.19823362145566842
-0.20689083972584535
-0.2154615810853704
-0.2239142446157393
-0.23221820623032394
-0.2403432536586642
-0.24826063679910373
-0.2559423865651845
-0.26336239659691646
-0.27049560400820144
-0.27731908331674937
-0.28381106218098046
-0.2899520019094999
-0.2957234171479231
-0.30110891295274517
-0.3060927773400372
-0.3106609459693096
-0.31479934351446737
-0.31849475607262306
-0.3217329132688902
-0.324499266660369
-0.3267768294929592
-0.32854688605418775
-0.3297866387220811
-0.3304699066305479
-0.3305646677397185
-0.330033842694847
-0.3288328599946672
-0.3269106590039435
-0.32420744449602057
-0.3206560759864239
-0.3161802070041339
-0.31069624754022884
-0.30411209262218275
-0.29632983810016633
-0.28724527831326563
-0.276751507843307
-0.2647392950145521
-0.25110160159602585
-0.23573480975499453
-0.21854403641094713
-0.19944501279288784
-0.17836987674619562
-0.1552693035153264
-0.1301182656505482
-0.1029178384551824
-0.0737002775464714
-0.04252983032583247
-0.009506452117841045
0.025235003976976936
0.06152299209482976
0.09915213762387154
0.13788365469320654
0.17745036879959697
0.2175592661165165
0.2578983864700497
0.2981410319019306
0.33795387777128505
0.37700205417217597
0.41495758140524003
0.45150438291479544
0.48634609370901777
0.5192101043218453
0.5498539265291543
0.5780675863463557
0.6036780171695376
0.6265494516285074
0.646585668969615
0.6637283938471864
0.6779575650927763
0.6892880531970783
0.6977683723485112
0.7034762239905018
0.7065162077361602
0.7070147690306394
0.7051174776422774
0.7009839185079163
0.6947850261050513
0.6866983443117607
0.6769057708180701
0.665589465133442
0.6529302083334527
0.6391040932819558
0.6242815710256451
0.6086249372148165
0.5922880342206626
0.575414463354353
0.5581378464615276
0.5405806453726869
0.5228548551559157
0.5050612944251041
0.4872905969679492
0.46962284049282016
0.4521287151158766
0.43486937519797336
0.41789768414563555
0.40125819701180065
0.3849884050938954
0.3691187808394095
0.35367396873847207
0.33867284566995187
0.32412962434081627
0.3100539000139844
0.2964516483534323
0.28332524309616164
0.27067434162278475
0.2584958678521115
0.24678478666680856
0.23553405274036518
0.22473527980459515
0.21437865998872488
0.20445353654814014
0.19494830029383417
0.18585087545838222
0.1771486005107617
0.1688286368507639
0.160877841203863
0.1532831062144027
0.14603123104484064
0.1391092019750282
0.13250406703049836
0.1262031635911137
0.12019400200438686
0.1144644460882424
0.1090026098472331
0.10379699569791495
0.09883640765113927
0.09411005113361781
0.089607465353865
0.0853185877554353
0.08123370775535547
0.07734349814154784
0.07363899195444745
0.07011158252691488
0.06675302496430877
0.06355540600416848
0.060511171322163416
0.05761306595038155
0.05485418848318455
0.052227902420993386
0.04972791825926057
0.047348175807869944
0.04508295510497098
0.04292672948910146
0.0408743062808138
0.03892065014371887
0.03706105451102861
0.035290934557939795
0.033606030411101495
0.032002168858240566
0.030475499462289928
0.029022223951702508
0.027638866461927987
0.026321969376161485
0.025068399032943965
0.023875006619100223
0.022738970810989606
0.021657422154905487
0.020627824250436706
0.019647559887358498
0.018714352529622804
0.017825812309514216
0.016979899731585285
0.016174429452393876
0.015407578292885749
0.014677344555028487
0.013982102609977027
0.013320015318954118
0.012689637652620154
0.01208927959251959
0.011517661434665809
0.010973224347267739
0.010454840220484367
0.009961066846507341
0.009490915395423521
0.009043046963098385
0.008616600984685292
0.0082103296633104
0.0078234908744281
0.0074549167439359075
0.007103974852823003
0.006769566974633536
0.006451162659152295
0.006147723867074686
0.005858815294946661
0.005583450357037192
0.005321282913457989
0.005071369745518962
0.004833448664312493
0.0046066123049321095
0.0043906779264549535
0.004184767009971676
0.003988772413696732
0.003801837900395353
0.0036239286841426572
0.0034542046318678877
0.0032927006317335613
0.0031385868113212832
0.0029919655743273986
0.002852011751259465
0.002718893592206996
0.0025917853140972405
0.002470919803460787
0.0023554655470440344
0.0022457192916337096
0.0021408388389613005
0.0020411844310552507
0.0019458983553655167
0.001855404376579205
0.0017688245313369035
0.0016866465111849609
0.0016079674254365235
0.001533339660453561
0.0014618307527914701
0.0013940589051492844
0.001329057438224494
0.0012675118380774733
0.0012084165415253104
0.001152526124941163
0.0010987914230977838
0.0010480382463013548
0.00099916903263635
0.0009530833055172706
0.0009086302112615872
0.0008667858011276127
0.0008263409101688048
0.0007883512713014027
0.0007515442403682202
0.0007170587279319181
0.0006835532710338259
0.0006522538029605115
0.0006217445071084991
0.0005933425409070083
0.0005655519806908462
0.0005397857756171723
0.0005144618986658935
0.0004910940349381246
0.00046800779149184916
0.00044682292394875684
0.00042576611929442265
0.0004065689418128508
0.00038735228790460547
0.00036996568901534466
0.000352417038340485
0.0003366804304995784
0.000320643174157241
0.0003064109800000462
0.0002917425944819213
0.00027888287531177477
0.00026545360413452287
0.00025384681673471307
0.00024153847353561734
0.00023107634467106728
0.00021978122731440854
0.00021036573315629136
0.0001999856372262114
0.00019152807957248147
0.00018197340253677392
0.00017439357128778702
0.00016558249918017306
0.00015880791430206327
0.00015066568172476385
0.00014463090650140996
0.00013708912445687348
0.0001317351440246998
0.00012473118835926465
0.0001200048468367462
0.00011348130159501573
0.00010933479336772657
0.00010323894448443762
0.00009962935351794355
0.00009391272699060544
0.00009080161087222784
0.00008541955221356489
0.00008277256592270807
0.00007768385647024761
0.00007547041300826854
0.0000706369195710656
0.0000688298838856993
0.00006421623837466718
0.00006279165136900767
0.0000583649580930159
0.00005730178852624582
0.00005303135556475255
0.00005231127670598976
0.00004816837007903477
0.00004777555991699126
0.00004373317731411355
0.00004365413923072501
0.00003968680212083935
0.000039910204987088016
0.00003599376654469805
0.00003651030241839634
0.00003262177029161223
0.00003342402815058583
0.000029541400050442474
0.00003062375443673536
0.000026725865643188345
0.00002808437883280213
0.00002415075975831557
0.000025783096559302024
0.000021793839984766283
0.000023699194177858035
0.000019634830306994528
0.000021813861700253086
0.000017655240841552708
0.000020110022284789816
0.00001583820330226992
0.000018572177307669216
0.0000141683219414762
0.00001718626557411731
0.000012631537481295178
0.000015939535793276877
0.000011215003653741836
0.000014820430661516359
9.906974480152279e-6
0.000013818481411129221
8.696702039331448e-6
0.000012924212414715835
7.574342730741659e-6
0.000012129054179634544
6.530872139855925e-6
0.000011425264494236712
5.558007634496402e-6
0.000010805857064534727
4.648137348616793e-6
0.000010264536524176056
3.794255597282357e-6
9.795639534945352e-6
2.9899039849721185e-6
9.394081671310137e-6
2.229116940007084e-6
9.055304496518649e-6
1.5063364478607435e-6
8.774946205826494e-6
8.141006310002558e-7
8.530801172848361e-6