0.00022666697457233225
0.0009066140255968502
0.0020381950218599774
0.0036202661863178115
0.0056498158755366405
0.008124056807478897
0.011038900491839627
0.014389969842447016
0.018172201054057098
0.022379721433049792
0.02700660044491652
0.0320455869852835
0.03748999854956143
0.04333133073117444
0.04956226219096494
0.05617315666615074
0.06315615680332934
0.0705006026565999
0.07819818554374547
0.08623730918191881
0.09460927406108954
0.1033016088395935
0.1123052556508836
0.12160690048774446
0.13119713004015243
0.14106179067731658
0.15119108767862371
0.16157000314999975
0.17218830875987262
0.1830300735531673
0.19408456149118788
0.20533486070128454
0.21676963722264114
0.22837091779825336
0.2401266712396416
0.2520177774683626
0.26403140782370915
0.27614721371595824
0.28835147699481933
0.3006225522861492
0.3129457581829086
0.3252981080762489
0.3376639123776357
0.35001883337689454
0.36234616789764973
0.37462026235883233
0.38682344415245445
0.3989288335921844
0.4109178908485929
0.4227626617980417
0.4344439055572961
0.4459328113917228
0.4572096698079521
0.468245097679735
0.4790192135851536
0.4895024082423819
0.4996749824609286
0.5095074999594547
0.5189808441052969
0.5280661903308403
0.536745435921963
0.5449908296550994
0.5527857273861244
0.5601039172473854
0.5669306527477793
0.5732417128880961
0.5790246639089505
0.5842576949381526
0.5889310593594741
0.5930257279949358
0.5965349612273751
0.5994428231311387
0.6017458358750563
0.6034313995488128
0.6044994809265757
0.6049409849208567
0.6047594304490743
0.6039493204317854
0.6025177582376035
0.6004628638868703
0.5977952853186574
0.5945167089181225
0.5906412206114104
0.5861739589513221
0.5811322817610247
0.5755246097387544
0.569371355018669
0.5626840025677511
0.5554857576348518
0.5477909111345698
0.5396251635942945
0.5310053193246388
0.5219592452802378
0.5125059372114263
0.5026750729781608
0.49248749216442406
0.4819743049485779
0.4711578248911565
0.46007019651959213
0.44873481914004637
0.4371844587967025
0.4254431988955603
0.4135440050276555
0.401511235770774
0.3893776318755564
0.3771674176975191
0.36491268933232707
0.3526371336866499
0.3403717933116123
0.3281394262414825
0.3159696286236766
0.30388385435223514
0.2919098803086685
0.2800675007522572
0.2683823242243722
0.25687215383129086
0.245560109653107
0.2344617025172833
0.22359728092388784
0.21297980252322388
0.20262660976521146
0.19254789978576897
0.18275783775330978
0.1732637219358558
0.16407644763631563
0.15520035967151605
0.14664308262137393
0.13840604783819094
0.1304937074960368
0.12290471784285621
0.1156405554748528
0.10869733330028752
0.10207383797023428
0.09576395044479506
0.08976412398573491
0.08406637771845202
0.07866523532397028
0.07355125780362899
0.06871746411439882
0.06415336848190883
0.05985090564726909
0.05579893836697325
0.05198871150158701
0.04840879650337724
0.04505010004733814
0.041901214019980704
0.03895300555863422
0.03619434302923544
0.033616295050729036
0.031208204966400494
0.028961526616872676
0.026866221729273252
0.024914259870284994
0.02309631493276871
0.02140495591124916
0.01983162024212276
0.01836952089210404
0.017010875723607464
0.015749554977408382
0.014578547121253643
0.013492369241834775
0.012484751025978427
0.01155082894005013
0.010685031117607694
0.009883074564062677
0.009140034802544864
0.008452163746802733
0.007815128999985868
0.0072256685215527465
0.006679985486610603
0.006175254451796154
0.0057081586657868
0.005276261123471726
0.004876672168437235
0.00450729761598954
0.00416562540173179
0.0038498618492913204
0.0035578269913419144
0.0032879890516768523
0.003038458892578196
0.0028079318662200536
0.0025947726225081123
0.002397872654221322
0.0022158174308203613
0.00204766720779923
0.0018921991340057202
0.0017486182113044166
0.0016158676561196365
0.0014932762741245405
0.001379930942229872
0.0012752660985965534
0.0011784927509500944
0.0010891352693427532
0.0010065118226699164
0.0009302231953868338
0.000859680008928836
0.0007945478596199278
0.0007343170979611237
0.0006787081993244098
0.0006272802544431326
0.0005798001336030997
0.0005358861888118652
0.0004953444528898774
0.0004578443702764389
0.0004232249818133471
0.0003911997894439925
0.00036163561295656367
0.00033428395629266766
0.00030903498172240684
0.00028567298429427944
0.00026410770971761424
0.0002441517606998114
0.00022573128526839401
0.00020868333626271318
0.0001929477751704613
0.0001783827856092924
0.00016493967239005763
0.000152494893046181
0.0001410092812992783
0.00013037510905454454
0.00012056112640369772
0.00011147330134029112
0.00010308694369611494
0.00009531989236865229
0.0000881528770357632
0.00008151403406116683
0.00007538855646745044
0.0000697135209069371
0.00006447778228453218
0.00005962618618414737
0.00005515057888418013
0.00005100256325684564
0.00004717641695543565
0.00004362962582253994
0.00004035843206255348
0.000037325448295955377
0.00003452849293502625
0.000031934650847442
0.000029542994347857863
0.00002732451355634351
0.00002527926789288348
0.000023381661152096214
0.000021632519663722273
0.000020009234337066656
0.000018513217290993318
0.000017124476074987088
0.000015844860195285908
0.000014656671783946242
0.000013562076686474365
0.000012545391383643369
0.000011608999841628066
0.000010738988814933133
9.937881190372268e-6
9.193321202540489e-6
8.507907268736093e-6
7.870655397352076e-6
7.284189256084132e-6
6.738734395187555e-6
6.236900295076839e-6
5.769980176468012e-6
5.34053883545284e-6
4.940812965206067e-6
4.573299526554471e-6
4.2310698450298865e-6
3.9165359052913215e-6
3.6235081830329515e-6
3.354301440292919e-6
3.1033814487501165e-6
2.8729574667952135e-6
2.6580768389952993e-6
2.4608382295042814e-6
2.2768056716953885e-6
2.1079646905765232e-6
1.9503388406888708e-6
1.8057999764532764e-6
1.6707807513475994e-6
1.547040388639221e-6
1.4313761212612826e-6
1.325436788929911e-6
1.2263448532347412e-6
1.1356419292164905e-6
1.0507408893118669e-6
9.730799490147912e-7
9.003315518797454e-7
8.338348073618378e-7
7.71494388231612e-7
7.14554898098969e-7
6.611289732179459e-7
6.123714907610768e-7
5.665814939590529e-7
5.248289896046604e-7
4.85580258762309e-7
4.498252902022964e-7
4.1618054312886873e-7
3.855607719733955e-7
3.567174170142331e-7
3.304946668991152e-7
3.05765395647865e-7
2.8330774023423544e-7
2.621039230942081e-7
2.4287036464610763e-7
2.246878453371635e-7
2.0821520596491568e-7
1.926221464790998e-7
1.7851385527921534e-7
1.6514033472003455e-7
1.5305683038221667e-7
1.4158594346872936e-7
1.312364669300812e-7
1.213967067519306e-7
1.1253227369399505e-7
1.0409101114353482e-7
9.649840047340852e-8
8.925630381514285e-8
8.275291256690822e-8
7.653916907581002e-8
7.096860717715757e-8
6.563683301976395e-8
6.086515523648505e-8
5.628989409837976e-8
5.220237185031858e-8
4.827609654561783e-8
4.477445634826758e-8
4.1405001473697276e-8
3.8405060585816825e-8
3.551342335394835e-8
3.294306418415201e-8
3.04615225588134e-8
2.8258959056050793e-8
2.6129459374926335e-8
2.4241753200324695e-8
2.2414528096635697e-8
2.0796317202228264e-8
1.9228703286723876e-8
1.7841113349576235e-8
1.6496537534085766e-8
1.5306249612870925e-8
1.4153361731211275e-8
1.3131813305207204e-8
1.2143742123359087e-8
1.1266443004723997e-8
1.0420159644826388e-8
9.66610601704115e-9
8.941878723689168e-9
8.293050883186146e-9
7.673976899288837e-9
7.114908699304788e-9
6.586514845444401e-9
6.1039247825777925e-9
5.653823460491771e-9
5.2362980988117886e-9
4.85389485895112e-9
4.491618275776296e-9
4.167859784567249e-9
3.852380314703506e-9
3.5795392626532954e-9
3.303570606088395e-9
3.075061870274361e-9
2.832310554356539e-9
2.6425333723836126e-9
2.4275525345677776e-9
2.2717561857811024e-9
2.0798177246217196e-9
1.9539870528700037e-9
1.7809728208896642e-9
1.6817301488953309e-9
1.5240387340681123e-9
1.4485592059443407e-9
1.3030241525082259e-9
1.2489660485532428e-9
1.112785622204928e-9
1.0782298567880752e-9
9.489062585464748e-10
9.323055638612385e-10
8.075918912087891e-10
8.077275821081658e-10
6.855815729768406e-10
7.015288836784418e-10
5.800719791954815e-10
6.111696451406218e-10
4.886514239236488e-10
5.344774623012067e-10
4.092432020981637e-10
4.695948688442962e-10
3.400573719222522e-10
4.149363665924314e-10
2.795497871089269e-10
3.6914977529109534e-10
2.2638548725025253e-10
3.3108370398493045e-10
1.7940901518000612e-10
2.997607461142536e-10
1.376171355092788e-10
2.7435251771215977e-10
1.0013669593777704e-10
2.541605033344119e-10
6.620310266244016e-11
2.38586231507284e-10
3.5051402859224884e-11
2.2637821148281752e-10
0.00035938624885802675
0.001437979330396446
0.003230543007992549
0.005735396127262474
0.008943230393575205
0.012848543420170644
0.017438975813269232
0.022705323375999394
0.028632580253370076
0.03520809486379634
0.04241458714304203
0.050236249503894784
0.058653849472163865
0.06764867788226894
0.07719978502696692
0.08728572936480518
0.09788396529871331
0.1089703767401194
0.12052081920657061
0.13250844340983237
0.14490738551339963
0.1576879001851632
0.1708221865818742
0.18427735977316262
0.19802339432602514
0.21202396891338002
0.22624650350510006
0.24065091559372237
0.2552017210328117
0.26985474304333756
0.284571241224621
0.29930261774680655
0.3140065346764327
0.3286296666757852
0.3431257640198922
0.3574365083915756
0.3715114778351828
0.3852871718626322
0.3987088344866924
0.4117077261075638
0.4242247604835265
0.4361861123913633
0.4475286222936239
0.4581738388491915
0.46805513943569593
0.47709031357640463
0.4852103370578277
0.49233060509000887
0.4983812820165466
0.5032772912539701
0.5069501420944859
0.5093167779266262
0.510312758037484
0.5098600579504299
0.50790145989317
0.5043673914334824
0.4992113560825797
0.49237589078219274
0.48382885023253175
0.47352856150224976
0.4614607634448693
0.4476030380449152
0.4319621999260738
0.41453808831975475
0.3953612005206663
0.3744559343743757
0.3518782626854711
0.32767852289117155
0.3019389363778006
0.2747360493797511
0.24617791227031027
0.21636628454197046
0.18543330551647833
0.1535035879827404
0.12073023462693631
0.08725696072583114
0.05325334028273069
0.018877118085891622
-0.015691395268263388
-0.05028663945291954
-0.08472430382578393
-0.11883806813961505
-0.15244700447709614
-0.18539152349479604
-0.21750165864564344
-0.248631992354658
-0.2786307844167503
-0.30737365711823655
-0.33473352372986637
-0.36061282729884536
-0.3849142306098583
-0.4075712286495832
-0.4285195767366599
-0.44772612969485626
-0.4651610087253437
-0.480824560192732
-0.494720293954472
-0.5068799016613287
-0.517337040133854
-0.5261504037648125
-0.5333784757493097
-0.5391007103180134
-0.5433934286895673
-0.5463492292984564
-0.5480542559719032
-0.5486060080973931
-0.5480922429590054
-0.5466073897114337
-0.5442333516836553
-0.5410547256610679
-0.5371417323512943
-0.5325643995204382
-0.5273777675452718
-0.5216351156442328
-0.5153754743035363
-0.5086358741545366
-0.5014410689432781
-0.4938146909494594
-0.48577097374416867
-0.47732463220223503
-0.46848429792496893
-0.4592609246485868
-0.449662625129944
-0.43970143956690605
-0.42938929068054027
-0.418743034129108
-0.4077813144961587
-0.39652792169674744
-0.385009412396365
-0.3732568999743029
-0.36130438079657223
-0.34918916589300125
-0.33695090294146135
-0.32463090295626873
-0.312271870021725
-0.29991638417092276
-0.2876073445271239
-0.2753858470734704
-0.2632923219691356
-0.2513640036673301
-0.23963671098396508
-0.22814205911016408
-0.216909801335265
-0.2059648874841206
-0.19533026539911882
-0.18502385391905846
-0.1750616928028955
-0.165454872533789
-0.15621292269798942
-0.14734072489824
-0.13884203917378848
-0.13071641792684585
-0.12296278460082581
-0.1155763631475007
-0.10855223989612356
-0.10188232238709967
-0.09555883188133912
-0.0895713056511357
-0.08390998242485802
-0.078562862407919
-0.07351896040003957
-0.06876543742420986
-0.06429070611010165
-0.0600816467178342
-0.05612655682487204
-0.052412462854340536
-0.04892791147960299
-0.04566038570713044
-0.04259893913725421
-0.039731723423941864
-0.03704846899550447
-0.03453812850463348
-0.032191209160657736
-0.029997534723553813
-0.02794843550415828
-0.02603462963353445
-0.02424827725410288
-0.022580980250230774
-0.021025707331131155
-0.019574910149780123
-0.01822232597338898
-0.016961207130725655
-0.01578600784836669
-0.01469072322338801
-0.013670466621307338
-0.012719913841107775
-0.011834777249040503
-0.011010350451668954
-0.010242885100080569
-0.00952823117955117
-0.008863122170254065
-0.008243905972229173
-0.0076677438571275455
-0.007131427046666804
-0.0066324946409661726
-0.00616813093595117
-0.005736207268395104
-0.005334255276472761
-0.0049604373592564855
-0.004612591240359316
-0.0042891335037074894
-0.003988170999778566
-0.0037083416892887875
-0.0034479886277947436
-0.0032059421256364646
-0.002980752251104267
-0.002771416098135613
-0.002576664957902477
-0.0023956402758752234
-0.0022272318499562058
-0.0020707058571646153
-0.001925090642445228
-0.0017897599996260247
-0.0016638633168209668
-0.0015468671103735072
-0.0014380264854194037
-0.0013368877436165938
-0.0012427983055552378
-0.0011553730402227979
-0.0010740399756453563
-0.0009984728362027618
-0.0009281700369767472
-0.0008628557605890757
-0.0008020898928547957
-0.0007456398228830156
-0.0006931191317282561
-0.0006443321595410132
-0.0005989394039294825
-0.0005567767657475399
-0.0005175457503970098
-0.0004811091790419556
-0.0004472044147584767
-0.0004157172082696014
-0.0003864162910675134
-0.00035920691448062706
-0.00033388526544102893
-0.00031037315193717293
-0.0002884908048570656
-0.0002681740642669487
-0.00024926422983154433
-0.0002317090104167376
-0.00021536817941249293
-0.00020019946309763232
-0.00018607884364655935
-0.00017297248187675396
-0.00016077059179591774
-0.0001494464166879483
-0.00013890267584373874
-0.000129118541666003
-0.00012000773026390816
-0.00011155436040837302
-0.00010368182642024212
-0.00009637835734889356
-0.00008957587230151464
-0.00008326600047130092
-0.0000773881763002499
-0.00007193682665285263
-0.00006685801753957505
-0.00006214846331276409
-0.00005776008700021466
-0.000053691459690757564
-0.000049899682270583716
-0.00004638481921974967
-0.00004310855324840608
-0.000040072136689087476
-0.00003724131090388427
-0.000034618259839110744
-0.0000321723236180639
-0.000029906403660422262
-0.000027793034203522115
-0.000025835655678979104
-0.000024009640601959926
-0.0000223188203754725
-0.000020741091952769594
-0.000019280555600914748
-0.000017917356164907352
-0.000016655762266495715
-0.00001547792277254207
-0.000014388192595504119
-0.000013370509194716322
-0.000012429247225955274
-0.000011549942455413406
-0.000010736935827793552
-9.977192958029096e-6
-9.274978771741552e-6
-8.618539514624444e-6
-8.012030896545424e-6
-7.444847481014762e-6
-6.921010523986879e-6
-6.430945531626931e-6
-5.978519991505587e-6
-5.555086413057431e-6
-5.164344605890422e-6
-4.798481680427115e-6
-4.461019993595132e-6
-4.14489911157316e-6
-3.85345780367927e-6
-3.5803150823171458e-6
-3.3286228986688693e-6
-3.092614446000357e-6
-2.875253772297028e-6
-2.6713305033104595e-6
-2.483621438797918e-6
-2.3074211862109007e-6
-2.145321095366893e-6
-1.993074950131417e-6
-1.8530916437646172e-6
-1.7215433853003269e-6
-1.6006603553566966e-6
-1.486996762449913e-6
-1.3826083214487537e-6
-1.2843988805372231e-6
-1.1942542240639632e-6
-1.1093991369776246e-6
-1.0315540094694258e-6
-9.58239186339918e-7
-8.910141002021575e-7
-8.276723838581826e-7
-7.696167020689964e-7
-7.148941481520532e-7
-6.647547754401214e-7
-6.174817811289855e-7
-5.741761706027862e-7
-5.333423726520736e-7
-4.959354664003293e-7
-4.6066811542160456e-7
-4.2835204966187775e-7
-3.978973463984306e-7
-3.699743915583183e-7
-3.43681112494769e-7
-3.195482967280594e-7
-2.968541852190783e-7
-2.759906155460323e-7
-2.56410027538566e-7
-2.3836556192996287e-7
-2.2147919004765285e-7
-2.0586481686334706e-7
-1.9131067990630277e-7
-1.7779011944120958e-7
-1.6525588286730962e-7
-1.5353835016114638e-7
-1.4275438854565964e-7
-1.3258850737878213e-7
-1.2332234121730526e-7
-1.1449043983412892e-7
-1.0654158707701486e-7
-9.885541843815794e-8
-9.2051199868563e-8
-8.5347607455072e-8
-7.953936514176073e-8
-7.36769143501486e-8
-6.873676584641202e-8
-6.359260302324181e-8
-5.941069024079905e-8
-5.487820521505975e-8
-5.136030426833088e-8
-4.734662318627418e-8
-4.441220419148697e-8
-4.083635886920997e-8
-3.841654500597086e-8
-3.5207768940350625e-8
-3.3244063646279515e-8
-3.034025462224393e-8
-2.87830262209321e-8
-2.6129505867236904e-8
-2.4936981471047616e-8
-2.2485468103186963e-8
-2.1622719717689297e-8
-1.9330283631089748e-8
-1.8768489390740633e-8
-1.6596524922586466e-8
-1.631222983844541e-8
-1.42260286696922e-8
-1.4200564713759725e-8
-1.2168471440175143e-8
-1.2387285190491976e-8
-1.0380228647358654e-8
-1.0832825526511652e-8
-8.823584292379005e-9
-9.50285051985983e-9
-7.465916207937288e-9
-8.367852222553344e-9
-6.278824441598946e-9
-7.402567828874117e-9
-5.237803363910496e-9
-6.585223259656525e-9
-4.321434397043631e-9
-5.897062481606461e-9
-3.511274745604392e-9
-5.3221744857199714e-9
-2.79107380848533e-9
-4.8468467787990154e-9
-2.146621141868856e-9
-4.459374758568928e-9
-1.5656365674192732e-9
-4.14991005333876e-9
-1.0371561110038749e-9
-3.909866053893833e-9
-5.501099519552961e-10
-3.7203325453218913e-9
-0.0006559788039963794
-0.0026262912341247983
-0.005892513948817942
-0.010447548483612344
-0.01626100215706292
-0.02330994751768202
-0.03155538079954842
-0.04095902723445741
-0.05147450448117243
-0.06304918795542717
-0.07563053965044035
-0.08915281657387937
-0.10355853741662417
-0.11877010666710118
-0.13472621086321632
-0.1513385630001691
-0.1685429381067656
-0.18624131884337486
-0.20436723963393133
-0.2228136669136377
-0.24151230018938308
-0.26034756081122956
-0.27924948695582275
-0.2980942375261004
-0.31681021060236497
-0.3352654959338813
-0.35338683950520416
-0.37103449994811144
-0.3881336733637049
-0.40453722647821816
-0.42016918434453143
-0.4348758268018236
-0.4485808262671998
-0.46112520464808854
-0.4724336886052929
-0.48234403206375476
-0.490784131781569
-0.49759122646327336
-0.5026992860906717
-0.5059486026648169
-0.5072829326619709
-0.5065499968254951
-0.5037078167396174
-0.49861664213498397
-0.49125388084382404
-0.4814979722609097
-0.4693512664487382
-0.454716362566119
-0.43762624997053945
-0.4180136318865647
-0.3959476020306618
-0.37139647819540444
-0.3444702556903712
-0.3151774846299453
-0.2836727199005706
-0.2500079912923246
-0.21438446191762284
-0.17689906285195361
-0.13779958021349936
-0.09722705567673075
-0.0554735477583252
-0.012720935297222295
0.030699359714765072
0.07457048927107025
0.11852915175026416
0.16233191409312026
0.20559347041097184
0.24805441957218696
0.2893193310879606
0.32912520529778216
0.36707980039533245
0.4029299958257676
0.4363007765635773
0.46696273482573586
0.49457206458219966
0.5189364739643489
0.5397565166008615
0.5568892449377099
0.5700911934425248
0.5792791750334474
0.5842752288064508
0.5850640383187556
0.5815401554339957
0.5737615899647966
0.5616996142848303
0.5454881307852235
0.5251763454728483
0.5009735600181134
0.47300497888132176
0.44155160024003626
0.40680939873974664
0.36912401407221956
0.3287535429816973
0.2860977585680535
0.24146476380918394
0.19529453008115702
0.14792971865103915
0.09983340841671147
0.051364480859390965
0.0029895096310272374
-0.0449367839429262
-0.09196539882765697
-0.13776691000468982
-0.18193092391317084
-0.22417354585179353
-0.26414220793498355
-0.30161602542968285
-0.33631580253429944
-0.36809660911144154
-0.3967628627002678
-0.42225259222459194
-0.44445765088619765
-0.4633993344017266
-0.47905397181063025
-0.4915198013081442
-0.5008483754935915
-0.5072028274536996
-0.5106956718089397
-0.5115387779094173
-0.5098882144075951
-0.5059863570592613
-0.5000143955394273
-0.4922270304549258
-0.48281314092734157
-0.472023478936858
-0.46003980827217766
-0.4470959097763434
-0.4333552821336931
-0.4190256616967892
-0.40424516094994767
-0.3891904117621569
-0.37397083880733306
-0.3587304759902775
-0.34354994729085825
-0.32854199038707044
-0.3137606498677648
-0.2992905654463376
-0.2851628644822198
-0.27143832247813005
-0.2581294592401377
-0.2452777416547414
-0.23288142515720528
-0.2209670296800843
-0.20952251234941707
-0.19856329759229446
-0.18807040928180116
-0.17805137058979884
-0.1684829596034549
-0.15936731291505732
-0.1506789968465994
-0.14241665297680886
-0.1345540984600004
-0.1270878449691095
-0.11999195801913673
-0.11326176667258159
-0.1068722251913418
-0.10081811239472248
-0.09507565092003079
-0.08963947471276643
-0.0844872727158536
-0.07961378222584174
-0.07499823551270751
-0.07063561669009513
-0.06650670177623494
-0.06260679781855226
-0.05891817920162437
-0.05543651025235923
-0.05214549301323742
-0.049041158454810094
-0.046108553262450384
-0.04334407003132512
-0.040734012672253975
-0.03827512243889377
-0.035954873186645246
-0.03377033767744699
-0.03171007500892045
-0.029771470237560996
-0.02794408676798633
-0.026225601834098382
-0.024606506465865957
-0.023084749683733207
-0.02165167783174659
-0.020305491407952046
-0.019038324073283912
-0.01784860779596398
-0.016729199742713745
-0.01567874380943484
-0.014690760897734995
-0.013764087884968515
-0.012892853532873538
-0.012076069470471502
-0.011308420198916471
-0.01058907468998219
-0.009913224683133109
-0.009280179994286014
-0.008685594582060325
-0.008128903588659366
-0.007606181515314016
-0.0071169743441603095
-0.006657738639167016
-0.006228117796612081
-0.0058249150074838035
-0.005447858728021787
-0.005094066226801309
-0.004763339727004991
-0.004453080750817097
-0.004163155032140804
-0.003891221082650925
-0.003637198891526313
-0.003398979088922309
-0.0031765276161779756
-0.0029679445807705056
-0.002773234471565526
-0.00259068629926058
-0.0024203365349421023
-0.0022606444274335144
-0.0021116726430869884
-0.00197203376182556
-0.001841811571654757
-0.0017197566910070621
-0.0016059696083276299
-0.0014993251643070382
-0.0013999367171175837
-0.0013067908603845153
-0.0012200105248654455
-0.0011386828160056168
-0.0010629374156819159
-0.0009919518144781891
-0.0009258600499253346
-0.000863920882868131
-0.0008062706866936316
-0.0007522412928240409
-0.0007019697236763752
-0.0006548535096403213
-0.0006110289262980307
-0.000569952577380106
-0.0005317588514643938
-0.0004959574746314176
-0.00046268002827905817
-0.00043148401552050387
-0.0004024974827552991
-0.000375320910948321
-0.0003500782484040692
-0.0003264086444410205
-0.0003044315274286514
-0.00028382084672777703
-0.0002646912081989415
-0.0002467478893122377
-0.00023010047107651675
-0.00021448244274959827
-0.00019999824397696057
-0.00018640677748927683
-0.00017380729481362406
-0.0001619816002779838
-0.00015102376938594143
-0.0001407362516654535
-0.0001312080058054445
-0.0001222601003957937
-0.00011397647523423259
-0.00010619499682633542
-0.00009899471424085313
-0.00009222865557120026
-0.00008597113011791405
-0.00008008885715901764
-0.00007465157498029574
-0.00006953837096199217
-0.00006481459422132012
-0.000060370510300329526
-0.000056267269248901646
-0.00005240524352470108
-0.00004884157974682061
-0.000045485793796931414
-0.00004239122474094501
-0.00003947566504156867
-0.0000367888427473872
-0.00003425604495359545
-0.00003192358314181695
-0.000029723534529066846
-0.000027698985504098193
-0.000025788167390671044
-0.000024031127592127704
-0.00002237167847618691
-0.00002084700939497314
-0.0000194059962577978
-0.000018083143396082192
-0.0000168319243624695
-0.000015684324752465694
-0.000014597994142556856
-0.000013602558254832696
-0.000012659462330907452
-0.000011796123766661328
-0.000010977439406006769
-0.000010228761565761398
-9.51812816765934e-6
-8.868962146230057e-6
-8.25216132830173e-6
-7.689348090557882e-6
-7.154025311854315e-6
-6.666135321984961e-6
-6.201557174264849e-6
-5.778665115979275e-6
-5.375506627029555e-6
-5.008994784910968e-6
-4.659156587139216e-6
-4.341542845623862e-6
-4.037990504890191e-6
-3.762780027833903e-6
-3.4994049219218703e-6
-3.260960281988076e-6
-3.032457722767459e-6
-2.8258870609858616e-6
-2.6276516382128695e-6
-2.4487098017636623e-6
-2.2767436997260283e-6
-2.121747585681343e-6
-1.9725801997338615e-6
-1.8383342600219161e-6
-1.7089530156427356e-6
-1.5926855568107445e-6
-1.480476024992118e-6
-1.3797826311036973e-6
-1.282476444715964e-6
-1.1952717825359916e-6
-1.1109009266955896e-6
-1.0353763779119517e-6
-9.622326970415175e-7
-8.968199187089821e-7
-8.334220922272094e-7
-7.767607925289486e-7
-7.218242640685361e-7
-6.727348536012307e-7
-6.251456529799228e-7
-5.826055537458547e-7
-5.413975448259507e-7
-5.045197220320391e-7
-4.688551766499204e-7
-4.3687072321644164e-7
-4.060239202550815e-7
-3.782650729959204e-7
-3.516073037520791e-7
-3.274958304799711e-7
-3.044825303257295e-7
-2.8351641261566346e-7
-2.636756760198119e-7
-2.454186773085649e-7
-2.2834280991530223e-7
-2.1241614381040224e-7
-1.9775260279744507e-7
-1.838275694942526e-7
-1.7127168980439112e-7
-1.590615630802156e-7
-1.4835017970675004e-7
-1.376064666242466e-7
-1.285129377596518e-7
-1.1901804615631627e-7
-1.1134788480932885e-7
-1.0291190786921381e-7
-9.649762024238024e-8
-8.895480935675004e-8
-8.365317696087687e-8
-7.685785109824374e-8
-7.254655431686262e-8
-6.637081306935813e-8
-6.294628104116654e-8
-5.727669265198998e-8
-5.465120916016785e-8
-4.938751955933917e-8
-4.748803563025334e-8
-4.254014607929925e-8
-4.130593858565735e-8
-3.65935186421784e-8
-3.5975198718213516e-8
-3.142448423604009e-8
-3.1383210327289797e-8
-2.6927504439190463e-8
-2.7432649632417267e-8
-2.300992771448235e-8
-2.4039479772238877e-8
-1.959174943872169e-8
-2.1131202590500377e-8
-1.6603508032206942e-8
-1.8644873363349224e-8
-1.3984634629296698e-8
-1.6526430526434524e-8
-1.16826168124713e-8
-1.4729814544250251e-8
-9.65141578120476e-9
-1.3214479755523247e-8
-7.851689246284881e-9
-1.1946544830515389e-8
-6.248382546535202e-9
-1.089627037246445e-8
-4.81066286236847e-9
-1.0038636693901144e-8
-3.5120111818501772e-9
-9.352477846404298e-9
-2.3286241041852107e-9
-8.818825531552214e-9
-1.2359783804656193e-9
-8.395641020207785e-9
-0.00031322715243401015
-0.0012537950518417339
-0.0027945075592441587
-0.004924307184717584
-0.007594163356627863
-0.010773872330668415
-0.014399955516001369
-0.018426308482934067
-0.02278008566292551
-0.02740394307037194
-0.032221180348678
-0.03716846243648249
-0.0421707151326428
-0.04716372092379287
-0.052078963300621416
-0.05685576661402704
-0.06143615836505656
-0.06576640244915408
-0.0698019008024414
-0.07349809532812691
-0.0768254149122562
-0.07974960637043145
-0.08225672489851545
-0.08432300375260143
-0.08594987251730989
-0.0871234942284704
-0.08785977211672678
-0.08815367964713176
-0.08803418481373743
-0.08750348416104396
-0.08660174073559587
-0.0853363199133237
-0.08375621092791297
-0.08187136162119467
-0.0797366410698734
-0.07736139026131911
-0.07480278816994725
-0.07206577860074787
-0.0692057224106976
-0.06621892393316658
-0.06315448067599894
-0.05999570653997332
-0.05678111564258941
-0.053477110707352137
-0.05010804599778064
-0.04662060352680099
-0.04302285920035082
-0.039240795159043156
-0.03526623579287165
-0.03100593574239772
-0.026438158764026616
-0.021454739758142244
-0.016025958448289836
-0.010035910139743686
-0.0034551940013911823
0.0038301435589431507
0.011838709916949285
0.020671047856214247
0.030323226793410908
0.04087018654091196
0.052273578149510225
0.06457101926685162
0.0776789614136012
0.09158769482958634
0.1061600012577027
0.12133172010718457
0.1369069036906873
0.15276372615423947
0.16864680139482305
0.1843781868087352
0.1996474564967188
0.21422752000992407
0.22776296055719628
0.2399903429545461
0.25052521848922293
0.25908652107969693
0.2652824982391778
0.26883867914220644
0.26938281428205696
0.2666757441931367
0.2603952321558857
0.2503688829410553
0.2363565608776016
0.21828433182246196
0.19602500965792713
0.16963195502084083
0.1391172237103324
0.10468398232208943
0.06650177048133404
0.02493630566800307
-0.01967846820355659
-0.06681431052259616
-0.11597989416589422
-0.16649940265872548
-0.21774665170602148
-0.26892902029590643
-0.3193236528650591
-0.36806706459234956
-0.41439204617931874
-0.45742291937326784
-0.49641119394050315
-0.5305360824845297
-0.5591364205228725
-0.5815157358148434
-0.59716752041648
-0.6055839662271234
-0.6064714734863169
-0.5995621973112132
-0.5848167880261758
-0.5622382114935719
-0.5320592037581404
-0.4945584469209513
-0.4502310723511767
-0.3996081286657227
-0.3434095796117065
-0.28236893939032875
-0.21736939382534934
-0.14927628836497753
-0.07905802240555986
-0.007629540329168541
0.0640397001159756
0.13506811548713504
0.2045644925751625
0.2717536997472278
0.33588750699706976
0.39635205975494153
0.45258555446135385
0.5041671326929732
0.5507407554988474
0.592086373224574
0.6280500752406514
0.6585993509207423
0.68376008280731
0.7036583054362614
0.7184647878411164
0.7284258918332629
0.7338163755801199
0.7349618127588164
0.7321999301727581
0.725896686998965
0.7164160497779821
0.7041313705392167
0.6894031060791818
0.6725866780982234
0.6540173325852848
0.6340152806201799
0.612876701569421
0.5908766786869855
0.5682652773038398
0.5452686043071521
0.5220889186809639
0.4989040404536884
0.4758705453715271
0.45312170258788204
0.4307729372816387
0.40891846382132585
0.3876383445906494
0.3669939882065459
0.34703627198660725
0.327800080796274
0.30931308409035707
0.2915894934076296
0.2746391881923696
0.25846086618537567
0.24305129481261592
0.2283980187672207
0.2144885774035147
0.20130291901008038
0.1888224724174715
0.17702239959726035
0.16588044472533972
0.15536913757473317
0.14546436857415537
0.1361376364207608
0.1273643157174487
0.11911602428558538
0.11136856279726695
0.10409446103280307
0.09727057804797104
0.09087087241622897
0.08487365796720739
0.07925463094110631
0.07399378102811666
0.06906869824795188
0.0644611424414447
0.06015064440586014
0.05612073951834386
0.05235287098191162
0.0488322951426432
0.04554228942674276
0.04246973831590531
0.03959964442418456
0.0369204051471372
0.03441862218699842
0.03208407963450966
0.02990484488419554
0.027871959453522527
0.02597482248442237
0.024205605961155684
0.022554910769729007
0.021015918171233595
0.01958030755741201
0.018242156125009946
0.016994106940851936
0.015831028736496014
0.014746422631217617
0.013735853841284389
0.012793585342549478
0.011915793093625266
0.011097414988066129
0.01033516094471332
0.009624565680821554
0.008962804720804199
0.008345939799132382
0.007771551493113232
0.007236166391122379
0.00673771670006684
0.006273138680611557
0.005840669198138837
0.005437605323163051
0.005062447394559273
0.004712810116663353
0.004387421288487785
0.004084175152311785
0.0038019955405271862
0.0035390226711369595
0.0032943490400087847
0.0030663312948088
0.002854206800222434
0.0026565226471845973
0.0024726404203105046
0.00230127481128339
0.0021418937263150786
0.0019933593889588587
0.0018552305336733321
0.0017264992925733256
0.0016068018380461769
0.0014952447348302656
0.0013915300341518749
0.0012948651416931467
0.0012050080251665139
0.0011212549975676198
0.0010434113696570265
0.0009708518763792206
0.0009034218022504626
0.0008405650989459439
0.0007821606957974138
0.0007277136738526831
0.0006771311799308305
0.0006299723184545756
0.0005861678143425845
0.0005453245454030994
0.0005073928466634479
0.00047202187559749424
0.0004391781926366698
0.0004085484025089383
0.0003801124093979185
0.00035359001294560746
0.0003289720095043846
0.00030600764838153516
0.0002846965436311449
0.0002648140934370309
0.0002463669721187459
0.00022915382052231606
0.0002131868904352281
0.0001982854955980348
0.0001844662257273436
0.00017156680057297697
0.00015960710047488517
0.00014844125146417974
0.0001380915565228464
0.00012842677598481978
0.00011947091399605674
0.00011110579588725275
0.00010335653360168942
0.00009611663108886479
0.00008941181454708271
0.00008314603818201668
0.00007734524445076436
0.0000719227471152047
0.00006690437954759596
0.0000622118512170652
0.00005787062680735224
0.0000538099507174885
0.000050054714759308766
0.00004654093604668194
0.00004329277288636773
0.000040252337213724135
0.000037442931965440244
0.00003481215923484863
0.000032382378819188945
0.000030106141369211645
0.00002800480132071775
0.000026035379758740233
0.000024218178808718304
0.000022514265422239842
0.000020942863672791004
0.00001946870405659682
0.000018109922629813528
0.000016834571805471657
0.00001565969933173632
0.000014556375466719047
0.000013540566433828069
0.000012586091822471155
0.00001170784964294547
0.000010882166283272853
0.000010122892012122428
9.408642590528193e-6
8.752244857377882e-6
8.134410469153047e-6
7.566969083958627e-6
7.032555532419565e-6
6.542027391951273e-6
6.079790595712801e-6
5.655757246311646e-6
5.255969547946299e-6
4.889419872683955e-6
4.5436650043053426e-6
4.226803037086643e-6
3.927800022140083e-6
3.653883970120299e-6
3.3953352883058255e-6
3.1585334468857236e-6
2.9349922870763854e-6
2.7302597664840513e-6
2.53701406743852e-6
2.3599889983098827e-6
2.1929633901771976e-6
2.039870508739649e-6
1.8955416827889605e-6
1.763117854520924e-6
1.6384394416958552e-6
1.5238612636847064e-6
1.416199028552861e-6
1.3170224248787235e-6
1.2240992789975393e-6
1.1382111769621e-6
1.0580601519076907e-6
9.836290800420052e-7
9.145511703758065e-7
8.49996609162656e-7
7.905226708976512e-7
7.344721931076389e-7
6.833333061869043e-7
6.346001764379867e-7
5.907038910266014e-7
5.482592153557925e-7
5.106626154153155e-7
4.7361424996460877e-7
4.415033014622326e-7
4.090772898141608e-7
3.8175252547122046e-7
3.5327685892222907e-7
3.3013653257039827e-7
3.0502498079041263e-7
2.8555301262433637e-7
2.632973376692867e-7
2.4704958769692607e-7
2.2720540044929917e-7
2.1380617259296316e-7
1.959831018691646e-7
1.851099953341762e-7
1.689672136513196e-7
1.603481097877683e-7
1.4558205455006407e-7
1.3898832432100644e-7
1.2533299916474534e-7
1.205709050118883e-7
1.0778989531636112e-7
1.0470258313649245e-7
9.258226030442404e-8
9.10403736685658e-8
7.938859686842295e-8
7.9289613698114e-8
6.793196206573452e-8
6.919502463914041e-8
5.796902356366216e-8
6.053735052734541e-8
4.9292829010309845e-8
5.3126896743705704e-8
4.1721037496440513e-8
4.6799265468903744e-8
3.50974714286244e-8
4.1416793342181746e-8
2.928665612712008e-8
3.68572986575931e-8
2.4169080464997462e-8
3.301665618544564e-8
1.9641951278127747e-8
2.980715575007715e-8
1.5616257945585556e-8
2.7152168142392017e-8
1.201212256425486e-8
2.498889654858358e-8
8.762166063363793e-9
2.3260929052282668e-8
5.8057141595737684e-9
2.1919494169567917e-8
3.079519570469166e-9
2.0859455213149106e-8