3.907370630431448e-6
0.000023443394981008586
0.00008034771070206825
0.0001896807561324072
0.0003703774195450206
0.000638890121252916
0.0010130030075279333
0.0015091140840464586
0.002144167182801341
0.002934090809397389
0.003894976473588268
0.005042046850617909
0.006390455920006868
0.007954546108747159
0.009748431312433409
0.011785429710161336
0.01407851044711569
0.016639840992876385
0.01948114239119219
0.022613314868501416
0.026046728519048008
0.029790904068821226
0.03385475603866804
0.038246313258395226
0.04297292591780621
0.04804101528793424
0.053456252752728514
0.05922333150038247
0.06534612366271149
0.07182746912392123
0.07866931574196996
0.08587252221092491
0.09343698567471896
0.1013614569417579
0.10964365941925625
0.11828011600287433
0.1272662630206585
0.13659628885186487
0.14626324637782936
0.15625890384705346
0.16657385911887676
0.17719740350070912
0.18811764079199403
0.1993213647857183
0.21079418574377526
0.2225204219932605
0.23448323597489962
0.24666453989926326
0.25904514291124753
0.2716046701425322
0.28432172185417526
0.29717380449157377
0.3101375019571393
0.3231884165287397
0.3363013517526605
0.3494502604311562
0.3626084381053699
0.3757484748631824
0.388842458093467
0.40186192470776905
0.4147780718571672
0.4275617063566255
0.4401834623815183
0.45261374542746935
0.4648229565991782
0.4767814292573523
0.48845966026749255
0.4998282384440181
0.5108580838841835
0.5215203682473574
0.5317867638883385
0.5416293567386433
0.5510209072276482
0.5599347569333731
0.56834510314876
0.5762269004765744
0.5835561503423946
0.5903097983261081
0.5964660389891077
0.6020042090237576
0.6069051065410505
0.611150879172236
0.6147253555662735
0.6176139264988292
0.6198038848715721
0.621284296779371
0.622046344902942
0.6220831854688599
0.6213902887113266
0.6199652768628658
0.6178082544779268
0.614921622166961
0.6113103891856607
0.6069819577265246
0.6019464104279534
0.5962162607818448
0.5898067091852274
0.5827353564334998
0.5750224235839506
0.5666904274693786
0.5577643617818618
0.5482713358064834
0.5382407164542434
0.5277037336341953
0.5166935851070147
0.5052450137465294
0.49339437875539244
0.48117921129774277
0.4686382566932166
0.4558110155242317
0.44273776200546394
0.429459077892063
0.41601585259373014
0.4024488173730812
0.3887985332756301
0.3751049335185399
0.3614073061600088
0.34774385334717933
0.33415167681017827
0.3206663635783262
0.30732198351788304
0.294150711787494
0.28118284820820455
0.2684464865549996
0.2559675650202459
0.2437695909892713
0.23187372992891173
0.2202985914478133
0.20906036068106898
0.19817264746568064
0.18764666015710602
0.17749111526718606
0.16771244935137772
0.1583147822243936
0.14930015885448553
0.14066855598806693
0.13241814347158437
0.12454532223289327
0.1170449934159728
0.1099106153105622
0.1031344690990994
0.09670772332166344
0.09062068660747719
0.08486287022951666
0.07942322049184826
0.07429017240761673
0.06945185698487392
0.06489614162380046
0.060610810005681894
0.05658358712262145
0.05280229156549161
0.049254844973497976
0.045929398104307004
0.042814325844341895
0.03989832950338852
0.03717041937517459
0.03461999628055401
0.03223682408562737
0.030011093714274163
0.02793338811810741
0.02599473189596232
0.024186551069277962
0.022500711182425533
0.020929473959582712
0.0194655263982065
0.018101936041078008
0.016832173178187814
0.01565006611211553
0.014549818193794164
0.013525964124275024
0.012573383193324966
0.011687257364801532
0.010863081777067211
0.010096625110821555
0.009383938151167658
0.008721316736769015
0.008105308973586394
0.007532680909233624
0.007000422823152019
0.006505717654366893
0.0060459466659146584
0.00561866057135076
0.005221584775975725
0.004852593091003489
0.0045097126842896795
0.004191100235200703
0.0038950466775787254
0.0036199556280384353
0.0033643479691170797
0.0031268423748259783
0.002906159758494348
0.0027011057186034602
0.002510574860693969
0.0023335349912388045
0.002169031313779841
0.0020161722068992504
0.0018741332896918023
0.0017421446303252284
0.0016194946736964272
0.0015055187385882973
0.001399602799934034
0.001301173144441834
0.0012097000005908104
0.0011246882343181192
0.001045680821206711
0.0009722504750803036
0.0009040029584793957
0.0008405695475972884
0.0007816101788579882
0.0007268066634394434
0.0006758656694213456
0.0006285126081452116
0.0005844944529093044
0.0005435742275980955
0.0005055336642267549
0.00047016823167209533
0.0004372896354842192
0.0004067213312048071
0.000378300870778226
0.0003518758509092911
0.0003273061111204324
0.000304460072934384
0.0002832167951688871
0.0002634626644845801
0.0002450933138915431
0.0002280106294423761
0.00021212453817534568
0.00019735029950394367
0.00018361016895176757
0.0001708309461490739
0.00015894552075022803
0.00014789065193390077
0.00013760840284465184
0.00012804412915753532
0.00011914780827199564
0.00011087221686648564
0.00010317416091085262
0.00009601282424850975
0.00008935090528440682
0.00008315312051493396
0.00007738725351560026
0.00007202279901495763
0.00006703192954811269
0.00006238826717357603
0.000058067772883751185
0.000054047634404741846
0.000050307083172743315
0.00004682638785951246
0.00004358760343282238
0.000040573661130851805
0.000037769053835236735
0.00003515901418458509
0.00003273014019825155
0.00003046965409535437
0.00002836597182136546
0.00002640803592332282
0.00002458583235047776
0.000022889791450939976
0.000021311255141846293
0.000019841940735198625
0.00001847436130660146
0.000017201347644931292
0.000016016424386921903
0.000014913385919838445
0.00001388663059507416
0.000012930786901112548
0.000012041007823185297
0.000011212644055310791
0.000010441500328847279
9.723552847676592e-6
9.055169175326643e-6
8.43286746131959e-6
7.85350124616903e-6
7.314058406645329e-6
6.811812013709671e-6
6.344157259017472e-6
5.9087292792104494e-6
5.50327664412154e-6
5.1257468440655315e-6
4.774195221540822e-6
4.446838598862042e-6
4.141998825827669e-6
3.858124808297385e-6
3.593770124328617e-6
3.3475834975865776e-6
3.1183202040483074e-6
2.9048008168104417e-6
2.7059563931583262e-6
2.520755094207435e-6
2.3482814047153315e-6
2.187630009052486e-6
2.038019556299694e-6
1.8986529423170716e-6
1.768866399137406e-6
1.6479550937269506e-6
1.5353585892455258e-6
1.4304504231458973e-6
1.332761263448944e-6
1.2417308713539204e-6
1.1569705572209571e-6
1.0779756623688792e-6
1.0044292147274028e-6
9.358727824017271e-7
8.720535310803892e-7
8.125510024173572e-7
7.571700965661093e-7
7.055210139842117e-7
6.574610203631523e-7
6.126244552174914e-7
5.709164947077979e-7
5.319897674832159e-7
4.957937118025322e-7
4.61993957920282e-7
4.305812779778178e-7
4.012294807215814e-7
3.739683887734814e-7
3.4847554588858605e-7
3.2481812219802056e-7
3.026732600610246e-7
2.821443022007164e-7
2.629040905588687e-7
2.450914504127795e-7
2.2837120216284086e-7
2.1291741274818837e-7
1.9838328251959299e-7
1.8497830230053313e-7
1.7234052733378707e-7
1.6071545275308383e-7
1.4972248974758791e-7
1.396441044700517e-7
1.3007754915551622e-7
1.2134360195383879e-7
1.1301378312517145e-7
1.0544889322585334e-7
9.819105229225383e-8
9.164316089103171e-8
8.531413702900631e-8
7.965143170734148e-8
7.412678867500254e-8
6.923503828924202e-8
6.440656867634776e-8
6.018681172070502e-8
5.596037391141087e-8
5.2326917432678167e-8
4.8620556077153326e-8
4.5499239384271163e-8
4.2241555666457344e-8
3.95682467353484e-8
3.6696980888928535e-8
3.4416275012109494e-8
3.187707593820435e-8
2.994116697229461e-8
2.7686522253592282e-8
2.6054226201853333e-8
2.404253154650858e-8
2.2678442070235884e-8
2.0873192619580705e-8
1.974695012179503e-8
1.8116034170138147e-8
1.7201695385160234e-8
1.571678006128826e-8
1.499227218012366e-8
1.3628266536402596e-8
1.3074918539787412e-8
1.1809504550453766e-8
1.1411642595513826e-8
1.0224864646892002e-8
9.969465954589769e-9
8.84336907854365e-9
8.719764530872385e-9
7.638077576121205e-9
7.637698640799645e-9
6.585554189597482e-9
6.701717744238106e-9
5.6654030867089364e-9
5.89313036156305e-9
4.859866938545692e-9
5.195732167821996e-9
4.1534768999049105e-9
4.5954818756239615e-9
3.5327479993848775e-9
4.0802203556055796e-9
2.9859167045452906e-9
3.6394282204703424e-9
2.5027089353338537e-9
3.264012830420367e-9
2.074140804617856e-9
2.946127877388015e-9
1.6923448076391265e-9
2.6790127326134513e-9
1.3504185810642866e-9
2.4568560066422935e-9
1.0422926693812092e-9
2.274677020332672e-9
7.626144460766593e-10
2.1282213184384257e-9
5.066363266352078e-10
2.0137820887396605e-9
2.6941064364087244e-10
1.922395258177861e-9
5.57244521647337e-6
0.00003343282225041639
0.0001145410383713657
0.0002702675846848876
0.000527403453905763
0.0009090722796745995
0.0014401472975498122
0.0021433642170698122
0.0030420657883190546
0.004157983153872489
0.005512912491987718
0.0071272724727179755
0.009021240726752575
0.011213743585202555
0.013723271800253388
0.01656713761984695
0.019762073147338112
0.02332366326371384
0.027266778742298155
0.03160512933687965
0.03635155929698708
0.04151768527754213
0.04711407018112804
0.05314992375207206
0.05963316550248669
0.06657017529503712
0.07396575434617705
0.08182292020315311
0.09014277474476891
0.09892434340876913
0.10816435981951705
0.11785715337904588
0.127994361234548
0.13856487180910707
0.1495544761592216
0.1609458780257261
0.17271829818440881
0.18484756432753788
0.19730568364348572
0.21006102822197964
0.2230778924573099
0.23631679133611194
0.24973401975030723
0.2632820813696478
0.276909265859932
0.2905602244125054
0.30417557758193153
0.3176926495203497
0.3310451134603024
0.34416389037143436
0.3569768314290314
0.36940977893913435
0.38138627655673996
0.3928287822970947
0.40365838940503
0.4137961747695232
0.4231629078579389
0.431680514317082
0.43927174839464617
0.44586175155285734
0.45137766536322343
0.4557502679598278
0.45891350829819494
0.46080620741440986
0.461371498967836
0.46055858505395536
0.4583220696410997
0.4546237578592987
0.44943186658183876
0.44272285066933625
0.434480468438808
0.4246976091474753
0.4133751822767425
0.40052391030092765
0.38616300294390143
0.3703218717531685
0.3530385475404684
0.33436127201378935
0.31434662137409414
0.29306093732688654
0.2705781332513045
0.24698094228498818
0.22235840344972824
0.19680692622993604
0.1704274798669677
0.14332649903510142
0.11561282718324846
0.08739851383686834
0.05879558997432017
0.029916832252411686
0.0008724733296237387
-0.028228969545397806
-0.05728392535742629
-0.08619276175931556
-0.11486281943327838
-0.14320710335414122
-0.17114698265984546
-0.19861046776770117
-0.22553445854168383
-0.2518625282871837
-0.2775466519964975
-0.30254448179810595
-0.32682056550256733
-0.3503431878943099
-0.37308518889755193
-0.39502054655634455
-0.4161250035526923
-0.43637265572496015
-0.4557366669888864
-0.47418617233927196
-0.4916873764689226
-0.5082010587932467
-0.5236842936640015
-0.5380887499202233
-0.5513631443801253
-0.5634523752572475
-0.5743006522324692
-0.5838513280157103
-0.5920504808657585
-0.5988471581841288
-0.6041970668910278
-0.6080628587005039
-0.6104175435756461
-0.6112444504420772
-0.6105400282855821
-0.6083132042100444
-0.6045873584649563
-0.5993989458129986
-0.5927985886078203
-0.584848986370107
-0.5756252228424751
-0.5652121227183301
-0.5537039799696548
-0.5412016029940419
-0.5278117245174104
-0.5136439984380807
-0.4988103465479473
-0.48342214012564355
-0.4675896897767227
-0.4514197807922983
-0.43501544027190414
-0.4184739185837383
-0.40188679266155486
-0.3853384143754532
-0.3689063451907815
-0.3526602371035872
-0.33666254935841083
-0.32096779310706186
-0.3056234569160694
-0.2906695313384023
-0.2761395635015998
-0.2620603780445778
-0.24845318710909364
-0.23533343421814262
-0.22271189919415335
-0.21059460656648468
-0.1989838808705335
-0.1878782772521741
-0.1772735581349677
-0.1671626183765917
-0.15753636760979062
-0.14838363433436297
-0.13969194857433936
-0.13144741828423917
-0.12363541427554214
-0.11624041846116023
-0.10924661765530529
-0.10263772694748044
-0.09639750151770084
-0.09050954038477844
-0.08495772636983663
-0.079726016142611
-0.07479881841749664
-0.0701607760776563
-0.06579709200647459
-0.0616933084518602
-0.05783558888339754
-0.05421049891775324
-0.05080525145633116
-0.04760749259434051
-0.04460551616687314
-0.04178805720840065
-0.0391444809953869
-0.03666458586490592
-0.034338770925019656
-0.032157849403388464
-0.030113198414578504
-0.02819658349327368
-0.026400293159567816
-0.02471697488835371
-0.02313975668361718
-0.021662094432019822
-0.02027788227198721
-0.01898131105956849
-0.017766968978741183
-0.01662971069488786
-0.015564749385774722
-0.0145675360584011
-0.013633843969705793
-0.01275965752364274
-0.011941249886383204
-0.011175080852099353
-0.01045786832851399
-0.009786494553565598
-0.009158072025579932
-0.008569857463364215
-0.008019312674889593
-0.007504025674210896
-0.007021766917827859
-0.006570417020090763
-0.006148018735239617
-0.005752710744229698
-0.005382775718601962
-0.0050365796858564665
-0.004712616476656969
-0.004409452209865596
-0.004125766395874943
-0.0038603011170919473
-0.003611899034748565
-0.0033794568737670998
-0.00316196055925657
-0.002958442646198855
-0.0027680147929170966
-0.0025898288057478575
-0.002423106640483421
-0.0022671047598973493
-0.0021211418391177527
-0.0019845661596051656
-0.0018567811810423817
-0.0017372157198523824
-0.001625347536977654
-0.0015206760715032993
-0.0014227441829513855
-0.001331113229711051
-0.0012453830945316111
-0.0011651694168086652
-0.0010901220199525479
-0.001019904122576692
-0.0009542092783636173
-0.0008927424073164943
-0.0008352353492975619
-0.0007814295718056602
-0.0007310904297366078
-0.0006839914197494693
-0.000639927231227678
-0.0005986994295498937
-0.0005601283763666725
-0.000524040234529658
-0.0004902778300453294
-0.0004586888818616206
-0.00042913587084275937
-0.00040148540680070394
-0.00037561716486064604
-0.0003514143114214283
-0.0003287715609430418
-0.0003075865912335245
-0.0002877672692790447
-0.00026922399324330647
-0.0002518761303956066
-0.00023564523031449237
-0.00022046071408975913
-0.00020625390879276166
-0.0001929630226453599
-0.0001805279573458518
-0.0001688945990337653
-0.0001580103707426793
-0.00014782786514748472
-0.0001383011050268224
-0.0001293885386832868
-0.0001210499815225398
-0.00011324899263173611
-0.00010595047418374839
-0.00009912244290321977
-0.0000927342702822215
-0.00008675785831629123
-0.00008116650813499972
-0.0000759355051300438
-0.00007104160853128691
-0.00006646304666710191
-0.00006217962482861063
-0.00005817212808951581
-0.0000544230480947337
-0.00005091538733851484
-0.00004763401002643363
-0.00004456383814475447
-0.00004169183494371015
-0.000039004579290683864
-0.000036490895762218664
-0.00003413878904047863
-0.00003193873830439236
-0.000029879969813290628
-0.000027954438466767594
-0.000026152411553551712
-0.00002446716492348704
-0.000022889846615513996
-0.000021414920364459716
-0.000020034272429125596
-0.00001874344008455081
-0.000017534920575944408
-0.000016405227499898297
-0.00001534735504833253
-0.0000143587106077049
-0.000013432682432870867
-0.000012567502337245128
-0.000011756860018526974
-0.000010999754717252245
-0.000010290091901207826
-9.627592268689546e-6
-9.006298707892109e-6
-8.426616904516254e-6
-7.882653950376005e-6
-7.375473598273117e-6
-6.899178662903836e-6
-6.455471558283813e-6
-6.038386136442459e-6
-5.650251484650871e-6
-5.28497064941093e-6
-4.945494889118846e-6
-4.625536082166089e-6
-4.328669569230571e-6
-4.048357172368672e-6
-3.788806902434277e-6
-3.543171336925949e-6
-3.3163062990234963e-6
-3.1009962294215728e-6
-2.9027652647151094e-6
-2.7139698628226476e-6
-2.5408293920979426e-6
-2.375210993462757e-6
-2.224061941386954e-6
-2.0786968157520125e-6
-1.9468293465380824e-6
-1.8191555813652874e-6
-1.7042008643947503e-6
-1.5919734477935353e-6
-1.491861059863373e-6
-1.3931117788028481e-6
-1.3060330884929347e-6
-1.2190357041698428e-6
-1.1434110873526903e-6
-1.066651089497864e-6
-1.001102153816998e-6
-9.332497284916304e-7
-8.765742787825035e-7
-8.164611739275383e-7
-7.676114901008925e-7
-7.142104132326405e-7
-6.722745978766838e-7
-6.246810714072152e-7
-5.888664055298501e-7
-5.462832747595736e-7
-5.159017840704555e-7
-4.776252619774036e-7
-4.5208106285930005e-7
-4.174885260624087e-7
-3.9626709124663347e-7
-3.648063450546964e-7
-3.474646607957109e-7
-3.18644685444371e-7
-3.048033300452306e-7
-2.781859610747845e-7
-2.675213979927932e-7
-2.427138951083983e-7
-2.3495269939345622e-7
-2.1160126202301104e-7
-2.065144137720572e-7
-1.8429878262469006e-7
-1.816969275372741e-7
-1.603250799756598e-7
-1.600546348781351e-7
-1.392585599257204e-7
-1.411982019206604e-7
-1.2072959925326828e-7
-1.2478723879275175e-7
-1.0441394490996082e-7
-1.1052439417473411e-7
-9.002734602404528e-8
-9.815032003597617e-8
-7.732003610048817e-8
-8.743830648686586e-8
-6.607306360160904e-8
-7.819104298748887e-8
-5.609378031751985e-8
-7.023641413037068e-8
-4.721268055231701e-8
-6.342488662126595e-8
-3.928036205444055e-8
-5.76263677279595e-8
-3.216529133531959e-8
-5.272819039019303e-8
-2.5751034727676427e-8
-4.863260393219417e-8
-1.993449130046895e-8
-4.525536818629572e-8
-1.4624171115601451e-8
-4.252419619877584e-8
-9.738263864582375e-9
-4.037537763502277e-8
-5.189733550276436e-9
-3.864162760189608e-8