-1.6677330511572746e-11
-1.1456152991888691e-9
-8.869048443227869e-9
-3.695301395273999e-8
-1.1241621098654514e-7
-2.787189239371925e-7
-6.004563417368334e-7
-1.1662917105970322e-6
-2.093326169255002e-6
-3.5294037903218484e-6
-5.657351421809773e-6
-8.696462177349732e-6
-0.000012906792120758626
-0.000018589736527158633
-0.00002609259106969415
-0.000035808211641672185
-0.00004818005370689212
-0.00006370095165636382
-0.00008291882685720897
-0.00010643463347152718
-0.00013490887008912533
-0.00016905871594859523
-0.00020966539727967847
-0.00025757048628584724
-0.00031368407214729
-0.0003789801250404671
-0.0004545053182270583
-0.0005413732840513917
-0.0006407738445791104
-0.000753965920024775
-0.0008822868668887635
-0.0010271437539379842
-0.001190022490744685
-0.0013724771703597497
-0.0015761387034770543
-0.0018027019427293302
-0.002053933616940373
-0.00233165699574212
-0.0026377590358494718
-0.0029741724072064003
-0.0033428819043574954
-0.0037459037237307286
-0.0041852913397935464
-0.004663111983209252
-0.005181452314224973
-0.005742392089968239
-0.006348010068068479
-0.007000354857303147
-0.007701451536920074
-0.008453269650432058
-0.00925773101821445
-0.010116674755782103
-0.01103186668195049
-0.012004961122515199
-0.013037512174672949
-0.014130931905858386
-0.015286503540923856
-0.01650533550885398
-0.017788376403721558
-0.019136364211799185
-0.02054984271267407
-0.02202910519721305
-0.023574211892285413
-0.025184927630015518
-0.026860739977615077
-0.028600790711962032
-0.030403894683265074
-0.03226846563220853
-0.0341925364432914
-0.03617368080769159
-0.03820903639558837
-0.040295225033507506
-0.04242838132871713
-0.044604075226371796
-0.04681734955469511
-0.04906264981278491
-0.05133387471659232
-0.053624318565887674
-0.05592673889378538
-0.05823331651951925
-0.06053574363277628
-0.06282520550150741
-0.06509249067769644
-0.06732799629797874
-0.06952185967785897
-0.07166398641126603
-0.07374419971564908
-0.07575228748332544
-0.07767816280091758
-0.079511923239063
-0.08124401353144284
-0.08286528825445444
-0.08436716622611372
-0.08574168678864069
-0.08698164545011994
-0.08808063451623163
-0.08903315098710463
-0.08983461429728269
-0.09048144034735905
-0.09097103231731084
-0.09130181852484229
-0.09147321613325324
-0.0914856346398771
-0.09134041610397536
-0.09103980974361961
-0.09058689534483058
-0.08998553701465119
-0.08924029812765098
-0.08835638329889114
-0.08733955328989623
-0.08619606361557498
-0.0849325863455037
-0.08355615170634605
-0.08207408110997487
-0.08049393523852388
-0.07882345959605336
-0.07707053961925386
-0.07524315734445523
-0.07334935179435581
-0.07139718360244425
-0.06939469777733376
-0.06734989265189666
-0.0652706822569238
-0.06316486670213857
-0.06104009256329196
-0.0589038233634948
-0.056763298087629914
-0.05462550223870778
-0.05249712624827245
-0.050384539068271575
-0.04829374935510514
-0.04623038433509332
-0.04419965694421054
-0.04220635264981062
-0.04025480523696546
-0.03834889350623891
-0.03649202733316301
-0.03468715498043952
-0.03293675974713032
-0.031242877369638038
-0.029607102341597417
-0.028030613813688716
-0.026514189734958973
-0.025058238967757322
-0.02366282088485099
-0.022327681141327323
-0.02105227425484898
-0.01983580057268366
-0.0186772295823548
-0.017575335974022537
-0.016528721857688045
-0.015535850327728758
-0.014595065282930553
-0.01370462144311169
-0.012862700984537692
-0.012067439459177334
-0.011316938907428143
-0.010609289542093673
-0.009942579350910185
-0.009314911711657062
-0.008724411741542827
-0.008169240209367799
-0.007647597036584648
-0.0071577319818285565
-0.0066979457672460135
-0.006266598050060359
-0.005862106658099026
-0.005482953352963406
-0.005127681629979607
-0.004794900736178029
-0.0044832824383963035
-0.004191563701180553
-0.003918542764858704
-0.003663080824264944
-0.0034240976949403614
-0.0032005727703741022
-0.0029915404945616477
-0.0027960908175289896
-0.0026133646393411048
-0.002442553933184754
-0.002282897280853025
-0.002133679790335322
-0.001994228805942981
-0.001863913712962062
-0.00174214187637557
-0.0016283583979460302
-0.0015220423150004256
-0.0014227063543457697
-0.0013298934057688087
-0.0012431763014020666
-0.0011621545664034507
-0.0010864542407904984
-0.0010157249012482258
-0.0009496395341523555
-0.0008878918167804208
-0.0008301960444855124
-0.0007762846560591446
-0.000725908214179957
-0.0006788331577330255
-0.0006348418322418448
-0.0005937304511406919
-0.0005553091715096338
-0.0005194002462843898
-0.0004858381399473881
-0.0004544678541802746
-0.0004251450779965355
-0.000397734670198857
-0.00037211083859854123
-0.00034815576369761795
-0.0003257598020009799
-0.00030482023649366186
-0.00028524149953567367
-0.00026693403688009677
-0.0002498145461752958
-0.00023380494242501536
-0.00021883260867409948
-0.0002048294519123382
-0.0001917321630604675
-0.00017948135334900497
-0.00016802182122892915
-0.00015730176021053132
-0.0001472730307933374
-0.0001378904316149252
-0.00012911197492362727
-0.00012089821367154097
-0.00011321251943561251
-0.00010602045879331897
-0.00009929007293997217
-0.0000929912973098196
-0.00008709624244141939
-0.0000815786513615311
-0.00007641418151884782
-0.00007157989493530215
-0.00006705454126422651
-0.00006281807614285619
-0.00005885194564010557
-0.0000551386286160351
-0.00005166192301080066
-0.0000484065083387158
-0.0000453582344362106
-0.000042503700496339316
-0.00003983054704123117
-0.00003732704814155174
-0.000034982407512994715
-0.00003278636076612624
-0.000030729476650241944
-0.000028802766348120446
-0.00002699799100447681
-0.000025307275215729696
-0.000023723422094324614
-0.00002223952820962202
-0.00002084930754678529
-0.000019546705235389942
-0.000018326231870607777
-0.000017182573422464764
-0.000016110937492033412
-0.000015106656829147352
-0.000014165549208035047
-0.000013283511992794698
-0.000012456897425279731
-0.00001168209567451874
-0.000010955927446888139
-0.000010275212927214052
-9.637183744026397e-6
-9.039035165108485e-6
-8.478359579811721e-6
-7.952679249319318e-6
-7.459903606369085e-6
-6.997839776999775e-6
-6.5646761465888206e-6
-6.15846776996144e-6
-5.777648811533236e-6
-5.4204898410569815e-6
-5.085641927664173e-6
-4.7715626799415805e-6
-4.477094959925511e-6
-4.200858367384925e-6
-3.9418657394050815e-6
-3.698876602682365e-6
-3.4710548392175425e-6
-3.257280432795499e-6
-3.0568519143276503e-6
-2.8687525104613075e-6
-2.692401230684755e-6
-2.5268692876954123e-6
-2.371683958701683e-6
-2.2259908829418597e-6
-2.0894151207160563e-6
-1.96116464772829e-6
-1.8409533482989683e-6
-1.7280407124287953e-6
-1.6222218406736937e-6
-1.5227980066938638e-6
-1.429639119417114e-6
-1.3420794428920646e-6
-1.2600583551384446e-6
-1.1829351161803952e-6
-1.1107141909206556e-6
-1.0427725192164692e-6
-9.791761295223923e-7
-9.193128974310636e-7
-8.633076683504333e-7
-8.105529823260222e-7
-7.612304606271166e-7
-7.14731427543501e-7
-6.712928853665578e-7
-6.302993728604556e-7
-5.920424746027765e-7
-5.558946165066885e-7
-5.222017212133399e-7
-4.903189534862824e-7
-4.606468501586362e-7
-4.3251828766522473e-7
-4.0638918653737336e-7
-3.8156517494897014e-7
-3.5855879850119176e-7
-3.366434957494235e-7
-3.1639013611681877e-7
-2.9703499860804523e-7
-2.7920942190396207e-7
-2.6210748275857013e-7
-2.4642357513509435e-7
-2.3130441582149209e-7
-2.175104818152529e-7
-2.0413581651084204e-7
-1.9201044998011964e-7
-1.8017024177805697e-7
-1.695186971703972e-7
-1.5902774627832268e-7
-1.4967875192086486e-7
-1.4037369371074279e-7
-1.3217665143281124e-7
-1.23913318481041e-7
-1.1673584389418548e-7
-1.0938694344928595e-7
-1.031127038238717e-7
-9.656577521408233e-8
-9.10925902857016e-8
-8.524820618952405e-8
-8.048637953738819e-8
-7.525656277219713e-8
-7.112741574465755e-8
-6.643424465492125e-8
-6.286882859889784e-8
-5.864320798065766e-8
-5.558117380125207e-8
-5.176175148938521e-8
-4.915035658137207e-8
-4.568256717202831e-8
-4.3475803887434233e-8
-4.031102487749752e-8
-3.84688562948313e-8
-3.556366282901538e-8
-3.405135376613638e-8
-3.136685964229927e-8
-3.015438774058591e-8
-2.765566181458447e-8
-2.67172061507741e-8
-2.4372755084134083e-8
-2.3686245398022645e-8
-2.1467555522181827e-8
-2.1014282287726457e-8
-1.8895410969341838e-8
-1.8659684013890237e-8
-1.6616896370537222e-8
-1.6585747594997373e-8
-1.4597191132776828e-8
-1.4760120676125013e-8
-1.2805536256291591e-8
-1.3154289740728824e-8
-1.1214748319282438e-8
-1.174312871933166e-8
-9.800797197650472e-9
-1.0504502770063623e-8
-8.542428856046573e-9
-9.418917771916475e-9
-7.4208370677485514e-9
-8.469214643007109e-9
-6.419369965420862e-9
-7.640293530830893e-9
-5.523273519773991e-9
-6.918881380896169e-9
-4.719464754060982e-9
-6.2933163673321036e-9
-3.996330688565665e-9
-5.7533658085404134e-9
-3.3435518989571278e-9
-5.290061993872191e-9
-2.7519440444553066e-9
-4.895559676327204e-9
-2.213321937516003e-9
-4.563008344855559e-9
-1.7203755092172796e-9
-4.286444118849299e-9
-1.2665614461401623e-9
-4.060688970586508e-9
-8.459880163845669e-10
-3.881110379237758e-9
-4.521071630136988e-10
-3.73380652867786e-9
-1.5059788629680596e-11
-1.0517746670657088e-9
-8.080205672203043e-9
-3.362613518040888e-8
-1.017431341277965e-7
-2.5107494002043447e-7
-5.374116768870064e-7
-1.0370569566616262e-6
-1.8474211593198133e-6
-3.091132660741986e-6
-4.9145824790067525e-6
-7.4936853095918625e-6
-0.000011030500779585588
-0.000015761823415445857
-0.000021954124476021494
-0.00002991621501427146
-0.00003999269838589983
-0.0000525818043210296
-0.00006812731769797888
-0.00008714237167738294
-0.00011019948330422358
-0.00013796070776323088
-0.0001711650579824893
-0.0002106650613799945
-0.0002574105603955395
-0.0003124914596170478
-0.0003771167571195311
-0.0004526631624160478
-0.000540648203468839
-0.0006427844174920441
-0.0007609454702820377
-0.0008972257072772155
-0.0010538983309322694
-0.0012334801599023846
-0.0014386809487496523
-0.0016724731610084143
-0.0019380314265393455
-0.0022388069539950105
-0.002578455897971741
-0.0029609177396855576
-0.003390331028523652
-0.0038711147139050346
-0.00440786941351005
-0.005005460359400181
-0.005668902090595534
-0.006403441415779892
-0.007214423228859251
-0.008107371640797103
-0.009087834380730719
-0.010161459880944052
-0.01133381730413269
-0.01261046672994936
-0.013996751125484378
-0.015497855830671616
-0.017118567827084347
-0.018863319656582778
-0.020735910518274333
-0.022739529144663276
-0.024876431329546207
-0.02714793706090107
-0.02955406112011212
-0.03209348306127728
-0.03476313263945687
-0.03755813801316197
-0.04047137668964294
-0.043493417957491814
-0.04661206262373716
-0.04981230937723809
-0.05307592135509049
-0.05638146065935534
-0.059703933748119185
-0.06301495001037605
-0.06628250690434563
-0.06947133274724282
-0.07254287171657547
-0.07545586333958265
-0.07816657298514704
-0.08062963793203422
-0.08279855908034138
-0.08462680584928994
-0.08606854131187172
-0.0870799293937774
-0.08762001444366932
-0.08765212228178429
-0.0871447661119667
-0.08607298904721701
-0.08441913317357472
-0.08217394734968907
-0.07933704657125557
-0.07591761511248495
-0.0719344068569736
-0.06741591501642002
-0.06239982199705954
-0.0569325802308671
-0.05106830549511912
-0.04486780779316744
-0.03839702008320692
-0.03172561579154444
-0.024925155615984546
-0.018067508028333283
-0.011222959321337572
-0.00445869600281041
0.0021628588635838344
0.00858524949719084
0.01475919561156024
0.020643288555469763
0.026204595679428667
0.0314187526994685
0.03626992675557099
0.04075032532915307
0.04485959687235183
0.048603885059624784
0.0519948410859291
0.055048427840511324
0.057783770958889785
0.06022194462784053
0.0623848893833778
0.06429438666370574
0.06597122411212446
0.0674345001224473
0.06870113805640873
0.06978557506624826
0.07069963790805983
0.07145258569582087
0.07205128422767405
0.07250050963537355
0.07280331096466211
0.07296145166926968
0.07297583707730289
0.07284697361778061
0.07257535436684326
0.07216184355766202
0.07160794865826911
0.07091607755951686
0.07008966664157262
0.06913329774050887
0.06805268756081134
0.06685468229053453
0.06554713808649948
0.06413882906131589
0.06263925973742679
0.06105852741017958
0.05940710738927197
0.05769570656016115
0.05593505472594015
0.054135776662447586
0.05230821201335808
0.05046232201933303
0.04860754946815877
0.046752766239212595
0.04490617579789
0.04307530014154687
0.04126692109969859
0.03948710056108455
0.03774115337674381
0.03603369257461234
0.034368625443931135
0.03274921516487121
0.031178091985091996
0.02965732360817652
0.028188434593014594
0.026772479355880823
0.025410064506413924
0.02410141998249697
0.02284642062623823
0.021644652514198396
0.020495431467466917
0.019397862920631902
0.01835085616378795
0.01735317706812609
0.01640345766295186
0.015500241717079373
0.014641989791981669
0.013827118113305666
0.0130539995634148
0.01232099651871857
0.011626458406088754
0.010968749285027985
0.010346242641016473
0.009757344501634147
0.009200486116792224
0.008674143350827434
0.008176827835744358
0.007707103303206265
0.007263575713616974
0.006844907101708581
0.00644980509570737
0.0060770347590127175
0.005725407829433407
0.005393792954309754
0.005081104903905177
0.004786313521981982
0.004508433102122594
0.004246530311379367
0.003999713864288732
0.0037671416236589646
0.003548010663165019
0.003341563705706238
0.003147079631440595
0.0029638793790863005
0.002791316929597521
0.0026287847682782924
0.0024757053548619522
0.0023315362226847955
0.002195761931174147
0.0020678988619768374
0.0019474876394958258
0.001834097671486767
0.0017273200159420748
0.001626771704214715
0.0015320890275908293
0.0014429316746953245
0.001358976407799891
0.0012799210406272716
0.0012054784734813991
0.0011353805337769322
0.0010693723381260212
0.0010072160153282602
0.0009486853638318773
0.0008935694748249174
0.0008416676539251443
0.0007927929606697335
0.0007467673642432434
0.0007034252147201056
0.0006626086035304907
0.0006241707810862948
0.0005879716940060887
0.000553881363366149
0.0005217755715852129
0.0004915392153166757
0.00046306211597901603
0.0004362423615905129
0.0004109822154529146
0.00038719146136786676
0.00036478338584418834
0.00034367814160343323
0.000323798779007355
0.0003050746429636273
0.0002874374303187236
0.0002708246354432499
0.00025517561038354477
0.00024043507511559625
0.00022654915785173482
0.00021346898635219282
0.00020114668537256057
0.00018953906627674
0.0001786035591741567
0.00016830201842440044
0.00015859656635024494
0.0001494535334622141
0.00014083919077132365
0.00013272384361048007
0.00012507742925289516
0.00011787378484176905
0.00011108608596674818
0.00010469130993983473
0.00009866549067868316
0.0000929883998901132
0.00008763859225884193
0.00008259832855908816
0.00007784838442587155
0.00007337324023425052
0.00006915562576338277
0.00006518200359084667
0.00006143682027313932
0.000057908311271888055
0.00005458242851487453
0.00005144899617972111
0.000048495282985412896
0.00004571254001876426
0.000043089184293179344
0.00004061775190682862
0.000038287657431447994
0.00003609259772783966
0.00003402284969559538
0.000032073162571199025
0.000030234554089078275
0.000028502731591223697
0.000026869344127957074
0.000025330975375007612
0.000023879806700068642
0.000022513227767552394
0.000021223862379336344
0.000020009845915947957
0.000018864162713956483
0.00001778564284221181
0.000016767556278174176
0.000015809384809063436
0.000014904614935387785
0.000014053344941848665
0.000013249214013464077
0.000012492908237258445
0.000011778159863325866
0.000011106220609938537
0.00001047085984554863
9.873878299779946e-6
9.309029390731887e-6
8.77865179277402e-6
8.276432361192784e-6
7.805241480920887e-6
7.3586507068519196e-6
6.940060595963953e-6
6.54288008407731e-6
6.171042804705893e-6
5.817748571279826e-6
5.48747134567626e-6
5.1731558853856895e-6
4.8798277276677505e-6
4.600130572787118e-6
4.339657000648551e-6
4.090703555970113e-6
3.8594488993808305e-6
3.6377956056482586e-6
3.4325315913562393e-6
3.235117749446161e-6
3.0529779729325477e-6
2.8770825401558995e-6
2.7155222125287575e-6
2.5587259121504006e-6
2.415485860829446e-6
2.2756370195145336e-6
2.14871187426905e-6
2.0238965291360765e-6
1.911506612974775e-6
1.8000217639862767e-6
1.7005878330061648e-6
1.6009176141751278e-6
1.5130388967837325e-6
1.423833579724864e-6
1.3462677909886484e-6
1.2663251262559091e-6
1.1979711974042357e-6
1.1262195263498907e-6
1.0661017744925748e-6
1.001585496928479e-6
9.488400542835744e-7
8.907063758232065e-7
8.445689546854924e-7
7.920561201513534e-7
7.518510095402891e-7
7.042780016600797e-7
6.694087110918148e-7
6.261659686263824e-7
5.961064961015558e-7
5.566475197517716e-7
5.309349350670731e-7
4.947691233367703e-7
4.7299679066074945e-7
4.396827615147296e-7
4.214945430103641e-7
3.9063433397221335e-7
3.757193058948578e-7
3.469531509566778e-7
3.350408909786e-7
3.080426261767549e-7
2.9889936791852146e-7
2.733721068969558e-7
2.667968241392943e-7
2.4246938097934246e-7
2.382909136031138e-7
2.1491437372372373e-7
2.1298846773409275e-7
1.9033307769468979e-7
1.90540093479971e-7
1.6839275855519104e-7
1.7063550220017177e-7
1.487970349331408e-7
1.5299890738302807e-7
1.3128200676110664e-7
1.3738548547092946e-7
1.1561268316989634e-7
1.2357787408169372e-7
1.0157961480568046e-7
1.113831555347017e-7
8.899608237781479e-8
1.0062996694500248e-7
7.769544552813375e-8
9.116663551454154e-8
6.752922736655671e-8
8.285854216489788e-8
5.836452943599593e-8
7.558642810729781e-8
5.008287920328044e-8
6.924506152178437e-8
4.25782758779551e-8
6.374121997038964e-8
3.5755689619565514e-8
5.899269532508757e-8
2.9530024483872863e-8
5.492702471416737e-8
2.3824711249732405e-8
5.148051661453559e-8
1.85710390607583e-8
4.859731373330312e-8
1.3706964804309591e-8
4.62284997089937e-8
9.17625031411359e-9
4.432986544687074e-8
4.914413910169655e-9
4.275463788588333e-8