0.0005192211270261343
0.002081547094805059
0.004667883539329793
0.008284059823757616
0.012896016738270894
0.018504514034364414
0.025064361209669806
0.032570561922739716
0.04096818696190369
0.05024641955123554
0.06034180000215965
0.07123797034317461
0.08286411407639487
0.09519880467050217
0.10816503358060392
0.12173688823035247
0.1358323164456782
0.15042155518030123
0.16541862397197776
0.18079055727685076
0.19644851239227099
0.2123569538430456
0.2284251822083066
0.24461569279896078
0.2608368700447408
0.27704980257926126
0.29316283696014334
0.3091361818579862
0.32487897103968705
0.3403510335125501
0.3554630764364095
0.3701750376821569
0.38439996300128126
0.3980983938067524
0.4111864783453894
0.4236258815213745
0.43533663609679796
0.44628209374904687
0.4563869887539885
0.46561698075572605
0.4739023693806345
0.4812118098895432
0.48748208226685
0.49268559149305263
0.496766558527947
0.49970194788093203
0.5014444104016169
0.5019763126753413
0.5012597226716862
0.4992832488294498
0.49601931959718476
0.49146357547122344
0.4855996526445345
0.47843090922920084
0.46995288204885066
0.4601771691574718
0.4491116877070444
0.4367765787542547
0.42319235346513556
0.4083877328343196
0.3923957294587134
0.37525338357436766
0.35700578827377505
0.33769773326270364
0.3173856425973991
0.29612118762293194
0.2739710678827597
0.25099270358769304
0.22726175214223807
0.20284003705513962
0.17781065449112932
0.15223833882977422
0.12621197591320146
0.09979764484577652
0.07308831746767849
0.046149851139368155
0.019077617863134947
-0.008064246318452477
-0.035179573696067466
-0.06220732642813613
-0.08905201405412883
-0.11565691036927489
-0.1419285096765483
-0.1678154234654606
-0.1932272559922716
-0.21811878794046077
-0.2424036756177869
-0.2660435136180871
-0.2889567821107997
-0.3111123670424579
-0.33243419657534745
-0.3528987852516404
-0.37243601365751955
-0.39103025209783493
-0.4086177471922817
-0.42519087104082165
-0.44069258495395824
-0.4551233520504965
-0.46843315194523544
-0.4806305885135898
-0.49167293028654824
-0.5015769410455763
-0.5103074189426641
-0.5178892759135366
-0.5242950440421434
-0.529557730732743
-0.5336577533988759
-0.5366361012019915
-0.5384811486604485
-0.5392416619942878
-0.5389139288243067
-0.5375541584390714
-0.5351663487639148
-0.5318136460457865
-0.5275073522927175
-0.5223168317885908
-0.5162600427965152
-0.5094116064580397
-0.5017952259818579
-0.49348956766692714
-0.48452290880023746
-0.47497651972683635
-0.4648818574379214
-0.45432117995492577
-0.4433275749443713
-0.43198258089415886
-0.42031930797360434
-0.4084168823170793
-0.39630687924958746
-0.3840644457649026
-0.3717182245557374
-0.3593380446442209
-0.3469484697560012
-0.3346129780663924
-0.32235122243859765
-0.3102196480540827
-0.29823250729191936
-0.2864388895285973
-0.2748474921785504
-0.2635000609673983
-0.25239988253336826
-0.2415816564314125
-0.2310436446196983
-0.22081401835065972
-0.21088657601696237
-0.2012836286001746
-0.19199517933649923
-0.18303843001742653
-0.17440030301375276
-0.16609366694161593
-0.15810307286704114
-0.15043781127520653
-0.14308072889551768
-0.1360382393447755
-0.12929208420301508
-0.12284642714956738
-0.11668242206846541
-0.11080252514147979
-0.10518773339995698
-0.09983925138544499
-0.09473826534536658
-0.08988510109322234
-0.08526140171307342
-0.08086691154208255
-0.07668392861131877
-0.07271184661394701
-0.0689337572167607
-0.06534887781141016
-0.061941183158182644
-0.058709841941015264
-0.055639761845788796
-0.05273015269711677
-0.0499668739340054
-0.047349236593336674
-0.04486404714317784
-0.04251075494667028
-0.040277091474644165
-0.0381626642494564
-0.03615609552094029
-0.03425715813737162
-0.03245532277904119
-0.0307505257935257
-0.029133038995674897
-0.02760295427837555
-0.026151294771776242
-0.02477829602594552
-0.02347568194911156
-0.02224381757129471
-0.02107507763181226
-0.01996994138129229
-0.018921385949459166
-0.017929989329142137
-0.016989284718415376
-0.016099933752281713
-0.015255981874850085
-0.014458160037250692
-0.013700984815397966
-0.012985243169256318
-0.01230588448222763
-0.011663739568653944
-0.011054155076398856
-0.010477994727103394
-0.009930969600021784
-0.009413966583232658
-0.00892303095121745
-0.008459064184988388
-0.00801841797594623
-0.007602000928736743
-0.007206445677702423
-0.006832661508424379
-0.006477538668881588
-0.006141981624529959
-0.005823116892443303
-0.005521839471221616
-0.005235492631133553
-0.004964958025312537
-0.004707777840291966
-0.004464817190417003
-0.0042338008789501586
-0.004015574895400236
-0.0038080317650442765
-0.0036119963013902605
-0.0034255151386519502
-0.0032493903316686643
-0.0030818101783727514
-0.0029235528004506366
-0.0027729367775915902
-0.0026307154776533575
-0.002495327347552796
-0.00236750048575046
-0.0022457836717565995
-0.00213087948079274
-0.0020214382904248946
-0.0019181371220703153
-0.0018197199442854665
-0.0017268383834621451
-0.0016383226535313512
-0.001554799304165228
-0.0014751780505311187
-0.0014000608173112604
-0.0013284306238015727
-0.0012608653320844265
-0.0011964155660906446
-0.00113563577857663
-0.0010776389513787188
-0.0010229568549777104
-0.0009707599944338564
-0.00092155824404001
-0.0008745751724839121
-0.0008302995903556087
-0.0007880040118766679
-0.0007481570520376877
-0.0007100763634847373
-0.0006742112601898603
-0.0006399210093399673
-0.0006076365372531305
-0.0005767554597326495
-0.0005476912411701506
-0.0005198768150007102
-0.0004937091164767888
-0.00046865357962831743
-0.0004450915460942375
-0.00042251832824581544
-0.00040130060891129335
-0.00038096113381285167
-0.00036185285834517436
-0.0003435236778203483
-0.00032631374610296744
-0.0003097939708648689
-0.0002942926234103806
-0.0002794016195746814
-0.00026543825917843165
-0.0002520135826484003
-0.00023943482099371744
-0.00022733036484798
-0.00021599827055397401
-0.0002050826031971825
-0.00019487313029302228
-0.00018502800448075727
-0.00017582958250499475
-0.00016694859745500088
-0.00015866086636853185
-0.0001506482670429939
-0.00014318094190874362
-0.00013595054123070936
-0.00012922239320333823
-0.0001226966044622028
-0.00011663454603878554
-0.00011074351408211734
-0.00010528177783214509
-0.00009996259883022659
-0.00009504199995225049
-0.0000902380205948331
-0.00008580529465372054
-0.00008146548259137738
-0.00007747269069872389
-0.00007355106889455764
-0.00006995506339510277
-0.00006641020181470878
-0.00006317214626951906
-0.000059966705027030424
-0.00005705164292455612
-0.00005415196160264291
-0.00005152842881323845
-0.00004890415723202406
-0.000046543833732068814
-0.0000441675999241284
-0.00004204499678376965
-0.000039892108376088455
-0.00003798428641598454
-0.00003603246200658898
-0.00003431877890145315
-0.0000325479063731243
-0.000031009789313769944
-0.000029401708340769085
-0.00002802244965939213
-0.000026560755945127787
-0.000025325329380824074
-0.000023995198414391393
-0.0000228900939313835
-0.000021678122282739247
-0.00002069119756859381
-0.000019585259938468546
-0.00001870560690362455
-0.000017694727328658513
-0.000016912552096962924
-0.000015986787875576042
-0.000015293302914280692
-0.00001444363995947174
-0.000013830967133104507
-0.000013049225595540494
-0.000012510309051181416
-0.000011789058168690667
-0.000011317586075634453
-0.000010650067310860617
-0.000010240401574226014
-9.62045920102048e-6
-9.26757235995076e-6
-8.689590737818018e-6
-8.38900933856147e-6
-7.847856195034948e-6
-7.595610005282909e-6
-7.086585110924063e-6
-6.879161601822274e-6
-6.397950286544525e-6
-6.232253869496751e-6
-5.774884883984535e-6
-5.6482004438852015e-6
-5.211007713983685e-6
-5.120968024423046e-6
-4.700555897851769e-6
-4.6451125480624695e-6
-4.238324168073182e-6
-4.215721671470448e-6
-3.819610147808203e-6
-3.828362930202465e-6
-3.4401650103836717e-6
-3.4790370155678015e-6
-3.0961489898959313e-6
-3.1641356603180987e-6
-2.784091255336165e-6
-2.8804036770831e-6
-2.500853718284943e-6
-2.624904737130033e-6
-2.243598384706076e-6
-2.394990523459578e-6
-2.0097578947482182e-6
-2.188272920912463e-6
-1.797008940675645e-6
-2.0025989481961175e-6
-1.6032482731351386e-6
-1.8360281573320342e-6
-1.4265710418544143e-6
-1.6868122645136701e-6
-1.2652512392757694e-6
-1.553376785648767e-6
-1.1177240388092268e-6
-1.4343044871691828e-6
-9.825698391734695e-7
-1.3283204699978538e-6
-8.584998477347133e-7
-1.2342787285311658e-6
-7.443430505259121e-7
-1.1511500421772166e-6
-6.390344280163565e-7
-1.0780110690525185e-6
-5.416042989728329e-7
-1.0140345241086843e-6
-4.5116867432678784e-7
-9.584803393651556e-7
-3.6692052586012644e-7
-9.106877079336965e-7
-2.8812187414650497e-7
-8.700679256093994e-7
-2.1409656411816345e-7
-8.360975332552056e-7
-1.4422036284709133e-7
-8.082855426903229e-7
-7.770037937865458e-8
-7.844614886758671e-7
-0.00007666030916217381
-0.0003091239545110635
-0.0006846076809134397
-0.0012039068991664152
-0.0018447734680968383
-0.0026022340298184486
-0.003447429971681335
-0.004369714464577759
-0.005335006826105653
-0.006327552895396538
-0.007309402911496913
-0.008260485994023946
-0.009140303823942757
-0.009925321994526013
-0.010573727613695412
-0.011059341786860173
-0.011340141913020314
-0.011388040335828784
-0.011161765924060875
-0.010631964695356929
-0.009758947285230185
-0.008512660158859228
-0.006855725595062958
-0.004757912509409779
-0.0021848196004474853
0.0008934537927865408
0.004507703404570354
0.008686983596486682
0.013457872347836889
0.018848042438578353
0.024879248867272972
0.03157722179692421
0.03895828576595044
0.047045630808817185
0.055849522805262244
0.06538995321756921
0.07567044532468487
0.08670703025354953
0.09849569747235701
0.111047597287452
0.12435022913551465
0.13840873037547796
0.1532009455543385
0.1687246290257029
0.18494659408649794
0.2018556318485983
0.21940600054861306
0.2375758422939579
0.25630533727925736
0.2755603788848404
0.2952657804830107
0.3153739424199634
0.3357935551857025
0.3564629541687198
0.3772748072699565
0.3981538021560913
0.4189778357241912
0.4396596142523813
0.460064875779533
0.48009740993643757
0.4996148441062552
0.5185165135758193
0.5366573317760643
0.5539378709453724
0.5702168196729711
0.5854025774622292
0.5993647821859183
0.612026685018371
0.6232762076862665
0.6330583510801719
0.641286217415861
0.6479327181761212
0.6529419690775097
0.6563196012004674
0.658044907182181
0.6581591232090643
0.6566786745785081
0.6536808849619633
0.6492186409605708
0.6434030970377347
0.6363200547320629
0.6281093633022772
0.6188832917307797
0.6088024700557272
0.5979965213587706
0.5866365377395907
0.5748582335450513
0.5628310916559836
0.5506842956444582
0.5385728045134257
0.526606317488849
0.5149126273082779
0.5035698645388037
0.4926675311037391
0.4822422589249961
0.47233692812174
0.46294015400063204
0.45404384081217813
0.44558657661139894
0.43750985772617257
0.4297055168835088
0.42207067359842215
0.4144592433824703
0.40673543114826144
0.39872927115285456
0.3902882031777127
0.3812364880140434
0.37142412426906957
0.3606898988378042
0.3489066638610839
0.33594774981545344
0.3217274802254138
0.30617072833391273
0.2892475447662864
0.2709457926347527
0.2512989183438457
0.23036184204378435
0.20823119646546384
0.18502493610629345
0.16089475054676713
0.13601011959986198
0.11056300087941433
0.08475722758298113
0.05880589941682037
0.03292704074532968
0.007334335356919973
-0.017760182943890493
-0.042161335577876276
-0.06568059333592219
-0.08815654584272342
-0.10943707402805097
-0.12940451869517497
-0.1479505169197882
-0.1650054320016587
-0.18050648098995084
-0.19443108835862433
-0.2067591781566359
-0.21751016242959306
-0.22670040511863143
-0.23438355118815085
-0.24060419776083145
-0.2454412250361397
-0.24895865695861424
-0.2512515919379642
-0.2523951305943818
-0.2524924442196105
-0.2516225189170495
-0.2498898581615153
-0.24737166238195596
-0.24416864668527735
-0.24035215596257675
-0.2360155906290887
-0.23122185584820457
-0.22605492287851187
-0.22056792805643496
-0.21483444839771185
-0.20889749965297807
-0.2028201650699409
-0.1966356890139625
-0.19039716098766515
-0.18412885879534097
-0.1778747512501269
-0.17165120997243036
-0.16549415052005634
-0.1594132026517522
-0.15343735915058235
-0.14757066940865804
-0.14183630733942318
-0.13623383160205346
-0.13078161883722525
-0.1254757152364655
-0.12033060947040308
-0.11533968430408756
-0.11051432583151662
-0.10584597021947661
-0.10134356310350036
-0.09699718512616531
-0.09281388844612404
-0.08878287533913741
-0.08490974850029238
-0.08118320940901362
-0.0776077661377478
-0.07417191224696104
-0.07087934071708114
-0.06771855963387734
-0.06469266409849338
-0.061790341689430046
-0.0590142561521374
-0.056353393394053354
-0.05381011170942845
-0.05137377770327754
-0.04904653800541861
-0.04681819387337878
-0.04469074897675365
-0.042654471359681624
-0.04071127107918305
-0.038851898595957356
-0.0370782049413027
-0.03538142634979315
-0.033763378296088845
-0.03221577720122414
-0.030740418191651513
-0.029329485930416396
-0.02798476436146425
-0.026698890080297043
-0.025473640675272167
-0.02430208551479758
-0.02318599761755065
-0.02211885825561062
-0.021102435600415335
-0.020130601094887974
-0.019205116450423564
-0.01832022130363111
-0.01747766849500903
-0.016672044076608637
-0.01590508919771338
-0.015171715057471061
-0.014473648161907113
-0.013806104308230717
-0.013170792468456297
-0.012563213342066865
-0.011985055667658154
-0.011432086282608707
-0.010905971267682644
-0.010402725801820691
-0.009923991208009799
-0.009466014185789644
-0.009030409549939595
-0.008613639661109505
-0.008217291432291345
-0.007838027958737833
-0.007477407211011216
-0.007132278987173041
-0.006804171614924512
-0.006490108413805293
-0.00619158769139232
-0.005905793909890305
-0.005634195282159513
-0.005374125787645853
-0.005127023750673701
-0.004890361746271196
-0.004665548675634097
-0.0044501854423171245
-0.004245652227474023
-0.004049668603487582
-0.0038635869517513024
-0.003685236415316512
-0.003515942694428845
-0.003353635922190538
-0.0031996164172616243
-0.0030519071984097617
-0.002911784667114693
-0.0027773570601707766
-0.002649878477469551
-0.0025275351054134983
-0.0024115604962384467
-0.0023002118821145827
-0.0021947041494498228
-0.002093359003374853
-0.0019973746647950845
-0.0019051310388175243
-0.0018178117923143098
-0.0017338490277076012
-0.001654414074188813
-0.001577985471040676
-0.001505724525977686
-0.0014361506713028514
-0.0013704176056103452
-0.001307080301089061
-0.0012472873537563009
-0.0011896240902889634
-0.0011352366032551643
-0.0010827355328366097
-0.0010332671599397863
-0.000985462520832882
-0.000940470869514846
-0.0008969388235137587
-0.0008560214899975644
-0.0008163763351656749
-0.0007791672973818816
-0.0007430580225648522
-0.0007092243592836982
-0.0006763315089864712
-0.0006455704152759819
-0.0006156032377132428
-0.0005876393104337872
-0.0005603331625879986
-0.0005349159311527948
-0.0005100299180333424
-0.0004869315984790429
-0.000464246425099799
-0.0004432598777436714
-0.00042257589482316154
-0.0004035127663736054
-0.00038464819243880206
-0.0003673372263794698
-0.00035012652984035836
-0.0003344120299622522
-0.0003187044568366046
-0.00030444488995320663
-0.00029010312431777845
-0.0002771698493107975
-0.0002640687942550467
-0.000252344906643471
-0.00024037057483470772
-0.0002297498562074189
-0.00021879836002344018
-0.0002091843224535142
-0.00019916095507929152
-0.00019046597279586124
-0.00018128437152974648
-0.0001734288911619787
-0.0001650102755970017
-0.0001579220985382254
-0.00015019457709805514
-0.00014380820706184615
-0.0001367061455379976
-0.00013096219574870065
-0.00012442564191919407
-0.0001192702964426242
-0.00011324445616866445
-0.00010862898059764657
-0.00010306374012044118
-0.00009894403693671709
-0.00009379352802429729
-0.00009012973323324166
-0.00008535193623823535
-0.00008210805281535546
-0.00007766443486069256
-0.00007480800049734218
-0.00007066318548880822
-0.00006816497097523224
-0.00006428643823165089
-0.00006212017392433803
-0.000058477983112728266
-0.00005662011140724141
-0.00005318665118474524
-0.000051616102114854084
-0.000048365860234454635
-0.00004706384846382331
-0.000043973201476234887
-0.00004292304292116495
-0.000039970063618040955
-0.00003915700977033841
-0.00003632129068677533
-0.000035732379148719
-0.000032994870498690095
-0.0000326187904884797
-0.00002996165122205376
-0.00002978862270928907
-0.000027195083639053318
-0.00002721674871536269
-0.00002467098616288283
-0.000024880312103246593
-0.000022367331148898316
-0.000022758523813361448
-0.000020264050673608482
-0.000020832477638260635
-0.000018342859318868194
-0.000019084981733840745
-0.000016587092940356026
-0.000017500405702220186
-0.000014981562136053724
-0.00001606454154553209
-0.000013512418485943615
-0.000014764476927515883
-0.00001216703299612218
-0.000013588480187379532
-0.000010933885436538515
-0.000012525895502729946
-9.802463342385603e-6
-0.000011567047772597892
-8.763170342343188e-6
-0.000010703155925713327
-7.807242174488355e-6
-9.926254263312146e-6
-6.926670608650894e-6
-9.22912080379609e-6
-6.114133954843645e-6
-8.605212324200639e-6
-5.3629338606381524e-6
-8.048605092788104e-6
-4.6669372520133604e-6
-7.553941418198321e-6
-4.020523977799808e-6
-7.116380533542504e-6
-3.418538517527185e-6
-6.7315546285648865e-6
-2.8562465756477845e-6
-6.395528256673841e-6
-2.3292945113573725e-6
-6.104762223256658e-6
-1.8336731236432622e-6
-5.856080271339342e-6
-1.3656838627787888e-6
-5.6466364492143254e-6
-9.218864313995867e-7
-5.473713763862263e-6
-4.97687632952547e-7
-5.3237105842777445e-6
-0.0005255636754074749
-0.002108942326467385
-0.0047224303968927
-0.008373788600822087
-0.013014065735797643
-0.01864341478506653
-0.025197791375455837
-0.032669463739260336
-0.04098216521313156
-0.05012110409135875
-0.06000056521538891
-0.07060011722457224
-0.0818273670719789
-0.09365791800797514
-0.10599536947047393
-0.11881303656497015
-0.13201294021396182
-0.14556758605943101
-0.15937947032397143
-0.17342141956764032
-0.18759798829750027
-0.20188301886219434
-0.2161841982114
-0.23047662707438457
-0.2446717185980047
-0.2587456758950891
-0.27261384378436704
-0.28625308720810405
-0.2995826416183858
-0.3125794630576395
-0.3251665579947886
-0.337320440074152
-0.3489678536301871
-0.36008452387909434
-0.37060111910687366
-0.3804925231300992
-0.38969381011502324
-0.39817930428744347
-0.40588927062527896
-0.41279806155034254
-0.41885215907867956
-0.42402674609593405
-0.4282756734941331
-0.43157583834205926
-0.4338895946790186
-0.4351963746650849
-0.435468014070332
-0.43468711562594553
-0.43283571809910415
-0.42989997195916535
-0.4258725409479636
-0.42074323584325796
-0.4145154954021688
-0.4071827009932906
-0.39875903549603703
-0.3892412769725555
-0.37865427629087595
-0.3669981002766348
-0.35430829972899697
-0.3405883417915987
-0.3258847594266447
-0.3102048806108932
-0.29360685903884565
-0.2761027763260987
-0.2577634528076784
-0.23860707007882817
-0.21871855102552362
-0.19812392486287544
-0.17692394743828743
-0.1551545099816882
-0.13293404506660636
-0.11031036431050685
-0.08742126433395775
-0.0643282694638145
-0.0411897198910638
-0.018081996231546226
0.004815754839605421
0.02741222266255995
0.04950852882374404
0.07099983302615821
0.09167030694605854
0.1114047733007482
0.12997518850085596
0.14726118487199655
0.16302924882780506
0.17716087424517354
0.18942566299278654
0.19971564494414615
0.20781355792742945
0.21363175877985718
0.21697696434637223
0.21779207777065068
0.2159186921676811
0.2113400926087772
0.2039428375146174
0.19375917191610673
0.1807290051185728
0.1649399861118031
0.14639118769026527
0.1252291528670902
0.10151457684912224
0.07545273858763417
0.0471644475888934
0.016909432283996818
-0.015137205976799987
-0.048669864851295194
-0.0834692606782689
-0.11919651985094963
-0.15560208075450008
-0.1923296769409894
-0.2291161768404596
-0.2656058432849643
-0.3015400525863791
-0.3365819581451024
-0.3704951742423676
-0.402978773377665
-0.43383423053869435
-0.46281055979859786
-0.4897590857049154
-0.5144884728742063
-0.536907200326708
-0.5568882408064956
-0.5743994280131836
-0.5893775728742551
-0.601847196562219
-0.6118039005668751
-0.6193221602726806
-0.6244477728365888
-0.6272955497961086
-0.6279506412755308
-0.6265570293676468
-0.6232274707247742
-0.6181236859582999
-0.6113745857215795
-0.603148993875619
-0.5935817394002402
-0.5828396639471811
-0.5710550875811135
-0.558385753924779
-0.5449551224297968
-0.5309068110982855
-0.5163511372364189
-0.5014145373953041
-0.4861917729576905
-0.47079074290740325
-0.4552897869858272
-0.4397782587203902
-0.42431839194309817
-0.40898196646360563
-0.39381624746812144
-0.3788770507142212
-0.3641983131914616
-0.34982184525344584
-0.3357701404749361
-0.3220730859227329
-0.3087436662655447
-0.29580188847530503
-0.28325307807597544
-0.2711092598348625
-0.2593697817352243
-0.24804037817909308
-0.2371158897322682
-0.2265972199609118
-0.21647594658003472
-0.20674936747471806
-0.19740682217819014
-0.188443007172237
-0.17984584629318484
-0.17160824036127634
-0.16371734181244227
-0.15616488931879507
-0.1489377562428869
-0.14202700735701335
-0.13541960309645235
-0.12910630287488475
-0.1230744179514425
-0.1173146742213421
-0.11181491611371094
-0.10656603110122131
-0.10155651563678332
-0.09677755395142325
-0.09221836478383973
-0.08787051825902865
-0.08372398919933237
-0.07977078793441916
-0.0760016523987992
-0.07240906154187608
-0.06898450429488051
-0.06572093775351429
-0.06261057649170576
-0.05964685181550785
-0.056822669859096134
-0.05413192288978408
-0.05156816918342239
-0.049125742540431575
-0.04679881113616498
-0.044582127032400054
-0.04247042506366939
-0.040458850154683014
-0.03854266086156437
-0.03671736868559368
-0.034978714165933025
-0.03332254908563976
-0.03174505602475902
-0.030242401348461335
-0.02881117190306288
-0.027447823931854583
-0.026149313149332533
-0.02491236222044066
-0.023734262793599536
-0.022611981885854456
-0.021543116616277714
-0.02052485773462824
-0.019555079783365716
-0.018631178082135692
-0.017751278875192598
-0.01691296431565931
-0.016114588836336378
-0.01535390505661265
-0.014629474163819618
-0.013939204174285198
-0.01328184353758983
-0.012655441813312714
-0.01205891702646739
-0.011490447556876436
-0.010949104987392487
-0.010433184838538268
-0.009941897772936198
-0.009473645732138731
-0.009027765395260876
-0.008602755282524905
-0.00819806632518772
-0.007812284579510274
-0.0074449646548045605
-0.007094771826631979
-0.006761354897844817
-0.00644345070495444
-0.006140793755652023
-0.005852185383609499
-0.005577438224011828
-0.00531541157968644
-0.005065989468991257
-0.004828083116980439
-0.004601641943210641
-0.004385623479529131
-0.004180037261851461
-0.003983881899808876
-0.003797222398376495
-0.0036190935597172104
-0.0034496117965786685
-0.0032878435233970947
-0.0031339530364790234
-0.0029870340525193304
-0.00284729572019487
-0.0027138549854517544
-0.00258696327557072
-0.002465756898754544
-0.0023505274058907375
-0.0022404267818067437
-0.0021357849349712328
-0.0020357659946455614
-0.001940736823126791
-0.0018498702919528083
-0.0017635691503455658
-0.0016810117181715804
-0.0016026358800221528
-0.0015276221984444009
-0.001456443237335323
-0.0013882786654264314
-0.001323635549497525
-0.001261689578393682
-0.0012029824102623647
-0.001146682702065943
-0.0010933670446087356
-0.0010421940282289183
-0.000993775759701641
-0.000947257731098228
-0.0009032883819741286
-0.0008609970613656165
-0.0008210695852797267
-0.0007826160883956352
-0.0007463610288154328
-0.0007113922139890432
-0.000678474226992305
-0.0006466693816281543
-0.0006167840835992791
-0.0005878519187922866
-0.000560723027904005
-0.0005343989526946693
-0.0005097756953765792
-0.000485819344231672
-0.0004634741044876007
-0.00044166709375265616
-0.0004213932799210975
-0.0004015371723498199
-0.0003831472831820333
-0.0003650617413251514
-0.00034838561128225354
-0.0003319067216053907
-0.000316789929399646
-0.00030176868097207647
-0.0002880711055137816
-0.0002743720099145993
-0.0002619665218346822
-0.00024946635918901615
-0.0002382376320693401
-0.00022682431456562532
-0.00021666774811888016
-0.00020623928604285378
-0.00019706002808786034
-0.00018752359264926052
-0.00017923565352372564
-0.00017050672418699903
-0.00016303217223734274
-0.0001550337631845447
-0.00014830199545397762
-0.00014096395265672274
-0.00013491103355107688
-0.00012816939551850076
-0.00012273745764451532
-0.00011653387508973324
-0.00011167057480536194
-0.00010595178263431673
-0.00010160980781553733
-0.00009632714500217039
-0.0000924637681954192
-0.00008757274121772647
-0.00008414941483146141
-0.00007960930033753538
-0.0000765912900275327
-0.0000723647726336735
-0.00006972082545538147
-0.00006577366897149851
-0.00006347571260121615
-0.0000597764594499554
-0.000057799330601799734
-0.00005431902794768779
-0.00005264022671139366
-0.000049352176929817197
-0.00004795164425115644
-0.00004483117694088577
-0.00004369109456321336
-0.00004071535852522017
-0.00003981996800030206
-0.00003696774025193322
-0.000036303180224194714
-0.00003355469170641164
-0.00003310885100428235
-0.000030445626135147088
-0.000030208012756192823
-0.000027612722895320982
-0.00002757434592725903
-0.00002503067425848097
-0.000025183938460935237
-0.000022676455276896103
-0.000023015066910172863
-0.000020529115054895725
-0.000021047998684915798
-0.000018569586352336976
-0.00001926481102447641
-0.000016780513506873516
-0.00001764922737562134
-0.000015146095196715364
-0.000016186469030235658
-0.000013651942127462733
-0.000014863119718060489
-0.000012284946924732681
-0.000013667003415899557
-0.00001103316667399607
-0.000012587072087892704
-9.885715719808263e-6
-0.000011613305279167145
-8.832667556046624e-6
-0.000010736617912229894
-7.864966617373306e-6
-9.948776777616901e-6
-6.974347610536028e-6
-9.24232502109563e-6
-6.153261714263116e-6
-8.610513083029384e-6
-5.394809956478881e-6
-8.047236587804373e-6
-4.692682052695714e-6
-7.5469794985404535e-6
-4.041101611872365e-6
-7.1047629377668815e-6
-3.434774872146548e-6
-6.716098724190292e-6
-2.868844880928641e-6
-6.376946496305354e-6
-2.338849714160143e-6
-6.08367635578234e-6
-1.8406844233497693e-6
-5.8330336602168544e-6
-1.3705651090515807e-6
-5.622104892326757e-6
-9.249754862691257e-7
-5.448115123098133e-6
-4.992507358846248e-7
-5.297383763438416e-6
0.0002238617443613796
0.0008953889651082683
0.0020159796507849127
0.0035901966074265556
0.005617575533893608
0.008107051566767514
0.011054662795587814
0.01447163391383701
0.018348417600727068
0.022696049005793438
0.02749704224967536
0.032759721180817776
0.03845642452642298
0.04459053638529949
0.05112243370661725
0.058048890045962066
0.06531721794379233
0.07291662448753869
0.08078105119865207
0.0888919409219314
0.09717035337341041
0.10559047652920854
0.11406169125971294
0.12255203849804405
0.13096101404746183
0.1392520922547546
0.14731714301140036
0.15511701620222207
0.1625385770109377
0.1695422730741777
0.17601287181079495
0.18191286295912829
0.18712804517800805
0.1916255600701963
0.19529551054983682
0.1981123798723088
0.19997387113413786
0.20086443965162074
0.20069252532421877
0.19945492392301645
0.19707354868256372
0.19355939093911198
0.18884990219986703
0.18297135083574737
0.1758778681560896
0.16761109596559715
0.15814189429415224
0.14752629052286026
0.13575080302221593
0.12288383752727335
0.10892553674433687
0.09395391138107148
0.07798007470660258
0.06108853036611504
0.043298585938246245
0.024698334985250654
0.0053129592545075165
-0.014767970065159047
-0.03551469811849176
-0.056836983883382965
-0.07870033709186693
-0.10101300241137849
-0.12373389242755084
-0.14676713502439726
-0.17006151716466025
-0.193512867935714
-0.2170549784969061
-0.24057008469329005
-0.26397137407764226
-0.28712180824103123
-0.30990846425428475
-0.33216988930883057
-0.35376264869614726
-0.3744973274343975
-0.39419776778299126
-0.41264571943339384
-0.42963334350226895
-0.4449163613920068
-0.45826047485662996
-0.46940267276913805
-0.4780922628596092
-0.4840597676860148
-0.48705327775890367
-0.4868141101422646
-0.4831091712002523
-0.47571227662966864
-0.46443315416850295
-0.44910305232818226
-0.42960092223641405
-0.4058417002938239
-0.3778000918371355
-0.345499732692367
-0.30903486900239435
-0.268558521076149
-0.22430223283405082
-0.17656141759693056
-0.12571326141085382
-0.07219766141813265
-0.01653333562381466
0.040706802558021386
0.09888122933618719
0.15731051473531393
0.21526437475262258
0.27199814570682296
0.32674088570230686
0.37873637473744115
0.42723165074776226
0.47152035718355423
0.5109309793916347
0.544869575756917
0.5728070347869738
0.5943177387292945
0.6090654699132202
0.6168344814857343
0.6175142706775866
0.6111199097188375
0.5977767224521633
0.577727501353928
0.5513190381592555
0.5189948691812631
0.4812864288257224
0.4387910179577284
0.39217087337004075
0.3421169376036542
0.2893592227838931
0.234617530418819
0.17862608871276522
0.12207258049927244
0.06563921633818183
0.009931331028034963
-0.04446402209475901
-0.09705892796345389
-0.147388547225514
-0.19510077135115947
-0.23986376019965638
-0.2814639853539923
-0.31969920064634993
-0.3544845648930427
-0.38573333784751346
-0.4134707238055238
-0.4377047541882427
-0.45854733002260684
-0.4760776898213847
-0.4904699106115596
-0.5018511446433597
-0.5104346243120303
-0.516374559041871
-0.5199035233247239
-0.5211855949709515
-0.5204569113314035
-0.5178783400856294
-0.5136779711208423
-0.5080043601556885
-0.5010697734733764
-0.49300483792713345
-0.48400145599928696
-0.4741695296727113
-0.46367859532121436
-0.45261715637328376
-0.4411322341897419
-0.4292917375852589
-0.4172212735990362
-0.404969894013081
-0.3926436493430302
-0.38027497842056496
-0.3679526143932923
-0.35569481975035616
-0.34357536199600003
-0.33160074102222914
-0.31983204393029135
-0.3082662631099859
-0.29695391531343984
-0.2858845064295025
-0.27509986100567324
-0.26458375303021525
-0.2543709406033394
-0.24444095066921825
-0.2348228514430148
-0.22549315260365985
-0.21647637724029162
-0.20774701712309018
-0.1993259879800177
-0.19118656167591466
-0.18334680497273873
-0.17577939631360806
-0.16850016002017038
-0.16148166444693957
-0.15473797177798268
-0.14824190614681473
-0.1420061445876057
-0.13600403788409565
-0.13024717142296974
-0.12470961767184632
-0.11940209716003007
-0.11429953924262116
-0.10941197359093055
-0.1047152749842038
-0.10021891483258269
-0.09589976589061863
-0.09176684169937771
-0.08779803811790647
-0.08400198636048127
-0.08035760990360145
-0.07687321414998574
-0.07352873944699577
-0.07033220745237041
-0.06726455355750029
-0.06433354686413147
-0.06152108814409533
-0.05883471702264224
-0.05625726463846051
-0.0537960582407154
-0.05143482087279166
-0.049180680160907146
-0.04701821057605404
-0.04495434976671329
-0.04297448221181909
-0.04108536305783695
-0.03927314522296132
-0.03754440735751551
-0.03588602967638558
-0.034304419395527364
-0.032787143719939564
-0.0313404429299495
-0.029952532035818734
-0.02862948859866485
-0.027360137554922885
-0.02615039788216574
-0.024989667985743085
-0.023883712452925043
-0.02282246818383373
-0.02181154972328162
-0.0208413989928391
-0.019917485060625895
-0.019030722888075738
-0.01818644089025454
-0.017375996546086715
-0.016604582719535115
-0.015863970297904994
-0.015159221984028111
-0.014482494319705804
-0.013838725526279703
-0.013220431336789159
-0.012632431454612045
-0.012067575561679898
-0.011530571084341601
-0.011014577561622618
-0.010524196648909466
-0.010052874726218361
-0.009605114443918839
-0.009174627009386302
-0.008765823078984753
-0.00837265760714997
-0.007999456504837537
-0.007640398252816555
-0.007299731495692557
-0.0069718388108164445
-0.006660899278217634
-0.006361480867349383
-0.006077701014652333
-0.005804295033468673
-0.005545326854489185
-0.00529568168218562
-0.00505937829572627
-0.004831434868815311
-0.004615833601674086
-0.00440770918842482
-0.004211016044205909
-0.004020989347867009
-0.003841564751032282
-0.0036680622392439143
-0.00350440795745789
-0.0033459913209009096
-0.0031967384702745777
-0.003052093120968292
-0.0029159911699978215
-0.0027839156973404077
-0.002659822387825741
-0.002539218893514894
-0.0024260910064749595
-0.002315956249157535
-0.0022128411454722047
-0.002112258428041499
-0.0020182863018225715
-0.001926418040188216
-0.0018407948267510363
-0.0017568757465946092
-0.0016788766297821842
-0.0016022075366389275
-0.0015311710081418507
-0.0014611130846855368
-0.0013964355081505639
-0.0013324050959827038
-0.0012735357349576775
-0.0012149995575035186
-0.0011614360273892478
-0.001107906821301201
-0.001059190930529257
-0.00101022344584712
-0.0009659373956385199
-0.0009211247400507108
-0.0008808876482640513
-0.0008398579399507787
-0.0008033226666743227
-0.000765735975858633
-0.0007325862212038159
-0.0006981317705429161
-0.0006680794255581514
-0.0006364730307681113
-0.0006092557558116336
-0.0005802374848321732
-0.000555616499254509
-0.0005289485313607355
-0.0005067065970942539
-0.0004821712646880866
-0.00046211084337595545
-0.00043950884150062794
-0.00042145041584460433
-0.0004005991637286618
-0.0003843797034665238
-0.00036511184668351794
-0.0003505834118522704
-0.0003327454509617453
-0.00031977391766578584
-0.000303224954124765
-0.00029168885371219004
-0.00027629944064788697
-0.00026608890250025627
-0.0002517399949939568
-0.00024275578324837777
-0.00022933777465453578
-0.0002214904127751893
-0.00020890225272968192
-0.00020211122696557328
-0.00019025961298206294
-0.00018445264853406395
-0.00017325128534147587
-0.0001683636884361081
-0.00015773260690490407
-0.0001537066690596503
-0.00014357160169798267
-0.0001403560598612525
-0.00013064786617171124
-0.00012819741260737224
-0.00011885155189909567
-0.00011712639227581264
-0.00010808243652843638
-0.00010704789115184688
-0.00009824907626394491
-0.00009787522158932459
-0.00008926803289687565
-0.0000895293780779455
-0.00008106316790200802
-0.00008193836568879965
-0.00007356499755065313
-0.00007503658713782658
-0.00006671010559396568
-0.0000687642820069048
-0.000060440606518355746
-0.00006306701747118662
-0.00005470365524603502
-0.00005789522266727939
-0.00004945100075685648
-0.00005320376482432873
-0.00004463857805941067
-0.00004895156164697498
-0.00004022613594489909
-0.000045101229553697564
-0.00003617689675182254
-0.00004161876105091125
-0.000032457246465992896
-0.00003847323269943189
-0.0000290364514099581
-0.00003563653681654062
-0.000025886399813133022
-0.000033083139435553945
-0.000022981366137423164
-0.000030789858401852596
-0.00002029779453734748
-0.000028735660240851136
-0.000017814102433064332
-0.000026901477500091105
-0.000015510501169504255
-0.00002527004134628444
-0.000013368830805630551
-0.00002382572826532272
-0.000011372410538704671
-0.000022554423200108195
-9.505901094623176e-6
-0.000021443391232794738
-7.755178938695112e-6
-0.000020481165099380848
-6.107221108690546e-6
-0.000019657439480446814
-4.549999769426277e-6
-0.00001896296863108551
-3.0723118131690514e-6
-0.000018388898963318527
-1.6590764548053378e-6
-0.000017890032667968607
-0.0012049310354895581
-0.004815025127964896
-0.010652713373946195
-0.0186848468680858
-0.02854866380838528
-0.040143813052390516
-0.05297783211982056
-0.0669047363836617
-0.0813438551798713
-0.09613644500533142
-0.11065886704708998
-0.1247779128085029
-0.13787236740645675
-0.1498725156834265
-0.1602007862973556
-0.1688836887643433
-0.17542042314578396
-0.17995739171490782
-0.18209266456614004
-0.18210461488122606
-0.179699607439326
-0.17528738078874745
-0.1686790830609799
-0.16040283167886238
-0.15035914459384178
-0.13917067937222674
-0.12680212652426404
-0.11393848785130377
-0.10057656673107453
-0.0874263156321765
-0.07448114607062006
-0.06243688680311717
-0.05124822100730714
-0.04155968257133922
-0.03325558928300792
-0.02689729812236508
-0.02227401902426086
-0.019840283370344613
-0.01927496968237202
-0.020912643019796655
-0.024317978537272803
-0.02970433319233404
-0.03653049681101989
-0.04489959346961002
-0.05418471371181612
-0.06440104841090641
-0.07486646635532954
-0.08553970221686139
-0.09572136524647272
-0.10535108446643657
-0.11375380739528376
-0.12088909867023613
-0.1261469631291303
-0.12954303624173277
-0.13056759209373364
-0.1293211681116468
-0.1254199280170036
-0.11906730564332471
-0.11001849061499899
-0.09858489050611083
-0.08466016658166434
-0.06865559740409938
-0.050589762463633704
-0.030954121603619055
-0.009868067221978184
0.012124903113206202
0.0348355151232008
0.05770076339197992
0.08049494660604542
0.1026682170447857
0.12399030938662953
0.14395362164204528
0.1623503151169047
0.17873790518779983
0.19295106443374063
0.20462778398140158
0.2136577701569666
0.21976737455433426
0.22290689795466456
0.22289261828244183
0.21973558974101184
0.21333917886801593
0.20377207681875428
0.1910197562630463
0.1752044151387242
0.1563886733719999
0.1347450550769872
0.11041004665007105
0.08360552209298928
0.05454099141329597
0.023489109563257036
-0.009266411912910994
-0.043399353841243014
-0.07855030133534001
-0.11433763077079309
-0.1503272126344791
-0.18608434030466656
-0.22110710149140475
-0.2549176961141928
-0.28696261996913636
-0.31674154537977883
-0.3436770527062927
-0.36727876920482977
-0.3869847382139327
-0.4023579012347844
-0.41290041908101827
-0.41827896581933083
-0.4181125764788957
-0.41222275369650707
-0.4003949010916346
-0.3826490685241018
-0.35897490274343036
-0.32961906497508664
-0.2947939834752644
-0.25497856903194427
-0.21060187527473345
-0.1623546126034785
-0.11084998679136661
-0.0569444809614944
-0.001379436779459501
0.05488959713612222
0.11106580842601041
0.16617343871302068
0.2194397035683955
0.26994904134575387
0.3170281453898782
0.35989296269422427
0.39803117706013047
0.4308437399684281
0.4580197691026316
0.4791755546802239
0.4942177060242979
0.5029836807841503
0.5055899205177881
0.502078771125152
0.4927491301595166
0.47781501916826935
0.457716828520398
0.4327967252636554
0.40358891591059515
0.37051658144651095
0.33415973897989476
0.2949776061654545
0.2535527147184529
0.21034166011280098
0.16589418858588623
0.12063431338197081
0.0750532233435284
0.029521840652348294
-0.015543387910536433
-0.05983619745542654
-0.10302247194750541
-0.14486455338767493
-0.18511124734550988
-0.22359156082733192
-0.2601326363738956
-0.29462410433583697
-0.3269634483993217
-0.35709241310332285
-0.3849689474202497
-0.41057728150758316
-0.43392528878575004
-0.4550299567004748
-0.4739387619441487
-0.4906923235364459
-0.5053682032592547
-0.5180225568739648
-0.5287546497666251
-0.5376293214879041
-0.5447604389042244
-0.5502159661365323
-0.5541185560933116
-0.5565349765685983
-0.5575920574068144
-0.557352167322128
-0.5559427797770103
-0.5534196269821234
-0.5499082155075166
-0.5454562063126274
-0.5401852948284461
-0.5341342812024769
-0.527419823688325
-0.5200715737137949
-0.5122004116776112
-0.5038269289071687
-0.49505585806411706
-0.4858990901939113
-0.476455115350352
-0.46672766924603365
-0.4568091014867961
-0.4466956540674278
-0.43647377338534205
-0.4261329329513978
-0.4157540001104905
-0.4053204286976969
-0.39490788156093354
-0.3844945359466403
-0.3741512480664305
-0.36385163528324904
-0.35366214888413056
-0.3435525227940965
-0.33358519538898546
-0.3237266447360594
-0.314035669695429
-0.3044760665078129
-0.295103343797848
-0.28587913474329296
-0.27685598000077694
-0.26799381350228235
-0.2593425021372692
-0.25086069129432964
-0.24259584043844593
-0.2345056667520159
-0.22663546190927136
-0.21894232819805073
-0.21146960408042592
-0.20417404690139654
-0.1970972334414506
-0.1901958064418875
-0.1835097516347519
-0.17699579162176812
-0.17069247300029525
-0.16455676040208933
-0.158625896639068
-0.1528572216523527
-0.14728679528004848
-0.14187244030523224
-0.13664914178033846
-0.1315752900495498
-0.12668489267742328
-0.12193697212015249
-0.11736464645607948
-0.11292761703808406
-0.10865819259452188
-0.10451678454946636
-0.10053496582222764
-0.09667387537784021
-0.09296441843614682
-0.08936846698201215
-0.0859163221762182
-0.08257058401641583
-0.07936100969987465
-0.0762509130432925
-0.07326956456888828
-0.07038096972474299
-0.06761396753759935
-0.0649332258651114
-0.06236720589815725
-0.05988120253702868
-0.05750335179945786
-0.05519953485239838
-0.05299761465666917
-0.050864013093960006
-0.04882637204583511
-0.04685160430277664
-0.04496718287553069
-0.04314045786440645
-0.04139878612766331
-0.039709898064121785
-0.03810108791769772
-0.03654040623801263
-0.035055139261645024
-0.033613594654041574
-0.03224310655143731
-0.030912173999513907
-0.029648236452636294
-0.02841991603934473
-0.027254816654644267
-0.02612161273476385
-0.025048133661369428
-0.02400303295163373
-0.02301442862623723
-0.022050877632032454
-0.02114085205784093
-0.02025273419631702
-0.019415418082935693
-0.018597030777823664
-0.01782695879583965
-0.01707299080543975
-0.016365079153054605
-0.015670588291614596
-0.01502011276955357
-0.014380504181367548
-0.013783078873621108
-0.013194083984673467
-0.012645640660370413
-0.012103296858533234
-0.011600065164508256
-0.011100696302600946
-0.010639184789518832
-0.010179382534498484
-0.009756360544358257
-0.009332966589497208
-0.008945447056399738
-0.008555536219788978
-0.008200759330043054
-0.007841623531507599
-0.007517041290952233
-0.007186174411777049
-0.006889436067377206
-0.00658451965089008
-0.006313457980023385
-0.0060323477717650785
-0.0057849661951576495
-0.005525679480032828
-0.005300139978952927
-0.0050608437074384765
-0.004855455495567464
-0.004634455146796755
-0.004447664102717218
-0.00424339325363012
-0.00407377204112479
-0.003884782618459937
-0.0037310214873484157
-0.0035559746601502716
-0.0034168728719916807
-0.0032545305510305197
-0.0031289884216352416
-0.002978205336340721
-0.0028652168439253726
-0.002724933145421858
-0.0026235790599489646
-0.002492813450880657
-0.0024022549965773275
-0.0022800983209471837
-0.0021995712943684662
-0.0020851805760283204
-0.002013989915888036
-0.0019065828195312788
-0.0018440975916187113
-0.0017429472649448093
-0.0016885960492928275
-0.001593026324965172
-0.0015462929635062406
-0.0014556739012807443
-0.0014160935859331462
-0.001329837326539404
-0.001296993010438547
-0.0012145499185821453
-0.0011880690295838767
-0.0011089240971619133
-0.0010884755329929469
-0.0010121450344166443
-0.0009974364074230024
-0.000923464789474495
-0.0009142399273797508
-0.0008421968970467366
-0.000838233568339702
-0.0007677113774178384
-0.0007688192255912475
-0.0006994301424043366
-0.0007054488254867694
-0.0006368227449622208
-0.000647620257597832
-0.0005794024911105529
-0.0005948736535739852
-0.0005267228228183702
-0.0005467879498587508
-0.00047837401959476456
-0.0005029777230792495
-0.0004339801410194829
-0.0004630902884135894
-0.0003931962325662688
-0.0004268030351169255
-0.0003557057347723322
-0.00039382096007143584
-0.0003212181056511806
-0.00036387441856181957
-0.00028946665033218496
-0.0003367170561029467
-0.00026020649867206953
-0.0003121239039604151
-0.00023321276845726562
-0.00028988963074924563
-0.00020827885530747881
-0.00026982695209294753
-0.0001852148864622775
-0.00025176515004472094
-0.00016384627654921838
-0.00023554873886849704
-0.00014401240943408028
-0.00022103622564123538
-0.00012556543185024722
-0.0002080989798021119
-0.00010836912902561748
-0.0001966202073796636
-0.0000922979068186058
-0.0001864939912165813
-0.0000772358412270527
-0.00017762443650456676
-0.00006307581686801426
-0.00016992487713089044
-0.000049718734496804836
-0.00016331715330094814
-0.000037072758395990336
-0.00015773087255554344
-0.000025052042303538
-0.00015309806042536648
-0.000013538386862768542
-0.000149052907166652
-0.00042269934574912764
-0.0017437931212978632
-0.0038352846053676267
-0.006915127945987251
-0.01070296721179272
-0.015546252976333306
-0.021040837628278755
-0.027641903695827873
-0.034829558511110054
-0.04314921639991174
-0.051968681557955865
-0.06190868511487999
-0.07222671942872397
-0.08360642493460778
-0.09519775149164361
-0.10773807710769309
-0.12027515223163403
-0.13359501796170617
-0.14665243587285332
-0.1602816725369854
-0.17335815108770405
-0.18676842331702406
-0.19932630152942793
-0.2119781337355555
-0.22349653301925573
-0.23489661622350982
-0.2449305698762429
-0.2546899770563783
-0.2629248083880317
-0.2708064784321317
-0.27709540066619726
-0.2830390779145857
-0.28741307198544946
-0.29152829271143216
-0.29417103916550824
-0.296693714242842
-0.29788039714557574
-0.29909543986376064
-0.2991017050497196
-0.2992418351984114
-0.2982366978389026
-0.2973744873716417
-0.29531693008368504
-0.2932717271422685
-0.28983358484933075
-0.28611581639683886
-0.280652229997436
-0.2744640090998833
-0.26604693037028126
-0.25635002421525854
-0.24387059127384533
-0.22952173719258048
-0.2118553487342123
-0.19179654458402584
-0.16801232594293197
-0.1414924124047136
-0.11107885508237682
-0.07787469892386038
-0.040947557712812964
-0.001550043412100649
0.04099178518245407
0.08525936526604008
0.1316592727032096
0.1786155069207293
0.22628587765485567
0.2729723836810457
0.3186305202222013
0.361501423512679
0.4014096425316243
0.43661792962316326
0.4669102189259954
0.4906675483115365
0.5077340066449003
0.5167103588564427
0.5176015847063214
0.5093234249995452
0.4921309025091358
0.46533228800900667
0.42949877291479943
0.3843803154475876
0.33089752727594496
0.2692544792997742
0.20071492176375144
0.12590827418118017
0.04639348340939524
-0.03684415488720374
-0.12203700615020747
-0.20794842270687883
-0.29271909791630746
-0.37499052204991484
-0.45294742022145756
-0.5252509438845429
-0.5902705216728451
-0.646826720147602
-0.6936056564350358
-0.7297124180562644
-0.7542610407064332
-0.7667407738489345
-0.766774304987866
-0.7543007966973864
-0.7294944183833222
-0.6927698516932221
-0.6448523144548789
-0.5866131631549576
-0.5192816700336808
-0.4441205734575592
-0.36276918527922286
-0.2767713679415691
-0.18803932261792358
-0.09824945901744708
-0.009416452050123422
0.07682449280747981
0.15854328674881693
0.2343252627909423
0.30250630967243947
0.36205333621266356
0.4117191843165493
0.4509711166298037
0.47907722379051076
0.496062853495184
0.5017423845640034
0.49668700395935433
0.4812180495938425
0.4563737380371073
0.4228820124252124
0.38211786001029324
0.3350740498312198
0.28330383734548187
0.22790677640069598
0.17045353181895936
0.11200118796587857
0.053997642188867566
-0.002663010288702032
-0.056759069167621454
-0.10763941789497233
-0.1543679976391119
-0.19657315708701287
-0.23362108092578138
-0.2654170409976246
-0.2916106302269199
-0.31235179912920713
-0.3275300816246277
-0.3374894563322507
-0.34230276284864036
-0.3424497819449211
-0.3381269248600698
-0.32989273731606567
-0.31801189366416566
-0.3030718442989453
-0.2853593018665686
-0.26545116300854177
-0.24362110565950165
-0.2204073474305446
-0.19604668725721866
-0.1710211760305146
-0.14551689393571268
-0.11995122136864635
-0.09445378428501798
-0.06937571678544838
-0.04479046492688504
-0.020986207740033527
0.0020154727048950624
0.02398301831452421
0.044940019175880315
0.06470363350262902
0.0833348515277738
0.10069116867821357
0.1168630540868467
0.13174023687902492
0.14543520668861692
0.15786256032062218
0.16915016868434488
0.1792311078766046
0.18824297562463777
0.19613199753634855
0.203040861765812
0.20892464770865948
0.21392746417868896
0.21800989459855583
0.22131466572806618
0.2238053406741067
0.2256212067540729
0.22672697619110285
0.22725705852037364
0.22717604947159953
0.22661254145813345
0.2255301950729604
0.22405123748515393
0.2221379193163392
0.219905852806483
0.21731566049936624
0.21447631103855697
0.21134676621089157
0.2080294805914704
0.20448185096698876
0.20080005576195092
0.19694010650297505
0.19299221316898577
0.18891123187981126
0.18478175245488673
0.180557730348085
0.17631850244964783
0.1720173849131335
0.16772883233806296
0.16340577684203314
0.15911815393787063
0.1548187523070672
0.15057333694486175
0.1463347737079924
0.1421649865656175
0.13801711623709892
0.1339495535851971
0.12991588767697113
0.12597126166875958
0.1220698622427706
0.11826384773012841
0.11450812825376064
0.11085211839760346
0.10725155543926757
0.10375333066769173
0.10031409174797117
0.09697840786189237
0.0937039016366045
0.09053300368241755
0.08742435927931329
0.08441842791140416
0.08147491020530205
0.07863244742491494
0.07585181493863442
0.07316997567178515
0.07054878744209343
0.06802366311656811
0.06555754050087949
0.063184400372798
0.060868249227624766
0.0586417446065476
0.05646994280097642
0.05438427895869839
0.05235083374566833
0.05039991370740411
0.04849859290987382
0.046676136964788804
0.04490057759899457
0.04320022180406048
0.04154401924627782
0.039959395954573255
0.038416176445662746
0.03694097943377302
0.03550445835185082
0.034132494805048
0.032796522806063225
0.031521754148181536
0.0302803530931639
0.029096926397954654
0.027944316576666836
0.026846588042144744
0.025777208123712567
0.0247597599078254
0.023768280860446172
0.022825932352518064
0.02190726626990529
0.02103508080512664
0.02018438559756332
0.019377673397156542
0.018590354079643767
0.01784467212390207
0.01711637932141438
0.016427528756546617
0.01575415503329631
0.015118176604955109
0.014495851020618301
0.013909018995032328
0.013334100313555506
0.01279291517174174
0.012261984057814878
0.011763164372108621
0.011273014843264805
0.010813488479802406
0.010361118821501978
0.009938013778808288
0.009520617153540353
0.009131252124958775
0.008746207019118766
0.008388081882645969
0.008032942508500864
0.007703728824286151
0.007376215589850801
0.007073747230069375
0.006771737363215427
0.006494001298125845
0.006215519667733473
0.005960647034449932
0.005703857264825819
0.005470114692376262
0.005233310547190413
0.0050190918343037735
0.004800688958053672
0.004604507059347975
0.004403035059037372
0.004223514470935766
0.004037609355590668
0.0038734788383471457
0.0037018758260383266
0.0035519615186936112
0.0033934882123370026
0.003256707103188023
0.0031102770388754713
0.002985630816519296
0.002850237335536215
0.0027368065939612734
0.00261151710748432
0.0025084559041415036
0.002392406456074179
0.00229893719695305
0.0021913273934209927
0.002106736048276141
0.0020068242623692105
0.001930455906301293
0.0018375548015707624
0.0017688094371801077
0.0016822817654567866
0.0016206104497462806
0.0015398651258410102
0.0014847663370761272
0.0014092547805145787
0.0013602710852658002
0.0012894837660518505
0.0012461986997131733
0.0011796619509470924
0.0011416971350786302
0.0010789701654777023
0.0010459826407462538
0.0009866547272824
0.0009583345025353217
0.000902022400404707
0.0008780901741963959
0.0008244356797153043
0.0008046407580467927
0.0007533084474605292
0.0007374268327601642
0.0006881019330877509
0.0006759345734672976
0.000628320999532192
0.0006196921625754674
0.0005735106654812854
0.0005682664734685645
0.0005232529172481162
0.0005212600275601451
0.0004771637626446483
0.0004783081421579686
0.0004348904941076615
0.00043907631800402155
0.00039610918024370425
0.0004032578521652444
0.0003605223206510832
0.00037057159250022416
0.0003278567366408519
0.0003407598968163192
0.00029786155237171674
0.00031358673437590387
0.0002703063904766966
0.0002888359629086939
0.00024497969241107486
0.0002663097111427903
0.00022168716315355345
0.0002458269085201648
0.00020025034508267545
0.00022722194175363883
0.000180505300764691
0.00021034338905634307
0.00016230140874239407
0.00019505288467197137
0.00014550023400160213
0.00018122405213974295
0.00012997452417436834
0.00016874155253954038
0.00011560723873882838
0.00015750019330626957
0.00010229070247203601
0.00014740409380214825
0.00008992578771075703
0.00013836595900194892
0.00007842119269427994
0.0001303063964202145
0.00006769275454469253
0.00012315326167202935
0.000057662825783408855
0.00011684111213072554
0.000048259702581503826
0.0001113106457044932
0.00003941709366342746
0.00010650824611192533
0.00003107363285570006
0.00010238554711667453
0.000023172432835695597
0.00009889895596975803
0.000015660288568946976
0.00009600632287086271
8.463709492595334e-6
0.00009347921776450305