-6.973943486399471e-9
-1.9543466113856423e-7
-1.0428562735564791e-6
-3.273269052621562e-6
-7.972043197070897e-6
-0.00001644235297317313
-0.000030295248438361325
-0.000051345594726275555
-0.00008166380455809488
-0.00012349980610106467
-0.0001793091168183749
-0.0002517027951162249
-0.0003434542370504589
-0.00045747503238745003
-0.0005968058791846505
-0.0007646177648235414
-0.0009641885679433768
-0.0011989273948211944
-0.001472337366154617
-0.0017880590481634232
-0.0021498195440995127
-0.00256148920409381
-0.0030270173751885637
-0.003550495137598417
-0.004136078722682426
-0.00478804992496287
-0.005510729026338654
-0.0063085237451695215
-0.007185834309626692
-0.008147081373823167
-0.009196606620993681
-0.01033867019720467
-0.011577351048221387
-0.012916505423651149
-0.014359672347594245
-0.015909986980319847
-0.017570098464027347
-0.019342035581588698
-0.021227146767079607
-0.023225920408053116
-0.02533795976039746
-0.027561765783922002
-0.029894762336815456
-0.032333054584915845
-0.03487152116546844
-0.037503564737790894
-0.04022128676865492
-0.043015247595169226
-0.04587473538495556
-0.04878755054397801
-0.05174037316209779
-0.05471858084662977
-0.05770670928568864
-0.06068830456517267
-0.06364646081190549
-0.06656369935963616
-0.0694225576789525
-0.07220548030685854
-0.07489542637857774
-0.07747575278623353
-0.07993080511868272
-0.08224577323491165
-0.08440723299167643
-0.08640295856223425
-0.08822238965334765
-0.08985639270687021
-0.09129763903192378
-0.09254031685133035
-0.09358041781148091
-0.09441541151431412
-0.09504444884368939
-0.09546801798688047
-0.09568808083287686
-0.0957077329036577
-0.09553129242765648
-0.0951639854109018
-0.09461200568250044
-0.09388224104259733
-0.09298231759328426
-0.09192037503914462
-0.09070510180275694
-0.0893455592492093
-0.08785120759811606
-0.0862317721810039
-0.08449725581869819
-0.08265783663176729
-0.08072386130510086
-0.07870576385361351
-0.07661403592059854
-0.07445915860063336
-0.07225154958417243
-0.07000150429368346
-0.06771912381785615
-0.06541426568993162
-0.06309645977890177
-0.06077487183588073
-0.05845821597957074
-0.05615473510470116
-0.053872118151351976
-0.05161750072039158
-0.049397393365944633
-0.0472177038706769
-0.045083680074051134
-0.042999952967357674
-0.04097049481349524
-0.03899868017765262
-0.03708725786304019
-0.03523842560567287
-0.033453812923848344
-0.03173456461068966
-0.030081330996344285
-0.028494355491228814
-0.026973468838124508
-0.025518176592044084
-0.024127654465742165
-0.022800832544908504
-0.021536389575539248
-0.02033283169989287
-0.0191884843138806
-0.018101564022229327
-0.017070167387568475
-0.01609233555811985
-0.015166039775985502
-0.014289238696155174
-0.013459860903827132
-0.012675855325361033
-0.01193517123673666
-0.011235802392127372
-0.010575765116086017
-0.009953136878979363
-0.009366033086756539
-0.008812640849894395
-0.008291195047046934
-0.007800007996083933
-0.007337445296578967
-0.00690195204212253
-0.006492028860217501
-0.00610625522183146
-0.005743266008670664
-0.005401772390617122
-0.005080539167506728
-0.004778403604809288
-0.004494253724212924
-0.004227045416428339
-0.003975781793787213
-0.0037395288378594084
-0.0035173958779549934
-0.003308549980382057
-0.0031121975782763605
-0.002927597768008734
-0.0027540450867647457
-0.00259088184864291
-0.002437482045318134
-0.002293262828445729
-0.0021576694940589774
-0.0020301861977270953
-0.0019103219736990684
-0.001797620753708877
-0.001691648366107791
-0.0015920019172759438
-0.0014982977131117005
-0.0014101800528792897
-0.0013273100146628497
-0.001249373704485697
-0.0011760718480751282
-0.0011071275327109603
-0.0010422765494019972
-0.0009812746607507701
-0.0009238886400654188
-0.0008699030952492553
-0.0008191121541880867
-0.0007713258720548433
-0.000726362515334462
-0.0006840545777992269
-0.0006442416186185574
-0.0006067759104791254
-0.0005715157902853014
-0.0005383309613748192
-0.0005070963182797251
-0.0004776969236559611
-0.0004500222714067373
-0.0004239709577540242
-0.00039944534969951225
-0.00037635596858282363
-0.000354616533359727
-0.00033414807399449547
-0.00031487432136616207
-0.0002967255669090417
-0.00027963437311913527
-0.00026353919498112665
-0.0002483803870433467
-0.0002341036013399403
-0.0002206560688427096
-0.00020798978779976152
-0.000196058059064879
-0.00018481847802599789
-0.0001742297048683419
-0.00016425427255429076
-0.00015485557450126055
-0.00014600050040008465
-0.000137656625097493
-0.00012979468339529256
-0.00012238594512798095
-0.0001154045394758729
-0.00010882500232728335
-0.00010262446005953448
-0.00009678033628507561
-0.00009127240450433612
-0.00008608064226098543
-0.00008118716155149955
-0.00007657419926441076
-0.00007222593374136551
-0.00006812660114982708
-0.00006426220613101177
-0.00006061875446990221
-0.000057183865331653064
-0.000053945111241689775
-0.00005089153901013604
-0.000048012108629361745
-0.00004529712960683788
-0.00004273679093539988
-0.000040322519198873305
-0.00003804559226990363
-0.000035898425222953014
-0.00003387326087065119
-0.000031963389211909716
-0.000030161908335490718
-0.00002846288284647194
-0.000026860169043751426
-0.000025348517507990703
-0.000023922456803691423
-0.000022577345169642564
-0.000021308307311341816
-0.00002011123991443639
-0.00001898179637373291
-0.000017916350649884308
-0.000016911025038024467
-0.00001596261670403006
-0.000015067663824849185
-0.000014223338978315004
-0.000013426549188170472
-0.00001267480019717344
-0.000011965326131757322
-0.000011295928557443497
-0.000010664131635968286
-0.00001006799975164064
-9.50531417109247e-6
-8.974372931729046e-6
-8.473185131936714e-6
-8.000256695373458e-6
-7.553798514078182e-6
-7.132501640624167e-6
-6.734755583971435e-6
-6.3594164344218094e-6
-6.00503167201869e-6
-5.670604697210332e-6
-5.354822553912348e-6
-5.056820320974884e-6
-4.77540817899008e-6
-4.509839114126825e-6
-4.259031765228358e-6
-4.022344907100064e-6
-3.798792505133164e-6
-3.587828473593133e-6
-3.3885503383686225e-6
-3.2004978102287946e-6
-3.0228414148786258e-6
-2.8551984821586963e-6
-2.6968030400300216e-6
-2.547342896366065e-6
-2.40610702103228e-6
-2.272847488875789e-6
-2.1469004734969276e-6
-2.028076933407523e-6
-1.9157532337869898e-6
-1.8097945789904827e-6
-1.7096111447477991e-6
-1.6151184114622396e-6
-1.5257545413714657e-6
-1.4414819230352815e-6
-1.3617613611051385e-6
-1.2865993298639028e-6
-1.2154743521809383e-6
-1.1484346583582386e-6
-1.0849719255432659e-6
-1.0251742599347708e-6
-9.685422377724173e-7
-9.152023734482847e-7
-8.646601485306935e-7
-8.170793944281559e-7
-7.719667239226513e-7
-7.295225471203882e-7
-6.892510122084016e-7
-6.513886933824193e-7
-6.154338252604285e-7
-5.816590387095553e-7
-5.495533160551597e-7
-5.194255263807709e-7
-4.907521427981289e-7
-4.6387872855463033e-7
-4.382660456886371e-7
-4.142970721349691e-7
-3.9141368372993064e-7
-3.7003724890345346e-7
-3.495875850908376e-7
-3.3052567788018325e-7
-3.12246093575284e-7
-2.9525090742727276e-7
-2.7890619827783133e-7
-2.637568490255355e-7
-2.491371495160098e-7
-2.3563675237019631e-7
-2.225547715526929e-7
-2.105278399729662e-7
-1.9881640163761556e-7
-1.8810653106608707e-7
-1.7761637982898703e-7
-1.6808418358002554e-7
-1.5868203211014848e-7
-1.5020330533966122e-7
-1.4177009190459666e-7
-1.3423417440261973e-7
-1.2666351206966693e-7
-1.1997183163586608e-7
-1.1316862451031551e-7
-1.0723339988282878e-7
-1.0111260934433494e-7
-9.58556935556451e-8
-9.034123723975702e-8
-8.56930893916919e-8
-8.07168620518676e-8
-7.661563114801225e-8
-7.211662621037031e-8
-6.85073346040136e-8
-6.443086487424622e-8
-6.126468182544723e-8
-5.756168061137596e-8
-5.4795275989082854e-8
-5.142167388169111e-8
-4.901664355285921e-8
-4.593281278669489e-8
-4.3855165800335056e-8
-4.102542031769065e-8
-3.924512441080149e-8
-3.663727649880551e-8
-3.512785345618178e-8
-3.2712813702750546e-8
-3.145098022498171e-8
-2.9202402132928435e-8
-2.8167751224717048e-8
-2.6061709980039515e-8
-2.5236427073169815e-8
-2.3251132691871053e-8
-2.2619746770929183e-8
-2.0735285766153048e-8
-2.0284446294666164e-8
-1.8482549656316133e-8
-1.8200832411297892e-8
-1.6464666232037365e-8
-1.6342399006065765e-8
-1.4656376364770272e-8
-1.4685489375115207e-8
-1.3035097656741288e-8
-1.3208989451845293e-8
-1.1580636395243326e-8
-1.1894058752350163e-8
-1.0274930793039946e-8
-1.0723887897598708e-8
-9.101820587213268e-9
-9.683482922516988e-9
-8.046842981655985e-9
-8.759472744818774e-9
-7.097049429562655e-9
-7.93993764955659e-9
-6.2408417836036965e-9
-7.214255449404789e-9
-5.467826366773283e-9
-6.572966557265489e-9
-4.7686831958430836e-9
-6.007650800241605e-9
-4.135049829699886e-9
-5.5108185732280875e-9
-3.5594162907885032e-9
-5.075815442312086e-9
-3.035032043829696e-9
-4.696734265720517e-9
-2.5558222820706947e-9
-4.368339254548645e-9
-2.116313301866339e-9
-4.085997873213158e-9
-1.7115664811882788e-9
-3.845618727323136e-9
-1.3371165184201645e-9
-3.6435979582518693e-9
-9.889180361618988e-10
-3.4767695270273064e-9
-6.632827646722979e-10
-3.3422392778309822e-9
-3.558631532731226e-10
-3.229607204911768e-9
7.431197998964468e-9
2.0089633310261824e-7
1.0628870906173076e-6
3.295134853977529e-6
7.897144362450446e-6
0.00001596889747654805
0.000028747844801524215
0.00004744260214326495
0.00007323896209342863
0.00010717362852746449
0.00015014616853894754
0.00020285186313599043
0.00026582436709082113
0.0003394440138859562
0.0004240230525536622
0.0005198973822730049
0.0006275526821152219
0.000747797322959768
0.0008819152456980243
0.001031908183923926
0.00120065090265633
0.0013921827282911822
0.0016118325834053563
0.001866532636150384
0.0021648734370728452
0.002517405296510913
0.002936576991651219
0.003436983186164785
0.004035134427700012
0.004749603499284042
0.005600572858940658
0.006609833482581144
0.007800063472279162
0.009194645133285436
0.010816650310151122
0.012688469484191953
0.014830518127467652
0.01726071604434228
0.019992982268487544
0.02303665833263007
0.026394918238853444
0.03006428423602672
0.03403312898970685
0.03828147106979839
0.04277977229275833
0.04748920688677634
0.052360944494913075
0.057337051586545236
0.06235039394800766
0.06732625065274903
0.07218287415132915
0.07683378673541298
0.08118891781611866
0.08515743095077044
0.08864924069009525
0.09157811074688862
0.093863263093374
0.09543241939072249
0.09622317440233191
0.09618564043278142
0.09528327690147757
0.09349484623097147
0.09081446960126782
0.08725270396953698
0.08283571565574886
0.07760542198691162
0.07161781516797254
0.0649422518328958
0.05765909185985533
0.04985833802822634
0.04163685330576373
0.033096629885275404
0.024341897720133433
0.01547732666495832
0.006605333797726511
-0.002175504949418509
-0.010772694427950712
-0.019100990957989283
-0.02708402103470433
-0.03465491784368528
-0.04175725142177806
-0.048345110533767256
-0.05438337202487527
-0.05984729096490138
-0.06472221244672721
-0.06900279182469982
-0.07269229906742503
-0.07580162003949903
-0.07834831954535779
-0.08035557492294672
-0.0818511528470289
-0.08286640403002453
-0.0834352785196167
-0.08359347395331836
-0.08337757408145266
-0.08282440224626682
-0.08197032723861288
-0.08085083639573122
-0.07950001842179162
-0.07795034183738371
-0.07623229973531113
-0.07437436127166647
-0.07240274919730048
-0.07034152406157407
-0.0682124603023971
-0.06603522262777882
-0.06382730789858983
-0.061604277962587745
-0.05937973978325276
-0.05716560622874566
-0.05497209359182845
-0.05280798951833271
-0.05068065363953224
-0.048596278739744335
-0.046559885802894135
-0.04457557009157546
-0.04264648616307886
-0.04077507464638234
-0.038963035734740394
-0.037211535250190275
-0.03552116697900748
-0.03389213836967494
-0.032324223109078155
-0.030816927789523125
-0.029369436583673414
-0.027980760683344204
-0.026649677026429106
-0.025374862447580616
-0.024154828294515714
-0.022988041175784586
-0.02187285508324135
-0.02080762046635632
-0.01979061521793143
-0.01882014360742966
-0.017894467228504733
-0.01701189511883028
-0.016170715530764157
-0.015369278371494368
-0.014605928451674376
-0.0138790812054952
-0.013187157898687006
-0.012528655436848765
-0.011902083871893359
-0.011306030978349991
-0.01073910228295983
-0.010199980981270123
-0.009687370624403255
-0.009200050859255071
-0.008736822835984996
-0.008296561182267445
-0.007878162140772346
-0.007480592127355009
-0.007102838568410983
-0.0067439553435499336
-0.00640301626225557
-0.006079157651556794
-0.005771534391076235
-0.005479359872459665
-0.0052018644971781325
-0.004938333208098136
-0.004688066344877008
-0.004450414925097047
-0.004224743747107471
-0.004010464579700166
-0.003807001399984099
-0.0036138216342762857
-0.003430403419065268
-0.003256265022637905
-0.0030909340186582486
-0.0029339750065905472
-0.0027849605903331673
-0.002643497506012685
-0.0025091993012463874
-0.0023817109708275663
-0.0022606832363202905
-0.0021457957824774763
-0.002036733041404442
-0.0019332061162215387
-0.0018349299782809793
-0.0017416441589903266
-0.0016530912731445027
-0.001569036554576484
-0.0014892476231508397
-0.001413512935286548
-0.0013416227164653773
-0.0012733863936261838
-0.0012086146190575465
-0.0011471357476439176
-0.0010887788824668052
-0.0010333894563441708
-0.000980813232727117
-0.0009309110481921408
-0.0008835437058564401
-0.000838585932247925
-0.0007959121040844769
-0.0007554094699899427
-0.0007169646547903799
-0.0006804761939069287
-0.0006458417625024404
-0.0006129700677816359
-0.0005817687532415828
-0.0005521556917795368
-0.0005240475181717291
-0.0004973703637982409
-0.00047204897241051347
-0.0004480169157436513
-0.00042520625016292653
-0.0004035572503967784
-0.0003830085666011704
-0.00036350651207993546
-0.0003449956820751174
-0.00032742782967201174
-0.00031075290984557586
-0.0002949275762737903
-0.00027990661528904976
-0.00026565109551408215
-0.00025212015798674835
-0.0002392788489611362
-0.0002270902340133765
-0.0002155229432594822
-0.00020454357872239784
-0.0001941240000410145
-0.00018423399527688685
-0.00017484833459209027
-0.0001659396760425516
-0.00015748541325518267
-0.000149460788980711
-0.0001418455622294429
-0.00013461730264789553
-0.00012775790246796949
-0.00012124702562887503
-0.00011506848896305428
-0.00010920384038918422
-0.00010363863395140947
-0.00009835611148498298
-0.00009334339599446556
-0.00008858525146047604
-0.00008407021867279945
-0.00007978442840837223
-0.0000757177036321243
-0.00007185740142515463
-0.00006819450529953777
-0.00006471747154079813
-0.00006141833515331518
-0.00005828653641249154
-0.00005531506421192277
-0.000052494238284570714
-0.0000498179143945203
-0.00004727719687272088
-0.00004486673032183309
-0.00004257831759789161
-0.000040407322781865175
-0.00003834616887375481
-0.00003639087753465703
-0.00003453442063263437
-0.00003277342252495217
-0.000031101338776778575
-0.000029515347873919942
-0.000028009329505966504
-0.000026580973359724377
-0.00002522452872402386
-0.000023938158937295474
-0.000022716432553819915
-0.000021557953578307022
-0.000020457563805067043
-0.000019414279286545904
-0.000018423172209912867
-0.000017483645942435985
-0.00001659096364114804
-0.000015744894871481055
-0.000014940856707167022
-0.000014178967306402231
-0.000013454763236094919
-0.000012768696512861525
-0.000012116390621238986
-0.00001149861973138759
-0.000010911063556754106
-0.000010354809345966263
-9.825563822081381e-6
-9.32472064675903e-6
-8.847985536055646e-6
-8.397054342406718e-6
-7.96760499315325e-6
-7.561633235625759e-6
-7.174763208020839e-6
-6.809290743651247e-6
-6.460760626157325e-6
-6.1317706567131185e-6
-5.817761520868317e-6
-5.521636907234231e-6
-5.238708471596414e-6
-4.97219186720774e-6
-4.717245091495577e-6
-4.4774033020342185e-6
-4.247646277107061e-6
-4.031838226407198e-6
-3.824755767388822e-6
-3.630603470838555e-6
-3.44392955218797e-6
-3.26929206910263e-6
-3.100984963941966e-6
-2.9439348549430538e-6
-2.7921549021609013e-6
-2.6509571702085763e-6
-2.5140466698102736e-6
-2.3871395609929356e-6
-2.2636046055333964e-6
-2.1495826457954975e-6
-2.038076937437082e-6
-1.935675227282821e-6
-1.834985009848816e-6
-1.7430654754836993e-6
-1.652096729579671e-6
-1.5696356976800133e-6
-1.4874018389926716e-6
-1.4134785741631499e-6
-1.3390898141059938e-6
-1.27287652940428e-6
-1.205530202270292e-6
-1.1462827250413819e-6
-1.0852545992097554e-6
-1.0323041796550547e-6
-9.769403776752603e-7
-9.296864755670761e-7
-8.793966142610833e-7
-8.373001178994572e-7
-7.915506304443134e-7
-7.541277469713472e-7
-7.12436389111439e-7
-6.792533754030369e-7
-6.411838486269689e-7
-6.118522442246476e-7
-5.770095252742996e-7
-5.511816437422136e-7
-5.192078904576037e-7
-4.965728407524482e-7
-4.671432422860928e-7
-4.474236293301859e-7
-4.202432550944607e-7
-4.031918008633253e-7
-3.7799247931500886e-7
-3.6338935536698085e-7
-3.399265007161439e-7
-3.2757676778863325e-7
-3.0562717458356005e-7
-2.9535834365833417e-7
-2.7471779611338157e-7
-2.6637795264535225e-7
-2.4685910848269096e-7
-2.403150407907922e-7
-2.2174535929825852e-7
-2.168809349289664e-7
-1.9910129644151218e-7
-1.9581590802484784e-7
-1.786787507232383e-7
-1.768861853762132e-7
-1.6025426905017688e-7
-1.5988148013859306e-7
-1.4362654534719974e-7
-1.4461253911558968e-7
-1.2861386581022087e-7
-1.3090912846656177e-7
-1.1505286779758863e-7
-1.1861803734888252e-7
-1.0279590484373443e-7
-1.076015965661906e-7
-9.171011577880393e-8
-9.773611512386925e-8
-8.167545063407953e-8
-8.891025203457829e-8
-7.258378316089906e-8
-8.102391036329377e-8
-6.43375089514032e-8
-7.398750841671857e-8
-5.684839427698862e-8
-6.772036307384376e-8
-5.003693876938354e-8
-6.215014535027701e-8
-4.383117507795133e-8
-5.721215818506147e-8
-3.8165943270734525e-8
-5.284828659064557e-8
-3.298246969245515e-8
-4.900662721578611e-8
-2.8227407423610444e-8
-4.56406961700274e-8
-2.385238017230538e-8
-4.270900762481486e-8
-1.9813504289953343e-8
-4.017465044820846e-8
-1.6070807713625404e-8
-3.8004610378986466e-8
-1.2588086710753683e-8
-3.616998967397381e-8
-9.332184300873262e-9
-3.464489496453496e-8
-6.272703221023432e-9
-3.340536678472493e-8
-3.37228100743532e-9
-3.235538370059319e-8
3.070758317911538e-8
8.757189396773877e-7
4.67243861508926e-6
0.000014717055915817856
0.00003595293041441392
0.00007448859897699369
0.0001379031488524022
0.00023507016995479526
0.0003761746167797778
0.0005727940326497915
0.0008376460920283969
0.00118490114568942
0.0016296590690425016
0.002188461724273542
0.002878496506038092
0.0037182669815339388
0.004726529386730762
0.005923069369375723
0.0073273918858460805
0.00895954172785113
0.010838582012358886
0.01298338478677751
0.015410945347454907
0.018137057695144537
0.0211745219570213
0.02453361303513228
0.028220251634067234
0.03223618167187067
0.03657719918886923
0.041232983223240864
0.0461855163941506
0.05140856821134036
0.05686649518578018
0.06251344969850132
0.06829280640783177
0.07413624947213078
0.07996411852849464
0.08568459106601381
0.09119525389958111
0.09638262208913156
0.10112519962036663
0.10529354022221087
0.10875494833936727
0.11137417707160989
0.11301973260320128
0.11356512029831017
0.11289646388502624
0.1109139716459493
0.1075402982725741
0.10272165120904066
0.09643606319688285
0.08869335776959758
0.07954233604976715
0.06906874504540807
0.057400386936393495
0.04470235048209112
0.03117927673384917
0.01706745442095706
0.002633927169962185
-0.011834407584197312
-0.026034549007246326
-0.03966050754295836
-0.052408957282856224
-0.06399318262092257
-0.07414914928276314
-0.08264851677573153
-0.08930340585705396
-0.09397667850460648
-0.09658383263729658
-0.09709912787798178
-0.09555358516038959
-0.09203626510718797
-0.08668817719918594
-0.07969893359041215
-0.07129727566899602
-0.061744200410959425
-0.05132155570526361
-0.04032334450084409
-0.029044230647084383
-0.017770919653926395
-0.006772364372162137
0.003707126010910698
0.01345464593164303
0.022292792714305343
0.030082763583765573
0.03672534251069328
0.042160456781713096
0.04636542190055866
0.04935168552555728
0.051161179811468324
0.051861320217616115
0.051540507861416084
0.050302499558569996
0.04826202885326038
0.0455394787477731
0.04225733346276131
0.03853576961019048
0.03449032026440169
0.03022866091417155
0.02584955858797075
0.02144084596353742
0.017079501007037277
0.012830616376728084
0.008748329525285526
0.004875508685697578
0.0012452191554019377
-0.0021191585741356283
-0.005202210471748979
-0.007996178577084867
-0.010499210355982922
-0.012715029464601
-0.014651299039635952
-0.01631937961911904
-0.01773288628826129
-0.018907583548968918
-0.019860165126926097
-0.020608295245200553
-0.021169605673388908
-0.02156186805989
-0.021802183417775206
-0.02190725797702288
-0.021892752115549866
-0.021773628867022145
-0.0215636285194612
-0.021275660996960735
-0.02092137576147523
-0.02051157407339841
-0.020055849104157124
-0.01956299972564782
-0.019040721361442286
-0.01849600834793243
-0.017934881175403036
-0.01736276905669455
-0.016784263457208116
-0.016203476110869298
-0.015623812030440911
-0.015048300855812283
-0.014479384947526201
-0.013919223775013513
-0.013369494375149267
-0.012831669657747782
-0.012306829622635693
-0.011795915141878072
-0.01129954902393373
-0.010818267172020774
-0.010352348988897248
-0.009902027920121272
-0.009467330904661658
-0.009048270278540944
-0.008644692066922999
-0.008256451107073189
-0.007883267996927281
-0.007524889138840688
-0.007180952140842374
-0.006851132312203663
-0.006535016278032907
-0.0062322362878752665
-0.005942351766621406
-0.005664972639456368
-0.005399648507976817
-0.005145982050052174
-0.00490352548530054
-0.004671884981039377
-0.0044506240523372416
-0.004239359795393999
-0.004037672858386216
-0.0038451962271402254
-0.0036615313989888446
-0.003486330365179123
-0.0033192176235519273
-0.0031598659304687576
-0.003007923795373659
-0.0028630855149423006
-0.0027250238050397758
-0.002593454576802934
-0.0024680743744689994
-0.0023486203073197006
-0.002234811980040584
-0.0021264069536439337
-0.002023146869263164
-0.0019248087796919333
-0.00183115518382645
-0.001741981538133761
-0.0016570699371734822
-0.0015762330885619289
-0.0014992713891340014
-0.001426013624250415
-0.0013562772066389693
-0.0012899058362587346
-0.0012267326853174182
-0.0011666152382554143
-0.0011094012197240492
-0.0010549608142635652
-0.0010031551502195741
-0.0009538660835373706
-0.0009069670631245467
-0.0008623506477576095
-0.0008199015910928894
-0.0007795222494338771
-0.0007411077347446298
-0.0007045693573694612
-0.0006698117084776502
-0.0006367542713362002
-0.0006053103031609709
-0.0005754067376409565
-0.0005469647480542602
-0.0005199180527289814
-0.0004941950507520821
-0.00046973563299861787
-0.00044647479026429474
-0.0004243580239968393
-0.0004033263350498937
-0.000383330321055329
-0.00036431645984261597
-0.0003462399744850805
-0.00032905233238178624
-0.00031271295190774575
-0.00029717784475803856
-0.0002824102313904778
-0.00026837026148802175
-0.0002550245988309083
-0.0002423371609872187
-0.00023027772777229426
-0.00021881364727777673
-0.00020791751713056565
-0.00019755980843549776
-0.0001877156654306401
-0.00017835840261116312
-0.0001694654638136801
-0.0001610127525934856
-0.00015297978736439474
-0.00014534482975884212
-0.0001380892680885863
-0.00013119351277554042
-0.00012464063532588616
-0.00011841300488427362
-0.00011249520672903934
-0.00010687139618487897
-0.0001015275181332157
-0.00009644935805877254
-0.00009162407979118987
-0.00008703895767058154
-0.0000826822470130202
-0.00007854258310216944
-0.00007460919590783335
-0.0000708719667113033
-0.00006732099381163714
-0.00006394730050614155
-0.00006074175648412915
-0.00005769643366735327
-0.000054802884373279674
-0.000052054145246090295
-0.000049442369912812165
-0.00004696148456994492
-0.00004460416980273089
-0.000042365174072095725
-0.000040237636609499546
-0.00003821706812037474
-0.000036297003457069403
-0.00003447366236540328
-0.000032740917692256924
-0.00003109565069511276
-0.000029532018475530362
-0.000028047522601370156
-0.00002663655454775071
-0.000025297199507485187
-0.00002402403730957018
-0.000022815705617055157
-0.000021666928767656677
-0.000020576869906687
-0.000019540357151713066
-0.000018557056182401917
-0.000017621860727402556
-0.00001673491956408496
-0.000015891155613172434
-0.000015091185430591414
-0.000014329926394756767
-0.0000136084500506708
-0.000012921635119089196
-0.000012270999744809097
-0.000011651351066658356
-0.000011064648073673391
-0.000010505594716606834
-9.976588033803837e-6
-9.47219773885052e-6
-8.99525869216396e-6
-8.540175731795961e-6
-8.110224229665606e-6
-7.69961389019764e-6
-7.3120657306554636e-6
-6.941563889519757e-6
-6.5922823667720936e-6
-6.257948788196867e-6
-5.9432011531743765e-6
-5.641479535906153e-6
-5.3578985934270235e-6
-5.085578878310485e-6
-4.83012647006774e-6
-4.584310688661934e-6
-4.354246795864939e-6
-4.1323191395486794e-6
-3.925172288686847e-6
-3.7247714764192667e-6
-3.5383130256616973e-6
-3.3573072621501814e-6
-3.189527815324889e-6
-3.0259927199507397e-6
-2.8750803792753737e-6
-2.7272782741849533e-6
-2.591600487020513e-6
-2.4579624865028946e-6
-2.336047551299092e-6
-2.215156881606322e-6
-2.105678913209915e-6
-1.99625544015249e-6
-1.898020289426356e-6
-1.7989081794201887e-6
-1.7108402791894642e-6
-1.6209949523455862e-6
-1.5421263623023744e-6
-1.4606038074616317e-6
-1.3900633441319561e-6
-1.31600978477228e-6
-1.2530141002543867e-6
-1.1856575685257152e-6
-1.1295024098279646e-6
-1.068144279133086e-6
-1.0181970940802728e-6
-9.622044184706765e-7
-9.178973972939106e-7
-8.666969456038119e-7
-8.275207796688152e-7
-7.805928127823571e-7
-7.460912112969053e-7
-7.029642553844947e-7
-6.727289417333038e-7
-6.329741032414924e-7
-6.06640338877856e-7
-5.698677386906468e-7
-5.471103782211381e-7
-5.129647085496056e-7
-4.934941529864606e-7
-4.616512958387497e-7
-4.4521069558012385e-7
-4.1537364213063077e-7
-4.0173567676084325e-7
-3.736329508707756e-7
-3.6259732098926645e-7
-3.359790771159047e-7
-3.2737018269402817e-7
-3.0200592593608494e-7
-2.956708560840089e-7
-2.713476237983827e-7
-2.671537898168495e-7
-2.4367375132819865e-7
-2.415075084934158e-7
-2.186867390795942e-7
-2.1845186666188496e-7
-1.9611775443298502e-7
-1.9773438165144724e-7
-1.7572456361769578e-7
-1.791276569500475e-7
-1.5728833054285572e-7
-1.6242693043577282e-7
-1.406116972397768e-7
-1.4744786719407278e-7
-1.255164671298291e-7
-1.340246240938696e-7
-1.1184200284866371e-7
-1.22007955359764e-7
-9.944297589504591e-8
-1.1126393874732041e-7
-8.818835008747203e-8
-1.0167172417522519e-7
-7.795929506124824e-8
-9.312322971556137e-8
-6.864890799804176e-8
-8.552073155748682e-8
-6.016013247186231e-8
-7.877720016409518e-8
-5.240520010185637e-8
-7.281434827966385e-8
-4.530473078285865e-8
-6.75621801429249e-8
-3.878664079752942e-8
-6.295798568807407e-8
-3.278570675254725e-8
-5.8945618844550394e-8
-2.7242331279314603e-8
-5.547494794225675e-8
-2.21024847970697e-8
-5.250186780075891e-8
-1.731709379993844e-8
-4.998665299208008e-8
-1.28409746690539e-8
-4.7894521703254275e-8
-8.633027483092045e-9
-4.619279350828627e-8
-4.64221341094284e-9
-4.474968857849538e-8
1.913104906637253e-8
5.394894899686501e-7
2.8728358958269207e-6
9.013187170490126e-6
0.000021914284311777287
0.00004512994561740046
0.00008295497952526223
0.00014022986878904815
0.00022226675255894202
0.0003348133680885855
0.0004837632380225984
0.0006752951355361404
0.0009153606427638254
0.0012100128378802685
0.0015646722405238246
0.0019846452890985118
0.002474184707590777
0.0030371799567070093
0.003676049557079811
0.0043925672873693766
0.005186652453369097
0.006057281264755497
0.007001275188373754
0.008014237795135472
0.009089476416519379
0.010218898131138198
0.011392227861725938
0.012597787652270124
0.01382218589384735
0.01505088616893731
0.016268530476411726
0.01745917519552561
0.018607373938341203
0.019697920880699583
0.02071776019213277
0.02165503814418975
0.022501835269429928
0.0232522987497256
0.02390612354198611
0.02446552779314149
0.024939355164019187
0.025338680922764686
0.02568138502147333
0.02598624620777245
0.02627785737601929
0.026579186104848225
0.02691677720444644
0.02731192751124804
0.027786239623467903
0.02835175814534007
0.029017079751121305
0.029776990418249116
0.030619458196144502
0.031515444222443935
0.03242715292821158
0.03329870867027939
0.034065965449148604
0.03464860665022223
0.03496159976307493
0.03490898584772084
0.03439672389643768
0.03332803477890688
0.031616983145573166
0.029184819801188363
0.02597330239522527
0.021941158720695252
0.017075966392264916
0.011389747329524693
0.00492829826720773
-0.0022349136363052674
-0.009992729755516475
-0.018212514854439043
-0.026733639997894295
-0.035377637162600194
-0.043948728509746286
-0.05224515839450141
-0.06006174268486069
-0.06720118308133283
-0.07347727994370339
-0.07872488764759183
-0.0828024321163503
-0.08559935005819619
-0.08703687131024626
-0.08707224404405103
-0.08569728173882925
-0.08293927648156675
-0.07885741243570077
-0.07354084381167181
-0.06710357889827896
-0.05968060537980283
-0.051422137011390034
-0.04248882984722985
-0.033046320299107
-0.02326049472869764
-0.01329307159633043
-0.0032976316456665763
0.006583304089429691
0.016221107002483918
0.02550234138739012
0.034330396627580494
0.04262531190821714
0.050324377054895855
0.05738080065288418
0.06376357655831702
0.0694553835742985
0.07445204585352275
0.07876003660648641
0.08239582235048074
0.08538327440891576
0.08775311166560591
0.08954043313851773
0.09078438945521636
0.0915259613061854
0.09180791498851465
0.09167287899993308
0.09116358293092308
0.09032123310886121
0.0891859986852282
0.08779565631511486
0.08618626980858862
0.08439105937549338
0.08244121703255013
0.08036495300584208
0.07818839337458644
0.07593476021378512
0.07362530665119038
0.07127859467087873
0.06891143292254771
0.0665382243487335
0.06417188187355004
0.061823225710591276
0.05950186049403771
0.05721560857035637
0.0549713388538135
0.05277442739975626
0.05062953328522603
0.048540081371061
0.04650898403721341
0.044538143494017676
0.042629120522630265
0.040782655237616
0.03899928539675265
0.037278885395150355
0.0356212374622617
0.034025589092757394
0.03249118075610842
0.031016822095764004
0.02960137979640331
0.028243372838459024
0.026941424013477423
0.02569387438404646
0.024499201690121215
0.023355653992399885
0.022261637922792465
0.02121537131554621
0.020215243961665966
0.019259488871736695
0.018346517913279285
0.017474611216094362
0.01664222981324984
0.015847722592999738
0.015089617835626604
0.01436634703792933
0.013676517033657954
0.013018649964322409
0.01239143749447723
0.011793496169794648
0.011223605085798562
0.010680475860815898
0.010162974982450328
0.009669907623310622
0.009200225775028577
0.008752825143711824
0.008326740082778838
0.007920952821924801
0.007534576122612548
0.007166674121876576
0.006816433555087317
0.0064829955210025285
0.006165616051509882
0.005863508136424344
0.005575992358681467
0.005302348545208087
0.005041957136906743
0.004794159863322454
0.0045583924660196635
0.004334053826582508
0.004120630622791168
0.003917574367261095
0.003724418534396475
0.003540663000920358
0.0033658841442786363
0.003199626204485455
0.0030415048215519267
0.0028911048681969555
0.002748077861025834
0.002612045840079912
0.0024826930624018482
0.0023596755279157817
0.0022427073386741578
0.0021314754941357916
0.0020257212758254444
0.0019251599558518964
0.0018295575483000112
0.0017386550919337334
0.0016522410892333668
0.0015700800460714908
0.0014919809006962545
0.001417729519155301
0.0013471533987308066
0.0012800578375826072
0.0012162871799375956
0.0011556643935486863
0.0010980491081753817
0.001043280350488928
0.0009912316149127548
0.0009417565161726037
0.0008947411203110704
0.0008500522885073854
0.0008075874838588352
0.0007672255898128148
0.0007288743994356021
0.0006924237036656289
0.0006577906560885431
0.0006248749389790439
0.0005936021883829051
0.0005638810522199096
0.0005356448524497491
0.0005088103595972712
0.00048331786103097735
0.00045909148153465895
0.00043607782218018
0.00041420766232394367
0.00039343332699131065
0.0003736916128612624
0.00035494003722097634
0.00033712083360282614
0.0003201962306012182
0.0003041133697047807
0.00028883875812202184
0.00027432396274243323
0.0002605393797903243
0.0002474405618331601
0.0002350014435675381
0.00022318116164160204
0.00021195687456083287
0.000201290936820181
0.00019116344822213245
0.000181539646725563
0.00017240232021567523
0.0001637192839530568
0.00015547578800221377
0.00014764194533030956
0.0001402052668282399
0.000133137905595217
0.00012642945450450693
0.00012005387125097495
0.00011400267217832245
0.00010825140223966667
0.00010279336177360085
0.00009760548315497862
0.00009268272820545769
0.00008800323088967731
0.0000835635081975326
0.00007934272420532069
0.00007533885905666711
0.00007153194728845685
0.00006792135297460412
0.00006448783191031427
0.0000612320662038228
0.0000581353934898701
0.00005519975787775536
0.00005240694829636945
0.00004976012656594356
0.00004724140793824595
0.0000448551368782099
0.000042583638110317206
0.000040432413544906586
0.00003838388385686164
0.000036444691854321383
0.00003459724522184909
0.00003284932030672708
0.000031183207002315736
0.00002960781487031374
0.000028105212934878337
0.000026685452161589704
0.00002533027970196054
0.00002405090312185441
0.000022828649562562903
0.00002167590453302097
0.000020573476421652384
0.000019534958693910577
0.000018540542481671416
0.0000176050647077745
0.00001670800115902476
0.00001586547471587985
0.000015056146739534709
0.000014297475108889851
0.000013567204979907916
0.00001288418618113315
0.000012225144605836825
0.000011610384387820504
0.00001101550674109843
0.000010462340607693567
9.92525187433319e-6
9.427672057284467e-6
8.942619520646082e-6
8.495213162681544e-6
8.057004684118181e-6
7.654894692902338e-6
7.258845074905522e-6
6.89763804264815e-6
6.539517400035035e-6
6.215255602306288e-6
5.8912453894295065e-6
5.600366313700078e-6
5.307018402170996e-6
5.046315399510904e-6
4.780515764456542e-6
4.547102919539698e-6
4.306037563387903e-6
4.097318519693836e-6
3.878445033436445e-6
3.692086884459157e-6
3.4931062741176674e-6
3.3270113970731335e-6
3.14584443898697e-6
2.998129717897597e-6
2.8328945231510096e-6
2.7018701712517533e-6
2.550862336595932e-6
2.435013303963579e-6
2.296687945801564e-6
2.1946570380735637e-6
2.0676131347539685e-6
1.9781866647030813e-6
1.8611515177036805e-6
1.7832446201570789e-6
1.6750611696034501e-6
1.6077074377947867e-6
1.5073214251059967e-6
1.44966066360925e-6
1.3561116935942904e-6
1.3073801797996395e-6
1.2197895424654166e-6
1.1793122846973169e-6
1.0968741420278287e-6
1.0640564134176646e-6
9.860319860868126e-7
9.603514589119615e-7
8.860599622993589e-7
8.670616248702261e-7
7.958734701077623e-7
7.831636040056283e-7
7.144950741486014e-7
7.077355489846166e-7
6.410434476795844e-7
6.399481554002481e-7
5.747232982488308e-7
5.790535652521007e-7
5.148175078193662e-7
5.243797363189714e-7
4.6067918004845606e-7
4.7532082107954583e-7
4.1172518579342794e-7
4.313324478284938e-7
3.674297535987972e-7
3.9192447020079455e-7
3.273171135766788e-7
3.5665673984381173e-7
2.9095882016210174e-7
3.251320103357071e-7
2.579673211506079e-7
2.969948160822923e-7
2.2799309482635282e-7
2.71925721327563e-7
2.0072047657288668e-7
2.4963761759825777e-7
1.7586301942793505e-7
2.2987307556505083e-7
1.5316280904089668e-7
2.1240115700126942e-7
1.3238550078143495e-7
1.9701567227414875e-7
1.1331877363337028e-7
1.8353113042060223e-7
9.577013895392983e-8
1.717829756946117e-7
7.95651796084336e-8
1.616246141585859e-7
6.454467774669466e-8
1.5292467132708534e-7
5.056339360537483e-8
1.4556679950256287e-7
3.7489714073236376e-8
1.3944873222212632e-7
2.5201515413013894e-8
1.3447453886843237e-7
1.3550148230335254e-8
1.30258738324432e-7