1.2665453535918581e-8
3.5676388231076016e-7
1.9077280716898514e-6
6.002339708535204e-6
0.000014667673160879034
0.000030370659687779757
0.000056217179095607174
0.0000957703857394824
0.00015319196667819914
0.00023309930587445775
0.0003406683418880583
0.00048151754971333176
0.0006617805699028005
0.0008880111378810759
0.0011672292140569238
0.0015068439624950022
0.0019146750048339327
0.0023988921426470237
0.00296801227234437
0.0036308555126244066
0.004396517763664738
0.0052743435625385495
0.006273874027318916
0.007404837260058409
0.008677071366472994
0.010100533616174485
0.011685198294412662
0.01344108612902156
0.015378136854060868
0.017506260618051564
0.019835185273592227
0.02237453158032314
0.02513363534397237
0.028121648210625263
0.031347334840091085
0.03481920095424599
0.038545265733942395
0.04253321854351868
0.04679016669199821
0.051322821929577635
0.056137223627928556
0.0612389557623416
0.066632845464911
0.07232321080227289
0.07831353456417013
0.08460674275584763
0.09120485342655255
0.09810928544913493
0.10532048218840362
0.11283824986526635
0.12066135592933683
0.12878789612323216
0.13721486756964074
0.14593856358125154
0.1549541217090302
0.16425594539870786
0.17383722758061776
0.1836903984633637
0.19380662567735787
0.20417628782021596
0.214788452687953
0.22563137663117597
0.2366919629970335
0.24795628788785573
0.25940904155124983
0.2710340816981865
0.28281386115412965
0.2947300104134442
0.30676275531750624
0.31889153090075445
0.3310943930970247
0.34334866606722436
0.35563035185971204
0.3679148132084757
0.38017618461497477
0.3923880920070672
0.4045230678363945
0.41655330797932955
0.4284500921802071
0.4401845772054274
0.4517272223976099
0.46304861647648743
0.4741189062519781
0.4849086527688949
0.4953882595510443
0.505528852210954
0.5153017011709414
0.5246791176041175
0.5336338645922073
0.5421400614968687
0.5501725771082087
0.5577079343714684
0.5647236793220979
0.5711992785398871
0.5771154585411574
0.5824550893482159
0.5872024904241457
0.5913442952084266
0.5948687214810532
0.5977664134545346
0.600029676449386
0.6016532949529486
0.6026337334730274
0.6029699306801019
0.6026624700878116
0.6017143518166879
0.600130138172572
0.5979167055815462
0.5950823710974855
0.5916376275946115
0.5875942576963578
0.5829660553766511
0.5777679337946352
0.5720166361137881
0.5657298433369827
0.5589268765135913
0.5516278100143159
0.5438541664855401
0.53562804020029
0.5269727852445881
0.5179121527169681
0.5084709717616572
0.4986743035066484
0.48854811371681045
0.4781184454648017
0.4674120813623697
0.4564557360478196
0.4452767051776634
0.43390207792269314
0.4223593692304767
0.4106757517521742
0.3988786674595465
0.38699507795173743
0.3750520515256367
0.3630760308432841
0.35109339220369556
0.3391297302476457
0.3272103875596683
0.3153597574693246
0.3036017841431882
0.2919592864290987
0.2804544309852945
0.2691080821231458
0.25794025279734034
0.24696948702775795
0.23621329521662968
0.22568757648504265
0.21540704536338232
0.2053847009475805
0.19563225133493964
0.18615963485263642
0.17697544678897442
0.16808651533075153
0.15949833254641177
0.151214684568968
0.14323808595616325
0.1355694606334294
0.1282085762285272
0.12115376984051573
0.11440237713800562
0.1079504954661619
0.10179340162009212
0.09592534424441168
0.09033994424386128
0.08503000877294864
0.07998790905421875
0.07520540926956551
0.0706740178592581
0.06638482602768424
0.062328830112660195
0.05849677593646685
0.05487945132454008
0.05146753395592232
0.04825185440327088
0.04522324633004266
0.04237278142719158
0.03969162170589927
0.037171228394319605
0.034803216680916294
0.03257954102898028
0.03049235307112878
0.028534165949706175
0.026697716201442352
0.02497610969876364
0.023362688353392034
0.021851160076419213
0.020435471024382715
0.01910992176591935
0.017869045637552525
0.016707713041903646
0.015621016305861348
0.014604363768354528
0.013653371363027805
0.012763947901061173
0.011932193447402725
0.01115447697663687
0.010427341483013925
0.00974757498957445
0.009112122229736964
0.008518149822489905
0.007962964286207649
0.007444072053949496
0.006959103525826411
0.0065058684852113075
0.006082285860942716
0.0056864350139349176
0.005316490861168098
0.004970771429143687
0.004647677984553877
0.0043457391928858075
0.004063555902859836
0.0037998422022658416
0.0035533745121521135
0.003323029795163148
0.0031077386289691126
0.00290652079290148
0.002718442006584727
0.002542647096867132
0.002378320105791197
0.002224715220392552
0.002081119973064099
0.0019468841007244462
0.0018213855796171826
0.001704057566852638
0.0015943570302466648
0.0014917899137261278
0.001395882140629378
0.001306203134493868
0.0012223389911037337
0.001143914477418402
0.0010705681834434892
0.001001973114269401
0.0009378136475036749
0.000877804826390196
0.0008216709620670742
0.0007691637293935192
0.000720042265709225
0.0006740901652178746
0.0006310969372566139
0.000590873989802877
0.000553237320569967
0.0005180225753640971
0.00048506885466762304
0.0004542329281359066
0.00042537404777089446
0.0003983673957912465
0.0003730898030944136
0.0003494325040318682
0.00032728766567594666
0.0003065605196674314
0.0002871566138901518
0.0002689933885222946
0.00025198806713825765
0.00023606874137269227
0.00022116282325623798
0.00020720770048663834
0.00019413967601044821
0.00018190425378333366
0.00017044549526871826
0.0001597159937508839
0.0001496665805732745
0.0001402560445393406
0.0001314411233848861
0.00012318602356176241
0.00011545263465578548
0.00010820990389537265
0.00010142421301501257
0.00009506866115826308
0.00008911354506650362
0.00008353560365735783
0.00007830854340138594
0.00007341229775446386
0.00006882354018982885
0.00006452501184253506
0.00006049596489534617
0.00005672161226659465
0.00005318344391607371
0.0000498688531720831
0.00004676126803054874
0.00004385000978402841
0.00004112018053339596
0.000038562811154097085
0.00003616444503564536
0.000033917634100395104
0.000031810157216627075
0.00002983592499961481
0.000027983769407935045
0.000026248820400019187
0.000024620800913680837
0.000023095941151079838
0.000021664710444682035
0.000020324338006316442
0.000019065910089404213
0.000017887569483143337
0.000016780902876693628
0.000015744895225223833
0.000014771528287755196
0.000013860570259819591
0.000013004302073285203
0.000012203227405552332
0.000011449838475017695
0.000010745336717880701
0.00001008234446618467
9.462732267070933e-6
8.879176950740555e-6
8.334197785434921e-6
7.820455008901477e-6
7.34110379122725e-6
6.888720283189742e-6
6.467089735875042e-6
6.068639472669468e-6
5.697785535840477e-6
5.346743669043046e-6
5.0205675668410064e-6
4.711199927921382e-6
4.424344816929294e-6
4.151611057483216e-6
3.899371436570812e-6
3.6588401044564756e-6
3.4370824013004363e-6
3.2248564659425433e-6
3.0299494116523663e-6
2.8426009416232863e-6
2.671354516075523e-6
2.5058673718402583e-6
2.3554792610428537e-6
2.2091988078754792e-6
2.0772074424328075e-6
1.9477964152117405e-6
1.832039777499308e-6
1.7174395346408049e-6
1.6160190235868896e-6
1.5144155246290474e-6
1.4256642548255747e-6
1.3354581782558447e-6
1.2579131673146482e-6
1.1776936560192982e-6
1.1100714259713096e-6
1.0385930144413012e-6
9.79768184339107e-7
9.159305139725472e-7
8.649170234482172e-7
8.077470025142689e-7
7.636816396693768e-7
7.123177479984714e-7
6.744457070008358e-7
6.281241774525332e-7
5.957863930941488e-7
5.538290418813011e-7
5.264510915906516e-7
4.882545922008905e-7
4.6533697289006475e-7
4.303633951647684e-7
4.114730107329058e-7
3.7924146821260265e-7
3.640041841956907e-7
3.3408345259793163e-7
3.22177586480017e-7
2.9417957285082055e-7
2.853302149799192e-7
2.589041690296515e-7
2.5287823259365264e-7
2.2770560908373296e-7
2.243075248442617e-7
2.0009741268842585e-7
1.991653950041395e-7
1.7565044256054208e-7
1.7705326004300072e-7
1.53986030164319e-7
1.576202257386092e-7
1.3476992672724452e-7
1.4055743562579098e-7
1.1770697430287625e-7
1.2559309908630429e-7
1.0253641690713421e-7
1.1248811881424438e-7
8.902776698592326e-8
1.0103224451091593e-7
7.697716576817743e-8
9.104068835881206e-8
6.620417392428966e-8
8.235114979697836e-8
5.654894351582585e-8
7.482119844333468e-8
4.7869722962250507e-8
6.832597302839656e-8
4.004065585101294e-8
6.275615900673823e-8
3.2949837719094125e-8
5.801621117803742e-8
2.649760041027842e-8
5.402279281419035e-8
2.059499421605251e-8
5.070340506194814e-8
1.5162443474117394e-8
4.7995155767867826e-8
1.0128326567343223e-8
4.584187002353677e-8
5.413289043807053e-9
4.4076546338972897e-8
-2.7895369286487187e-8
-7.824665935146257e-7
-4.1895375404679794e-6
-0.000013174382014504383
-0.000032204074530774116
-0.00006667012714972743
-0.00012343098399807904
-0.00021026887604925446
-0.00033639867220466467
-0.0005119088263476565
-0.0007483041954465171
-0.0010578817679129467
-0.001454347644359521
-0.001952092233478474
-0.002566909028354016
-0.0033151403836031907
-0.004214518286278726
-0.005283155045464064
-0.006540521351067468
-0.00800625828797638
-0.009701304847560752
-0.011646509689599361
-0.013863918695539133
-0.016375167393543482
-0.0192029389754893
-0.022369121467805127
-0.02589644764255057
-0.029806404767268344
-0.03412106965385356
-0.03886076286475905
-0.04404609428298622
-0.04969535758997881
-0.05582680370902786
-0.06245577480061477
-0.06959722429188799
-0.07726259225434201
-0.08546259118286761
-0.09420382626622217
-0.10349186549010178
-0.11332760897988638
-0.1237106603894389
-0.1346354493107843
-0.146094918400138
-0.1580764019974125
-0.17056564021255025
-0.1835424155886238
-0.1969849016180263
-0.21086505772280864
-0.22515331560242127
-0.23981373120754038
-0.25480900818835733
-0.2700954041683013
-0.28562808669141626
-0.30135579029693194
-0.31722649718195634
-0.33318184174704885
-0.34916310617968377
-0.36510537070459503
-0.38094381390283893
-0.39660761016693485
-0.4120265260625236
-0.4271245714970382
-0.44182688672917714
-0.4560531601376055
-0.469724805048285
-0.4827581638847319
-0.4950719787908195
-0.5065804080689295
-0.5172007982308293
-0.5268465424469889
-0.5354351626397947
-0.5428810396921934
-0.5491038111973761
-0.5540209983423545
-0.5575567172063899
-0.5596342172242288
-0.5601848915885056
-0.5591407276334183
-0.5564435859992352
-0.5520375457344021
-0.5458784043201779
-0.5379258820673967
-0.5281532783077921
-0.5165394834002145
-0.5030787129065301
-0.48777226375237825
-0.4706382402246701
-0.4517029855789999
-0.4310107127829146
-0.4086145453994768
-0.3845859729176816
-0.35900544552100516
-0.33197158855995623
-0.3035913145104521
-0.2739887529069108
-0.24329486837268918
-0.21165608975701095
-0.17922345389196093
-0.14616094874759797
-0.11263423620242204
-0.07881875614719946
-0.04488811513106689
-0.011022028436864366
0.02260550829703524
0.055818337173261026
0.08845004268413797
0.1203360114686322
0.151325258107744
0.18127230167731934
0.2100487541843225
0.23753489400017505
0.26363086659396023
0.2882478510910324
0.3113187422662269
0.33278883303859363
0.3526258762732884
0.3708102419786369
0.3873442964263992
0.4022420372181464
0.4155377746660938
0.42727529960208094
0.43751590635537835
0.4463272049470255
0.45379058313667653
0.459989831943734
0.46501820007006095
0.4689670518958303
0.47193271197775094
0.47400540746183334
0.4752761222748963
0.47582608033614027
0.4757338184519156
0.47506543473257673
0.47388204087305796
0.4722309304833584
0.4701534885077528
0.46767733479386114
0.4648246636489745
0.46160530607853745
0.45802536642398806
0.4540810449999487
0.4497673545650128
0.44507247560232166
0.4399862920991797
0.4344950291113078
0.4285893539743993
0.4222590728048825
0.4155005960362266
0.4083115372906647
0.4006974259561509
0.3926661395143755
0.3842338395205144
0.3754192552286194
0.3662489020359437
0.35675130185211107
0.34696160009063587
0.33691584627457777
0.32665515109527526
0.3162201578276317
0.30565487736269903
0.29500146299004687
0.28430383690315025
0.2736028475966978
0.26293976653077694
0.25235186904640655
0.24187584409007667
0.2315438043553546
0.22138662183267396
0.21143034578547426
0.20169945570270215
0.19221364847611622
0.1829909885509323
0.1740450176516882
0.16538777813219524
0.15702719779762117
0.14896996436054538
0.14121914187843826
0.1337768794530779
0.1266422222826257
0.11981364430906354
0.11328702411853862
0.10705799773502361
0.10112007643909482
0.09546682148688777
0.09009008672679103
0.08498202132086348
0.08013342459889036
0.0755355858244559
0.0711787420646057
0.06705376582035404
0.06315071898127067
0.05946039995731261
0.055972988256276446
0.05267946286063512
0.04957033283409639
0.04663693830917146
0.04387026299331321
0.04126212845742842
0.03880408462274788
0.0364885072070775
0.03430756234860752
0.03225421617456542
0.030321269729521323
0.02850228875101024
0.026790705066046076
0.025180673826868897
0.02366623755067906
0.022242117306991275
0.02090293561490762
0.019643947388874455
0.01846031797861716
0.017347799075072577
0.016302058277969177
0.01531930463264997
0.014395666234985052
0.01352776960465076
0.012712161983516955
0.011945848343891115
0.011225755194473934
0.01054922866874792
0.009913536818766179
0.009316331917146682
0.008755188390518536
0.008228032194754233
0.0077327117095853885
0.007267396805741602
0.0068301801892666205
0.006419448564924676
0.006033512079940778
0.005670949797554879
0.00533026504525085
0.005010207240605116
0.004709451096032654
0.0044268966858844105
0.00416137059790412
0.003911905992286883
0.0036774639194574413
0.003457194996572265
0.003250179231792654
0.0030556708309854236
0.0028728549799439517
0.0027010771910654196
0.0025396155989469986
0.002387896162857219
0.0022452791265325485
0.002111261307617965
0.001985275459231693
0.0018668808009215446
0.0017555740989776344
0.0016509695245118848
0.0015526203411282537
0.0014601891126579118
0.0013732789534021668
0.0012915950506182203
0.0012147844919011806
0.0011425900169956195
0.0010746974894959018
0.0010108827472808898
0.0009508658334485261
0.0008944517739752243
0.0008413907251733774
0.000791513471085011
0.0007445966827660772
0.0007004938958283204
0.0006590051091833724
0.0006200039772474165
0.0005833110025674634
0.0005488176549588045
0.0005163624359701203
0.00048585261775826685
0.0004571424768925778
0.0004301533311975313
0.00040475325525353407
0.00038087608231760677
0.00035840192442959494
0.0003372758000299827
0.0003173882883891434
0.0002986944397986528
0.0002810938972680406
0.00026455074606209986
0.00024897243531689877
0.00023433122729962474
0.0002205412471246585
0.00020758219971600618
0.00019537386718380137
0.00018390277216926907
0.00017309343169878588
0.00016293865967325458
0.00015336686958202712
0.00014437672765461282
0.00013589977805522456
0.00012794017932260974
0.00012043190247312779
0.00011338430997459079
0.00010673314882137162
0.0001004927612966145
0.00009460006469676972
0.00008907421594181991
0.00008385273416810277
0.00007895948023827178
0.00007433203720178896
0.00006999890918858376
0.00006589723019745818
0.00006206013349078864
0.000058423810211642914
0.00005502605249807606
0.000051801628862926564
0.000048793062081295507
0.000045933227253766615
0.00004326948939284169
0.000040732364863514126
0.000038374210924496546
0.0000361227204729909
0.000034035430980745905
0.00003203674414627519
0.00003018960299747967
0.000028414643414073928
0.00002678047634226124
0.000025203486942557717
0.00002375825382098271
0.00002235641273627021
0.00002107884733168149
0.000019831927915813845
0.000018703219668377547
0.000017593290358315227
0.000016596802871316015
0.000015607961413928447
0.000014728983936934836
0.000013847122346064759
0.000013072650062119315
0.000012285246594353056
0.000011603786242118312
0.000010899721614167489
0.000010301119976026147
9.67051411371629e-6
9.145806429831973e-6
8.579874393908248e-6
8.121150165471269e-6
7.612074345314868e-6
7.212359145435624e-6
6.7531760996067464e-6
6.406326646107858e-6
5.990826651969712e-6
5.691438773476848e-6
5.314076831122101e-6
5.057403674426717e-6
4.71322057613444e-6
4.495100771114052e-6
4.1796528196629355e-6
3.996446796065526e-6
3.7057437532271113e-6
3.554278124530221e-6
3.284727563938722e-6
3.1622455991787315e-6
2.9106038149152354e-6
2.814722008381214e-6
2.5780497844575853e-6
2.5067199828150476e-6
2.2823434158592927e-6
2.2338193944590143e-6
2.01929493567421e-6
1.9921030322996514e-6
1.785185888585017e-6
1.7780993878415026e-6
1.5767155322315234e-6
1.5887325540447346e-6
1.390953121495895e-6
1.4212773605374194e-6
1.225295665493935e-6
1.273319619506641e-6
1.0774306524878102e-6
1.14272155840643e-6
9.453027902811336e-7
1.0275903961602923e-6
8.270846774472227e-7
9.262508586070325e-7
7.211504352868187e-7
8.372210934964998e-7
6.26052930663487e-7
7.591908652517795e-7
5.405030755431426e-7
6.910027289264483e-7
4.6335152503725436e-7
6.31634748079574e-7
3.9357256151612303e-7
5.801860518139031e-7
3.302498681470399e-7
5.358632135794136e-7
2.7256370680928063e-7
4.979687962899264e-7
2.197793673726027e-7
4.658908132057496e-7
1.7123718030287905e-7
4.390939116415458e-7
1.2634372898907405e-7
4.17110673798968e-7
8.456142786315137e-8
3.9951936594968137e-7
4.527893496818363e-8
3.8495748706330345e-7