-3.3871757928867927e-7
-4.7380411641633935e-6
-0.000016384086449791903
-0.000038945467450564334
-0.00007608287526946043
-0.00013141614460234383
-0.00020854813872111443
-0.0003110299260375091
-0.0004423899418010884
-0.0006060781477745418
-0.0008055038088087904
-0.0010439638777054265
-0.0013246881250065052
-0.001650754899701405
-0.0020251421516324793
-0.002450633891410745
-0.0029298761446883894
-0.003465277705403521
-0.004059070531683483
-0.004713208480662231
-0.00542943198773252
-0.0062091683256456495
-0.007053600568457267
-0.007963572519634655
-0.008939661944945155
-0.009982092684324453
-0.011090811963626462
-0.012265411391386392
-0.013505207867744414
-0.01480917424030771
-0.016176022975148446
-0.017604146290575252
-0.019091701404311046
-0.020636559070588412
-0.022236388935093797
-0.02388861465580531
-0.025590497741622944
-0.02733909691331428
-0.02913134881635155
-0.03096402902513553
-0.03283382822691833
-0.03473731231075214
-0.036670993012742445
-0.038631284848915495
-0.04061456976051422
-0.042617149203360245
-0.04463530297939649
-0.04666523551345654
-0.04870312973018561
-0.05074508734365815
-0.052787179255638125
-0.05482538045861839
-0.0568556189137274
-0.05887370633346412
-0.06087538778129897
-0.06285627008378904
-0.06481187443869026
-0.06673756446094198
-0.0686286038816658
-0.07048008624449181
-0.07228699934615608
-0.07404415838749628
-0.07574627819887637
-0.07738791126122765
-0.07896352804951579
-0.0804674608406135
-0.08189399177954657
-0.0832373028581479
-0.08449157064405526
-0.08565092231840915
-0.08670953547515632
-0.087661599704647
-0.08850141951732345
-0.08922338068937803
-0.08982205421101072
-0.09029216648396059
-0.0906287022353001
-0.09082687766699572
-0.0908822404844949
-0.0907906452198154
-0.09054834885471592
-0.09015198773058769
-0.08959866763915607
-0.08888594194174054
-0.0880118953855788
-0.08697512321953772
-0.0857748082945706
-0.0844107010168692
-0.08288318943289757
-0.08119327974602189
-0.07934265901386668
-0.07733367563674416
-0.07516939398833002
-0.07285357377357626
-0.07039071540881088
-0.0677860365124319
-0.06504550624931593
-0.06217581659170888
-0.0591844033078601
-0.056079409193894876
-0.052869689115947145
-0.04956476236117212
-0.046174799326342934
-0.04271056062712819
-0.03918336379302954
-0.03560500788102813
-0.03198771990607585
-0.02834406537364092
-0.02468687602753069
-0.021029148750640318
-0.01738395829263405
-0.013764349074346479
-0.010183238513686934
-0.006653308025865992
-0.003186904013046706
0.00020406458929011289
0.0035082199862231304
0.006714803994540023
0.009813759138867879
0.01279579669704173
0.015652459455647166
0.01837616485876965
0.02096024598356188
0.02339896797003297
0.02568754655949372
0.027822138850121324
0.029799841482587353
0.031618659330222836
0.03327748760812141
0.03477606389593534
0.03611493968804122
0.037295421851654194
0.038319539233246526
0.03918997920925237
0.03991005398914975
0.04048363652387902
0.040915129424083437
0.04120940257778351
0.04137176563048454
0.041407907763314274
0.04132387299358685
0.041126001172401914
0.040820904378974524
0.040415407627910724
0.03991652453635552
0.03933139653832494
0.03866726671555983
0.03793141729156723
0.037131141723522124
0.03627368150940166
0.03536619791717228
0.03441571026151091
0.03342906960493379
0.03241290131485525
0.03137358345866586
0.030317196482635565
0.029249508781986337
0.028175935787915544
0.027101534442736528
0.026030973023612212
0.02496853521859886
0.02391810090541258
0.02288315945825466
0.02186680067352659
0.02087173604627223
0.01990029825985618
0.01895446857779655
0.018035882868455262
0.017145862996910417
0.0162854272338489
0.015455323566169406
0.014656042479959384
0.013887850359508312
0.013150802949364581
0.012444777388359354
0.011769485056108022
0.01112450120893635
0.010509276328081777
0.009923162725624867
0.009365423883985584
0.008835257743037948
0.00833180382495112
0.007854163180577104
0.007401403320601643
0.00697257498788769
0.006566715068594944
0.006182860475388264
0.005820049301476913
0.005477332160500035
0.0051537718862409735
0.004848452693003593
0.004560478728062302
0.004288981404912018
0.0040331170966526365
0.003792072964913585
0.0035650640502356305
0.003351337880441449
0.0031501711760165796
0.0029608734794499794
0.002782783654671857
0.002615272737533939
0.0024577403717071992
0.002309617042462706
0.0021703605588223067
0.002039457799373557
0.001916421322647894
0.001800790725262921
0.0016921294395707935
0.001590025780845473
0.0014940899728909905
0.0014039549418587626
0.0013192735962192406
0.0012397194095363994
0.001164983970389491
0.0010947773844455222
0.0010288261019711308
0.0009668731602454399
0.000908676290670933
0.0008540080154272705
0.0008026540323940141
0.0007544131745051199
0.0007090960683143075
0.0006665249603876872
0.0006265326440465175
0.0005889621540120332
0.0005536659553704726
0.0005205055053138273
0.0004893506984795226
0.0004600792928104663
0.0004325766059581268
0.0004067348008604739
0.00038245282874061214
0.0003596355688529722
0.00033819401466428405
0.0003180442612554336
0.0002991079324709088
0.0002813110086173211
0.0002645844936617352
0.0002488630750871472
0.00023408603157705376
0.00022019571613471104
0.00020713870608754612
0.00019486409982025612
0.00018332491235778278
0.0001724761752832695
0.00016227658259862078
0.00015268638258229836
0.00014366928008742867
0.00013519010822256566
0.00012721699472574243
0.00011971880042084715
0.00011266755880452397
0.00010603566723052586
0.00009979861037333486
0.00009393188901764107
0.00008841403962158636
0.00008322328442744087
0.0000783408609509074
0.00007374737588386117
0.0000694264599825583
0.00006536080689630015
0.0000615361706350002
0.00005793706901707698
0.000054551142671706995
0.000051364501258189685
0.00004836646480350134
0.00004554452919358969
0.000042889512581741675
0.00004039011488116463
0.00003803849400757304
0.00003582439220697599
0.000033741169031545015
0.00003177946530681507
0.000029933721990861397
0.000028195350415280807
0.00002655976855776323
0.000025019043869092104
0.000023569481008158035
0.000022203701084484077
0.00002091881757544277
0.00001970791315930939
0.000018568843373525523
0.000017495069373951544
0.000016485131904340104
0.000015532795284036735
0.00001463723747245991
0.000013792457341234393
0.000012998230027825289
0.000012248726083471742
0.000011544284955008132
0.000010879190888083998
0.000010254321256425401
9.664020138106522e-6
9.109682351196595e-6
8.585661383616207e-6
8.09385441327817e-6
7.6285767408644835e-6
7.19221778793997e-6
6.779009340281138e-6
6.391827554779985e-6
6.024777140726181e-6
5.681219785180342e-6
5.355090865315998e-6
5.050240447878514e-6
4.760393205754334e-6
4.489894288115678e-6
4.232216784562964e-6
3.9922113232799615e-6
3.763058661142058e-6
3.550128877989377e-6
3.3462694355158857e-6
3.1573873304905266e-6
2.9759552307593735e-6
2.808437958826071e-6
2.6468910440349826e-6
2.498361468721713e-6
2.3544441337564573e-6
2.222795951735193e-6
2.0945062681789386e-6
1.9778731695094947e-6
1.8634337963833682e-6
1.7601621921731375e-6
1.6579946350742706e-6
1.5666195349537236e-6
1.4753213592325063e-6
1.394545035073569e-6
1.3128696900775909e-6
1.2415427991251583e-6
1.1683817516713493e-6
1.1054866383540166e-6
1.0398535423625138e-6
9.844894643730328e-7
9.255061354793467e-7
8.768761910598504e-7
8.237601716377578e-7
7.811597377737481e-7
7.332132720299693e-7
6.960197717685852e-7
6.52620024206039e-7
6.202838786871243e-7
5.808742534961248e-7
5.529108766238642e-7
5.169933095904143e-7
4.92976032085615e-7
4.6010414350616263e-7
4.396579577988234e-7
4.0943096455922866e-7
3.922269956751549e-7
3.6428429509180254e-7
3.500349214671239e-7
3.2405126906237126e-7
3.1250581381450295e-7
2.8818702582478165e-7
2.7912795989101767e-7
2.562070779210851e-7
2.494466734869897e-7
2.2768053888175985e-7
2.2305792861898546e-7
2.022241160950983e-7
1.996027086664088e-7
1.794967787656123e-7
1.787619956959988e-7
1.5919502601275015e-7
1.6025232299691167e-7
1.4104868571469694e-7
1.4382183025986354e-7
1.2481718520063763e-7
1.2924676090258997e-7
1.1028623769371289e-7
1.1632835614880761e-7
9.726490159756544e-8
1.0489009623105828e-7
8.558296582457358e-8
9.477525351940188e-8
7.508862722389347e-8
8.58447202448537e-8
6.564642704159325e-8
7.797508046709377e-8
5.7135414403774036e-8
7.105689990612329e-8
4.944751440830789e-8
6.49932065657054e-8
4.248607670401709e-8
5.969814504109982e-8
3.616458250816064e-8
5.509578094821339e-8
3.040549488929724e-8
5.111904076944969e-8
2.5139233127595616e-8
4.7708773307953424e-8
2.0303261165383915e-8
4.481291608956264e-8
1.5841272198162528e-8
4.2385758195886304e-8
1.1702459725929385e-8
4.038726453543339e-8
7.840688733170654e-9
3.878105897356356e-8
4.202455711032738e-9
3.7442680739117684e-8
4.3117039908059464e-7
6.04519796843982e-6
0.000020872942081301725
0.00004957848967377353
0.00009670367796819554
0.00016677277213096906
0.00026411592878941814
0.0003930453667845751
0.0005576233688515553
0.000761872417360385
0.0010095043480905367
0.0013041562922025192
0.001649091363983022
0.0020474486502738394
0.0025019256196492767
0.0030150307100214623
0.0035887589342330902
0.004224837234959903
0.004924406518435444
0.005688252377034718
0.006516508518549522
0.007408868186222752
0.008364325066951863
0.009381363112047946
0.01045775087185506
0.01159070880260892
0.012776771093351106
0.014011929493574026
0.01529157289708745
0.016610605162244597
0.017963467248466092
0.01934422377247832
0.02074666604725043
0.022164358950989147
0.023590816801672194
0.025019499457333432
0.026444047684515266
0.027858216180893052
0.02925615191716858
0.030632252637476258
0.031981471137812086
0.03329909096224447
0.03458104176962729
0.03582358909206213
0.037023650342159924
0.0381784018646518
0.03928559084698739
0.04034306942677913
0.04134910368687382
0.042301850194236636
0.04319966833967433
0.04404055849000423
0.04482248739362606
0.04554280862007786
0.04619861222011027
0.04678614725166445
0.04730120641437532
0.047738567584301006
0.04809242214482316
0.04835584823089276
0.04852128855847878
0.04858006327665095
0.0485228998799717
0.04833948887546356
0.048019065336430244
0.047550006495594904
0.04692046193127317
0.04611798892922506
0.045130226227602696
0.04394456056029922
0.04254883722356484
0.040931049514247524
0.039080077979827973
0.03698539337242071
0.034637815222752465
0.032029218370029554
0.029153300454518614
0.026005282016359387
0.022582671648342687
0.018884949993519046
0.014914320569552027
0.0106753684914888
0.00617578412329011
0.0014259875652101902
-0.0035601891109196524
-0.008765921192603957
-0.014170767115084488
-0.019751143062770097
-0.025479776840532053
-0.0313262522378563
-0.03725656505901319
-0.04323375507181047
-0.04921759145612318
-0.05516531198561267
-0.061031465287682087
-0.06676877476279627
-0.07232815953843032
-0.07765973201043973
-0.08271300604935847
-0.08743802032758823
-0.09178572043511193
-0.09570917556273678
-0.09916409221330634
-0.10211006210629718
-0.10451113331770129
-0.1063369978256895
-0.10756351772635607
-0.10817373891562067
-0.10815825328787969
-0.10751591829576548
-0.10625393793959458
-0.10438818239702213
-0.10194289566287032
-0.09895054746205577
-0.09545112357198905
-0.09149150102467156
-0.08712434284195034
-0.08240705870632303
-0.07740039816238703
-0.07216712950408564
-0.06677048997132808
-0.061272770404485456
-0.05573382256687764
-0.05020976228439073
-0.04475174089237307
-0.039404966264578886
-0.0342079123355273
-0.029191804814556313
-0.02438037352707588
-0.01978986619382064
-0.015429355778353112
-0.011301248129744665
-0.00740206007235295
-0.0037232961455049025
-0.0002525343040645256
0.0030255161703001995
0.006127827939240979
0.009072026190051874
0.011875306348321513
0.01455361956405183
0.017120856914594328
0.01958837587393633
0.021964540239427482
0.024254633207512866
0.02646075963943168
0.028582111535817727
0.030615167110820237
0.032554213628723135
0.03439173124282623
0.03611904739208916
0.03772677887509192
0.03920549295987323
0.04054609588782156
0.0417404019051491
0.04278139077948412
0.043663625688979496
0.04438334415196668
0.044938707073582294
0.045329725760691955
0.045558358145250506
0.045628302130795155
0.04554497622255383
0.04531522373961106
0.044947223243929496
0.04445015035829004
0.04383406102548594
0.04310955124159162
0.042287647224570936
0.04137949238876548
0.04039626687693581
0.03934891911253311
0.03824812587214659
0.03710407518871344
0.03592646902380474
0.0347243563893725
0.03350617442861552
0.0322796256415522
0.03105174970852827
0.02982883629264579
0.02861651870743303
0.027419713285467256
0.02624272631449018
0.025089211716590197
0.02396228390325615
0.022864486911459498
0.021797907441912203
0.02076415020719035
0.01976444706328779
0.018799634858427002
0.017870258035245425
0.016976546577315982
0.01611851065119949
0.015295917273529419
0.01450837645818292
0.013755315973913477
0.013036059087029195
0.012349797283431113
0.011695660096574632
0.011072685977083028
0.010479884922282136
0.009916207840713051
0.009380602799843355
0.008871983295875385
0.00838927895288255
0.007931403105846342
0.007497298747003001
0.007085905789075939
0.006696202989158554
0.006327175197915159
0.005977851912214614
0.005647274748528045
0.005334533194644666
0.00503873247869988
0.004759027013573537
0.004494588771869448
0.004244638847563463
0.004008416394300468
0.0037852086688496644
0.0035743205454521585
0.003375103354813859
0.003186924951013643
0.0030091976181174035
0.0028413486365929893
0.002682847496195867
0.002533176886127769
0.002391859425497566
0.0022584289838757875
0.0021324571198898367
0.0020135246251412
0.0019012478456654582
0.0017952503316558067
0.001695189204178872
0.0016007267856217168
0.0015115571658540201
0.001427377681525496
0.0013479158298817335
0.0012729004606464786
0.0012020891817441206
0.0011352391232557844
0.0010721349778776022
0.0010125591922555692
0.000956320785087932
0.000903224817584225
0.0008531021328722947
0.0008057779539311171
0.0007611026906277991
0.0007189195086777792
0.0006790963543860995
0.0006414923340774971
0.0006059911109756678
0.0005724659291003587
0.000540814542190714
0.0005109227106124192
0.00048270082877354976
0.00045604571696837657
0.00043087912065714536
0.0004071076121832974
0.00038466314354787106
0.0003634608648328619
0.0003434419209722248
0.00032452898524703357
0.00030667149999536125
0.00028979871389678356
0.000273867577282452
0.00025881306153127247
0.00024459893112687944
0.00023116511170710196
0.00021848157399115807
0.00020649250429792497
0.000195173548877004
0.00018447252695387326
0.00017437029900694418
0.00016481774758070173
0.0001558005487133562
0.00014727212979377853
0.0001392226402285266
0.00013160757817730177
0.0001244212750816594
0.00011762086491423916
0.0001112046162484284
0.00010513089721258158
0.00009940171075139942
0.00009397628655412843
0.0000888601975588578
0.00008401318698256116
0.00007944426869364118
0.00007511337232458044
0.00007103285595139407
0.00006716252593183711
0.00006351801771843433
0.00006005871880181349
0.00005680350347698296
0.000053711056087217134
0.000050803477296883916
0.000048038472565320144
0.00004544138135863704
0.000042968660660624765
0.00004064892476776682
0.00003843711641073876
0.00003636518346451444
0.00003438629022944466
0.00003253579899727156
0.000030764831146930854
0.00002911226541444345
0.00002752691337333383
0.00002605129377324749
0.000024631637331475926
0.000023314246969265135
0.000022042495569989596
0.000020866635615825943
0.00001972689750059323
0.000018677669504640283
0.000017655745616865395
0.00001671985777862246
0.000015803058432374354
0.00001496865268048849
0.000014145633902828306
0.00001340213227505225
0.000012662750040250713
0.000012000717440027966
0.000011335897525603369
0.000010746919604636842
0.000010148541792997324
9.625116231916895e-6
9.085910729030139e-6
8.621350078970401e-6
8.134805320851024e-6
7.723150812091595e-6
7.283430903772349e-6
6.919375201408586e-6
6.521246508387006e-6
6.200065312483638e-6
5.838830710240988e-6
5.556321522021686e-6
5.227761783880374e-6
4.9801894200351836e-6
4.680510662353296e-6
4.464558856851332e-6
4.190345723850447e-6
4.003073829718987e-6
3.7512475566077977e-6
3.590052222730312e-6
3.357833103777371e-6
3.2204139338460395e-6
3.0052875882422897e-6
2.8896167665077004e-6
2.6893042302117097e-6
2.593599458013535e-6
2.4060299893577327e-6
2.328730467496271e-6
2.1520173808491626e-6
2.091762495178153e-6
1.9241813003412845e-6
1.8797917616708961e-6
1.719760614289159e-6
1.69022162322868e-6
1.5362834590024609e-6
1.520730077847253e-6
1.3715368824883116e-6
1.3692408416380974e-6
1.2235391382128402e-6
1.233897435245105e-6
1.0905151320866005e-6
1.113040055876828e-6
9.708745903683516e-7
1.0051849024946406e-6
8.631923342416298e-7
9.090057056453793e-7
7.661908154296207e-7
8.233171771038574e-7
6.787243908117915e-7
7.470603346071348e-7
5.99765298820478e-7
6.792893567413325e-7
5.283911609174128e-7
6.19159740244338e-7
4.637736350776218e-7
5.659178741306201e-7
4.051685198837316e-7
5.188915951948882e-7
3.5190663781450234e-7
4.774819363102062e-7
3.0338597041193156e-7
4.4115553335410986e-7
2.5906411201710173e-7
4.094377946793393e-7
2.1845211463181293e-7
3.8190723244271366e-7
1.8110845133947082e-7
3.581899340863993e-7
1.466340925936679e-7
3.3795492519136603e-7
1.1466758981141453e-7
3.209098999672323e-7
8.488098176530015e-8
3.0679720458810116e-7
5.697473283449478e-8
2.953800894163979e-7
3.059047776459529e-8
2.857726266704696e-7
-5.248083256626477e-7
-7.230660407995228e-6
-0.000024828593778052843
-0.000058454238023684604
-0.00011278937072793028
-0.000191883665485345
-0.0002990792403557342
-0.00043687021490202023
-0.0006068665481484862
-0.0008096850045067093
-0.001044955036611606
-0.00131126616008523
-0.0016062068118427558
-0.0019263844142836956
-0.0022674823710413148
-0.0026243638020198084
-0.0029911273482058146
-0.003361300900420058
-0.003727873276081702
-0.004083580307944118
-0.004420887121375805
-0.004732365963536706
-0.005010603041961142
-0.005248665617643363
-0.005439908253626249
-0.005578525963536078
-0.005659237140699358
-0.005677919787464801
-0.005631152067904146
-0.0055169295866179646
-0.005334049059859529
-0.005082905981492733
-0.004764711955814634
-0.0043823736382034096
-0.003939539492098704
-0.0034415624459988234
-0.002894376970265803
-0.002305549340043295
-0.0016829907801693927
-0.0010361004864276955
-0.000374324977140784
0.00029159999907786105
0.0009512300379917787
0.0015930646284199065
0.0022062509671107997
0.0027791244425205064
0.003301017363974261
0.0037606819078509616
0.004148185215077259
0.004453211487976342
0.004667026243578811
0.0047806575906409075
0.004786915260163372
0.004678455481745821
0.004449844445909348
0.004095516254564764
0.0036118751586458413
0.0029951611763548982
0.002243590039547943
0.0013551455032940517
0.00032975958662805163
-0.0008329464447971465
-0.0021314370287597905
-0.0035645498274475525
-0.005129221723715714
-0.00682278367915858
-0.008640636539196042
-0.010578536221624397
-0.012630223372732336
-0.01478968816207012
-0.017048764923335204
-0.019399373499853753
-0.021831098044878205
-0.02433340994601589
-0.02689325788749092
-0.029497284791667105
-0.032129462940361043
-0.03477332300865241
-0.0374096723939059
-0.04001885723324678
-0.04257860306062974
-0.045066329733929975
-0.04745715019614469
-0.049726252665087324
-0.05184708486762837
-0.053793807106759566
-0.05553967550082087
-0.0570595535881737
-0.05832848914844566
-0.05932425163894836
-0.06002607445532023
-0.060417162703255305
-0.060483548923688055
-0.06021649381635696
-0.05961138246000497
-0.05866992406773716
-0.057399002375316206
-0.05581257421880127
-0.05393038677609447
-0.05177948293417861
-0.04939271286622089
-0.046809779036865846
-0.044075500993226664
-0.04124037355493575
-0.038358589015042716
-0.0354881340218935
-0.0326886263293354
-0.030021031226499094
-0.027545421474018124
-0.02532044299096926
-0.023401146540801034
-0.021838364893728927
-0.020676784242070305
-0.01995440369547397
-0.019701007744013493
-0.019937860445947374
-0.020676706868555435
-0.021919810727569457
-0.023659557342451547
-0.025878881940510218
-0.028551478546617146
-0.03164259755000441
-0.035109796034297536
-0.03890401980493957
-0.042970772954021394
-0.04725135238901454
-0.05168427740515204
-0.05620652126889025
-0.06075503026278775
-0.06526779945857007
-0.06968532483946044
-0.07395139624229334
-0.07801436067975046
-0.08182754761536205
-0.08535026821981045
-0.08854783758180235
-0.09139228401250686
-0.09386198047869546
-0.09594208197472417
-0.09762381729540323
-0.09890470523651859
-0.09978758366860428
-0.10028067434077591
-0.10039643800828593
-0.10015156317829912
-0.09956573519416115
-0.09866161868012112
-0.09746361794748176
-0.09599790953515475
-0.09429125465477048
-0.09237112068401415
-0.09026458710828453
-0.08799857636726702
-0.08559887584855111
-0.0830904817023702
-0.08049674309787404
-0.07783980924928709
-0.0751398896930981
-0.0724157856853192
-0.06968425218001223
-0.06696059002804357
-0.06425809140203376
-0.06158866829524316
-0.058962362586488036
-0.05638798826052017
-0.05387268912883607
-0.05142257588783701
-0.04904231766644259
-0.046735759510562386
-0.044505537530579245
-0.04235366686528236
-0.040281173615914
-0.03828864729152782
-0.03637588556524344
-0.03454240837535207
-0.032787113680269236
-0.03110875273135839
-0.029505596441249768
-0.02797587292515199
-0.026517444943060933
-0.025128211763107134
-0.023805798528135583
-0.022547924985882963
-0.021352107707989728
-0.02021599839792134
-0.019137099777805488
-0.018113076144993575
-0.017141483530074934
-0.016220055015518764
-0.015346445522565023
-0.014518494190312776
-0.013733983908893256
-0.012990882825809704
-0.012287118530217623
-0.011620800527666552
-0.01099000880607949
-0.010392998910798097
-0.0098280044875126
-0.009293426405173682
-0.008787648773018302
-0.008309213394903764
-0.00785664869257982
-0.007428630634722022
-0.007023823957863393
-0.006641030592974813
-0.006279042557986492
-0.005936778797811344
-0.005613149121339373
-0.005307180280002643
-0.005017890332435628
-0.0047444047062701064
-0.0044858403935662365
-0.0042414126700294945
-0.0040103285495263355
-0.003791884772543831
-0.0035853699780389395
-0.0033901545172755664
-0.0032056008323631197
-0.0030311456008492678
-0.0028662178454930466
-0.002710313868236225
-0.0025629226490672713
-0.002423593985841156
-0.0022918707752735425
-0.0021673507349555575
-0.0020496251931247603
-0.0019383347333736453
-0.0018331141521747223
-0.0017336423332519138
-0.001639593063470034
-0.0015506794120342064
-0.0014666101252430376
-0.0013871287571146393
-0.0013119753925883763
-0.0012409207472427759
-0.001173732996931029
-0.0011102070382901417
-0.0010501362293164837
-0.0009933369769217263
-0.0009396252191398496
-0.000888836481458435
-0.0008408069562712641
-0.0007953891469532218
-0.0007524374240475257
-0.0007118193526622703
-0.0006734056293129699
-0.0006370771663717913
-0.000602719335495027
-0.0005702248613586288
-0.0005394923207581406
-0.000510424876335526
-0.0004829330018865232
-0.00045692906700144304
-0.00043233427978668745
-0.00040906911294572154
-0.00038706447631691734
-0.0003662479552740038
-0.00034655924594882985
-0.00032793215643540696
-0.00031031435811825755
-0.0002936450813537436
-0.00027787925650550485
-0.00026296081427953813
-0.00024885131203677426
-0.00023549872904526003
-0.0002228706939726708
-0.0002109186443721366
-0.0001996157931952811
-0.0001889165003913358
-0.00017879913782637612
-0.0001692204994467925
-0.0001601637471287511
-0.00015158766239582123
-0.00014347987875981731
-0.00013580075490750147
-0.00012854212380992267
-0.00012166554259085089
-0.00011516681362939768
-0.00010900834145275553
-0.0001031897059541144
-0.0000976738308586664
-0.00009246391739084517
-0.00008752310040157373
-0.00008285807835001628
-0.0000784319060631056
-0.00007425468514239556
-0.00007028911231273869
-0.00006654862723449245
-0.0000629953016736084
-0.00005964587367092397
-0.00005646153174540498
-0.000053462298044683515
-0.0000506082255369422
-0.00004792262949641356
-0.000045364179674605335
-0.000042959515752825355
-0.000040665678264739666
-0.000038512684953745266
-0.00003645570127705677
-0.00003452819770592665
-0.000032683217292295504
-0.00003095777831408922
-0.000029302550677186015
-0.000027758216606424265
-0.000026272817108052798
-0.000024890834082485412
-0.00002355741765652238
-0.000022321006044061043
-0.00002112358784104066
-0.000020017734562780606
-0.000018941993298373156
-0.000017953266603710617
-0.000016986369054705076
-0.000016102753098821968
-0.00001523319668467804
-0.000014443943124651664
-0.000013661415556424888
-0.000012956911497486502
-0.000012252164932360765
-0.000011623814043243767
-0.000010988552255806505
-0.000010428669478069367
-9.855447698467755e-6
-9.35716448346972e-6
-8.839298753977389e-6
-8.396478269811996e-6
-7.92796493861765e-6
-7.535126418195972e-6
-7.110569838297076e-6
-6.762821373436326e-6
-6.377369052779256e-6
-6.070347033529155e-6
-5.71963162500125e-6
-5.44944652997265e-6
-5.1295338029376225e-6
-4.8927225813868995e-6
-4.600064844940072e-6
-4.393547148301904e-6
-4.124941368103668e-6
-3.945981649532972e-6
-3.6985320956626045e-6
-3.5447048721937868e-6
-3.3157891132966575e-6
-3.184948523284194e-6
-2.9721874319485002e-6
-2.862439958061689e-6
-2.6636702937384274e-6
-2.5733505865389958e-6
-2.386600692833938e-6
-2.314249255220026e-6
-2.1377168444999968e-6
-2.0820614855923296e-6
-1.914093942745533e-6
-1.8740322612522994e-6
-1.7131085433953013e-6
-1.6876929911762892e-6
-1.532407512779841e-6
-1.5208316130054243e-6
-1.3698794310754747e-6
-1.3714663299898413e-6
-1.223629771845335e-6
-1.2378216518947617e-6
-1.091958273599222e-6
-1.1183069942867604e-6
-9.733383677857279e-7
-1.0114975843034643e-6
-8.66399548998156e-7
-9.161179338771349e-7
-7.699106349723132e-7
-8.310256507044345e-7
-6.827656436399361e-7
-7.551985254825169e-7
-6.039705306230177e-7
-6.877219112250526e-7
-5.326313582223404e-7
-6.277776056416717e-7
-4.679439678603597e-7
-5.746342074569646e-7
-4.091844794067207e-7
-5.276383315472807e-7
-3.5570078724968693e-7
-4.862066407741523e-7
-3.0690520839467486e-7
-4.498187863432764e-7
-2.622674015273116e-7
-4.180112727629994e-7
-2.2130827284527368e-7
-3.9037150725986387e-7
-1.8359475621766352e-7
-3.6653303370280587e-7
-1.487345694461883e-7
-3.4617099867280637e-7
-1.1637199863890165e-7
-3.2899789832998905e-7
-8.618376905642703e-8
-3.147600182126153e-7
-5.7874029142210617e-8
-3.032233259361612e-7
-3.1085982297437835e-8
-2.934923048821492e-7