3.7068302439961853e-14
-1.0615027365921855e-11
-1.188630545438132e-10
-6.546757004763802e-10
-2.4906766959132978e-9
-7.422844775052979e-9
-1.871801332334568e-8
-4.169847869288796e-8
-8.456104263498361e-8
-1.5913118432210376e-7
-2.8198239035512283e-7
-4.7531009975892815e-7
-7.683769399754955e-7
-1.1984374592095221e-6
-1.812527528238414e-6
-2.6683506550161334e-6
-3.836419769326584e-6
-5.400797659285166e-6
-7.4615894496501994e-6
-0.000010135416675036136
-0.000013558252220216122
-0.000017885502700377645
-0.000023295177359885465
-0.000029987458749743108
-0.000038188205024174
-0.00004814790482152325
-0.00006014552902720913
-0.00007448679080406572
-0.00009150838693045551
-0.0001115755146194041
-0.00013508657096505825
-0.0001624699093484944
-0.00019418909387694075
-0.00023073890345445185
-0.0002726512610913805
-0.0003204905065213612
-0.0003748601326447118
-0.00043639734210605555
-0.0005057807206634317
-0.000583724065558446
-0.0006709851060173337
-0.0007683585406359373
-0.0008766858789998441
-0.0009968475543877299
-0.0011297739112836056
-0.0012764361749902874
-0.0014378585542394056
-0.001615107760693927
-0.001809306142894452
-0.0020216193682736226
-0.0022532704642753104
-0.002505525216191216
-0.0027797069727103995
-0.0030771792860026085
-0.003399361348872048
-0.0037477074169882294
-0.004123722785605187
-0.004528939590465028
-0.004964933300682024
-0.005433294591347846
-0.005935646417060177
-0.00647361177643876
-0.007048831524668171
-0.007662927994169832
-0.008317523788530328
-0.009014201368243225
-0.00975452312665697
-0.010539987179098079
-0.011372049040938538
-0.012252073959550169
-0.01318136048735166
-0.014161089760795467
-0.01519235118594487
-0.016276089094897115
-0.017413130643781093
-0.01860413026880186
-0.01984959974920075
-0.021149850852903003
-0.022505027359224744
-0.023915046244614557
-0.02537963131725431
-0.026898253269465575
-0.028470164479854614
-0.03009433827870241
-0.03176950445735757
-0.033494088186750474
-0.035266245871473194
-0.03708380435617726
-0.03894429699701207
-0.04084490409971945
-0.042782489457532616
-0.04475354337748273
-0.04675422042375027
-0.048780286859690394
-0.05082716087197413
-0.05288986670078775
-0.05496307909692346
-0.057041086713795625
-0.05911784283396229
-0.06118694062101389
-0.06324167210829844
-0.06527501753745682
-0.06727971412599155
-0.06924826088280893
-0.07117299772506601
-0.07304612587217696
-0.0748597965229126
-0.07660614530229652
-0.07827738809854055
-0.07986586628626317
-0.08136414571107099
-0.08276506782415453
-0.08406184649235512
-0.08524811906175729
-0.08631803495658302
-0.0872663003081049
-0.08808825240483005
-0.08877989203470767
-0.08933793884485462
-0.08975984694827235
-0.09004383805520166
-0.09018889801080783
-0.09019478691018763
-0.09006201672151579
-0.08979184009626219
-0.08938621165268018
-0.08884775938627175
-0.08817973408932947
-0.08738596873838095
-0.08647082154662654
-0.08543912917995589
-0.08429614890429023
-0.08304751090159754
-0.08169916394522216
-0.08025733063749894
-0.07872845931878235
-0.0771191841202569
-0.07543628384630434
-0.07368664682889729
-0.07187723582057573
-0.0700150562211582
-0.06810712498538513
-0.0661604401790888
-0.06418195173661612
-0.062178530558026926
-0.06015693958384833
-0.05812380158236133
-0.05608557015734271
-0.054048496632815815
-0.052018601869075164
-0.05000164381710248
-0.048003092000418066
-0.046028098046077576
-0.04408147513497276
-0.04216767395083078
-0.040290769236151366
-0.03845444315449328
-0.03666198041613647
-0.03491626019193604
-0.03321976030909785
-0.03157455783044383
-0.029982341815138796
-0.02844442172182325
-0.026961747390266338
-0.02553492371156653
-0.024164235940914033
-0.022849668683863407
-0.021590934433685843
-0.02038749484640303
-0.019238590471611552
-0.01814326246843085
-0.017100381785923446
-0.016108669817376405
-0.015166725691823658
-0.014273044784057644
-0.013426043217611705
-0.012624073567843942
-0.011865446085776596
-0.01114844130077293
-0.010471327815432885
-0.00983237180604078
-0.009229851495040213
-0.00866206375433689
-0.00812733553399759
-0.007624027901695052
-0.007150544804719852
-0.006705334941774355
-0.006286898275498328
-0.005893786146515115
-0.005524605951696644
-0.005178019890397561
-0.004852748194324119
-0.004547566855570245
-0.004261309749196187
-0.003992865642356293
-0.003741179499505655
-0.0035052490189950505
-0.0032841253593625173
-0.003076909399112026
-0.0028827520746573672
-0.0027008505133988394
-0.002530448131638911
-0.002370830751846151
-0.002221326573068988
-0.0020813023507334273
-0.001950163322745241
-0.0018273495039764966
-0.0017123356278824907
-0.0016046275873263633
-0.0015037624334037103
-0.0014093049786092883
-0.001320847880856433
-0.001238008413359284
-0.0011604286517389755
-0.001087772406593407
-0.001019725524381274
-0.0009559929727669739
-0.0008962992610228661
-0.0008403856642902623
-0.000788010766014086
-0.000738947804749557
-0.0006929853392098604
-0.0006499246997906101
-0.0006095807758265923
-0.0005717795532899689
-0.0005363590235569044
-0.0005031667885196309
-0.0004720610903524637
-0.00044290846538922384
-0.0004155848949050716
-0.00038997348940845387
-0.00036596576120323217
-0.0003434593211422491
-0.00032235927462690594
-0.00030257591328534825
-0.0002840262370523436
-0.00026663162363088036
-0.0002503194803276386
-0.0002350208744905848
-0.0002206723198457388
-0.00020721335135253554
-0.0001945884518694021
-0.00018274455502354455
-0.00017163311912644818
-0.0001612075417032591
-0.00015142538867625547
-0.00014224570413951494
-0.00013363140393607875
-0.00012554646408961484
-0.00011795848902010689
-0.00011083576175817132
-0.00010414999818056739
-0.0000978732417322733
-0.00009198081622443618
-0.00008644804727774987
-0.00008125342741725807
-0.00007637514582318056
-0.00007179448068765272
-0.0000674921181210564
-0.00006345178801645024
-0.00005965635210267303
-0.00005609170089631894
-0.00005274258992434125
-0.000049596816743606785
-0.00004664078326322904
-0.00004386397328586376
-0.00004125421765294907
-0.00003880249431345939
-0.000036497871678369845
-0.00003433265486988558
-0.00003229698121075824
-0.000030384338047044515
-0.00002858578270138995
-0.000026895859117703616
-0.00002530641286916861
-0.000023812935845116016
-0.00002240794502414869
-0.000021087786521638817
-0.00001984554480205307
-0.00001867833964551272
-0.000017579730277196386
-0.000016547541198582405
-0.00001557572334672752
-0.000014662747283657375
-0.000013802880950622044
-0.000012995191433336766
-0.000012234196140364431
-0.000011519517265747145
-0.000010845860283457761
-0.000010213368338815608
-9.616878793551215e-6
-9.057028096651003e-6
-8.52873373475399e-6
-8.033103684161696e-6
-7.565087492683897e-6
-7.126248209408054e-6
-6.711522437673705e-6
-6.322916698524428e-6
-5.955312133794464e-6
-5.6111515945726325e-6
-5.285220216877186e-6
-4.980394166066632e-6
-4.6913235390218876e-6
-4.4213186499412515e-6
-4.164856610250636e-6
-3.9256863430004985e-6
-3.698074730099792e-6
-3.486217207603668e-6
-3.2841335305488095e-6
-3.0964768579083722e-6
-2.916982935653985e-6
-2.7507770562022462e-6
-2.591273781639452e-6
-2.4440880798922273e-6
-2.302275566815147e-6
-2.1719615222600917e-6
-2.045803986199968e-6
-1.93046226772194e-6
-1.818157066009396e-6
-1.7161085346634627e-6
-1.6160588669069135e-6
-1.5258190145728365e-6
-1.4366098434511191e-6
-1.3568662580826464e-6
-1.277243062796057e-6
-1.2068355575332754e-6
-1.1356855813952373e-6
-1.0735886694394022e-6
-1.00992436337227e-6
-9.552317990606035e-7
-8.981761989134636e-7
-8.500873416293574e-7
-7.988611479673337e-7
-7.566689307326226e-7
-7.105790891039446e-7
-6.736594030354081e-7
-6.320890054278349e-7
-5.998913339015206e-7
-5.622906865783017e-7
-5.343298409479215e-7
-5.002085571625188e-7
-4.760573867682618e-7
-4.4497738535684825e-7
-4.2426034592866257e-7
-3.9582964696391715e-7
-3.7821712910895144e-7
-3.5208435305441406e-7
-3.372876822079014e-7
-3.131371677092132e-7
-3.0090419761116183e-7
-2.7845166614465466e-7
-2.6856289826348754e-7
-2.4755159916361235e-7
-2.3981676734371195e-7
-2.2001404743978566e-7
-2.1426911494747066e-7
-1.9546336083345158e-7
-1.9156788411988607e-7
-1.7356579285101453e-7
-1.7140060940981685e-7
-1.540247481355769e-7
-1.534899535344897e-7
-1.365765729356396e-7
-1.3758975487650637e-7
-1.2098682587576152e-7
-1.2348152715883315e-7
-1.0704697179045867e-7
-1.109713579633543e-7
-9.457145260909023e-8
-9.988716266517793e-8
-8.339508851447327e-8
-9.007624923062163e-8
-7.337077460986488e-8
-8.140316320038563e-8
-6.436743687059791e-8
-7.374777591892758e-8
-5.626821820240656e-8
-6.700359097727934e-8
-4.8968868409280766e-8
-6.107624400330675e-8
-4.237631514957373e-8
-5.5882173207471684e-8
-3.640739478534587e-8
-5.1347440997412164e-8
-3.09877230240569e-8
-4.740668973608346e-8
-2.605069306573307e-8
-4.4002217584737766e-8
-2.1536582605000607e-8
-4.108315949372553e-8
-1.7391761341089985e-8
-3.86047625588571e-8
-1.3567983499470647e-8
-3.652774454424421e-8
-1.0021756279866034e-8
-3.481770724975483e-8
-6.713623943938776e-9
-3.3443403038621774e-8
-3.59785377700366e-9
-3.229816703847627e-8
1.3007559776703765e-13
-2.1033861529017396e-11
-2.2772363183880844e-10
-1.2655796958233788e-9
-4.786111045576374e-9
-1.4269918979253179e-8
-3.585367081536014e-8
-7.97390641274897e-8
-1.6114919110345193e-7
-3.024503067342705e-7
-5.33992890307401e-7
-8.971184475277182e-7
-1.444564874512479e-6
-2.2445658528159996e-6
-3.380425794566362e-6
-4.9559456419228374e-6
-7.093699941939887e-6
-9.942041889608531e-6
-0.000013671550549366611
-0.000018483887214247615
-0.000024605834800045005
-0.00003230031000970923
-0.00004185740430597759
-0.00005360791668872968
-0.00006791083997372701
-0.00008516987958524273
-0.00010581691663111983
-0.0001303321216807725
-0.00015922306060667192
-0.00019304918676070734
-0.00023239641197570906
-0.0002779069364403954
-0.00033024924537158065
-0.0003901543705970169
-0.000458381342071078
-0.0005357610219899593
-0.0006231569919648068
-0.0007215180199969007
-0.0008318341659414434
-0.0009551987182787753
-0.0010927589491893368
-0.0012457880049371048
-0.0014156292679449872
-0.0016037782493875865
-0.0018118189824871756
-0.002041515519768079
-0.002294738273807836
-0.002573564347466075
-0.0028801913441109423
-0.0032170455297870744
-0.003586680425624003
-0.003991891764317547
-0.004435598192865035
-0.004920962148305307
-0.00545125023912008
-0.00602995949331683
-0.00666065541271968
-0.007347103473175377
-0.008093083394378114
-0.008902526214350769
-0.009779303915966141
-0.01072737277904834
-0.011750538093830457
-0.012852604757279283
-0.014037117345623948
-0.015307519041914144
-0.01666686782308643
-0.01811800478428749
-0.01966324762726265
-0.021304569304824956
-0.023043270390967985
-0.024880168735963267
-0.026815252674264843
-0.028847882100833038
-0.030976424864947116
-0.03319846942624167
-0.03551044726690955
-0.037907857195324725
-0.0403848773306326
-0.04293460140828766
-0.04554864507442937
-0.04821739549248774
-0.05092961859537849
-0.0536727251772616
-0.05643238859598493
-0.05919283350182408
-0.06193647724844531
-0.06464425129214135
-0.06729528384840948
-0.06986726814292629
-0.07233620771006245
-0.07467684889283308
-0.07686251216496065
-0.07886560690741294
-0.08065757047590734
-0.08220947952968584
-0.0834921115857523
-0.0844766576123771
-0.08513490751850179
-0.08544005290772531
-0.08536697864479403
-0.08489312370190001
-0.08399883767108002
-0.08266824447382609
-0.08088959933016074
-0.0786560793889858
-0.07596605851512582
-0.07282373626122998
-0.06923924061802308
-0.06522900759278474
-0.06081563054020761
-0.05602792059904519
-0.050900447632907284
-0.04547324737865848
-0.03979104187106929
-0.03390260871742748
-0.027859722364879883
-0.02171625661160844
-0.015526942639633669
-0.009346326819992411
-0.0032274854241974337
0.0027790057774099352
0.008626237936228487
0.01427182304983111
0.01967878641439682
0.02481610233186822
0.029659195561800272
0.034190069134403596
0.03839736111448903
0.04227604674685698
0.045827073072027505
0.049056694479930954
0.05197578035961916
0.054598907901968176
0.05694349061294623
0.059028790195931345
0.06087503453865676
0.06250251351360041
0.06393084007477685
0.06517826354343252
0.06626118198661755
0.06719375039947799
0.06798768937903897
0.06865219975425475
0.0691940481016203
0.06961774015016382
0.06992581298705206
0.07011917974561004
0.0701975310509655
0.07015974909394794
0.0700043191550695
0.06972972072459073
0.069334769147794
0.0688189177821433
0.06818248100177536
0.06742681471761511
0.06655440535634224
0.06556892731378672
0.06447521025112118
0.06327919503833786
0.06198780946336985
0.06060885649615583
0.05915083555514459
0.057622799232575815
0.05603415551991815
0.05439452420653681
0.05271354813146627
0.05100077166155694
0.049265479385354104
0.04751660937243895
0.04576262832204055
0.04401148376964212
0.042270517106133235
0.04054645258781513
0.03884534446704294
0.037172596806028226
0.03553293813562709
0.03393046436618558
0.032368633458878235
0.030850323613501998
0.029377840802679047
0.02795298530318861
0.026577066049316766
0.025250969951077566
0.023975178425216077
0.0227498354411131
0.021574762986186345
0.020449525163029197
0.019373440568048232
0.01834564091261226
0.0173650792631671
0.016430582537386162
0.015540855262277968
0.014694525915486603
0.013890146331545583
0.013126232257993233
0.012401258823383958
0.011713695905515423
0.011062000215791857
0.01044464617931702
0.009860115230857475
0.00930692292494402
0.008783606015738585
0.0082887464803024
0.007820956894609472
0.007378901989413601
0.0069612827569016265
0.006566856082759245
0.006194417935162388
0.0058428215385170025
0.0055109599173165
0.005197783004358307
0.004902279739921484
0.00462349444217417
0.004360508599774319
0.004112456777348724
0.0038785081870584856
0.0036578823562216038
0.0034498305199944447
0.0032536512421309036
0.00306867163598468
0.0028942631005166542
0.0027298223493772943
0.0025747874021725603
0.00242861837989154
0.0022908138750660748
0.002160891454663065
0.002038404521371678
0.0019229224517708322
0.0018140480532045007
0.0017113972541363909
0.0016146172568127252
0.0015233656880736007
0.0014373295456018868
0.0013562037103743655
0.0012797107841613956
0.0012075788588069738
0.0011395623437353828
0.0010754188816532442
0.0010149312676425888
0.0009578833955162865
0.0009040833740516081
0.0008533383827049657
0.0008054790951651633
0.000760333317920046
0.0007177518373306922
0.0006775807080558617
0.0006396886459650303
0.0006039378282999655
0.0005702129615759594
0.0005383904481135713
0.000508369265755819
0.0004800383490412711
0.0004533094255025258
0.00042808245186443843
0.00040428056085269965
0.00038181338424793566
0.0003606142738881195
0.0003406013342003935
0.00032171709159460555
0.0003038870493091428
0.00028706199021481295
0.0002711738558930147
0.00025618088045350156
0.0002420205840003036
0.00022865794716754327
0.0002160352969827669
0.0002041237458657969
0.00019286973422288832
0.00018224997173418143
0.00017221438676439207
0.00016274482367564005
0.00015379413319334043
0.00014534889599418488
0.00013736437191878625
0.00012983153762166538
0.0001227075939586596
0.000115987624939822
0.00010963034400542411
0.0001036347011107193
0.0000979605274167365
0.00009261043986105358
0.00008754502175937249
0.00008277039661586154
0.00007824755897819221
0.00007398601398509655
0.00006994684727162265
0.00006614285279027652
0.00006253490433564208
0.00005913902190726528
0.00005591557870561525
0.000052883785883337385
0.00005000323806867192
0.00004729632850897717
0.00004472160396087276
0.000042304655425912925
0.00004000271803472427
0.00003784461944903815
0.00003578602335330202
0.000033859055282874756
0.00003201754894505165
0.000030297010667616755
0.000028649185039007008
0.000027113063208271546
0.000025638039132304382
0.00002426671348538866
0.0000229458637351734
0.000021721845401255834
0.0000205385477194767
0.000019446246520262323
0.000018385663683987715
0.000017411181542379142
0.00001646006599524542
0.000015591012798923752
0.000014737532636263303
0.000013962862917879316
0.000013196447125645716
0.000012506314450982836
0.000011817515187274849
0.000011203142646438677
0.000010583512372502277
0.000010037077597567412
9.479060029484e-6
8.99359250840451e-6
8.490425027124115e-6
8.059715026102296e-6
7.605342072988972e-6
7.223859445703646e-6
6.812855011386686e-6
6.475676953585963e-6
6.103175802471746e-6
5.8059226115091e-6
5.467558593738396e-6
5.206336310536534e-6
4.898187570805748e-6
4.66953715185916e-6
4.388076996762731e-6
4.188929030554744e-6
3.930982264046703e-6
3.7586165232521988e-6
3.521320186877302e-6
3.3733299514964895e-6
3.1540984299593653e-6
3.0283584560189534e-6
2.824852105174278e-6
2.71949039049025e-6
2.52958745735225e-6
2.4429600023007836e-6
2.2647315864122934e-6
2.1954001314441196e-6
2.0270875344164085e-6
1.973799660608494e-6
1.8137942379490859e-6
1.7754658671730835e-6
1.62229070580959e-6
1.5979905729806214e-6
1.45028416386572e-6
1.439220075258064e-6
1.295721512744005e-6
1.2972283382003025e-6
1.1567638506271909e-6
1.1702928199677986e-6
1.03176374216798e-6
1.0568730921746186e-6
9.192447484566687e-7
9.555916958517353e-7
8.178834580622053e-7
8.652170435341299e-7
7.264931366840738e-7
7.846481779974333e-7
6.440092831675492e-7
7.129011649166617e-7
5.694766093750599e-7
6.490967988732017e-7
5.020374331256856e-7
5.924498357453355e-7
4.4092127519941567e-7
5.422591641730577e-7
3.854356038830828e-7
4.978991469066851e-7
3.3495742293864517e-7
4.5881190972468847e-7
2.889260459149612e-7
4.245004229754759e-7
2.468361720412093e-7
3.945223341013874e-7
2.0823217630539364e-7
3.6848429455375937e-7
1.7270248320376864e-7
3.460372663053944e-7
1.3987490822484594e-7
3.268718641163129e-7
1.0941237536985705e-7
3.107146751022362e-7
8.100893686323367e-8
2.9732443958547296e-7
5.4385182657095595e-8
2.8647907040640696e-7
2.9204873372485632e-8
2.773352443396573e-7