-5.506916551822824e-10
-1.5488659523750076e-8
-8.303753485780109e-8
-2.6158892510917516e-7
-6.409037810844139e-7
-1.3305290791124715e-6
-2.4711592992081046e-6
-4.224895080397977e-6
-6.785752267896077e-6
-0.000010370000092416218
-0.000015226740324760855
-0.000021627414969201293
-0.000029876807427255024
-0.00004030116663724262
-0.000053259751899644244
-0.00006913125897488955
-0.00008832593873507187
-0.00011127020452238493
-0.00013841933650572623
-0.00017024032157142178
-0.00020722517838727423
-0.0002498722324208055
-0.0002987001399268219
-0.0003542279239635251
-0.000416989822036846
-0.0004875144943511125
-0.0005663408561133225
-0.0006539969077797347
-0.0007510167288604211
-0.000857919365755256
-0.0009752271529927603
-0.0011034450259900352
-0.0012430802960136699
-0.0013946226366406444
-0.0015585653728828824
-0.0017353862304212173
-0.0019255701141637827
-0.00212959052253564
-0.0023479336968179865
-0.0025810804068457575
-0.002829531262932906
-0.0030937883944467622
-0.003374381645075603
-0.0036718495123207492
-0.003986765907497785
-0.00431971962051772
-0.004671341328625325
-0.0050422808108614705
-0.005433233939661746
-0.00584491690066804
-0.006278092998296312
-0.006733543238893966
-0.0072120929176562685
-0.007714578088003777
-0.008241872058436036
-0.008794847482145991
-0.009374403058675063
-0.00998142121286411
-0.01061679544445494
-0.011281383798967171
-0.011976037415687734
-0.012701550199843885
-0.01345868916649067
-0.014248140882524369
-0.015070544178740822
-0.01592643402833479
-0.016816277099301863
-0.017740413768953935
-0.018699096821577305
-0.019692432271452547
-0.02072042129310869
-0.021782900451570074
-0.02287958670812884
-0.02401001755454752
-0.02517359869294522
-0.026369544461564892
-0.02759692757076169
-0.028854620113414033
-0.030141344576669418
-0.031455615671495726
-0.03279579175637051
-0.03416001771836504
-0.035546275962143256
-0.03695233064782696
-0.03837577753329609
-0.03981399003513045
-0.04126416747153783
-0.04272328366401023
-0.04418813350309419
-0.045655285133384946
-0.047121125221719996
-0.04858181612438353
-0.05003334071516557
-0.05147146625047429
-0.0528917900234706
-0.054289711826485954
-0.05566048193043817
-0.056999183992864785
-0.058300786815372145
-0.059560139173783576
-0.06077202640661027
-0.06193117790869092
-0.06303232883385532
-0.06407023992001366
-0.06503976350936662
-0.06593587406654246
-0.06675373647128684
-0.06748874423243752
-0.06813658679851468
-0.06869329128937847
-0.06915528463858707
-0.06951943389930118
-0.06978309860122918
-0.06994416453195093
-0.07000108191546073
-0.06995288812704682
-0.06979922822442718
-0.06954036330097758
-0.06917717143631963
-0.06871114017222071
-0.06814434788184609
-0.06747944089392784
-0.06671959729966602
-0.06586849121530686
-0.06493024280784668
-0.06390937373420078
-0.06281074836117592
-0.06163952528188403
-0.060401095125136486
-0.059101033089887255
-0.05774503833123418
-0.05633889170237107
-0.054888400586801514
-0.05339936469059605
-0.051877528628931316
-0.05032855698688308
-0.04875799531430461
-0.04717125413290442
-0.04557357759676885
-0.04397003498253009
-0.04236549539387232
-0.04076462472008747
-0.039171864509202355
-0.03759143244016612
-0.03602730379783301
-0.034483214037799664
-0.03296264196743601
-0.03146881374803859
-0.030004687654652345
-0.028572959593397756
-0.027176049933785973
-0.025816111112307923
-0.024495017346131073
-0.023214375046881362
-0.02197551619284037
-0.020779512104728583
-0.019627170939300484
-0.018519054984736497
-0.01745548227094175
-0.016436547067672735
-0.015462125128632011
-0.014531896652979366
-0.013645354305770388
-0.012801827622827172
-0.012000492742440798
-0.011240397130193307
-0.01052046992641733
-0.009839545929112757
-0.00919637557848466
-0.008589647319317594
-0.00801799645676037
-0.007480025269307276
-0.00697431022409467
-0.006499419476447582
-0.006053918182359147
-0.005636383261499466
-0.005245406758085777
-0.004879607938080109
-0.004537634811496027
-0.004218173772309738
-0.003919949502165926
-0.003641732445039396
-0.003382337369622373
-0.003140629008212508
-0.0029155195726395812
-0.002705972889270367
-0.002511001152379263
-0.002329667865759921
-0.0021610840884618687
-0.0020044104581026763
-0.0018588531455360285
-0.0017236651932717468
-0.001598142354372741
-0.0014816239369011238
-0.0013734886625122985
-0.0012731551680747262
-0.0011800779836336492
-0.0010937478072476096
-0.0010136876714864978
-0.0009394530778931468
-0.000870628396280363
-0.0008068269211098234
-0.0007476875282964422
-0.0006928746967764766
-0.0006420754327299976
-0.0005949992850394779
-0.000551375536067791
-0.0005109532288572044
-0.0004734986161061902
-0.0004387952091075765
-0.00040664147165366877
-0.0003768508952187302
-0.00034924992157470846
-0.0003236780450260327
-0.0002999859460311634
-0.000278035618939685
-0.0002576986984723828
-0.0002388566100235166
-0.0002213990711309434
-0.00020522426070686487
-0.00019023747838193744
-0.00017635132879522493
-0.00016348452274055753
-0.00015156207271950858
-0.00014051422101804843
-0.00013027664299136116
-0.00012078948846002285
-0.0001119975895640549
-0.0001038496031271869
-0.00009629822033554646
-0.00008929939893317466
-0.00008281257240794838
-0.00007679996202427707
-0.00007122678361107037
-0.00006606063049831209
-0.00006127167638371786
-0.000056832121205347375
-0.000052716388910603735
-0.00004890062917318879
-0.00004536290919223385
-0.00004208276494807979
-0.00003904138642449298
-0.0000362212127986335
-0.00003360611070737287
-0.00003118100839046963
-0.000028932066811581228
-0.000026846348325900184
-0.000024911980629023194
-0.00002311785600557818
-0.000021453788210411246
-0.00001991023878427336
-0.000018478467081996427
-0.000017150280515864775
-0.000015918178033268113
-0.00001477512147929049
-0.000013714672898319982
-0.000012730784494124235
-0.000011817930187450297
-0.000010970911905696322
-0.000010184985871800647
-9.455683174661365e-6
-8.7789313029625e-6
-8.15088713852675e-6
-7.56805427572154e-6
-7.027126745058743e-6
-6.5251026842849304e-6
-6.059137241525575e-6
-5.62665318309233e-6
-5.225201547385752e-6
-4.852569792209379e-6
-4.506648875058061e-6
-4.185539557595409e-6
-3.8874246741529316e-6
-3.610674229055573e-6
-3.3537216869181895e-6
-3.115168512410919e-6
-2.8936633763220483e-6
-2.6880068061291076e-6
-2.4970322451904926e-6
-2.3197115010676632e-6
-2.1550366341084954e-6
-2.002126909589269e-6
-1.860110515462172e-6
-1.7282337499151936e-6
-1.6057415825722322e-6
-1.4919898349579316e-6
-1.3863236064496443e-6
-1.2881932373069117e-6
-1.197029614449682e-6
-1.1123647417889936e-6
-1.0337029309681673e-6
-9.60646844031538e-7
-8.927635505738892e-7
-8.297169546940159e-7
-7.711276706879686e-7
-7.167127966104014e-7
-6.661385217474905e-7
-6.19168268569306e-7
-5.755068974268557e-7
-5.349583016100374e-7
-4.972600186043167e-7
-4.622514363879665e-7
-4.2969755303240076e-7
-3.9946903388200943e-7
-3.7135378440586247e-7
-3.4525018605824515e-7
-3.2096506354042076e-7
-2.984215250328281e-7
-2.774418045704852e-7
-2.579712426962305e-7
-2.39844379839887e-7
-2.2302672953930582e-7
-2.0736237606893171e-7
-1.9283532653521684e-7
-1.7929673253648502e-7
-1.6674775111203946e-7
-1.55044362787888e-7
-1.4420382882392745e-7
-1.340849141435699e-7
-1.247202033533088e-7
-1.1596935983022779e-7
-1.0787975052095461e-7
-1.003101754342199e-7
-9.332245934105676e-8
-8.677287317411226e-8
-8.073757483759279e-8
-7.506870886219789e-8
-6.98568268477834e-8
-6.49483956118501e-8
-6.04485956439799e-8
-5.619668771086025e-8
-5.2312882118466473e-8
-4.862770991684519e-8
-4.527697234707351e-8
-4.2080930537271055e-8
-3.919169685761217e-8
-3.641769042255394e-8
-3.3928209510105365e-8
-3.151820902659066e-8
-2.9375206353502566e-8
-2.7279002070845686e-8
-2.543652677290118e-8
-2.361065460953862e-8
-2.2029086607908677e-8
-2.0435898204680253e-8
-1.908109122517287e-8
-1.7687954488550146e-8
-1.6530498171557093e-8
-1.5309102917985073e-8
-1.4323685539109513e-8
-1.3249447017531178e-8
-1.2414307671653233e-8
-1.1465847829336057e-8
-1.0762303056165077e-8
-9.921004834262853e-9
-9.333041727543028e-9
-8.582660328975942e-9
-8.096586110868245e-9
-7.422914119127072e-9
-7.027053927416896e-9
-6.417630926842946e-9
-6.102069448843154e-9
-5.545929474362866e-9
-5.302287936180816e-9
-4.789739737456246e-9
-4.610984167111038e-9
-4.133420539541185e-9
-4.013700035247331e-9
-3.5634317063606956e-9
-3.4979374285951793e-9
-3.0680465791814903e-9
-3.0528939728071957e-9
-2.6371072013466514e-9
-2.6692345998699227e-9
-2.2618104711249742e-9
-2.338895037162178e-9
-1.9345240792581493e-9
-2.0549102580417283e-9
-1.6486278826289444e-9
-1.8112681420598568e-9
-1.3983742073160635e-9
-1.6027819452148573e-9
-1.1787701981185123e-9
-1.4249804949572941e-9
-9.85475019442736e-10
-1.2740143877677643e-9
-8.147088245204127e-10
-1.146571764695788e-9
-6.631755787286194e-10
-1.0398109760049072e-9
-5.279965808929888e-10
-9.512963359925778e-10
-4.0665278305030607e-10
-8.789488600627059e-10
-2.969325077303785e-10
-8.209981441602227e-10
-1.9688381338997732e-10
-7.759097066525013e-10
-1.0449977679241901e-10
-7.401371289772147e-10
-8.916828041852809e-10
-2.5459178167270803e-8
-1.3581695745463568e-7
-4.280652158547097e-7
-1.046167517967224e-6
-2.169015664049884e-6
-4.018148990553004e-6
-6.854872114226407e-6
-0.000010978194928662517
-0.000016731138371477728
-0.00002448890263483409
-0.00003467439789930653
-0.00004773603359491315
-0.00006417261714772571
-0.00008450002138042286
-0.00010928553617141816
-0.00013910274655581041
-0.00017457536705357265
-0.00021631989559159072
-0.000264998996523941
-0.0003212518670611805
-0.0003857573952872366
-0.00045915265263885696
-0.0005421063209556027
-0.0006352262405857899
-0.000739143912971585
-0.0008544124901289364
-0.0009816034221987317
-0.0011211965570657814
-0.0012736901116704084
-0.0014394845564516734
-0.0016190069616371548
-0.0018125900069971073
-0.0020206113534917253
-0.0022433684437058185
-0.002481232904198095
-0.0027345208588883028
-0.0030036615719486403
-0.003289061921625424
-0.0035912876920990277
-0.00391091982471913
-0.004248746120425932
-0.0046056060779332934
-0.004982590419623065
-0.005380870885841377
-0.005801905035487666
-0.006247247370845442
-0.0067187573051049
-0.007218388442885362
-0.007748398386068002
-0.008311113813879717
-0.008909141787416289
-0.009545109327553586
-0.010221876911923933
-0.010942252382431438
-0.011709208240601258
-0.01252557078369372
-0.013394243464062669
-0.014317873049586132
-0.01529908164679584
-0.016340112360950322
-0.01744307258490478
-0.01860956210720971
-0.019840929990127657
-0.02113788839133322
-0.022500784879460264
-0.0239292054596481
-0.02542226359186048
-0.026978196092414364
-0.028594669497880507
-0.030268372675493826
-0.03199534055673337
-0.03377054742892631
-0.035588247479301886
-0.03744157286232764
-0.03932288999970222
-0.04122340666563806
-0.043133542682075025
-0.045042550541897854
-0.046938899179323625
-0.04880991321169393
-0.050642169028151676
-0.05242115871540524
-0.054131698902070334
-0.05575762686654326
-0.057282224323924186
-0.0586879548848646
-0.05995690690917587
-0.06107058286605716
-0.0620103668012565
-0.06275737640544483
-0.06329296058233452
-0.06359862315502361
-0.06365655345575093
-0.06344962567963346
-0.06296195958180875
-0.06217899106949547
-0.061088050866541004
-0.05967849037270171
-0.05794225436473177
-0.055874032844303353
-0.05347179139123343
-0.050736907103053855
-0.04767460992480917
-0.04429405200874875
-0.040608608485675775
-0.036635827888245626
-0.03239754436544678
-0.02791966471627136
-0.0232320577599791
-0.018368151906521826
-0.013364591090147745
-0.008260644289802561
-0.0030976485061295364
0.002081735577704938
0.007234239568614459
0.012316819150554454
0.017287445514706394
0.02210593334672607
0.026734705538122645
0.031139514970461423
0.035290077833697954
0.039160593432152106
0.04273015757282112
0.04598300958722647
0.04890867050150204
0.0515018861714492
0.053762479689951986
0.05569500662212077
0.057308358613516644
0.05861519160029088
0.05963135795884129
0.06037520170820818
0.0608669211957616
0.061127839678374485
0.06117980447269867
0.06104453431257036
0.060743144100293335
0.06029564468300136
0.05972064980529029
0.05903506643977593
0.05825400077099207
0.05739063733332677
0.05645632340882158
0.05546060202248858
0.05441142694533433
0.05331529437248759
0.05217752811619928
0.051002449716766686
0.04979367542898279
0.04855427266664974
0.04728702348531634
0.04599453187936031
0.044679427170136156
0.043344406037404005
0.041992368026334596
0.040626393366831534
0.039249817640430826
0.03786615836438622
0.03647914473833838
0.03509261171898467
0.033710503706354374
0.03233675519009053
0.03097528559076841
0.029629882249702966
0.028304199319489867
0.027001653821744825
0.025725436287329193
0.024478425415785654
0.02326321341749096
0.022082040497166226
0.020936834268921754
0.01982916230387113
0.01876028278028543
0.01773111169360622
0.0167422809264132
0.015794116173581407
0.01488669855819769
0.014019849532306826
0.013193192677274616
0.012406142470679558
0.011657963692647268
0.01094776173926917
0.01027453789051157
0.009637179624056984
0.009034510751134895
0.008465280843076309
0.007928209843933002
0.0074219762266149614
0.00694525612843544
0.006496710204177855
0.006075017616928466
0.005678861772548102
0.005306959660130294
0.004958046765284019
0.0046309023241465136
0.004324333751542503
0.004037198377951171
0.0037683877189390353
0.0035168462308065637
0.00328155570971762
0.0030615515459154674
0.0028559074904091503
0.0026637498234848805
0.0024842426723367403
0.002316600444764263
0.0021600738302016468
0.0020139607892253365
0.001877593324847991
0.0017503472656489022
0.0016316298563776972
0.0015208885269652412
0.001417599321372548
0.0013212748073440437
0.001231453339359377
0.0011477062330982554
0.0010696278414382247
0.0009968420934445606
0.0009289933504387143
0.0008657523899743612
0.0008068080012153344
0.000751872479319568
0.0007006739147107047
0.0006529612518290067
0.0006084972246619632
0.0005670630246104414
0.0005284518342423102
0.0004924731422070558
0.00045894682797105235
0.00042770715618820716
0.0003985973670912973
0.00037147337828591126
0.0003461988377925112
0.00032264855798878954
0.000300703990778697
0.0002802564157177845
0.0002612027996052747
0.0002434487587411386
0.00022690476775577938
0.00021148891430576577
0.0001971234247495524
0.00018373722800087326
0.00017126276811244912
0.00015963839300539155
0.0001488054264865836
0.00013871039607289657
0.00012930233955815446
0.00012053488543087491
0.00011236377065642326
0.00010474878651788583
0.00009765148657385958
0.0000910370096901613
0.00008487195856752617
0.00007912611170356112
0.00007377045427850656
0.0000687787897275442
0.00006412590649768204
0.00005978909969289894
0.000055746458190096485
0.00005197830603764769
0.000048465595892466086
0.00004519127952067953
0.00004213879436342704
0.00003929337195234039
0.00003664060550917678
0.00003416770474941013
0.00003186213303113077
0.00002971281687301721
0.000027708841873772704
0.000025840624758657308
0.00002409865802723845
0.000022474652411115978
0.000020960320454455915
0.000019548496817343846
0.000018231951583499036
0.000017004496176255273
0.000015859817206896776
0.000014792575374898156
0.000013797251045329554
0.000012869243952274146
0.000012003721600370362
0.000011196727287767787
0.00001044402273327408
9.742212368264217e-6
9.087571310404898e-6
8.477193860289777e-6
7.907798056206813e-6
7.376906524595251e-6
6.8816187635336095e-6
6.419832633406196e-6
5.98897548183708e-6
5.58727465240123e-6
5.2124383930144395e-6
4.862984201324141e-6
4.5368601287901216e-6
4.232840149293196e-6
3.949075983989249e-6
3.684569155720235e-6
3.4376432770113525e-6
3.207502979636072e-6
2.9926156112461596e-6
2.792367892908733e-6
2.6053461346287828e-6
2.4311016941338425e-6
2.2683175652024638e-6
2.1166950267369855e-6
1.9749938941907622e-6
1.8430533188776964e-6
1.719691921038416e-6
1.6048770163649333e-6
1.4974696874292938e-6
1.3975576436047722e-6
1.304029420923866e-6
1.217087226655294e-6
1.135633271144382e-6
1.0599799847987299e-6
9.89030218265536e-7
9.232038891863841e-7
8.613924140657931e-7
8.041216582942671e-7
7.502599418488078e-7
7.004389687088406e-7
6.534927738219063e-7
6.101599008258536e-7
5.692290787443064e-7
5.315478740793316e-7
4.958488698920441e-7
4.630919985204227e-7
4.3194268109937187e-7
4.034775856975059e-7
3.7628387497766507e-7
3.5156055487136265e-7
3.278050747352169e-7
3.063453484866279e-7
2.855773320951545e-7
2.669655555612614e-7
2.487921489792671e-7
2.3266705151074943e-7
2.1674578805031632e-7
2.0279350684242005e-7
1.8882562232428366e-7
1.767736097884241e-7
1.644983730344924e-7
1.5411003362924784e-7
1.4329980964259608e-7
1.3436996019824318e-7
1.2482566099365996e-7
1.1717639220355564e-7
1.0872392696132149e-7
1.0220134838784031e-7
9.46882227178006e-8
8.915922814298288e-8
8.245164472717738e-8
7.780136480657795e-8
7.178172156950006e-8
6.791126681202125e-8
6.24759295445057e-8
5.930044535379159e-8
5.4358031708060314e-8
5.1804826669706954e-8
4.727422559063598e-8
4.5281545116839644e-8
4.109068454019439e-8
3.9606198621586004e-8
3.569068303027031e-8
3.467056330369939e-8
3.0972552930718954e-8
3.038045875426736e-8
2.6847644352346293e-8
2.6653856015659653e-8
2.3238650915755736e-8
2.3419432652112523e-8
2.0078085248046012e-8
2.061507344807993e-8
1.7307068729985973e-8
1.81868227266602e-8
1.4874286212391066e-8
1.608778500174879e-8
1.2734833222564279e-8
1.4277238272714418e-8
1.084955277300481e-8
1.2719742966608166e-8
9.18400696140532e-9
1.138456622840589e-8
7.70825589123478e-9
1.0245174727103203e-8
6.39590993930062e-9
9.278550729805365e-9
5.2239507749902994e-9
8.464786566893476e-9
4.171953580499408e-9
7.786744024151204e-9
3.222121549385755e-9
7.229721033510308e-9
2.358602364416366e-9
6.7811193430581535e-9
1.5673411995569013e-9
6.429898171091318e-9
8.335822067951353e-10
6.148556376051327e-9