-3.4465320355810656e-8
-4.825897691383377e-7
-1.6732180347977262e-6
-3.9876725861203535e-6
-7.819739739597957e-6
-0.000013565283454490086
-0.000021638839225921397
-0.0000324582254346726
-0.0000464648146501894
-0.00006410154503035654
-0.00008583650135308673
-0.00011213533495419059
-0.0001434874078095091
-0.0001803735250367258
-0.00022329398448189605
-0.0002727326439987366
-0.0003291863858423614
-0.00039312664842356125
-0.0004650299746447754
-0.0005453381956939086
-0.0006344898653122452
-0.0007328802765154197
-0.0008408936792811342
-0.0009588642332988554
-0.0010871089596220136
-0.0012258905841315872
-0.0013754511841908169
-0.0015359776655403416
-0.0017076360374542563
-0.0018905400031807144
-0.0020847857401027395
-0.0022904237882668366
-0.0025074941373887244
-0.0027360012905353693
-0.0029759493813785033
-0.003227319993585904
-0.00349010696425074
-0.0037642962768664728
-0.004049900164442831
-0.004346938186008592
-0.004655470237448883
-0.004975577785338069
-0.005307395433165649
-0.005651091233364824
-0.0060068965445113495
-0.006375084377142734
-0.006755997411069226
-0.007150023449733858
-0.007557621637206042
-0.00797929428840571
-0.008415611538156495
-0.008867179062510323
-0.009334661588228727
-0.0098187463000262
-0.010320165815907778
-0.010839657359384549
-0.011377985941620311
-0.011935899639138532
-0.012514153797550095
-0.013113462969465865
-0.013734526952103168
-0.014377980088750223
-0.015044419867461934
-0.015734354363056192
-0.016448233960100627
-0.017186397711745023
-0.017949108521092313
-0.01873649912861371
-0.019548610814073605
-0.02038533961381886
-0.021246478318311147
-0.022131663386450444
-0.023040419740535674
-0.02397210870989339
-0.02492597489278795
-0.025901095346832385
-0.026896427618765536
-0.02791076032192304
-0.02894276134766269
-0.02999092994477525
-0.031053644133807682
-0.03212911444105896
-0.03321542964784669
-0.03431051244074856
-0.03541216284494648
-0.03651801623488475
-0.0376255841178097
-0.038732215196542234
-0.0398351335650145
-0.04093140380224839
-0.042017967074803035
-0.043091611522081484
-0.04414900716772537
-0.04518668306409304
-0.04620106221435736
-0.0471884469984565
-0.04814505541266382
-0.049067016123148705
-0.04995040716611331
-0.05079126151481726
-0.05158560891293547
-0.05232949208870164
-0.053019011634657956
-0.05365035201219713
-0.054219828426294955
-0.05472392065392388
-0.0551593198385833
-0.05552296711798761
-0.05581209736722574
-0.05602427879004417
-0.05615745006467962
-0.05620995667920825
-0.056180577838702415
-0.05606855549233531
-0.05587360782856463
-0.05559594769371409
-0.05523628051675755
-0.05479581008245504
-0.05427622016496555
-0.053679667217501455
-0.05300874663935455
-0.05226647362794206
-0.05145623658823126
-0.050581768882740095
-0.04964709314544553
-0.048656487708255355
-0.04761442628716144
-0.0465255432875623
-0.045394573374396036
-0.04422631961036274
-0.04302559681938708
-0.04179720567180996
-0.04054588264624074
-0.03927628194239899
-0.037992933482661785
-0.036700233177422915
-0.03540240906849989
-0.03410351927294609
-0.03280742531341407
-0.03151779624444759
-0.03023808760903367
-0.028971549916097933
-0.027721211551775513
-0.02648988990761396
-0.025280176877872935
-0.02409445140251012
-0.022934866726340625
-0.021803363724547976
-0.02070165968280062
-0.01963126232139632
-0.01859346030442294
-0.017589338232042222
-0.016619769301843116
-0.01568543164157745
-0.014786803514531884
-0.013924181244121361
-0.01309767713687212
-0.012307238988912747
-0.011552650592887685
-0.010833552517204243
-0.010149444766328793
-0.009499708275315936
-0.008883609079898032
-0.0083003198257939
-0.00774892471076728
-0.00722844028599458
-0.0067378204553602255
-0.006275975928681845
-0.005841778677102714
-0.005434079550901776
-0.005051711755760952
-0.004693506332100959
-0.004358294397750717
-0.0040449203672856884
-0.003752242872982803
-0.0034791457578662657
-0.00322453772079899
-0.0029873612335782223
-0.0027665910502709533
-0.0025612412740390563
-0.0023703629261966584
-0.0021930494264031227
-0.002028433439273839
-0.0018756910396361872
-0.0017340380519875547
-0.0016027331592601188
-0.0014810739313069015
-0.0013683991091269986
-0.0012640844901456076
-0.0011675445867533772
-0.00107822850409642
-0.0009956211370077868
-0.0009192391443142662
-0.000848631815067681
-0.0007833772144775397
-0.0007230828207055147
-0.0006673818927306236
-0.0006159339537308825
-0.0005684214109187282
-0.0005245499408668021
-0.0004840453754918967
-0.0004466540283186399
-0.0004121398488963366
-0.00038028471642481904
-0.00035088585637441463
-0.0003237561185139897
-0.00029872164374072723
-0.0002756221367533266
-0.0002543087674909339
-0.00023464444392520915
-0.00021650193053644967
-0.0001997641234765019
-0.00018432236773578388
-0.00017007673485728946
-0.0001569345205189166
-0.0001448105237367237
-0.00013362570722519595
-0.00012330747636973355
-0.00011378848572428915
-0.00010500691577102995
-0.00009690541011534027
-0.00008943134804640937
-0.00008253589827930488
-0.00007617428548661386
-0.00007030494774491869
-0.00006488979544810884
-0.00005989346088654892
-0.00005528354823507955
-0.00005102996489832658
-0.000047105161551067354
-0.00004348353600413054
-0.00004014166255124383
-0.00003705776013473609
-0.000034211910502146736
-0.000031585583380657445
-0.000029161843168810793
-0.00002692492466249262
-0.000024860428196651973
-0.00002295494021150023
-0.000021196216916676463
-0.00001957284464872431
-0.000018074412259683233
-0.00001669120680417845
-0.00001541437495499853
-0.000014235650076914818
-0.000013147503051806336
-0.000012142897252008337
-0.000011215429216802012
-0.000010359108440620709
-9.568488382681792e-6
-8.83846834008952e-6
-8.164415300549994e-6
-7.541985479788844e-6
-6.9672375421368145e-6
-6.436471657702176e-6
-5.94633462016687e-6
-5.493674516388363e-6
-5.07563827362168e-6
-4.689540244139688e-6
-4.332952703681627e-6
-4.003586841336434e-6
-3.699376721538069e-6
-3.4183713286126546e-6
-3.1588124897585816e-6
-2.9190367694627216e-6
-2.6975478326237198e-6
-2.4929271094671766e-6
-2.3039010605087806e-6
-2.1292596416289462e-6
-1.967918914409743e-6
-1.8188464380105197e-6
-1.6811196499986418e-6
-1.553857396437028e-6
-1.4362744905809053e-6
-1.327618662784587e-6
-1.2272216891877983e-6
-1.1344411128906902e-6
-1.048708313168962e-6
-9.6947440347749e-7
-8.962555990193247e-7
-8.285827504924753e-7
-7.660443487688002e-7
-7.082391944924503e-7
-6.548173702621537e-7
-6.05435582187172e-7
-5.597964161581751e-7
-5.176059197803393e-7
-4.786114534062178e-7
-4.425611025662794e-7
-4.092404277565952e-7
-3.7843332235964015e-7
-3.499579556562284e-7
-3.2362871164672265e-7
-2.9929161587120394e-7
-2.7678700160017314e-7
-2.559847096960213e-7
-2.367471420334623e-7
-2.1896452422362577e-7
-2.0251800809486048e-7
-1.8731529015911755e-7
-1.732534311143611e-7
-1.6025512778919286e-7
-1.4823091483841365e-7
-1.3711639460899103e-7
-1.2683348703680345e-7
-1.1732892956996104e-7
-1.0853423038393599e-7
-1.0040576571864885e-7
-9.288308554382047e-8
-8.593094508521043e-8
-7.949559931633351e-8
-7.35491251054263e-8
-6.804332521702498e-8
-6.29567138594873e-8
-5.8245633782270135e-8
-5.3894303988726584e-8
-4.986272696576691e-8
-4.614022126760616e-8
-4.2689675031765204e-8
-3.950501476481608e-8
-3.655132793841963e-8
-3.382675653082913e-8
-3.12979740781394e-8
-2.8967030484285638e-8
-2.6801631992901843e-8
-2.4807505403778618e-8
-2.2952885297567525e-8
-2.1247011480840472e-8
-1.965818093880359e-8
-1.8199043058796978e-8
-1.6837520772984818e-8
-1.558962624073075e-8
-1.4422493118144554e-8
-1.3355498025398109e-8
-1.2354585550369918e-8
-1.144254926837733e-8
-1.0583751515033477e-8
-9.804497701371892e-9
-9.067178287137479e-9
-8.401750792902608e-9
-7.768239696284582e-9
-7.2004372585650495e-9
-6.655599207960714e-9
-6.171577741519924e-9
-5.702442843349667e-9
-5.290375055923602e-9
-4.885824477453573e-9
-4.5356107575520656e-9
-4.186106333271631e-9
-3.8891258508645e-9
-3.586479498227914e-9
-3.3353803033395223e-9
-3.0725562053170227e-9
-2.8610727269178335e-9
-2.632018499260563e-9
-2.454817906984527e-9
-2.254320515153232e-9
-2.106871713293079e-9
-1.9304318621201284e-9
-1.8088914204942878e-9
-1.6526189637290236e-9
-1.553736664285148e-9
-1.4142575724606952e-9
-1.3352944098747786e-9
-1.2096731973332586e-9
-1.1483326789236108e-9
-1.034004007822606e-9
-9.883724797850464e-10
-8.830837381041369e-10
-8.515792911903498e-10
-7.533406470418699e-10
-7.346725990984731e-10
-6.417124797313944e-10
-6.348447022915379e-10
-5.455724902357823e-10
-5.496938710486478e-10
-4.626674608255257e-10
-4.771665140391945e-10
-3.9106247959261213e-10
-4.1550678330875747e-10
-3.290960095732388e-10
-3.6321476681697884e-10
-2.753391300372983e-10
-3.190097992506955e-10
-2.2856200119867086e-10
-2.8179995741920665e-10
-1.8770577706444794e-10
-2.5065552658213767e-10
-1.5185699984418637e-10
-2.2478530172425288e-10
-1.2022534746497305e-10
-2.0351881803626935e-10
-9.212677593843268e-11
-1.8628898791078342e-10
-6.69670108770302e-11
-1.7261785512610343e-10
-4.422648859900722e-11
-1.620970431348901e-10
-2.3388390677131462e-11
-1.5388607935021777e-10
-4.93726482229491e-8
-6.967124127940451e-7
-2.4084848357842886e-6
-5.740847843018056e-6
-0.00001123747490548445
-0.000019475318324301613
-0.00003100894031403295
-0.0000464441389753373
-0.00006635502664970139
-0.00009138071794250849
-0.00012211702484595113
-0.00015923442996104985
-0.000203345777092453
-0.0002551431320728816
-0.00031524305846294216
-0.00038433994343773986
-0.00046303088780225333
-0.0005519833510657424
-0.0006517422481739838
-0.0007629102798163702
-0.0008859404393099683
-0.0010213280448927939
-0.0011693923988686855
-0.0013304801887112714
-0.0015047403588001735
-0.0016923390395566077
-0.0018932316484142654
-0.0021073897039739016
-0.002334573670593432
-0.0025745718380631635
-0.0028269764464759384
-0.0030914342668304606
-0.0033674271674231167
-0.0036545332140537306
-0.00395221123424289
-0.004260070340097423
-0.004577656440953817
-0.00490472728741802
-0.005241037521239395
-0.0055866158472068226
-0.005941544300570832
-0.00630623411736029
-0.006681194577612363
-0.007067304618591911
-0.007465566905734772
-0.00787737316889054
-0.008304239988695407
-0.008748067094552477
-0.009210852574949307
-0.009694944758825931
-0.010202735961268493
-0.010736909861654806
-0.011300114275246515
-0.01189520695247067
-0.01252490905426596
-0.01319205289861743
-0.013899218710767351
-0.014648987988711436
-0.015443566672476344
-0.016285047523876817
-0.017175023155020588
-0.01811486021771215
-0.01910530583716005
-0.020146775614073097
-0.021238957023853543
-0.022381112377956574
-0.023571682748662486
-0.024808606210264643
-0.02608892587061099
-0.02740912296547651
-0.02876473261077966
-0.030150690663963038
-0.03156096082367873
-0.03298889359785142
-0.034426868348356184
-0.03586666223835716
-0.03729911077230008
-0.03871448430677535
-0.04010217065397757
-0.04145105674814693
-0.04274923708409302
-0.04398439855659279
-0.045143558989223065
-0.04621345405206374
-0.047180310881244206
-0.04803023721023003
-0.048749035869411275
-0.04932259748716548
-0.049736762040257405
-0.04997771711185823
-0.05003191199803282
-0.04988646283876105
-0.04952912239183397
-0.048948690728503115
-0.04813503916826182
-0.047079520317225926
-0.04577503776699186
-0.04421644228100301
-0.04240063030848428
-0.04032690504491138
-0.03799707795080349
-0.03541576589346105
-0.032590462664788725
-0.029531738602534652
-0.02625324582829131
-0.022771786840672974
-0.019107219858349903
-0.015282369529971368
-0.01132280853507472
-0.007256597295445645
-0.0031139346509311467
0.0010732667420787312
0.005271846157880073
0.009447953866062618
0.013567595546456288
0.01759727350582497
0.021504551696585945
0.025258709727296522
0.028831257723220323
0.032196526457302095
0.03533205991202214
0.038219070078420514
0.04084264670805147
0.04319202345387453
0.04526056790371434
0.047045834280938156
0.048549328578901624
0.04977635692996751
0.05073559449723843
0.05143877120258227
0.05190010209747553
0.05213587671067899
0.05216382684011503
0.05200269727446154
0.05167163063596754
0.05118979357646951
0.05057584716831279
0.04984768537483718
0.04902203673245066
0.04811434560246429
0.04713852229248931
0.046106968791334045
0.04503046676424919
0.043918324643274866
0.042778371910594824
0.04161718833210818
0.04044016206252346
0.0392517564463912
0.038055589202733164
0.03685469663227806
0.03565159929962761
0.03444853457162178
0.03324748707666026
0.03205037424758454
0.030859033426940175
0.029675357851304807
0.028501243475863428
0.02733868219143273
0.026189678588146924
0.025056312223278546
0.02394063740581273
0.022844727394592288
0.021770569683533584
0.02072010324068801
0.019695119021118222
0.01869729812023398
0.017728123651960574
0.016788924165257364
0.015880799602311913
0.015004671309225925
0.01416122211627849
0.013350952141401657
0.012574131313048452
0.011830858967432448
0.011121026298584082
0.010444377334734937
0.009800478641998622
0.009188779395133306
0.00860858593672811
0.008059119095774564
0.007539491695485312
0.007048761828980717
0.006585911954194175
0.006149897380185465
0.005739626086141102
0.0053540021312079005
0.004991905736937141
0.004652231679757069
0.004333869467950039
0.004035737009000533
0.0037567609022998824
0.0034959058091344765
0.003252154988992147
0.0030245358605036354
0.0028121009546381807
0.002613950162107086
0.002429212280827475
0.0022570644187449524
0.0020967142923580878
0.0019474172085106605
0.001808459237783987
0.0016791721452741055
0.0015589175259251322
0.0014470999996669543
0.0013431523603202327
0.001246547299384784
0.0011567835892073812
0.0010733965540828895
0.0009959452824673883
0.000924022025448544
0.000857240412861744
0.000795243926316599
0.0007376950796852575
0.0006842830874045559
0.0006347139596785144
0.0005887174652155985
0.0005460380855479188
0.0005064413541860505
0.00046970561125132793
0.00043562778747033705
0.0004040158996281791
0.0003746943369840271
0.0003474970387668471
0.00032227233218050204
0.0002988767354136874
0.00027717938951363647
0.00025705643288812495
0.00023839506418301532
0.00022108843760847125
0.00020503938943798144
0.0001901558070259704
0.00017635404794442728
0.000163554739057933
0.0001516859144414877
0.00014067920447009315
0.00013047271592383754
0.00012100757454762852
0.00011223056884196217
0.00010409101244578917
0.00009654317107825078
0.00008954341460175751
0.00008305244486588896
0.00007703270968777884
0.00007145044812077038
0.00006627334136397744
0.00006147239040175553
0.00005701978116266108
0.0000528906085379029
0.00004906093518053608
0.00004550937449106312
0.00004221532477277102
0.00003916042291503263
0.00003632693701806899
0.00003369910147648436
0.00003126165316405986
0.00002900105783627409
0.000026904176025906665
0.000024959390115691713
0.00002315538733926366
0.0000214821962388529
0.000019930075352548773
0.000018490467085609842
0.00001715498147528051
0.00001591627517088626
0.000014767120832335736
0.000013701217955164868
0.000012712339244045163
0.00001179507981068768
0.000010944072679086513
0.0000101546821388312
9.422281339393137e-6
8.742895239331816e-6
8.11253369498169e-6
7.527789064342863e-6
6.985219036336664e-6
6.481903447424627e-6
6.014871207982329e-6
5.581620953043345e-6
5.179586978973161e-6
4.80662784135792e-6
4.460526542429785e-6
4.1394509717425185e-6
3.841483994336664e-6
3.565059480398091e-6
3.308518176238552e-6
3.0705227172258438e-6
2.8496355369284133e-6
2.6447161086476548e-6
2.454517319776679e-6
2.278068199773546e-6
2.114285222233095e-6
1.9623434694548985e-6
1.8212997550602047e-6
1.6904552582468964e-6
1.568987064977407e-6
1.4563052429452635e-6
1.3516899138813925e-6
1.2546453475307806e-6
1.1645396229067274e-6
1.080958736814798e-6
1.0033457627154218e-6
9.313578269087395e-7
8.645016630436322e-7
8.024964775063357e-7
7.449027625979422e-7
6.914942323991906e-7
6.418766132006147e-7
5.958715946060778e-7
5.531225759234427e-7
5.134939001048508e-7
4.766600575133735e-7
4.4252344245312505e-7
4.1078380681226576e-7
3.813779041278208e-7
3.540255844378767e-7
3.286948806945277e-7
3.051211567375801e-7
2.833012796720726e-7
2.629819281258085e-7
2.441868278804654e-7
2.2667036928791636e-7
2.1048165349497744e-7
1.9537921727178078e-7
1.814365586532653e-7
1.6841316647016214e-7
1.5640628132756825e-7
1.4517335139081237e-7
1.3483510257342868e-7
1.251439717548867e-7
1.1624428583070537e-7
1.0788071513248299e-7
1.0022156254982213e-7
9.300092291717279e-8
8.641175228130942e-8
8.01748590636301e-8
7.450890491240166e-8
6.911859109217453e-8
6.42494588991546e-8
5.9587351351972457e-8
5.540630187119474e-8
5.1370377826095154e-8
4.778380267284427e-8
4.428598909611934e-8
4.121341248396802e-8
3.817768099318081e-8
3.5549874447260935e-8
3.291058448777516e-8
3.0668114641418224e-8
2.8368456482906843e-8
2.64602427816296e-8
2.4451147102327875e-8
2.283343742059008e-8
2.1072328388713316e-8
1.9707596230242442e-8
1.815763326229112e-8
1.7013736481994372e-8
1.5642828352692083e-8
1.4692405658435596e-8
1.3472685694332632e-8
1.2692342938838e-8
1.1599521403818904e-8
1.096945768204167e-8
9.982285360315925e-9
9.485718803351662e-9
8.585480485719362e-9
8.208328002504905e-9
7.378541639506871e-9
7.109077140892612e-9
6.335146033991398e-9
6.163691992331196e-9
5.432491630561564e-9
5.35118465821391e-9
4.650953064019968e-9
4.653569302441434e-9
3.973580988760937e-9
4.055249250829055e-9
3.3857579809804127e-9
3.5429347515172624e-9
2.8748114529480543e-9
3.1051155415025646e-9
2.429828528988265e-9
2.7319549072030823e-9
2.041326277321681e-9
2.4149278596888883e-9
1.7011336189083053e-9
2.1467675300781197e-9
1.4021201819058246e-9
1.9212164750900165e-9
1.1381341705535588e-9
1.7330004464510968e-9
9.038176443682446e-10
1.5775497918622721e-9
6.945099911539074e-10
1.451002679197573e-9
5.061096087825388e-10
1.3500691089306034e-9
3.3497812673713454e-10
1.2719398285815475e-9
1.774895548088776e-10
1.2104157777270664e-9