1.1751374291029706e-10
8.236510164563873e-9
6.369570023259198e-8
2.657962324336653e-7
8.093866862238282e-7
2.0102199112306417e-6
4.338115481124002e-6
8.44400240204792e-6
0.000015189285580116893
0.000025673212040378182
0.000041258224831629
0.0000635971167743472
0.00009465357738192835
0.00013672887535384808
0.00019247655091430806
0.0002649285004580668
0.0003575026143728889
0.00047402822141447154
0.0006187453740145393
0.0007963296887253258
0.0010118819310695663
0.0012709523851618721
0.0015795193934518416
0.0019440135174076509
0.0023712837500476
0.002868621896277729
0.003443715299457058
0.004104672071825925
0.004859959354799629
0.005718430255278831
0.006689246879304382
0.007781910059682845
0.00900616664393283
0.01037204330856466
0.011889737821212297
0.013569658402127932
0.01542229889356837
0.017458285227884736
0.019688234605137928
0.022122810644651294
0.024772566781841428
0.02764801161043647
0.030759436757436625
0.03411699377053461
0.037730506720436985
0.04160956176611413
0.04576330467889408
0.05020054394921852
0.0549295333463743
0.0599580891437315
0.06529335774695993
0.07094194734530516
0.07690968058972959
0.08320174076486374
0.08982240951024374
0.09677522749235419
0.10406271727149688
0.11168655847533882
0.119647296152211
0.12794453063904745
0.13657661213086322
0.14554084581446536
0.15483317392794907
0.16444839729142682
0.17437984680851953
0.18461962322998982
0.19515826080824442
0.2059849879069092
0.2170873862718063
0.22845167584198703
0.24006237372889958
0.2519026071584049
0.26395377661829694
0.27619590112239606
0.28860728996163826
0.30116492429977804
0.3138441414388223
0.32661905604089975
0.33946225974283184
0.3523452840258255
0.3652383164102199
0.37811070522234935
0.3909306915791837
0.4036659541751709
0.4162833540190325
0.42874951510112397
0.4410305766216709
0.45309280326359014
0.464902337726566
0.47642583258735566
0.4876301945809462
0.4984832289067202
0.5089533660690974
0.5190103091341827
0.5286247341589442
0.537768931370748
0.5464164712713503
0.5545428319476783
0.562125024726499
0.5691422016807822
0.575575237038941
0.5814073112073592
0.5866234467532695
0.5912110676605528
0.5951594913332245
0.5984604640735173
0.6011076129322331
0.6030969603103905
0.6044263413985448
0.6050959021813386
0.6051074895182637
0.6044651375804974
0.6031744382751508
0.6012430212587652
0.5986799124245066
0.5954960121846917
0.5917034492180031
0.5873160608102368
0.5823487481195483
0.5768179611380719
0.5707410604958054
0.5641368081641495
0.5570247393726409
0.5494256585936849
0.541361023549913
0.5328534443515285
0.5239260798801998
0.5146031362666547
0.5049092742443888
0.4948701015881979
0.48451158851432896
0.47386054747616185
0.4629440526178259
0.45178989974768635
0.4404260255555749
0.4288809409770228
0.41718314664614425
0.4053615344405968
0.3934447975843364
0.38146179791684887
0.3694409720318414
0.35741066543275546
0.3453985396356999
0.33343187825583276
0.32153700341636354
0.30973956218941584
0.2980639631666977
0.2865336538201683
0.27517058907666503
0.2639955105795865
0.25302745827204004
0.24228406113159054
0.23178110022443485
0.22153281756491297
0.21155153535252974
0.20184798580210225
0.19243098703728811
0.18330779280047568
0.17448382149850564
0.16596302132045498
0.15774764580926862
0.1498386275624255
0.14223539177397646
0.13493623056154538
0.12793814524477212
0.12123721336755121
0.1148284508825494
0.10870616487283093
0.10286382799381086
0.09729441141020283
0.09199026546142478
0.08694342908518699
0.08214551240818695
0.07758798065278412
0.07326203597628206
0.06915887536459366
0.065269570404725
0.06158529985941032
0.058097227094495676
0.054796708874181074
0.0516751708760147
0.04872429477123666
0.04593589268291215
0.04330207487240268
0.04081512418828228
0.03846764673170494
0.0362524473672356
0.034162665649173175
0.03219165337734606
0.03033309788733829
0.02858090248177902
0.02692929896264333
0.02537273158732425
0.023905960481902005
0.02252394958621149
0.02122196235409162
0.019995453978532484
0.018840160571031928
0.01775199580544844
0.016727134580134542
0.01576191409099701
0.014852912819163799
0.01399685594027557
0.013190690346437795
0.012431494218201038
0.01171654868023136
0.011043251301971648
0.010409184898833837
0.009812034683966785
0.009249654657605123
0.008719988102490125
0.008221131950201714
0.007751260293633801
0.0073086870778627825
0.006891792292083102
0.0064990833013982945
0.006129123375582666
0.005780591955075665
0.005452215173072636
0.005142825332285564
0.004851293078741743
0.004576586354218361
0.004317703883621927
0.004073733860358541
0.003843788413416775
0.0036270622784882293
0.0034227679152381103
0.0032301944151228745
0.003048642943311993
0.0028774861344161083
0.0027161035367613538
0.0025639417492952987
0.002420449548166323
0.0022851390216758003
0.002157520060190055
0.002037162750987823
0.0019236309123083842
0.0018165460161989042
0.0017155194458812377
0.0016202182221632954
0.0015302956602362037
0.0014454591838432942
0.0013653990530482067
0.0012898585601471043
0.0012185604938475586
0.0011512800218742433
0.0010877685493361528
0.0010278296051373479
0.0009712397430652524
0.0009178277625205133
0.0008673922899922695
0.0008197846793085292
0.0007748228986634659
0.0007323784716111086
0.0006922862806268375
0.0006544359275005495
0.0006186770485091704
0.0005849154917709002
0.0005530137214402129
0.000522892230034971
0.0004944245895775609
0.0004675445389979211
0.00044213521877338224
0.0004181423973162606
0.0003954574023463272
0.00037403697579742556
0.0003537793898053103
0.0003346514472103574
0.0003165572425768102
0.00029947285493641274
0.00028330718458510746
0.00026804491641385886
0.00025359883124312013
0.00023996165205513308
0.00022704919421672113
0.00021486174328678298
0.00020331737151086548
0.00019242353477990086
0.00018209984312868424
0.00017236060599743096
0.0001631263019954792
0.00015441784602951634
0.0001461559581367342
0.00013836797347308973
0.0001309742614095257
0.00012400844998289263
0.00011738999452119905
0.00011115874214452686
0.0001052326937359042
0.00009965789164782262
0.00009435035966119131
0.00008936235841663288
0.00008460742489529927
0.00008014410547846853
0.00007588294919785762
0.00007188889799056103
0.00006806901625563615
0.00006449479205369234
0.0000610693091213597
0.00005787079175285485
0.00005479784406332405
0.0000519356553764694
0.00004917784490110985
0.000046616833946641204
0.00004414074196504517
0.000041849527146186835
0.00003962528164498775
0.00003757584343202785
0.00003557673410201454
0.00003374405264319332
0.00003194618813501413
0.0000303079207449371
0.000028689923455734362
0.000027226117530368284
0.000025768851729979813
0.000024461689146682643
0.0000231480187283038
0.000021981588236543414
0.000020796160794423256
0.000019756255294957116
0.000018685309607602588
0.00001775924557369615
0.000016790439899385222
0.000015966896497487987
0.000015089155376572484
0.000014358031122719963
0.000013561408643744815
0.000012913693674198596
0.000012189251387782206
0.000011616913634605454
0.000010956611500433567
0.000010452495259512916
9.849094192137427e-6
9.406829734240624e-6
8.853804472686845e-6
8.467727501887986e-6
7.95918866908862e-6
7.624268566053137e-6
7.1548929072783305e-6
6.86666881229147e-6
6.431636716910414e-6
6.18616060942895e-6
5.781100113753256e-6
5.574886146303336e-6
5.195822706605322e-6
5.025802125751791e-6
4.6691135252699195e-6
4.532594588729015e-6
4.194970414622388e-6
4.089602780758678e-6
3.7680079638965873e-6
3.6917510874461336e-6
3.3833930558356865e-6
3.3344881705987423e-6
3.0367872146888583e-6
3.013732538403035e-6
2.7242950266354838e-6
2.7258238591138875e-6
2.4424179849046686e-6
2.4674794051856284e-6
2.188013176108304e-6
2.2357550830287606e-6
1.958256295787866e-6
2.0280105591662876e-6
1.7506085267599722e-6
1.8418780494132938e-6
1.5627868772299604e-6
1.6752343819731205e-6
1.392737604621842e-6
1.5261759907300493e-6
1.2386124026846194e-6
1.3929965274948494e-6
1.098747053251491e-6
1.274166817587019e-6
9.716422895476224e-7
1.168316911828235e-6
8.559466312231088e-7
1.074220019515179e-6
7.504409869938628e-7
9.907781197662347e-7
6.54024834392406e-7
9.17009080381002e-7
5.657038140044136e-7
8.520351244446601e-7
4.845785881400392e-7
7.95072506489302e-7
4.098348280794177e-7
7.454222738135613e-7
3.4073421678481076e-7
7.02461997901048e-7
2.766063530645058e-7
6.656383791840917e-7
2.168414657437883e-7
6.344606273739407e-7
1.60883814762356e-7
6.084942356753351e-7
1.0822323997296877e-7
5.873355263217658e-7
5.822939777927017e-8
5.69331051805248e-7
-3.39111866008368e-10
-2.330724539399574e-8
-1.8078715839618416e-7
-7.536075455375337e-7
-2.2964377062729233e-6
-5.702745538763121e-6
-0.000012312250808630061
-0.000023969080615193754
-0.00004313562434323661
-0.00007293260598494824
-0.00011726762341205687
-0.0001808472003495216
-0.0002693273022863635
-0.0003892871895522227
-0.000548408632110102
-0.0007554005690012921
-0.0010202129813764462
-0.001353900232434562
-0.0017688745661698722
-0.0022786947793335976
-0.0028983632682717535
-0.0036440256296381124
-0.004533314353716757
-0.005584944353666565
-0.0068191060924092245
-0.008256942158419786
-0.009920993055623712
-0.011834540938903805
-0.014022112606722514
-0.01650867841334204
-0.019320219135163345
-0.022482770755152502
-0.026023064632306952
-0.029967412033527208
-0.034342430094849746
-0.039173763302588864
-0.04448691070411276
-0.05030578462886049
-0.056653657096427855
-0.06355155857360173
-0.07101936320142217
-0.07907403204370016
-0.08773085736959406
-0.09700155550223799
-0.10689568981929243
-0.11741861791648718
-0.12857311121170525
-0.14035715977820207
-0.15276580358083391
-0.16578879622000262
-0.17941265915890245
-0.19361820311468578
-0.20838281258756508
-0.22367782125350502
-0.23947103027794153
-0.25572393244977526
-0.27239446486370933
-0.289434076396854
-0.3067907140959964
-0.3244057305579565
-0.34221710433614383
-0.36015618820506984
-0.37815116732564175
-0.39612365615597334
-0.41399240367015216
-0.4316697551182718
-0.4490656203198723
-0.4660838252137685
-0.4826263655703514
-0.49858968041032287
-0.5138692174015436
-0.5283556636213798
-0.54193984836566
-0.5545089644160122
-0.5659518273384792
-0.5761551110950947
-0.585008969363732
-0.5924032927876812
-0.5982336778364736
-0.6023976903292597
-0.604801142624754
-0.6053543216887118
-0.6039785088377864
-0.6006021039265051
-0.5951672970698488
-0.5876259973226193
-0.577946546485126
-0.5661093445990021
-0.5521134853454642
-0.5359719647432402
-0.5177181181126533
-0.4974003044073049
-0.4750880373894115
-0.4508660566767788
-0.4248400705218231
-0.3971301552290547
-0.3678760623447133
-0.33722992863205614
-0.3053611439367636
-0.27244840122052927
-0.23868416911945944
-0.2042661614092442
-0.16940150571439938
-0.13429775927428733
-0.09916690738031052
-0.06421609240028045
-0.029651607585553713
0.0043304654150602894
0.03754008341707316
0.0698024870677222
0.10095366194587213
0.13084926101299746
0.159359527281848
0.1863777063807233
0.21181428718000941
0.23560475110845602
0.25770302996124844
0.27808848554100596
0.29675853900456484
0.31373483336681374
0.3290550548018258
0.3427783000169699
0.3549761848150336
0.36573751534986826
0.37515885864543796
0.3833486952511072
0.3904177022421911
0.3964826346205497
0.40165663140359364
0.4060531204353729
0.4097764877681697
0.41292631062795293
0.41558871591926744
0.41784120793703766
0.419744976389305
0.4213504969818415
0.4226909367758658
0.42378857730165936
0.42464932210686607
0.42526984607551727
0.42563306379622534
0.4257157752120347
0.4254848347084796
0.42490497132026817
0.4239353327102143
0.4225371276102863
0.42067021856408243
0.4183002692279761
0.41539512058989464
0.41193121390589366
0.40788958803673364
0.40326146594999557
0.39804382861755294
0.3922441710411419
0.3858757139649984
0.3789614304106163
0.3715290309230801
0.36361441958980434
0.3552566234218281
0.34650085512385925
0.3373935549900217
0.3279852229293053
0.3183257117780349
0.30846695509871525
0.29845860686663794
0.28835074704871616
0.27818991607970184
0.2680218375893764
0.25788785553093163
0.2478276792388387
0.2378762010877585
0.22806624604150977
0.21842572937467877
0.2089803807414424
0.19975119344084707
0.19075708973498712
0.18201261283566572
0.1735305029842292
0.16531958797754567
0.15738724573997853
0.1497374563341583
0.1423731342793525
0.135294312775498
0.12850033638434002
0.1219881554592248
0.11575437615639966
0.10979364918887592
0.10410057911243133
0.09866819629677663
0.09348973099367253
0.08855716089680148
0.08386285779735099
0.07939820546728264
0.07515512798007214
0.07112477413874481
0.06729893703998702
0.06366880210881817
0.06022626744721706
0.05696275293636096
0.05387043052625994
0.050941091985663184
0.04816729770527291
0.045541300634426206
0.04305612149448085
0.040704526322210485
0.03848003529437414
0.036375951156092094
0.034386308186383455
0.03250494865936945
0.030726417858694025
0.029045085614848195
0.027455992720653792
0.025954014515767596
0.024534663564189176
0.02319329222099274
0.021925856007038325
0.020728152084192996
0.019596547397870204
0.018527250006343237
0.017517005747451842
0.01656239940596897
0.015660523397020284
0.014808305806247144
0.014003154358240675
0.013242308426025032
0.012523461363232633
0.011844133645145614
0.011202276485325598
0.010595663336062277
0.010022477578743196
0.009480719676399857
0.008968781616914993
0.008484867072256043
0.008027555182512035
0.007595231131448057
0.007186641788903136
0.006800334159136484
0.00643520534237642
0.006089946352757094
0.005763588817381898
0.0054549516921091985
0.005163187087396365
0.004887227432756106
0.004626332800738357
0.004379536083696578
0.004146194182270969
0.0039254287609102045
0.0037166836729797103
0.003519158853865895
0.0033323763715607034
0.0031556049986430743
0.0029884373044392776
0.0028302024202525
0.0026805566256952232
0.0025388817829424108
0.0024048919187367713
0.002278014755470427
0.0021580168470255764
0.0020443655767577867
0.0019368754725189838
0.0018350479724979774
0.0017387416245040633
0.0016474868389723836
0.0015611827673780037
0.0014793841705063474
0.0014020278704361244
0.0013286887606676146
0.001259338837312487
0.0011935692609847481
0.0011313850988285837
0.0010723902208106756
0.0010166210178387033
0.0009636907773578415
0.0009136657911092731
0.0008661657007902427
0.000821285570568747
0.0007786485292275448
0.0007383775552638343
0.0007000965623288288
0.0006639558342506889
0.0006295775051137944
0.0005971387849639044
0.0005662575770808172
0.0005371378531959047
0.0005093909247508212
0.00048324756144903794
0.0004583101916461495
0.0004348366089670049
0.00041241811743206836
0.0003913399411233564
0.0003711800514362795
0.000352251682373689
0.0003341172800682164
0.000317118835460447
0.00030080107769872827
0.0002855356640166365
0.00027084740085944276
0.00025713868138296683
0.00024391215599499686
0.00023160218086908804
0.00021968697617485793
0.00020863424642929908
0.0001978954524940959
0.00018797319146832703
0.0001782897698631831
0.00016938438042625394
0.00016064770192995105
0.00015265738879764973
0.0001447699279748375
0.00013760346746953327
0.00013047763547256809
0.0001240532761707047
0.00011761037746029302
0.0001118548583992405
0.00010602415787675373
0.00010087183079600692
0.00009558971921406077
0.00009098176421833529
0.00008619101132339067
0.00008207473550411477
0.0000777238217731462
0.00007405203265408213
0.00007009455057758844
0.00006682499543471451
0.00006321911328548512
0.00006031397809430053
0.00005702195976081384
0.000054447420758991595
0.00005143519497832315
0.00004916101807188376
0.00004639779201907479
0.000044396974292648024
0.00004185488735061001
0.000040103336797232246
0.000037757148914392534
0.000036233397694951925
0.000034060210193717164
0.0000327451585991777
0.00003072416290726198
0.000029600850641282227
0.000027713102143041055
0.00002676650387420572
0.00002499471887118945
0.000024211561521190245
0.000022539933689685957
0.00002190853389936624
0.00002032256897893103
0.000019832687750592112
0.000018319054768114996
0.00001796176790887245
0.000016508163955238473
0.000016275747342860034
0.000014870775514828047
0.000014756602701682955
0.000013389661372025522
0.000013388112959719648
0.00001204929553211188
0.000012155678864150095
0.000010835681837691937
0.000011046160511618347
9.736200099848681e-6
0.000010047731506344771
8.739467466618495e-6
9.14974804192989e-6
7.835213590939657e-6
8.342631600680933e-6
7.014168515664158e-6
7.617762937263296e-6
6.267962548994554e-6
6.967387511991244e-6
5.589034907745533e-6
6.384529937033437e-6
4.970552773632631e-6
5.862917641136105e-6
4.406337616026385e-6
5.39691161864697e-6
3.890799538461322e-6
4.9814449648418935e-6
3.4188774082009423e-6
4.611966956510323e-6
2.985985363546629e-6
4.284393441704308e-6
2.5879649221945356e-6
3.99506155871593e-6
2.221041479336801e-6
3.7406897523224753e-6
1.8817846558658858e-6
3.518341394077316e-6
1.5670733069754314e-6
3.3253923246064236e-6
1.2740633588025145e-6
3.159501565169792e-6
1.0001592501422117e-6
3.0185851148171303e-6
7.429875117300651e-7
2.9007910328829873e-6
5.003612144766751e-7
2.804384527254281e-6
2.695141367375775e-7
2.7218070377734664e-6