-2.4336745820107306e-6
-9.768041113589423e-6
-0.00002210140358101986
-0.000039548647697109374
-0.00006233077209434767
-0.00009065951034281952
-0.00012484491150768133
-0.0001651736752161858
-0.0002120164768769988
-0.00026570529371055575
-0.00032663720683418916
-0.0003951544904412384
-0.0004716433337167298
-0.0005564194472927732
-0.0006498209653963476
-0.000752101714323947
-0.0008635180225528185
-0.000984231309147979
-0.001114388799182965
-0.0012540366315683244
-0.0014031946182299746
-0.00156178061150907
-0.0017296794983485283
-0.0019066791049820052
-0.0020925336108406157
-0.0022869108134341183
-0.002489450104632042
-0.0026997204881428986
-0.002917273203889088
-0.0031416095030177005
-0.0033722279521643966
-0.003608600644624939
-0.0038502151803361264
-0.004096557742457339
-0.004347149742520755
-0.004601536031130057
-0.004859316228731676
-0.00512013627443908
-0.005383714534661323
-0.0056498349264441335
-0.005918368007462604
-0.006189264034812766
-0.0064625693845548945
-0.006738418112621422
-0.007017044219711141
-0.007298770551506446
-0.00758401760120615
-0.007873288900868436
-0.00816717722271129
-0.008466345948583089
-0.008771533674766773
-0.009083531377654736
-0.009403186528040949
-0.00973137617408754
-0.01006901171497645
-0.010417008275953423
-0.010776291266620669
-0.011147762610696603
-0.01153231011567684
-0.011930771232036595
-0.012343946090071526
-0.012772559497692246
-0.013217278266466067
-0.013678672120521816
-0.01415723565422942
-0.014653348731417487
-0.015167303114817385
-0.015699262804792655
-0.01624929508187166
-0.01681733109003312
-0.017403200764271105
-0.018006593826824825
-0.018627097854084725
-0.01926415974299966
-0.019917126022257776
-0.02058520477340183
-0.021267507220199496
-0.021963010062826985
-0.02267059739123018
-0.02338902341557557
-0.024116953844706062
-0.02485292907407878
-0.02559540434651952
-0.026342713589958985
-0.027093107928054132
-0.02784472053977889
-0.028595603398811145
-0.029343693742780425
-0.03008684926842441
-0.03082281702484106
-0.03154926763774904
-0.0322637676382232
-0.032963813580805454
-0.033646808933606706
-0.03431009912882837
-0.03495095411323762
-0.0355666053647214
-0.036154234983585366
-0.03671101548102755
-0.03723410585565513
-0.03772069449876703
-0.03816800206059947
-0.03857332715850428
-0.03893405505527974
-0.03924770508449696
-0.03951194334589243
-0.03972463000273528
-0.039883833484513104
-0.039987875210053196
-0.04003534231908852
-0.04002512706887462
-0.03995643501212478
-0.03982881640148997
-0.03964216705629945
-0.039396749620755754
-0.03909318510652206
-0.03873246274053807
-0.03831592124607296
-0.037845247162599904
-0.03732244617791741
-0.036749831026977736
-0.03612998441442277
-0.03546573869929877
-0.03476013294930694
-0.03401638740746688
-0.03323785783127868
-0.032428008083377736
-0.031590365036254904
-0.030728492482561345
-0.02984594952656468
-0.028946268416772707
-0.028032918590191844
-0.02710929012235256
-0.02617866460536909
-0.025244204877587672
-0.024308932904277207
-0.023375725494294737
-0.022447298506032685
-0.021526207551688895
-0.020614837309495173
-0.01971540585544457
-0.018829957680217953
-0.017960370281033877
-0.017108349622065207
-0.016275437889283744
-0.01546301048931978
-0.014672284287791219
-0.013904315672855598
-0.013160009021042134
-0.012440115727155041
-0.011745242958326215
-0.01107585378428951
-0.010432276431868394
-0.009814705711102305
-0.009223212969483377
-0.00865774892618933
-0.008118154394250572
-0.007604164467280089
-0.007115419895754492
-0.006651472386622974
-0.006211796351312024
-0.005795794934150748
-0.005402811738945933
-0.0050321371286564725
-0.004683019502714372
-0.004354671413575159
-0.004046280003474742
-0.0037570125496973962
-0.0034860257573118537
-0.0032324704503803015
-0.002995499530994132
-0.0027742716528797447
-0.002567957773255172
-0.0023757437575913413
-0.002196835552228475
-0.002030460760928866
-0.0018758725432017741
-0.0017323502686540405
-0.0015992022957477953
-0.0014757658486283642
-0.0013614088556184547
-0.001255529208827365
-0.0011575558458765901
-0.0010669475506351433
-0.0009831934512815681
-0.0009058115067473222
-0.0008343485748114491
-0.0007683787084098912
-0.0007075029236668552
-0.0006513474071921554
-0.000599563089225566
-0.0005518238402573604
-0.0005078259310997909
-0.0004672862764019667
-0.00042994184279343116
-0.00039554797905158855
-0.00036387781606925576
-0.00033472070888157534
-0.000307881658167771
-0.0002831798779627064
-0.0002604482574833226
-0.00023953205980707862
-0.00022028843461725304
-0.00020258524700055057
-0.00018630064577209642
-0.00017132201736958874
-0.00015754561030034895
-0.00014487560646099005
-0.00013322379953336047
-0.0001225087745602881
-0.0001126556364530665
-0.00010359528799566924
-0.00009526420372442164
-0.00008760379646133343
-0.00008056023146318408
-0.0000740838719017714
-0.00006812912817841069
-0.00006265397333376706
-0.00005761982265245911
-0.00005299111068577458
-0.000048735196639009085
-0.00004482199545383275
-0.00004122390490625597
-0.000037915483967837694
-0.000034873398005416964
-0.000032076138389625025
-0.000029503982639871943
-0.000027138749954463704
-0.000024963773576333543
-0.000022963687565516793
-0.000021124409057430526
-0.000019432952186936262
-0.00001787741826693635
-0.000016446833296769662
-0.000015131144404475385
-0.00001392107784095847
-0.000012808140301800565
-0.000011784494718055095
-0.000010842965313168552
-9.976928860035636e-6
-9.180322530374833e-6
-8.447548601732019e-6
-7.773484330653277e-6
-7.153398362064889e-6
-6.582962004738605e-6
-6.058175832793361e-6
-5.575381862538565e-6
-5.131199039644547e-6
-4.722535916390289e-6
-4.3465338978482995e-6
-4.0005801018894625e-6
-3.6822573873735377e-6
-3.389357149722688e-6
-3.1198352875015637e-6
-2.871824741034463e-6
-2.643596666385251e-6
-2.4335725738034165e-6
-2.2402900729510773e-6
-2.0624145058447133e-6
-1.8987087129337303e-6
-1.7480440841878049e-6
-1.6093738692946313e-6
-1.4817435934281756e-6
-1.3642674974561759e-6
-1.256138285444311e-6
-1.1566063351909425e-6
-1.064988758502052e-6
-9.806510687045937e-7
-9.030155461066875e-7
-8.31545092933431e-7
-7.657509026762456e-7
-7.051782667527099e-7
-6.494135552288577e-7
-5.980717712191024e-7
-5.50802851874038e-7
-5.072807944628052e-7
-4.672092907808646e-7
-4.303122711506537e-7
-3.96338886559068e-7
-3.6505533938719967e-7
-3.3624922656717454e-7
-3.0972254394197185e-7
-2.852954036200408e-7
-2.6280011523764615e-7
-2.42084291093473e-7
-2.2300592121552987e-7
-2.0543587516636178e-7
-1.8925390328549613e-7
-1.7435054295210154e-7
-1.6062398963215714e-7
-1.4798141123972484e-7
-1.363366439003485e-7
-1.2561091497313053e-7
-1.1573132881576795e-7
-1.066309951454511e-7
-9.82482812820934e-8
-9.052633544824913e-8
-8.341309007661129e-8
-7.686017012962533e-8
-7.082363883889342e-8
-6.52622735802402e-8
-6.013905545245646e-8
-5.541879161001636e-8
-5.107035618175975e-8
-4.706363249299862e-8
-4.337252203769521e-8
-3.9971175261141244e-8
-3.6837790893553136e-8
-3.395009700163595e-8
-3.1289974661258514e-8
-2.8838142966156447e-8
-2.6579647118505578e-8
-2.4497697155769417e-8
-2.2580067789034473e-8
-2.0812030918017287e-8
-1.918372711987974e-8
-1.768212289275398e-8
-1.629942116280695e-8
-1.5023965613806268e-8
-1.3849770150904375e-8
-1.2766282239465618e-8
-1.1769118863629288e-8
-1.0848592904406395e-8
-1.0001754909454453e-8
-9.219574132903838e-9
-8.500398496299248e-9
-7.835669113906819e-9
-7.224922900890243e-9
-6.659908544903827e-9
-6.141269995695349e-9
-5.660913213216883e-9
-5.220529189028279e-9
-4.812044840215597e-9
-4.438157628385343e-9
-4.090688713777243e-9
-3.773319548929713e-9
-3.47764447677991e-9
-3.208324050937727e-9
-2.9566096977578638e-9
-2.728149743858562e-9
-2.513740273682014e-9
-2.320040943597528e-9
-2.1372793042096777e-9
-1.9731646364440744e-9
-1.817242123959763e-9
-1.6783212937536544e-9
-1.5451479393732077e-9
-1.4276964758987554e-9
-1.3137924274360966e-9
-1.2146530187470924e-9
-1.11705544046908e-9
-1.0335522266590485e-9
-9.497375808448602e-10
-8.796047978024343e-10
-8.074212245516647e-10
-7.487418150995106e-10
-6.863525033115084e-10
-6.37506584733078e-10
-5.833408919370289e-10
-5.429617090670439e-10
-4.956754009158419e-10
-4.6261226645182417e-10
-4.2105089703891234e-10
-3.943378171560648e-10
-3.5750805634674626e-10
-3.3633672780843306e-10
-3.0338082681529376e-10
-2.870792790079779e-10
-2.572521511970539e-10
-2.452643027820551e-10
-2.1791727726251637e-10
-2.0978835797316295e-10
-1.8435094187924776e-10
-1.7971317362455728e-10
-1.5568024161961432e-10
-1.5424232483590913e-10
-1.311619908026053e-10
-1.326989682589205e-10
-1.1016347300111688e-10
-1.1451049302275929e-10
-9.214595781388774e-11
-9.918991324588469e-11
-7.664848966900603e-11
-8.632477631221336e-11
-6.327919108999296e-11
-7.5566323955348e-11
-5.1701973366556566e-11
-6.661949643885167e-11
-4.162947360848519e-11
-5.923501675802048e-11
-3.2815311006747555e-11
-5.320314447706242e-11
-2.5047562359163025e-11
-4.834776121656269e-11
-1.8143977408620182e-11
-4.452178611199071e-11
-1.1946220348793774e-11
-4.16009371230062e-11
-6.3000624508721496e-12
-3.9348071497780416e-11
-2.5398546929399177e-6
-0.000010297193695787394
-0.00002329247728200901
-0.00004183133023375574
-0.00006607048676046872
-0.00009648460479939316
-0.00013336045920820907
-0.00017731648146897432
-0.00022875364823685663
-0.0002884020455412461
-0.00035674638591691135
-0.00043458442560624703
-0.0005224391492557264
-0.0006211185635168214
-0.0007311240891238132
-0.0008532044034544376
-0.0009877683981086502
-0.0011354282505152199
-0.0012964246438957863
-0.0014711563249524787
-0.0016596246983986047
-0.0018619487490324255
-0.002077835320368929
-0.0023070793561566333
-0.0025490649708963366
-0.0028032514387626222
-0.003068708500404049
-0.003344588415904394
-0.003629696891724909
-0.003922950938519423
-0.0042229845203889905
-0.00452859112606919
-0.004838360997034798
-0.005151106488934291
-0.005465525809780472
-0.005780608671517156
-0.006095320115413835
-0.006408983827951814
-0.006720979013937017
-0.0070310991718198655
-0.007339255144663396
-0.007645808093500477
-0.007951272736835024
-0.008256624593791603
-0.008562998834076414
-0.008871973374315648
-0.009185260461269378
-0.009504968652569277
-0.0098332859919903
-0.010172725066653706
-0.010525798183925069
-0.010895250408955982
-0.011283728367407622
-0.011694006352477217
-0.012128651191088517
-0.012590246182815392
-0.013081054897706987
-0.013603246964778291
-0.014158563799476031
-0.014748549242012722
-0.01537422016054321
-0.016036303811773317
-0.01673491615028591
-0.01746980669175194
-0.018240047268013437
-0.019044284218439643
-0.01988044030348395
-0.02074597327543265
-0.02163759368819363
-0.022551528296292537
-0.02348325652502118
-0.024427776677275286
-0.02537936379776796
-0.026331836293765384
-0.027278337806779837
-0.02821160157125052
-0.02912375871270243
-0.030006597520757773
-0.030851400392253894
-0.03164919525949516
-0.032390623282106346
-0.033066180021165646
-0.03366611601785997
-0.034180665947003495
-0.034599984375403445
-0.03491436194877075
-0.035114198733283246
-0.03519020722243904
-0.03513342542183078
-0.034935406716977285
-0.03458827386831593
-0.034084895129547724
-0.033418978211217344
-0.03258523015706234
-0.03157948692622584
-0.030398851362107453
-0.029041849486058445
-0.0275085367607082
-0.025800667061800182
-0.023921753121087866
-0.021877229447844312
-0.019674449481902237
-0.01732282075406566
-0.01483372020169429
-0.012220579887779214
-0.009498704297866383
-0.00668528895230145
-0.00379912998243426
-0.0008605662648672402
0.0021089179807268557
0.00508682496369623
0.00805013368235367
0.010975489064335006
0.01383975721446212
0.016620241835927866
0.019295264164388308
0.02184436627872426
0.024248868090366908
0.026492012701777996
0.02855945231932704
0.030439293942657115
0.03212247353733669
0.0336026713251009
0.03487654841373714
0.035943518389824756
0.036805840591662524
0.0374682555941033
0.03793795082252553
0.038224087866025665
0.03833767497150685
0.038291029811083635
0.03809760576186111
0.03777144155850474
0.03732699170677865
0.03677861287896352
0.03614044289038085
0.03542596339957622
0.034647958306413644
0.0338181759421802
0.03294737992037575
0.03204511544631682
0.03111984771497655
0.030178820327553913
0.029228262061229585
0.028273313855424892
0.027318276631404455
0.026366578473515544
0.025421034799057118
0.024483828949353262
0.023556760338543436
0.022641217959652852
0.021738399979429814
0.02084926819326138
0.019974731361790798
0.019115577021562524
0.018272618561502283
0.01744660729049486
0.016638348559079617
0.015848600807789198
0.01507816860991164
0.01432779663901497
0.01359824772930971
0.01289019893707247
0.012204311365056402
0.011541133600201234
0.010901167971872036
0.010284784413664847
0.0096922857078254
0.009123832805415689
0.00857950987857956
0.008059260638772029
0.007562952853349365
0.007090324298838251
0.006641045789080205
0.006214675018491867
0.005810716981253943
0.005428583955309465
0.005067652315806641
0.004727227134075172
0.004406594662854053
0.004104990348266163
0.0038216465826786555
0.003555763262674637
0.0033065506988499186
0.003073202146466041
0.0028549319951260547
0.0026509499285431878
0.0024604946804581158
0.0022828096421325097
0.0021171725686287635
0.0019628725557692085
0.001819236124997181
0.0016856055480423304
0.0015613617434910476
0.0014459039510301096
0.0013386698514968563
0.001239116595183505
0.0011467385207992386
0.0010610495328658587
0.0009815987519208413
0.0009079542215239916
0.000839716777364913
0.0007765050489056116
0.0007179677930038244
0.0006637701409153744
0.0006136046042521526
0.0005671785068539786
0.000524223837640393
0.0004844857990258561
0.0004477316530251172
0.00041374031300931915
0.000382310306108761
0.00035325033272122876
0.00032638644914544324
0.00030155351916136226
0.00027860170514429025
0.00025738873775458756
0.0002377857907792781
0.000219670498127179
0.00020293227707524338
0.0001874660255256078
0.00017317694988777007
0.00015997487971363534
0.00014777864933801884
0.00013651097168997027
0.00012610241697959628
0.0001164867920763984
0.00010760475444321769
0.00009939964808122237
0.0000918207869001625
0.00008481970235273308
0.00007835312705840397
0.00007237961330486572
0.00006686224448986588
0.00006176558772931379
0.00005705815791268247
0.00005270967127081923
0.00004869328431091277
0.00004498311851329011
0.00004155629444467741
0.00003839070052645945
0.000035466840942875274
0.00003276582399193044
0.000030271040671769997
0.000027966350672976357
0.000025837607058158543
0.000023871020056208575
0.00002205454188751902
0.000020376390508333335
0.000018826307411539962
0.000017394225236853182
0.000016071410322283078
0.0000148492596276146
0.000013720338649216289
0.00001267729486587981
0.000011713800563094052
0.000010823571070936736
0.000010001221409342247
9.241378867208543e-6
8.539461397964986e-6
7.89087506292908e-6
7.2917215778364355e-6
6.738072225498327e-6
6.226610908861608e-6
5.753977091598027e-6
5.317350438783051e-6
4.913855795999675e-6
4.541094839421281e-6
4.19660706128826e-6
3.878353493192344e-6
3.5842279077560472e-6
3.3124971960851938e-6
3.0613578875098302e-6
2.829337295993757e-6
2.614890638135646e-6
2.4167668369305257e-6
2.233642358128804e-6
2.064454693555493e-6
1.90806938370199e-6
1.7635844905540146e-6
1.6300271757858281e-6
1.506632154374296e-6
1.3925647698659913e-6
1.2871760868757785e-6
1.1897496227302915e-6
1.0997354181908318e-6
1.0165180126061025e-6
9.39631799185295e-7
8.685476475748033e-7
8.028717627913896e-7
7.421488370981905e-7
6.860462242377597e-7
6.341717196573287e-7
5.862448070366097e-7
5.419272222243992e-7
5.009828543309582e-7
4.6311949311225817e-7
4.28138898247215e-7
3.957882141215425e-7
3.659015342457605e-7
3.3825954398187085e-7
3.1272403506806374e-7
2.891042303159565e-7
2.672856033396248e-7
2.471016494381422e-7
2.2845826184737903e-7
2.1120950767720325e-7
1.9527878991740795e-7
1.8053758543808393e-7
1.6692445885832079e-7
1.5432553463217127e-7
1.4269256386240482e-7
1.3192396453549114e-7
1.2198293633743e-7
1.1277815349340175e-7
1.0428289942633235e-7
9.641428236754701e-8
8.915449512733743e-8
8.242756108254563e-8
7.622361283918197e-8
7.047217677322847e-8
6.517064052028362e-8
6.025274930104055e-8
5.572249879212049e-8
5.151680878588032e-8
4.76459171016633e-8
4.404877236180611e-8
4.0741566714003706e-8
3.766434990456428e-8
3.483908711513225e-8
3.220607670491368e-8
2.9792948278660735e-8
2.753945774029165e-8
2.5478822740999433e-8
2.354949193433176e-8
2.1790401431123227e-8
2.013789547007259e-8
1.863681281940704e-8
1.7220711224946854e-8
1.594048763696607e-8
1.4726165898508923e-8
1.3635077620242249e-8
1.2592947917625228e-8
1.1663900802813072e-8
1.0768604674368298e-8
9.978462571550629e-9
9.208326332487798e-9
8.537381331912097e-9
7.87377374020399e-9
7.305161364286195e-9
6.73220016555049e-9
6.251624256423193e-9
5.755630732563442e-9
5.350922810660017e-9
4.9201468966582284e-9
4.580865773148354e-9
4.2052261241397925e-9
3.922604547772274e-9
3.593391366426166e-9
3.359937194653173e-9
3.069665453729901e-9
2.879084706059776e-9
2.621275549258356e-9
2.468257110657673e-9
2.2372651311802694e-9
2.1173238439879945e-9
1.9082347302302303e-9
1.8176614833929612e-9
1.6262040185909575e-9
1.5618958761239677e-9
1.3843024329533325e-9
1.343797041238782e-9
1.1767022999398193e-9
1.1579471585143481e-9
9.98336473718215e-10
9.997316250022172e-10
8.449125127666695e-10
8.652565614630579e-10
7.127526033565664e-10
7.511592250845591e-10
5.986425683842969e-10
6.545978476504784e-10
4.999444150554308e-10
5.73100733406601e-10
4.142581105375994e-10
5.046737515570241e-10
3.3963534641058693e-10
4.4749558700881074e-10
2.74353260547093e-10
4.0012942188080486e-10
2.168982467706506e-10
3.6124755891655657e-10
1.6600226364165966e-10
3.2983593938585854e-10
1.2054541653911853e-10
3.0492544742291606e-10
7.952803114503107e-11
2.8580750226883555e-10
4.201655119997321e-11
2.7094001465134783e-10
0.00001215904041842807
0.00004808081133153533
0.00010702437600232701
0.00018749846193095011
0.0002875643288994384
0.0004046392670131321
0.0005357836894515876
0.00067746613780979
0.0008259012535454703
0.0009767947200480965
0.001125718634174907
0.0012678424965908788
0.0013983348221939917
0.0015120839683064385
0.0016041159827023996
0.0016693075326147473
0.0017028107419054962
0.0016997595075063504
0.0016556928396406882
0.0015662553108670735
0.0014276113331805683
0.0012361403060671412
0.0009888353777784207
0.000682993971487636
0.0003165958560021022
-0.00011200995264230742
-0.0006037516115593052
-0.0011591497459475628
-0.0017779907765161109
-0.002459642528336576
-0.0032027555697521823
-0.0040055768471894985
-0.004865678961945577
-0.0057802692368963795
-0.00674594585134764
-0.00775899955849519
-0.008815194778115012
-0.00991006111609595
-0.011038696875900825
-0.01219604757359776
-0.013376728860470156
-0.014575289365561971
-0.015786049717597322
-0.017003347276989846
-0.01822138780598635
-0.019434469979699987
-0.020636846293473055
-0.021822925684215094
-0.02298714050383326
-0.024124126162086496
-0.025228591456503073
-0.02629547488599468
-0.027319816323468867
-0.02829689055136673
-0.029222079185879882
-0.030090983032632614
-0.030899294280728646
-0.031642890416919686
-0.03231770792806499
-0.03291982165847379
-0.03344532247784376
-0.0338903870041445
-0.034251162774431076
-0.03452383405311981
-0.03470451884513238
-0.0347893369415545
-0.034774323513476424
-0.03465550551756485
-0.03442883651303863
-0.03409028700400878
-0.033635804485700645
-0.033061422222777886
-0.03236324734873238
-0.03153759098672719
-0.03058098551347324
-0.029490336848411913
-0.02826296977051228
-0.026896800656455916
-0.02539040702489381
-0.023743216016428273
-0.021955591169513965
-0.020029028560860137
-0.0179662502883985
-0.015771396582508854
-0.013450111815634772
-0.011009717368714932
-0.00845927264026295
-0.005809710550210915
-0.003073853644359161
-0.00026649259772664645
0.002595663046422443
0.00549398226925408
0.008408045509546989
0.011315733028892988
0.01419345426795701
0.017016334882998946
0.019758546103787532
0.02239358733731791
0.024894706832715188
0.02723526346446951
0.029389216009341832
0.03133153374189566
0.03303871804935039
0.034489219224400784
0.03566394358607129
0.03654662597191393
0.03712427052678973
0.037387427132378304
0.037330516412696337
0.03695196496037669
0.036254375493180675
0.03524449007913008
0.03393318380910585
0.032335245533400676
0.03046919541912652
0.028356895870221346
0.026023216322268446
0.02349550912136564
0.020803164876147362
0.017977005230595165
0.015048785495171593
0.012050565445656206
0.009014220480091777
0.0059708513385902644
0.002950360127775119
-0.00001904941602824043
-0.0029111877097826367
-0.0057022530446532065
-0.008371014131800048
-0.010899041983202446
-0.013270754040418747
-0.015473507762979902
-0.01749751897650114
-0.01933583651214429
-0.020984160406917793
-0.022440727030431006
-0.023706059559502942
-0.02478279678681343
-0.025675408985031255
-0.02639000178173956
-0.026934026439353966
-0.02731608451409929
-0.027545654666667037
-0.027632916346491915
-0.027588507502695196
-0.027423378058969893
-0.027148585857176433
-0.0267751844279444
-0.026314059037797474
-0.02577584874537121
-0.025170820757091355
-0.024508823956220074
-0.023799197673143303
-0.023050752426062207
-0.022271708249561897
-0.021469697843349782
-0.020651729347755703
-0.019824207077359147
-0.018992913765450543
-0.018163044314109297
-0.01733920286163377
-0.01652544537809514
-0.015725287356987347
-0.014941751571341887
-0.014177382715902378
-0.01343429719258914
-0.012714201613818699
-0.012018442082699105
-0.011348024085444754
-0.010703659343289857
-0.010085785236303694
-0.009494607893347684
-0.008930119864825194
-0.008392138648422207
-0.007880321832941448
-0.007394200706113828
-0.006933192504818734
-0.006496629102388227
-0.006083766315558935
-0.005693807921953729
-0.005325912193590609
-0.004979211658574976
-0.004652817167871153
-0.004345833903320677
-0.004057363353648855
-0.003786516100623616
-0.003532412099501526
-0.003294190763048124
-0.0030710099262724173
-0.0028620537096529933
-0.002666530511409478
-0.0024836790772917784
-0.002312765816202607
-0.002153089444842552
-0.0020039778714985622
-0.0018647917243302405
-0.001734920998672985
-0.0016137877226086786
-0.0015008425187674832
-0.0013955666107852995
-0.0012974684124411274
-0.0012060850359241352
-0.0011209789890929728
-0.001041739310933791
-0.0009679784313794309
-0.000899333030689885
-0.0008354610960396954
-0.0007760425781453567
-0.0007207766628676306
-0.0006693822803095319
-0.0006215955985371008
-0.0005771704256577125
-0.0005358759246292468
-0.0004974969379522116
-0.0004618319164432077
-0.00042869318863938933
-0.0003979050924148571
-0.00036930420418132646
-0.00034273766081394444
-0.0003180633597739739
-0.0002951484563542705
-0.0002738695426476933
-0.0002541113057542351
-0.00023576669033843292
-0.00021873570372883
-0.0002029255655097784
-0.00018824964506606193
-0.00017462760133999435
-0.00016198443915727034
-0.00015025064068215785
-0.00013936132858338615
-0.00012925638977018174
-0.0001198797340156163
-0.00011117941126465349
-0.00010310695480606058
-0.00009561749255137358
-0.00008866916551610531
-0.00008222323367668415
-0.00007624356070439274
-0.00007069671465314341
-0.0000655515118660753
-0.00006077911230632042
-0.0000563526157851915
-0.00005224715232097611
-0.0000484395240661668
-0.00004490829146769597
-0.00004163345550295169
-0.00003859653922658623
-0.00003578030600169264
-0.00003316883641419536
-0.000030747278273494534
-0.000028501919249106475
-0.00002641996455868318
-0.000024489605662354334
-0.000022699822594117738
-0.00002104044857622297
-0.000019501993926593774
-0.00001807570730636402
-0.00001675341815556579
-0.00001552759497453185
-0.000014391204111342396
-0.000013337765343147925
-0.000012361224327028096
-0.00001145600642959923
-0.000010616900958413138
-9.839113282990527e-6
-9.118159213548639e-6
-8.449915729958362e-6
-7.830524219704954e-6
-7.256439993215773e-6
-6.724342796575625e-6
-6.2311857649448205e-6
-5.774112178428754e-6
-5.35050347938658e-6
-4.957901725467669e-6
-4.594057267734279e-6
-4.256855005340174e-6
-3.944362868186631e-6
-3.654760500968624e-6
-3.3863892574033043e-6
-3.137682144555122e-6
-2.907215841722014e-6
-2.693641115963749e-6
-2.4957371445172243e-6
-2.3123417585610072e-6
-2.1424085075905976e-6
-1.984936103735318e-6
-1.8390280918377412e-6
-1.7038210528182654e-6
-1.5785478068074657e-6
-1.4624634380332443e-6
-1.3549119250880718e-6
-1.2552500721380272e-6
-1.162917725285162e-6
-1.077358690082702e-6
-9.980955736854016e-7
-9.246466105771645e-7
-8.566058187842051e-7
-7.935551900942662e-7
-7.351504170099645e-7
-6.810278822333839e-7
-6.308967731477977e-7
-5.844395446563327e-7
-5.414119599329525e-7
-5.015355608928779e-7
-4.646065500267195e-7
-4.3037955445792734e-7
-3.986862669802638e-7
-3.693088849909695e-7
-3.421102819426715e-7
-3.168957733373682e-7
-2.935557427043333e-7
-2.7191440594253315e-7
-2.518865405087207e-7
-2.333120367544589e-7
-2.161274142227827e-7
-2.001850429247846e-7
-1.8544094340830922e-7
-1.7175749071428062e-7
-1.591083894310645e-7
-1.4736341117033272e-7
-1.3651262713754367e-7
-1.2643098381795274e-7
-1.1712382655859589e-7
-1.0846940163296648e-7
-1.0048734481147847e-7
-9.305735847543282e-8
-8.621281253274232e-8
-7.983315358218741e-8
-7.396525198408526e-8
-6.848646857235925e-8
-6.34571604780288e-8
-5.8750949504733726e-8
-5.4441699217769264e-8
-5.039783849971707e-8
-4.670705586850823e-8
-4.323094148841557e-8
-4.007145927956392e-8
-3.708179783111172e-8
-3.437892638441562e-8
-3.180591737238653e-8
-2.9495569004116696e-8
-2.72793212734329e-8
-2.530657827798346e-8
-2.339560953849951e-8
-2.1713427118487645e-8
-2.006341628136622e-8
-1.8631447548086724e-8
-1.7204329458161976e-8
-1.5988090094899073e-8
-1.4751024764418137e-8
-1.372109913377059e-8
-1.264583498008886e-8
-1.1776978792682463e-8
-1.0839227681004806e-8
-1.0109973745911493e-8
-9.28870030603463e-9
-8.680815000836201e-9
-7.957807439913477e-9
-7.455840403152185e-9
-6.815354249251975e-9
-6.406060260636978e-9
-5.834369606915922e-9
-5.506692239982252e-9
-4.991891190462346e-9
-4.736389635177638e-9
-4.26787301310837e-9
-4.0767907041917354e-9
-3.6455441665932446e-9
-3.5124669003807345e-9
-3.1102490228968228e-9
-3.029943657187015e-9
-2.6495307870120355e-9
-2.617738304990015e-9
-2.2526586995179137e-9
-2.266075470346737e-9
-1.9103471207718452e-9
-1.9663724243476507e-9
-1.6145692279775711e-9
-1.7115808311038895e-9
-1.3585993192440975e-9
-1.495328206456336e-9
-1.1365535097234858e-9
-1.312585435059196e-9
-9.433596327081254e-10
-1.1588037547268218e-9
-7.747048029040903e-10
-1.030101429789682e-9
-6.266828612905445e-10
-9.230892604538052e-10
-4.960906456586734e-10
-8.351676002486855e-10
-3.8007434993612517e-10
-7.639074053817722e-10
-2.762386833248582e-10
-7.074884679238961e-10
-1.82438760178898e-10
-6.639865693910993e-10
-9.644173603108653e-11
-6.301234013502133e-10