0.4306290935828187
0.4306018011700405
0.43055631859564614
0.43049271710623016
0.43041105606414704
0.4303114287729393
0.43019393524963473
0.43005870019724757
0.4299058577271234
0.4297355614278783
0.42954797375287146
0.42934327232573355
0.429121641676192
0.4288832773639692
0.4286283790967975
0.42835715345553177
0.4280698079378034
0.42776655274386804
0.4274475955218422
0.42711314252117605
0.4267633939348384
0.426398544646216
0.4260187801288593
0.4256242769640472
0.4252151992941585
0.4247916992545539
0.42435391399354455
0.423901966135053
0.42343596138236766
0.42295598910295035
0.4224621205281604
0.4219544095266609
0.4214328914006278
0.4208975838888907
0.42034848654399265
0.4197855819808685
0.41920883580054463
0.4186181980756701
0.4180136037676287
0.417394974417742
0.4167622189868739
0.4161152357018083
0.4154539132315772
0.41477813262335095
0.4140877687188596
0.4133826921038155
0.4126627706616427
0.41192787145531107
0.4111778623144101
0.4104126135682832
0.4096319995662104
0.40883590018555205
0.40802420219305097
0.4071968004608065
0.40635359908889884
0.4054945122747591
0.40461946513283015
0.4037283941785803
0.4028212477990634
0.4018979863308006
0.4009585821552462
0.40000301936938076
0.3990312935016085
0.3980434107945363
0.39703938755907636
0.3960192491098692
0.3949830287976059
0.39393076665811744
0.3928625081843271
0.3917783027692367
0.390678202298443
0.38956225948401046
0.38843052637494
0.38728305269196306
0.3861198843654171
0.38494106198901407
0.3837466195009162
0.38253658287624515
0.38131096906661005
0.3800697850455273
0.37881302711339365
0.3775406803965464
0.37625271860843595
0.37494910408186105
0.37362978805334296
0.37229471127997327
0.37094380488396067
0.36957699157217233
0.3681941870434767
0.36679530179273157
0.36538024304742334
0.36394891710125804
0.3625012317114897
0.36103709887322216
0.35955643757744654
0.35805917690822786
0.3565452590361385
0.3550146424986829
0.35346730528618725
0.3519032481523279
0.35032249764045553
0.3487251092663925
0.34711117033264965
0.3454808028294124
0.34383416589157384
0.3421714582751643
0.3404929203265127
0.33879883590912513
0.3370895337743918
0.33536538883681877
0.333626822860306
0.3318743050065253
0.3301083517788204
0.32832952679835964
0.3265384399781775
0.3247357465135629
0.32292214529073826
0.3210983771107765
0.31926522236986027
0.3174234985687175
0.3155740573330852
0.31371778129186273
0.3118555805358872
0.30998838897619857
0.30811716036494313
0.3062428642687613
0.3043664817960464
0.3024890013380423
0.3006114141605069
0.29873471007550195
0.29685987306177536
0.2949878770327081
0.29311968164792235
0.2912562283371041
0.2893984364553501
0.28754719970870307
0.28570338278786206
0.2838678183197035
0.28204130408885375
0.28022460061112264
0.27841842902118186
0.27662346933008125
0.2748403590215598
0.2730696920186348
0.27131201799317056
0.2695678420284911
0.2678376246095765
0.2661217819327448
0.2644206865103018
0.26273466804764706
0.2610640145692563
0.259408973760695
0.25776975450469064
0.2561465285721842
0.25453943244905175
0.2529485692569729
0.2513740107529061
0.24981579936640402
0.24827395026386465
0.2467484534021236
0.24523927556556885
0.24374636235391217
0.24226964011985516
0.24080901782925263
0.23936438884761455
0.237935632631086
0.23652261632956367
0.23512519628521864
0.23374321943694476
0.23237652461842506
0.23102494376221022
0.22968830300108733
0.22836642368010263
0.22705912327326908
0.22576621621851448
0.2244875146669242
0.22322282915942107
0.22197196922834284
0.22073474393623302
0.21951096235022852
0.2183004339632729
0.21710296906111076
0.21591837904508135
0.21474647670999017
0.21358707648583325
0.2124399946428291
0.21130504946732362
0.21018206140810075
0.20907085319954508
0.20797124996121635
0.20688307927926616
0.20580617126926334
0.20474035862496576
0.20368547665259867
0.20264136329440657
0.2016078591410376
0.20058480743586424
0.19957205407080994
0.1985694475762191
0.19757683910436388
0.1965940824086502
0.19562103381813808
0.1946575522090521
0.1937034989729248
0.19275873798272006
0.19182313555661848
0.1908965604205395
0.1899788836691218
0.18906997872601028
0.1881697213032128
0.18727798936019477
0.1863946630625028
0.18551962474044498
0.18465275884765278
0.1837939519199252
0.18294309253421762
0.18210007126807587
0.1812647806594067
0.18043711516680572
0.1796169711303592
0.17880424673307824
0.17799884196290292
0.1772006585753826
0.17640960005699266
0.17562557158915035
0.17484848001290648
0.17407823379434537
0.1733147429906805
0.17255791921705577
0.17180767561405172
0.1710639268158812
0.17032658891929206
0.16959557945313836
0.16887081734864984
0.16815222291034793
0.16743971778764333
0.16673322494705828
0.1660326686451091
0.16533797440178705
0.1646490689746805
0.16396588033366583
0.16328833763621814
0.1626163712032629
0.1619499124956237
0.1612888940909846
0.16063324966142328
0.15998291395143382
0.15933782275649513
0.15869791290210453
0.1580631222233312
0.15743338954481328
0.1568086546612484
0.15618885831830662
0.15557394219401335
0.15496384888053139
0.15435852186639323
0.15375790551910895
0.15316194506820394
0.15257058658861317
0.1519837769844838
0.15140146397331503
0.150823596070488
0.1502501225741146
0.1496809935502564
0.1491161598184476
0.14855557293756924
0.14799918519201077
0.1474469495781675
0.14689881979120958
0.14635475021216984
0.14581469589529114
0.14527861255567479
0.14474645655717705
0.14421818490059146
0.1436937552120655
0.1431731257317917
0.14265625530291887
0.14214310336072591
0.1416336299220048
0.14112779557469207
0.1406255614677007
0.14012688930098785
0.13963174131581332
0.1391400802852225
0.1386518695047102
0.13816707278309934
0.13768565443359107
0.1372075792650195
0.13673281257327025
0.1362613201328928
0.13579306818886977
0.13532802344857126
0.13486615307385721
0.1344074246733574
0.13395180629489237
0.13349926641806312
0.1330497739469756
0.13260329820312597
0.13215980891841514
0.13171927622831534
0.1312816706651609
0.13084696315158428
0.13041512499406974
0.1299861278766469
0.1295599438546952
0.1291365453488831
0.12871590513921258
0.1282979963591924
0.12788279249011197
0.12747026735543834
0.1270603951153091
0.12665315026114338
0.12624850761034376
0.12584644230111153
0.12544692978734934
0.12504994583367116
0.12465546651049673
0.12426346818924797
0.12387392753762681
0.12348682151499028
0.12310212736780331
0.12271982262518459
0.12233988509452766
0.12196229285720989
0.1215870242643743
0.12121405793279506
0.12084337274081268
0.12047494782435052
0.12010876257299621
0.11974479662616193
0.11938302986930747
0.11902344243023756
0.11866601467546051
0.11831072720661735
0.11795756085696958
0.11760649668795553
0.11725751598580209
0.11691060025820198
0.11656573123104487
0.11622289084521116
0.11588206125341687
0.11554322481711957
0.11520636410347257
0.11487146188233802
0.11453850112334643
0.11420746499301242
0.11387833685189498
0.11355110025181256
0.11322573893309995
0.112902236821918
0.11258057802760385
0.1122607468400716
0.11194272772725201
0.11162650533258067
0.1113120644725237
0.11099939013414968
0.11068846747273856
0.1103792818094335
0.11007181862892994
0.10976606357720511
0.10946200245928281
0.10915962123703808
0.10885890602703535
0.10855984309840515
0.10826241887075215
0.10796661991210181
0.10767243293687598
0.10737984480390612
0.10708884251447434
0.10679941321039012
0.10651154417209516
0.10622522281680126
0.10594043669665566
0.10565717349693815
0.10537542103428522
0.10509516725494394
0.10481640023305203
0.10453910816894776
0.10426327938750313
0.10398890233648694
0.10371596558495079
0.10344445782164224
0.10317436785344213
0.10290568460382618
0.1026383971113507
0.10237249452816272
0.10210796611853085
0.10184480125740218
0.10158298942897831
0.10132252022531549
0.10106338334494487
0.10080556859151484
0.10054906587245317
0.10029386519765073
0.10003995667816347
0.09978733052493632
0.09953597704754373
0.09928588665295222
0.09903704984429826
0.09878945721968771
-0.45238812557101593
-0.45226796977754163
-0.4520675516236727
-0.45178708571404214
-0.4514265910603117
-0.4509862175544827
-0.4504660573196428
-0.44986627690530173
-0.4491870149545586
-0.4484284599852487
-0.44759078322969664
-0.44667419089271687
-0.4456788757341082
-0.44460505462099453
-0.4434529317289067
-0.44222272644722943
-0.4409146444748407
-0.4395288987213049
-0.4380656860592299
-0.43652520269182715
-0.43490762507455116
-0.43321312062377043
-0.43144183177674494
-0.42959388263491793
-0.42766936546724454
-0.4256683437908463
-0.42359084090380333
-0.42143683992175757
-0.4192062741643319
-0.4168990247245218
-0.4145149127140661
-0.41205369499010924
-0.40951505836979335
-0.40689861413960177
-0.40420389436673526
-0.40143034574951786
-0.3985773280883427
-0.39564410790701904
-0.39262985901502834
-0.3895336561609262
-0.3863544774553984
-0.38309119814138304
-0.37974259449419556
-0.3763073376426707
-0.37278399845609994
-0.3691710412609636
-0.3654668291884908
-0.3616696176225785
-0.3577775595349756
-0.35378869857598566
-0.34970097406527906
-0.3455122137929883
-0.34122013854931216
-0.3368223549220799
-0.3323163595157144
-0.3276995322837752
-0.3229691408805309
-0.3181223353252917
-0.31315615321437484
-0.3080675167492498
-0.30285323978022777
-0.2975100284125828
-0.29203449103285756
-0.286423143805368
-0.2806724249193927
-0.2747787062871624
-0.26873831322300057
-0.26254754353008514
-0.25620269366753
-0.24970008615473577
-0.24303610298343808
-0.2362072218656565
-0.22921005720131665
-0.22204140514497114
-0.21469829184492495
-0.20717802661266982
-0.19947825642001363
-0.1915970256473582
-0.18353283499327472
-0.17528470539431998
-0.16685223862539916
-0.15823568209668626
-0.1494359875834873
-0.1404548728144015
-0.13129487407609017
-0.12195939992673685
-0.11245277299916598
-0.10278027093006006
-0.09294815265471086
-0.08296368184634215
-0.072835133448967
-0.06257179564593852
-0.05218395335941239
-0.04168286601972475
-0.031080726246346824
-0.020390612406643336
-0.009626422578183103
0.0011971970737725108
0.012064940843819304
0.022960936103163538
0.03386885004274205
0.04477199806667595
0.05565346256333658
0.06649621020158326
0.07728321519896943
0.08799757758153431
0.0986226427304601
0.10914211234904926
0.11954015217688806
0.1298014879130876
0.1399114939218426
0.1498562676816183
0.15962269401612786
0.16919849368133907
0.17857226000937051
0.18773347983952643
0.1966725422538196
0.20538073296363302
0.21385021776880242
0.22207401442003438
0.23004595621169754
0.23776064788677437
0.24521341699144533
0.2524002621818037
0.2593178012406812
0.2659632208165837
0.2723342300091149
0.27842901987103763
0.2842462300474775
0.2897849242572364
0.29504457471530554
0.30002505651689837
0.3047266508721321
0.30915005737869444
0.31329641310847
0.3171673179250293
0.32076486298782875
0.324091661352985
0.3271508772611018
0.32994625290862595
0.33248212945572303
0.3347634613796397
0.3367958215709106
0.3385853969398232
0.34013897290509854
0.3414639073660472
0.3425680936215319
0.34345991363617306
0.3441481821059782
0.34464208330525214
0.34495110187982964
0.3450849498219857
0.34505349114652717
0.34486666640366037
0.34453441855692174
0.3440666219704822
0.34347301577482076
0.34276314278696646
0.3419462948448573
0.34103146511150445
0.3400273077657733
0.33894210506938444
0.3377837418411296
0.3365596868854185
0.3352769811290123
0.333942231722612
0.3325616117061694
0.3311408643516842
0.32968531173670224
0.32819986663950723
0.32668904734444376
0.3251569945112289
0.3236074897800241
0.3220439753783032
0.32046957450631763
0.31888711189845403
0.31729913444223334
0.31570793138291553
0.3141155540865528
0.31252383500731445
0.31093440590294863
0.30934871504219136
0.30776804349885467
0.3061935203533645
0.3046261369277993
0.303066759933963
0.3015161436749648
0.29997494122316803
0.29844371471737946
0.29692294473238917
0.29541303885794484
0.29391433946094403
0.2924271307567137
0.29095164517686906
0.2894880691457821
0.28803654826175196
0.2865971919799813
0.28517007779894776
0.28375525503243504
0.2823527481721458
0.2809625599087579
0.2795846738192169
0.27821905677469116
0.2768656610781879
0.27552442637546487
0.2741952813487912
0.27287814522692694
0.2715729291223256
0.2702795372196877
0.2689978678278214
0.26772781431142545
0.26646926591560305
0.2652221084933916
0.26398622514935693
0.26276149680531574
0.26154780270047656
0.260345020828924
0.2591530283264904
0.25797170180703083
0.2568009176598295
0.25564055230587
0.25449048242512207
0.2533505851498546
0.2522207382365415
0.2511008202098195
0.24999071049119886
0.24889028950413833
0.24779943876866317
0.24671804097656302
0.24564598005920785
0.24458314123911662
0.24352941107724063
0.24248467750616726
0.24144882986127628
0.24042175889980236
0.23940335681950864
0.23839351726687805
0.23739213534629044
0.23639910761965371
0.23541433210829874
0.2344377082865627
0.23346913707767536
0.2325085208429216
0.2315557633732981
0.23061076987492024
0.22967344695797187
0.22874370261927865
0.2278214462291432
0.2269065885121184
0.2259990415322482
0.2250987186726952
0.22420553461985882
0.22331940534235356
0.2224402480742636
0.22156798129406952
0.22070252470732943
0.21984379922553138
0.21899172694868488
0.21814623114425918
0.2173072362298711
0.21647466775244742
0.2156484523710991
0.2148285178366825
0.21401479297506715
0.2132072076669848
0.2124056928317642
0.21161018040772334
0.21082060333623373
0.21003689554280955
0.20925899192147854
0.20848682831660242
0.20772034150764923
0.2069594691916228
0.20620414996840222
0.2054543233236089
0.20470992961460258
0.2039709100539666
0.20323720669587306
0.20250876242021718
0.20178552091957738
0.2010674266837449
0.2003544249873141
0.19964646187485777
0.19894348414876498
0.19824543935504896
0.197552275771775
0.19686394239535807
0.19618038892928916
0.19550156577113464
0.1948274240016396
0.1941579153721478
0.19349299229427688
0.19283260782769984
0.1921767156702828
0.19152527014626253
0.19087822619688025
0.1902355393689835
0.18959716580594085
0.18896306223668077
0.18833318596707754
0.1877074948694346
0.1870859473739218
0.18646850245883587
0.1858551196420503
0.18524575897180193
0.18464038101859515
0.18403894686598687
0.18344141810313147
0.182847756815762
0.18225792557899043
0.18167188744876017
0.18108960595483875
0.18051104509254245
0.17993616931602002
0.17936494353045607
0.1787973330853198
0.17823330376700455
0.1776728217924652
0.17711585380180164
0.17656236685244373
0.17601232841188336
0.17546570635196612
0.17492246894209187
0.17438258484360408
0.17384602310325678
0.17331275314778277
0.1727827447776216
0.17225596816171754
0.17173239383143413
0.1712119926755024
0.1706947359342288
0.1701805951946084
0.16966954238467796
0.1691615497688745
0.16865658994258273
0.16815463582758639
0.16765566066689186
0.16715963802036463
0.16666654175954415
0.16617634606364692
0.1656890254145022
0.16520455459261182
0.16472290867237355
0.16424406301818928
0.1637679932799358
0.16329467538911485
0.1628240855545411
0.16235620025860115
0.16189099625311348
0.16142845055572794
0.16096854044578343
0.16051124346104556
0.16005653739361167
0.15960440028666645
0.15915481043061552
0.15870774635998655
0.15826318684967786
0.15782111091178
0.15738149779221053
0.15694432696754915
0.1565095781416842
0.15607723124285952
0.15564726642043675
0.15521966404195287
0.1547944046900107
0.1543714691595844
0.15395083845477092
0.1535324937863135
0.15311641656849345
0.1527025884166606
0.152290991144245
0.15188160676032675
0.15147441746686088
0.1510694056561746
0.15066655390841963
0.15026584498906484
0.14986726184641014
0.1494707876092379
0.1490764055843201
0.14868409925428358
0.14829385227497455
0.14790564847355456
0.14751947184599778
0.14713530655502524
0.14675313692784744
0.14637294745418322
0.1459947227839482
0.14561844772543953
0.14524410724301043
0.14487168645537027
0.14450117063335544
0.14413254519817972
0.14376579571940792
0.14340090791309087
0.143037867639955
0.14267666090353445
0.14231727384840484
0.1419596927583619
0.1416039040547208
0.14124989429459603
0.4566316651239187
0.45639190581373307
0.45599176446457657
0.45542936363894027
0.45470276746071375
0.4538091609876249
0.45274536406387567
0.45150744226629075
0.4500910350637256
0.448491073113919
0.44670203450919344
0.4447177005134866
0.44253137434204065
0.4401356500389306
0.4375226081162763
0.43468358711695515
0.4316093645352561
0.42828992814179806
0.4247146493398913
0.42087205611414447
0.4167500062425936
0.4123354669396222
0.4076146957964819
0.4025730340532186
0.39719510310747586
0.3914646189442304
0.3853646112278535
0.3788772658176302
0.37198417180945564
0.3646661975116043
0.3569037684923953
0.3486767801842052
0.33996490733681506
0.33074755393140776
0.3210041917954738
0.31071434609168364
0.2998579585224779
0.28841540463074095
0.27636787523189354
0.26369742026692244
0.25038734096447995
0.23642225409033887
0.22178848681468563
0.2064741548324401
0.19046955188627354
0.17376723523463847
0.15636240206431168
0.1382529759848172
0.11943996295587772
0.09992753267602837
0.07972334700396004
0.05883863014571029
0.03728846271220807
0.015091834426807326
-0.007728103113409103
-0.031144007890311447
-0.055124143212701586
-0.07963238059570063
-0.10462805160544578
-0.130065990025001
-0.1558964477392949
-0.18206518450030618
-0.20851345588941964
-0.23517815913119705
-0.26199190084491075
-0.28888320695494546
-0.31577667703655254
-0.3425932652602225
-0.36925052650525025
-0.395662973377604
-0.421742416762368
-0.44739840117345697
-0.47253863904153215
-0.49706952293910284
-0.5208966486562107
-0.5439253982540273
-0.5660615418985783
-0.5872118803708911
-0.6072849099394256
-0.6261915070746931
-0.643845634634943
-0.6601650455491102
-0.6750720027129232
-0.6884939728158265
-0.7003643272500777
-0.7106229927625979
-0.7192170970586178
-0.7261015403116727
-0.7312395477566825
-0.734603125990246
-0.7361734863164581
-0.7359413527207719
-0.7339072244249027
-0.7300815086084248
-0.7244845984994318
-0.7171468130919075
-0.7081082776387799
-0.6974186640478537
-0.685136872923056
-0.6713305808762583
-0.6560757360097346
-0.639455930717705
-0.6215617343652512
-0.6024899209568727
-0.5823426725051568
-0.5612266991899654
-0.5392523537412084
-0.5165326868386704
-0.49318251648344363
-0.4693174634226839
-0.4450530201942284
-0.42050361075943327
-0.39578170231197213
-0.3709969307314169
-0.3462552950049571
-0.32165838616775533
-0.29730269972448226
-0.2732790006639688
-0.24967178362741854
-0.22655880021960628
-0.20401068951893467
-0.18209068583638163
-0.16085443311661093
-0.14034988118883288
-0.12061728654352907
-0.10168929317277031
-0.08359110960830461
-0.06634075753955498
-0.049949402170896585
-0.03442173950552872
-0.019756445818408862
-0.0059466647760379075
0.0070194659633049696
0.019158272044046732
0.030489983517565274
0.04103818092366454
0.05082924637974391
0.059891837731030254
0.06825638460610613
0.07595462077198958
0.08301914970866704
0.08948305404042757
0.09537954367316072
0.10074164989906784
0.10560195856670253
0.10999238692378645
0.1139439960945326
0.11748684197752293
0.12064985611494451
0.1234607582854931
0.1259459925690224
0.1281306882176771
0.13003863773074834
0.13169229342734462
0.1331127757864273
0.1343198950042178
0.1353321799666024
0.13616691626722385
0.13684018835613626
0.13736692756222044
0.13776096187301792
0.13803506923293185
0.13820103091953698
0.1382696867179974
0.13825098901097835
0.1381540574059882
0.13798723149524247
0.13775812324070186
0.1374736669832342
0.1371401684356768
0.13676335099540468
0.13634840061876882
0.1359000078735314
0.13542240829598037
0.13491941991993206
0.13439447898853257
0.13385067293320613
0.13329077151622
0.13271725540888799
0.13213234299571164
0.13153801483257765
0.13093603644270363
0.1303279790119547
0.1297152385758945
0.12909905335004979
0.12848051972693172
0.12786060665997034
0.12724016888424955
0.12661995876312593
0.12600063713042212
0.12538278297499358
0.12476690227978846
0.12415343588311144
0.12354276664261292
0.12293522578614687
0.12233109868195213
0.12173062994445363
0.12113402806556052
0.12054146949851956
0.11995310235750137
0.11936904967553288
0.11878941234771467
0.11821427172076132
0.11764369192716663
0.11707772193753943
0.11651639740708068
0.1159597422953489
0.11540777032449161
0.11486048625493754
0.11431788703266649
0.11377996279222256
0.1132466977565573
0.11271807102459828
0.11219405727502241
0.11167462738135855
0.11115974896451236
0.11064938687002335
0.11014350359740321
0.10964205967503786
0.10914501399174532
0.1086523240856478
0.1081639464041551
0.10767983652444946
0.10719994935317834
0.10672423929938515
0.10625266042607925
0.10578516657932256
0.10532171150803302
0.10486224896084273
0.10440673277398639
0.1039551169476842
0.10350735571012862
0.10306340357384824
0.10262321538393326
0.10218674635861436
0.10175395212384236
0.10132478874262357
0.10089921274016188
0.1004771811230865
0.10005865139628753
0.0996435815756666
0.09923193019833795
0.09882365633209561
0.09841871957847104
0.09801708007825677
0.09761869851328604
0.09722353610630804
0.09683155462094468
0.09644271635913125
0.09605698415918298
0.09567432139294582
0.09529469195981978
0.09491806028335856
0.09454439130506115
0.09417365047967988
0.09380580376890649
0.09344081763378712
0.09307865903055534
0.09271929540083122
0.09236269466789554
0.09200882522878434
0.09165765594392002
0.09130915613582444
0.09096329557716805
0.09062004448557699
0.09027937351671671
0.08994125375681154
0.08960565671456844
0.08927255431669474
0.0889419188978765
0.08861372319622267
0.08828794034591295
0.0879645438693439
0.08764350767226747
0.08732480603600436
0.08700841361137554
0.0866943054125554
0.0863824568108228
0.08607284352812777
0.0857654416310288
0.08546022752586867
0.08515717795083963
0.08485626997240103
0.0845574809785008
0.08426078867311326
0.08396617107152095
0.08367360649403457
0.08338307356219826
0.08309455119101321
0.0828080185877731
0.08252345524271572
0.08224084092922886
0.08196015569397666
0.08168137985594592
0.08140449400117389
0.08112947897545096
0.08085631588541996
0.08058498608846372
0.08031547119216163
0.08004775304950168
0.07978181375357546
0.07951763563538855
0.07925520125835443
0.07899449341543228
0.07873549512571186
0.07847818962891426
0.07822256038421699
0.07796859106522035
0.07771626555630154
0.07746556795020731
0.0772164825442655
0.0769689938370576
0.0767230865246685
0.07647874549870838
0.07623595584221733
0.07599470282792811
0.07575497191311777
0.07551674873865645
0.075280019125057
0.0750447690709433
0.07481098474816764
0.07457865250130213
0.07434775884327104
0.07411829045433753
0.07389023417809883
0.0736635770196
0.07343830614332908
0.07321440886956834
0.07299187267332252
0.07277068518079584
0.07255083416843282
0.0723323075596527
0.07211509342332646
0.07189917996957478
0.07168455555184425
0.0714712086600164
0.07125912792189833
0.07104830209943562
0.07083872008684003
0.07063037090995716
0.07042324372207112
0.07021732780413201
0.07001261256240329
0.06980908752555985
0.06960674234398383
0.06940556678764734
0.06920555074466105
0.06900668421919469
0.06880895732997405
0.06861236030842803
0.06841688349841182
0.06822251735174739
0.06802925242974134
0.0678370793997682
0.06764598903512616
0.06745597221146134
0.06726701990832169
0.06707912320452586
0.06689227327860978
0.06670646140815498
0.06652167896650421
0.06633791742223279
0.06615516833831507
0.06597342336982402
0.0657926742644615
0.06561291285919989
0.06543413108019323
0.0652563209411615
0.06507947454284436
0.06490358407070712
0.06472864179574019
0.06455464007012708
0.06438157133004072
0.06420942809102131
0.06403820294924775
0.06386788857970356
0.06369847773471266
0.06352996324328503
0.06336233801039848
0.06319559501540975
0.06302972731179958
0.06286472802561667
0.06270059035446267
0.06253730756714009
0.06237487300176824
0.06221328006655373
0.062052522237095065
0.061892593056042194
0.061733486132950675
0.06157519514285091
0.06141771382527769
0.06126103598378582
0.06110515548538755
0.06095006625802194
0.06079576229293958
0.06064223764076369
0.06048948641265771
0.060337502778179404
0.06018628096687367
0.06003581526429211
-0.10978312265017233
-0.10989221878626426
-0.1100729517654497
-0.11031850155414018
-0.11062267108834573
-0.11097615204725884
-0.11136884921616985
-0.11178840891218972
-0.11222159676914437
-0.11265346664882858
-0.11306837012173451
-0.11344942143310122
-0.11377931386887358
-0.1140399425157449
-0.11421309358252554
-0.11428015172752193
-0.11422268881396759
-0.11402221072181144
-0.11366065627252768
-0.11312015430855213
-0.11238343828969387
-0.11143359576613455
-0.1102544042436063
-0.10883006464676984
-0.10714546699935824
-0.10518590783489337
-0.10293729824512123
-0.10038587237702584
-0.09751835439286387
-0.09432167065990202
-0.09078309502626784
-0.08688998080797557
-0.08262990488106654
-0.07799043669613821
-0.07295930076447443
-0.06752419873960051
-0.06167300697225475
-0.05539366452284237
-0.04867441797272873
-0.041503783600941466
-0.03387084616476552
-0.025765298079357537
-0.017177793081332587
-0.008100059723745983
0.0014746947247650504
0.011551604248792079
0.022133699529563046
0.03322167358309394
0.044813410162250406
0.056903710888122315
0.06948381347503814
0.08254109904484165
0.09605861956803936
0.11001480636944194
0.12438302816242527
0.13913132366097947
0.1542220131810846
0.16961147980212374
0.18524985879729505
0.20108089288623196
0.21704172452648146
0.2330628513522448
0.24906804635187713
0.2649744391892463
0.2806925881375101
0.29612671114995137
0.31117493070201235
0.3257296747849876
0.33967811101391493
0.3529027317911305
0.3652819868475589
0.376691058472356
0.38700269210323957
0.3960881567858171
0.4038182617534866
0.41006448475533147
0.4147001494471795
0.41760169077287995
0.41864995453059733
0.41773155580885063
0.4147402495896324
0.4095783266729204
0.402157994053872
0.39240274413306425
0.38024867689694886
0.36564577351658856
0.3485590899076627
0.3289698654497819
0.3068765193970414
0.28229552934149343
0.25526216776424804
0.22583109223298864
0.19407676825513695
0.1600937230316802
0.12399661149828789
0.08592009660344464
0.04601852701216383
0.004465418489635753
-0.03854727654175036
-0.0828101002421623
-0.12809723583081206
-0.17416785318269193
-0.22076766661697061
-0.2676306832581282
-0.31448115301173113
-0.36103569228781457
-0.4070055894613614
-0.4520992570608132
-0.49602483425211574
-0.5384928966799032
-0.5792192714183798
-0.6179279056468916
-0.6543537800617628
-0.6882458073639321
-0.719369700021037
-0.7475107404739901
-0.7724764325335668
-0.7940989623689414
-0.8122374451569113
-0.8267798849585134
-0.8376448255459131
-0.8447826240272663
-0.8481763321927164
-0.8478421277055337
-0.843829293203289
-0.8362197017167234
-0.8251268251193556
-0.8106942451999711
-0.7930937065489241
-0.7725227148085214
-0.7492017430486902
-0.7233710733499555
-0.6952873575205306
-0.6652199435912065
-0.6334470669771846
-0.6002519651771133
-0.5659190205729226
-0.5307299926396662
-0.4949604388648783
-0.4588763775812754
-0.4227312759954967
-0.3867633993459485
-0.35119357998091677
-0.3162234189370547
-0.2820339498267873
-0.2487847525328393
-0.21661351768407885
-0.18563602707406823
-0.15594652671327236
-0.1276184416741224
-0.10070539270476463
-0.07524245610451623
-0.05124761891868284
-0.028723371687622953
-0.007658391062327037
0.011970737802981584
0.03019780033129168
0.04706527108966171
0.06262270302314256
0.07692521164169049
0.09003207420691481
0.10200545512555674
0.11290926745193258
0.12280817080996272
0.13176670767012286
0.13984857040737572
0.14711599568064007
0.1536292737329232
0.15944636621759617
0.16462261795093022
0.16921055523459536
0.17325975594492246
0.17681678441929638
0.17992517745612696
0.18262547562886908
0.18495528804407654
0.1869493862645535
0.1886398175697346
0.19005603483012615
0.19122503515094527
0.19217150590923956
0.19291797215573073
0.1934849450311505
0.19389106672307332
0.19415325235907885
0.19428682556732732
0.1943056486245079
0.1942222448628089
0.19404791451466633
0.19379284241115277
0.19346619879261176
0.19307623219913583
0.1926303556910076
0.19213522572929398
0.19159681490597683
0.19102047811144188
0.19041101321373452
0.18977271602202986
0.1891094304670989
0.18842459389787078
0.187721278279621
0.18700222729273766
0.18626988996354318
0.18552645089087944
0.184773857574088
0.18401384493924924
0.1832479574571397
0.1824775689931515
0.1817039006412106
0.18092803675324298
0.18015093928751563
0.1793734607216251
0.178596355577509
0.1778202908072305
0.17704585503892903
0.17627356691977455
0.17550388252037724
0.17473720203800583
0.1739738757160594
0.17321420922983358
0.17245846841289444
0.1717068835889145
0.1709596533373131
0.17021694797317782
0.16947891255675365
0.16874566968735177
0.16801732189530785
0.16729395389618207
0.16657563449421023
0.16586241839172633
0.16515434770564363
0.16445145342659
0.16375375661582303
0.16306126959320782
0.16237399687571552
0.1616919361407578
0.16101507897077627
0.1603434116259353
0.1596769156336294
0.15901556842079045
0.15835934376504207
0.1577082123181407
0.15706214195380877
0.15642109819234515
0.15578504447429378
0.1551539425033257
0.15452775245697883
0.15390643327005785
0.15328994279314628
0.15267823802192815
0.1520712752207429
0.15146901011100083
0.1508713979573052
0.1502783937281305
0.14968995215490766
0.14910602786639185
0.1485265754257732
0.14795154944618805
0.14738090460926678
0.1468145957646338
0.14625257793566504
0.14569480640352925
0.14514123670618945
0.14459182470576953
0.14404652658420675
0.14350529890069064
0.14296809857719214
0.14243488295515006
0.14190560976900315
0.1413802372004802
0.14085872385030185
0.1403410287817595
0.13982711149619384
0.13931693196616668
0.1388104506142486
0.13830762833963578
0.13780842649337693
0.1373128069096289
0.13682073187553218
0.1363321641537463
0.13584706696036283
0.13536540398546962
0.13488713936724017
0.13441223770972935
0.1339406640589634
0.13347238391999933
0.1330073632317554
0.13254556838435447
0.13208696619165014
0.1316315239074851
0.13117920920318465
0.1307299901795764
0.130283835342738
0.12984071361834404
0.12940059432770637
0.12896344720166358
0.1285292423536589
0.12809795029660642
0.12766954191753488
0.1272439884902042
0.12682126165030297
0.12640133341292742
0.12598417614270013
0.12556976257238325
0.12515806577481733
0.1247490591789712
0.12434271654874622
0.12393901198643659
0.12353791992351291
0.12313941512105928
0.12274347265614852
0.1223500679269203
0.12195917663745218
0.12157077480643404
0.12118483874550248
0.12080134507346453
0.12042027069357965
0.12004159280496154
0.11966528888305752
0.11929133669200406
0.1189197142655993
0.11855039991185053
0.1181833722054536
0.11781860998457962
0.11745609234664074
0.1170957986466669
0.11673770848700378
0.11638180172381869
0.11602805845294621
0.11567645901326919
0.11532698397894567
0.11497961416027436
0.11463433059549269
0.11429111455076468
0.11394994751281122
0.1136108111922266
0.11327368751438512
0.11293855861950018
0.11260540685504279
0.11227421478085048
0.11194496515668538
0.11161764094758654
0.11129222531236167
0.1109687016105558
0.11064705338934847
0.11032726439305904
0.11000931854464176
0.1096931999591572
0.10937889292911535
0.10906638192847784
0.10875565160665215
0.10844668678987913
0.10813947247191058
0.10783399382276591
0.10753023617107961
0.10722818501827326
0.10692782602153324
0.10662914500344288
0.10633212794174311
0.10603676096983558
0.10574303037570286
0.10545092259894351
0.10516042422797293
0.10487152199954292
0.1045842027930153
0.1042984536340018
0.10401426168983342
0.10373161426454071
0.10345049880087684
0.10317090287927073
0.10289281421080182
0.10261622064192485
0.10234111014614412
0.10206747082865336
0.10179529091910196
0.10152455877529608
0.10125526287448755
0.1009873918186738
0.10072093432989383
0.10045587924808855
0.10019221553058015
0.09992993225063172
0.09966901859589292
0.0994094638649223
0.09915125747087662
0.0988943889329794
0.09863884788005751
0.09838462404897327
0.0981317072807486
0.09788008752130546
0.09762975481882323
0.09738069932466234
0.09713291128730794
0.09688638105733267
0.0966410990812281
0.0963970559027951
0.09615424216027986
0.09591264858753856
0.09567226600989803
0.09543308534489504
-0.4739450608193811
-0.4718388225860628
-0.4683386103725187
-0.4634757034908317
-0.457283321950226
-0.4498079885499334
-0.4411021027355257
-0.43122816654607066
-0.4202541631057231
-0.408255685427478
-0.39531231804541195
-0.3815087380088846
-0.3669315606444505
-0.3516698517738534
-0.33581225127100084
-0.3194471477201469
-0.30266003325553154
-0.2855335209700252
-0.2681449506417609
-0.2505663959503913
-0.2328625718736728
-0.21509095620860494
-0.19730005886933788
-0.17952975926775822
-0.16180999140850535
-0.1441613713791597
-0.12659433374245577
-0.10911009153845089
-0.09170023306525647
-0.07434802220315219
-0.057028434581437366
-0.039709771853218355
-0.022354086755018657
-0.004919054651676462
0.012641288162416492
0.030374496041520323
0.048328756140350385
0.06655075876381102
0.08508462341168266
0.1039697899563277
0.12323993348471708
0.1429209767153482
0.1630300929952103
0.18357393234109706
0.20454780122206273
0.22593418241801308
0.24770216647264706
0.26980633104116625
0.29218648401194086
0.3147669529631401
0.33745668511614074
0.36014898288317504
0.38272199173733085
0.4050389038312486
0.4269488514804927
0.44828758729934376
0.4688787876952506
0.48853520407539563
0.5070603668000947
0.524250186957199
0.5398950356220702
0.5537817587304518
0.5656960887690864
0.5754250160147646
0.5827594696591459
0.5874969673878039
0.5894444811488448
0.5884212644708113
0.5842617956753379
0.5768186601605431
0.5659654426916156
0.5515995219954962
0.5336447658289899
0.5120540799307645
0.48681174718715825
0.4579355641202237
0.42547866054671624
0.3895310562716125
0.3502208015319341
0.3077147955137511
0.26221910171280594
0.2139788890146972
0.16327780017074847
0.11043690584023126
0.05581303886132765
-0.00020330836210421778
-0.05719072638610375
-0.11470006756228722
-0.17225825353885707
-0.22937249056153095
-0.28553506698294245
-0.34022849795469673
-0.3929311679996774
-0.44312322506603014
-0.4902928492636505
-0.5339426414242443
-0.5735962256395594
-0.6088048059714244
-0.6391537434801825
-0.6642688933219084
-0.6838227438637572
-0.6975401029011159
-0.7052033554666006
-0.7066570505355727
-0.7018118331594227
-0.6906474994699855
-0.6732151945934227
-0.6496385599077897
-0.6201138654984665
-0.5849089721353391
-0.5443611869489963
-0.49887390284638333
-0.4489121252264632
-0.3949968277071116
-0.3376982879000232
-0.27762839924529514
-0.215432160926354
-0.15177839434918422
-0.0873499364903565
-0.02283340346426005
0.04109118698234461
0.10376080990827949
0.1645395348218453
0.22282820000479453
0.2780733526522177
0.32977533496105654
0.37749524000362394
0.42086065876277323
0.4595700005491569
0.49339537306120235
0.5221838850311941
0.5458574384234499
0.5644109658468974
0.5779092645752523
0.5864824737602249
0.5903204200590632
0.5896659528401557
0.584807544181786
0.5760713208104937
0.5638128205327658
0.5484086510566168
0.5302483258589085
0.5097264313125451
0.48723535132000106
0.4631586531236712
0.43786529219382414
0.4117046748419036
0.385002661895633
0.3580584862270705
0.3311425997640705
0.30449536799555565
0.27832657646280995
0.2528156308774807
0.22811238527194752
0.20433846434639613
0.18158900491262633
0.15993468549539405
0.1394239760027497
0.12008549273103022
0.1019304079043991
0.08495482240429793
0.06914207248320202
0.05446490406428027
0.04088750641699362
0.028367361410980545
0.016856917359790443
0.006305061721223531
-0.0033415862189251654
-0.012137575566369836
-0.020137688831417398
-0.027396176540507425
-0.03396613071264848
-0.039898997719979824
-0.045244200317238754
-0.050048867771057555
-0.054357646417484806
-0.05821258958077592
-0.06165310276076421
-0.06471594387233254
-0.0674352583330842
-0.06984264987762796
-0.07196727063236055
-0.07383593237488607
-0.07547322584399442
-0.0769016508257775
-0.07814174669559189
-0.07921222666563714
-0.08013010775130107
-0.08091083989843931
-0.08156842817599513
-0.0821155514661453
-0.08256367299774989
-0.08292314603726282
-0.08320331115745833
-0.08341258815804277
-0.08355855993229448
-0.0836480510066932
-0.08368719871070802
-0.08368151936219197
-0.0836359679342195
-0.08355499322750155
-0.08344258741002578
-0.08330233160518352
-0.08313743671897517
-0.08295078085708077
-0.08274494275450495
-0.08252223232207805
-0.08228471789178397
-0.08203425104309767
-0.08177248872236682
-0.08150091335274265
-0.08122085074245064
-0.08093348631226621
-0.08063987958690583
-0.08034097725186114
-0.08003762484400125
-0.07973057725781588
-0.07942050817356658
-0.07910801847350371
-0.0787936438532277
-0.07847786156259648
-0.07816109654251226
-0.07784372682028061
-0.0775260884473516
-0.07720847982543455
-0.0768911656903185
-0.07657438055418868
-0.07625833193401368
-0.07594320309833352
-0.0756291556664753
-0.0753163318080152
-0.07500485634050377
-0.07469483848497473
-0.0743863735656972
-0.07407954439640999
-0.07377442267785142
-0.07347107008774231
-0.07316953941033189
-0.07286987541657285
-0.07257211577592997
-0.07227629174670412
-0.07198242893650188
-0.0716905478269038
-0.07140066441206049
-0.07111279060285051
-0.07082693475317896
-0.0705431019782741
-0.07026129457768542
-0.06998151229457818
-0.06970375266052187
-0.06942801118453633
-0.06915428165806985
-0.06888255629131233
-0.06861282596070344
-0.06834508031422959
-0.06807930798377355
-0.06781549665029972
-0.06755363323697046
-0.06729370394296645
-0.06703569440856763
-0.06677958973499759
-0.06652537462875888
-0.06627303340241628
-0.06602255010086594
-0.06577390849646297
-0.0655270922002815
-0.06528208463688852
-0.06503886915430612
-0.06479742899547102
-0.06455774738389053
-0.06431980750265998
-0.06408359256309258
-0.0638490857859369
-0.06361627045981286
-0.06338512991800858
-0.06315564759822452
-0.0629278070065824
-0.06270159177442489
-0.06247698563326171
-0.06225397245294131
-0.062032536219023986
-0.06181266107136441
-0.06159433127586125
-0.061377531266244185
-0.06116224561036646
-0.06094845904486623
-0.06073615645422133
-0.060525322898482316
-0.06031594357532529
-0.0601080038745836
-0.05990148932408291
-0.05969638563916493
-0.0594926786795183
-0.05929035448524293
-0.0590893992479184
-0.058889799335937375
-0.058691541265121105
-0.05849461173321375
-0.05829899757868699
-0.05810468581502912
-0.05791166360560958
-0.05771991827772313
-0.05752943730405172
-0.05734020832406272
-0.057152219118078336
-0.05696545762819274
-0.056779911937721896
-0.05659557028340539
-0.05641242103942495
-0.05623045273487219
-0.05604965402953332
-0.055870013736901813
-0.05569152079271768
-0.05551416428502388
-0.05533793342748119
-0.055162817568892374
-0.054988806192402956
-0.05481588890620758
-0.05464405544660348
-0.054473295681867165
-0.05430359959377556
-0.05413495730077733
-0.05396735902800335
-0.05380079512787863
-0.053635256064959606
-0.05347073242948916
-0.05330721491063967
-0.05314469432482351
-0.052983161585945265
-0.052822607729182854
-0.052663023885548964
-0.052504401303536015
-0.05234673132700073
-0.052190005408382416
-0.05203421509708136
-0.05187935204891123
-0.05172540801110258
-0.05157237483396892
-0.051420244459657406
-0.05126900892657737
-0.05111866036691399
-0.050969191000887516
-0.05082059314291849
-0.05067285919762436
-0.050525981651979315
-0.0503799530861152
-0.05023476615848105
-0.05009041361917608
-0.049946888293871256
-0.049804183096694946
-0.049662291017560985
-0.049521205128808546
-0.04938091858114352
-0.04924142459892477
-0.0491027164889043
-0.048964787626623055
-0.04882763146507053
-0.04869124153070363
-0.04855561142069253
-0.048420734804207145
-0.048286605419962124
-0.04815321707536686
-0.04802056364758433
-0.04788863908063603
-0.047757437381899207
-0.04762695263041249
-0.04749717896131764
-0.04736811058043431
-0.047239741753832776
-0.0471120668109102
-0.04698508013927388
-0.04685877618796317
-0.04673314946878762
-0.04660819454671294
-0.04648390604984417
-0.046360278661110275
-0.04623730711690874
-0.04611498621528069
-0.0459933108055855
-0.04587227579156612
-0.045751876129201764
-0.04563210683183614
-0.0455129629594305
-0.04539443962773123
-0.04527653200106305
-0.04515923529390568
-0.04504254477012561
-0.044926455742512854
-0.04481096357414369
-0.04469606367270631
-0.0445817514931388
-0.04446802253911707
-0.044354872357842016
-0.044242296543376754
-0.04413029073106116
-0.04401885060474039
-0.04390797189006342
-0.04379765035249025
-0.04368788180565488
-0.04357866210239891
-1.0935489264280214
-1.0832290031847667
-1.0660886000194079
-1.0422925642568859
-1.0120221745355706
-0.9755284400382273
-0.9330980351536106
-0.8850726725558951
-0.8318288564723936
-0.7737872684286111
-0.7113978391813705
-0.645144276740712
-0.5755318881262913
-0.5030893347921787
-0.42835823009447516
-0.3518932338286531
-0.2742530239119383
-0.1959994155515791
-0.1176895316319867
-0.039874397425471574
0.03690778048225008
0.11213324527247101
0.1852983686101738
0.2559213143671982
0.32354674045917003
0.3877473749308388
0.44812780868466406
0.5043259080454399
0.5560157613424883
0.60290887389662
0.644756317292666
0.6813496554045912
0.7125223244042074
0.7381502317925444
0.7581523724485101
0.7724910341701119
0.7811716387977743
0.7842424856919978
0.7817938024190674
0.7739569681946469
0.7609027706008138
0.7428400759961074
0.720013316091668
0.6927006118950124
0.6612105537914692
0.6258798324760869
0.5870694222854234
0.545161820828031
0.5005567886741843
0.453668340149331
0.4049202253802188
0.35474284200452444
0.3035686611414218
0.2518292378623413
0.1999507797612196
0.14835142157345532
0.09743711211032857
0.04759928936801283
-0.0007887764131416641
-0.04737381347708744
-0.09182565853877278
-0.13383854704032608
-0.17313363497940795
-0.20945974741638373
-0.24259531516480753
-0.27234861807492217
-0.2985591721732384
-0.3210975290487447
-0.33986616866710084
-0.35479892588028256
-0.3658614494284809
-0.3730503232589813
-0.3763931448131853
-0.3759473957156467
-0.37180017702036994
-0.364066864144987
-0.35289051937199795
-0.33844034597814315
-0.32091078134119433
-0.30051974973472995
-0.2775074283680058
-0.2521342887046898
-0.22467952389032061
-0.19543886716877606
-0.1647226718167309
-0.13285350025869394
-0.1001638573157871
-0.06699355346533373
-0.0336871051464085
-0.0005908894817787475
0.03194975839186217
0.06359356568701979
0.09400647902577251
0.12286480665144134
0.14985855861582248
0.17469463389183285
0.19710024453693986
0.21682604066776687
0.2336494858067289
0.24737777707168157
0.25785100066832933
0.2649446656817291
0.2685724302519879
0.2686880311307356
0.26528733938478455
0.2584094426865857
0.2481377731860849
0.23460009599937998
0.2179684617483023
0.1984578805065774
0.17632489628188375
0.15186478908085935
0.12540865307858606
0.09731907351085567
0.06798571433978019
0.037819558599234054
0.00724716887364436
-0.023296250691390772
-0.053373580376787744
-0.08255346434018289
-0.11041750768030362
-0.13656809791587524
-0.16063541364833878
-0.18228467420708863
-0.20122222044630997
-0.21720144168890676
-0.23002720207613617
-0.23955976105400706
-0.2457169417805354
-0.24847554173553862
-0.247870871850992
-0.24399543535631474
-0.23699578432990243
-0.22706858858702386
-0.21445511201039974
-0.19943514490138564
-0.18231973133925783
-0.16344373009077365
-0.1431576633325689
-0.12181984553944
-0.0997883216619671
-0.0774135232565699
-0.05503120301284151
-0.032956439560088924
-0.011478269416704314
0.009144400683557768
0.028686066608560892
0.046956575954075236
0.06380224367035595
0.07910575614761778
0.09278536769893043
0.1047931155822433
0.1151125492458318
0.12375577201074425
0.13076025942151942
0.1361852917682618
0.14010841391148512
0.1426217749444314
0.1438286964337958
0.14384032155620557
0.14277262583151615
0.1407436355574333
0.13787107060162226
0.1342702520799866
0.1300524374642584
0.12532342271757888
0.12018253182421788
0.1147218388276415
0.1090257122578398
0.10317053831569845
0.09722469224271689
0.09124862969997952
0.08529515429712413
0.0794097509558932
0.07363103314748981
0.06799121114628442
0.06251662474835416
0.057228264007761286
0.05214231822138675
0.04727069092946452
0.042621518800441495
0.038199644290203866
0.03400707735030217
0.030043405882649983
0.026306187843984048
0.022791292125541287
0.019493218632180582
0.016405370585409446
0.013520306722266302
0.010829950852107922
0.00832578397222051
0.005998999423183394
0.0038406441156763763
0.0018417286400236484
-6.6730825760210284e-6
-0.0017133497271207118
-0.0032868858141826903
-0.004735615570045123
-0.0060675813178473
-0.007290508396585536
-0.00841178219788601
-0.009438438469385722
-0.010377153741565413
-0.01123424642074979
-0.01201567652255
-0.012727053963108168
-0.013373644376306299
-0.013960382005671694
-0.014491879270419887
-0.014972442126667644
-0.015406081766496306
-0.01579653106729839
-0.016147257073322485
-0.016461477632664742
-0.016742173878219364
-0.016992106244524446
-0.01721382656396609
-0.017409693059888407
-0.017581881559092676
-0.01773239938490315
-0.01786309551040498
-0.017975673215797537
-0.01807169899553082
-0.018152614121074905
-0.01821974238049454
-0.018274300320656186
-0.018317404021410445
-0.01835007812127985
-0.018373261659612672
-0.018387815977962678
-0.018394529648631513
-0.018394125467128115
-0.01838726457579486
-0.018374552506129023
-0.018356542702794448
-0.018333741752839968
-0.018306612226378506
-0.018275577365034542
-0.018241023259599465
-0.01820330303590024
-0.01816273859000395
-0.01811962412426343
-0.018074227635577006
-0.018026793978716094
-0.017977545976238515
-0.017926687136282357
-0.017874402486313275
-0.017820860975900077
-0.017766215963469088
-0.017710607513599392
-0.017654162628208597
-0.01759699720747101
-0.017539216222968987
-0.017480915452462623
-0.017422181457244574
-0.01736309326695017
-0.01730372212683857
-0.017244133077017415
-0.017184384627953877
-0.01712453016011845
-0.01706461760487722
-0.01700469062377156
-0.016944788368479787
-0.0168849464102025
-0.016825196574677504
-0.01676556778243346
-0.016706085744123786
-0.016646773830258383
-0.01658765271452591
-0.01652874115504246
-0.01647005562381761
-0.016411611093928143
-0.016353420550708403
-0.01629549579369395
-0.016237846981510352
-0.016180483253746058
-0.016123412406901426
-0.016066641444593133
-0.016010176188538436
-0.015954021857048546
-0.015898182687973623
-0.015842662427378574
-0.015787463941514118
-0.01573258980873569
-0.015678041793072577
-0.015623821490556217
-0.01556992981304383
-0.015516367463287942
-0.015463134674427087
-0.01541023150625981
-0.015357657557831243
-0.015305412399717342
-0.015253495117055397
-0.01520190486814713
-0.015150640361008924
-0.015099700370986716
-0.015049083342831854
-0.014998787760011534
-0.014948811801173233
-0.01489915375000419
-0.014849811595738446
-0.014800783451143907
-0.014752067182449917
-0.014703660717756273
-0.014655561852135675
-0.014607768428689192
-0.01456027811352002
-0.014513088741239749
-0.014466197894214496
-0.014419603330335946
-0.014373302613483244
-0.014327293501148067
-0.014281573520874993
-0.014236140388465353
-0.014190991655883686
-0.014146125029246897
-0.01410153807668199
-0.014057228468770814
-0.014013193838791297
-0.013969431837956962
-0.013925940135412691
-0.013882716399751445
-0.013839758291382266
-0.013797063586430682
-0.013754629919278113
-0.013712455082610016
-0.013670536778751968
-0.013628872824709303
-0.01358746095996953
-0.013546299014714797
-0.013505384788105347
-0.013464716144369107
-0.013424290929804931
-0.01338410702669956
-0.013344162344223203
-0.013304454792743043
-0.01326498231134868
-0.013225742883022796
-0.013186734439705963
-0.013147955025599251
-0.013109402641951241
-0.013071075356890812
-0.013032971189758344
-0.012995088246010414
-0.012957424626866894
-0.012919978463036271
-0.01288274786479244
-0.012845731042585715
-0.01280892612310912
-0.012772331338675273
-0.012735944892853221
-0.01269976504501287
-0.012663790016706547
-0.012628018135793131
-0.012592447647389059
-0.012557076898367329
-0.012521904183986679
-0.012486927880179535
-0.01245214633692985
-0.012417557958349175
-0.012383161126283916
-0.01234895427926962
-0.01231493581733392
-0.01228110422846695
-0.012247457959546213
-0.012213995491843155
-0.012180715360349752
-0.012147616055841965
-0.012114696098316067
-0.01208195406690564
-0.012049388506006266
-0.01201699799941721
-0.01198478114696768
-0.01195273655671111
-0.0119208628362068
-0.011889158647383647
-0.011857622610145875
-0.011826253433346388
-0.011795049777101918
-0.011764010321459102
-0.011733133800956795
-0.011702418922427285
-0.0116718644225228
-0.011641469046556545
-0.01161123156841182
-0.011581150745953603
-0.011551225365996615
-0.011521454235589755
-0.011491836176024313
-0.011462369997779987
-0.011433054517363811
-0.011403888615795221
-0.011374871112604396
-0.011346000911510317
-0.01131727689348356
-0.011288697922040685
-0.011260262935691162
-0.011231970831397662
-0.011203820531364988
-0.01117581098162234
0.15201149851518142
0.14436712011627223
0.13171212384471281
0.11428583197591566
0.09234879101343219
0.06626033358956208
0.03642641834966196
0.003326595800507302
-0.032518403748500714
-0.07053484316393682
-0.11012100122060473
-0.1506427132719484
-0.1914545697367017
-0.2318995112748296
-0.2713273730935644
-0.30909662788553405
-0.34459058532625564
-0.37721999340161017
-0.406436870062663
-0.4317370349997948
-0.45267145011921944
-0.4688480166141526
-0.4799403192971318
-0.4856882465807035
-0.4859041041307364
-0.48047180730800165
-0.46935042912589486
-0.4525718750206001
-0.4302420231085327
-0.40253692577561034
-0.369701774013324
-0.3320457711274412
-0.28993920665598266
-0.2438072128356657
-0.1941252708257784
-0.1414121010855305
-0.08622394051940845
-0.029146847181224463
0.02920990433341028
0.08822180663459461
0.14725625100661857
0.20568048482879212
0.2628689089061136
0.31821068277970294
0.3711168187792157
0.42102710316242903
0.46741662033413656
0.5098016653042587
0.5477453515064479
0.5808622162317005
0.6088226078974058
0.6313557437980504
0.6482526397700233
0.6593674624878407
0.6646188612260454
0.6639895602830455
0.6575260670823674
0.6453365685153676
0.6275891085563209
0.6045079707526452
0.5763705315661299
0.5435024139768194
0.5062733128336754
0.4650912792029396
0.42039787712068327
0.3726619943626946
0.3223747074159379
0.2700430169477538
0.21618477782704432
0.16132271359382586
0.1059797149042691
0.05067341496530892
-0.0040879225246279365
-0.057810078995152496
-0.11001627977294043
-0.1602510333927991
-0.2080827910444652
-0.2531069584359283
-0.2949478742425211
-0.33326108069727556
-0.3677347441066151
-0.39809132051368973
-0.42408857235228725
-0.44552078777451987
-0.46221954921381464
-0.47405465205525604
-0.4809347546153914
-0.4828081030716844
-0.4796631408795676
-0.4715290875416366
-0.4584765172092745
-0.44061776866066615
-0.41810742434276205
-0.3911424527253319
-0.3599624444872708
-0.32484931327094846
-0.28612707869956805
-0.24416089387275855
-0.1993561130781594
-0.15215637986788627
-0.10304169721514428
-0.05252530912404972
-0.0011505119088150366
0.05051389048716912
0.10187822327476058
0.15233803214513306
0.20128022645768162
0.248090679203707
0.2921617510258087
0.33290115254907626
0.3697404976560234
0.4021449440075747
0.4296221823134313
0.45173213544934354
0.46809556911865047
0.4784029390897905
0.48242165682901145
0.4800030711225838
0.47108738188969757
0.4557077756517884
0.4339920868655906
0.40616329662620326
0.37253731349880936
0.3335193929495317
0.2895978301584956
0.24133633635851073
0.1893639508250927
0.13436395168453266
0.07706082971475567
0.018206819260861647
-0.041432766696957044
-0.1010939214479714
-0.16002866705930704
-0.2175187224969557
-0.272888664250568
-0.3255173345751239
-0.37484803978126696
-0.42039649571152676
-0.4617571062614333
-0.49860676621124567
-0.5307068451825694
-0.5579027746174712
-0.5801219621830331
-0.597369663481616
-0.609723566781062
-0.6173268772914315
-0.6203806504844667
-0.619135251601082
-0.6138816348006606
-0.6049423560015171
-0.5926629181369993
-0.5774033519939338
-0.5595305120776364
-0.5394109610995549
-0.5174047918858506
-0.4938602237253739
-0.46910920663443545
-0.44346383717235893
-0.4172137264231576
-0.39062410521302193
-0.36393474177727153
-0.3373594544919985
-0.31108625367210613
-0.28527790993278523
-0.26007295977146994
-0.2355869733260518
-0.21191408529767652
-0.18912864619890665
-0.167286995752671
-0.14642924599983922
-0.12658108250069003
-0.10775549989693871
-0.08995448510564977
-0.0731705901599893
-0.05738841268134862
-0.042585944791610125
-0.02873581263202599
-0.015806380825388777
-0.0037627459297109108
0.0074323967523760096
0.01781798870344469
0.027433956787919548
0.036320649274762216
0.044518367892005466
0.052066972506761525
0.05900556293014167
0.06537221823189725
0.07120379763450063
0.07653578345819857
0.08140217206608749
0.08583539518192208
0.08986627634263661
0.09352400812754402
0.09683615518815453
0.09982867008507561
0.1025259270990326
0.10495076306014631
0.10712453078948234
0.10906715416947825
0.11079719311923411
0.11233190532314896
0.11368731602016689
0.11487828232573717
0.11591856273137838
0.11682088043552305
0.11759699039295686
0.11825773946769358
0.11881312824069211
0.11927236718453542
0.11964393372814998
0.11993562188372478
0.12015459448531447
0.12030742721841522
0.120400154767981
0.12043830995652048
0.12042696446141671
0.12037076225289169
0.12027395572238993
0.12014043469992985
0.11997375703569473
0.11977717421960025
0.11955365768603426
0.11930592001596844
0.11903643854142988
0.11874747229604844
0.11844108300207587
0.1181191489346434
0.11778338307007595
0.11743534450450785
0.11707645404113914
0.11670800361186262
0.11633116972247706
0.11594702121420676
0.11555653034300976
0.11516057970738276
0.11475997155436357
0.1143554331048636
0.11394762478120606
0.11353714460449665
0.11312453496331291
0.11271028635848049
0.11229484313582949
0.11187860636110235
0.11146193893011516
0.11104516769815978
0.11062858800899907
0.11021246525129152
0.10979703861510742
0.10938252239602392
0.10896910947531051
0.1085569719556195
0.10814626430209784
0.10773712363086585
0.10732967262102684
0.10692401965743309
0.10652026101376776
0.10611848136407122
0.1057187554739646
0.10532114811263564
0.10492571637811189
0.10453250897382947
0.10414156821045194
0.1037529295429688
0.10336662326235098
0.10298267402161675
0.10260110208837568
0.10222192331819951
0.10184514997436467
0.101470790567903
0.10109885082100797
0.10072933332224683
0.10036223849152053
0.09999756417752487
0.09963530642449599
0.0992754592756434
0.09891801536281189
0.0985629654661437
0.09821029952718367
0.09786000598714384
0.0975120725404003
0.09716648571674878
0.09682323142118941
0.09648229464135413
0.0961436601201846
0.09580731160477735
0.09547323284749404
0.09514140683987422
0.09481181636985649
0.0944844439605482
0.09415927199341712
0.09383628222845898
0.09351545696094139
0.09319677774220188
0.09288022645649949
0.09256578472675756
0.09225343422997928
0.0919431563758344
0.0916349331886533
0.09132874613820811
0.09102457702611713
0.09072240758128228
0.09042221978053638
0.0901239956370589
0.08982771720435764
0.08953336664493557
0.0892409263282137
0.08895037872667161
0.08866170643097211
0.08837489208481515
0.08808991870446402
0.08780676913011976
0.08752542673160967
0.08724587469371833
0.08696809660450504
0.086692075990673
0.0864177968511304
0.08614524310483772
0.0858743988352039
0.08560524824891866
0.08533777604950259
0.08507196676292302
0.08480780518044959
0.08454527624344393
0.0842843650899181
0.08402505704194674
0.08376733755079499
0.08351119219689128
0.0832566068190196
0.08300356729714904
0.08275205970121359
0.08250207030998524
0.08225358549490798
0.08200659188276814
0.08176107608039399
0.08151702505156139
0.08127442577133388
0.08103326531485788
0.08079353108455418
0.08055521038517324
0.08031829104844239
0.08008276054249056
0.07984860688442784
0.07961581804325064
0.07938438216981186
0.07915428751107423
0.07892552245355074
0.07869807561062143
0.07847193551599685
0.07824709109396016
0.07802353120731659
0.0778012448975056
0.07758022134648987
0.07736044982637381
0.07714191983399783
0.07692462072013367
0.07670854228064533
0.07649367415394172
0.076280006286252
0.07606752864379832
0.07585623135324403
0.0756461045097074
0.07543713850675297
0.07522932375987566
0.07502265076250861
0.07481711015059535
0.07461269269078627
0.07440938910291442
0.07420719030677306
0.07400608747323131
0.07380607158362062
0.07360713395661168
0.07340926581495055
0.07321245855699016
0.07301670376829891
0.07282199291760648
0.07262831778309689
0.07243567000319909
0.07224404155597827
0.07205342431456535
0.07186381028082642
0.0716751915719224
0.07148756037996241
0.07130090899713787
0.07111522966296493
0.07093051494550752
0.07074675725794141
0.07056394924128574
0.07038208350228306
0.07020115279262135
0.07002114987135036
0.06984206773507022
0.06966389928006686
0.06948663747457157
0.06931027552593388
0.06913480651097995
0.06896022366607235
0.06878652037855999
0.06861368997934136
0.06844172585794951
0.06827062153877876