1.5954955612596345e-8
1.2763745463071717e-7
6.57742720758825e-7
2.0719238253053494e-6
5.053486624362487e-6
0.000010460258995471518
0.000019341671196712857
0.00003292095650100194
0.000052598164678827256
0.00007993747450244719
0.00011666434312658378
0.00016465378619985027
0.00022592401929720634
0.0003026244062775048
0.00039702655436091983
0.0005115114933984333
0.0006485587637660579
0.0008107327497560806
0.0010006701639907645
0.0012210656483054396
0.0014746580195288909
0.001764215363755527
0.002092520396678418
0.0024623553402267837
0.002876486735077387
0.0033376504111113452
0.0038485360553325992
0.004411772573820554
0.005029912659635896
0.0057054187994549635
0.006440648005025351
0.007237838651432902
0.0080990954402078
0.009026377180898722
0.01002148195661559
0.011086035891700503
0.012221478406569366
0.013429051967955396
0.014709787264692128
0.01606449392754644
0.01749374544358659
0.018997870869591038
0.02057693933688114
0.02223075286819453
0.02395883040683594
0.02576040197579134
0.02763439228599646
0.029579416633986524
0.03159376428771616
0.03367539668408502
0.035821930935569415
0.03803064103679295
0.040298441958052954
0.042621894676401414
0.044997191402171774
0.04742016529515202
0.049886277392887014
0.05239063184503043
0.05492796507190876
0.057492667248861304
0.06007877412458751
0.06267999532134474
0.06528970909803969
0.06790099781899876
0.07050664577559781
0.07309918193825687
0.07567088077366049
0.07821381215473681
0.08071984494736713
0.08318070373162006
0.08558797479657795
0.08793316913795311
0.09020773040014828
0.09240310346915967
0.09451074383849127
0.09652219101407425
0.0984290787501673
0.10022321242073941
0.10189657956193861
0.10344143033113806
0.10485028778648299
0.10611603053219168
0.10723190213871761
0.10819159503476646
0.10898925839344954
0.10961958224609111
0.11007780299852891
0.11035978657839539
0.11046203047709535
0.11038174448241049
0.11011684776199636
0.10966604538507346
0.10902881850361543
0.1082054944779605
0.10719722774722565
0.10600606103528487
0.10463489414950539
0.10308753358239747
0.1013686463798724
0.09948379560776635
0.09743937672347243
0.0952426369579408
0.09290159239742446
0.09042503038789718
0.0878224067927881
0.08510383200943034
0.08227994951401192
0.07936190783319899
0.0763612233149425
0.0732897421763159
0.0701594921692387
0.06698264033168251
0.06377133954833451
0.060537688579235666
0.057293580183228957
0.05405067016889907
0.050820233586858846
0.04761314884707062
0.044439767466584595
0.04130991777929144
0.03823279197404744
0.03521697179162433
0.032270334368429486
0.029400099895078687
0.026612755453809457
0.023914122293857858
0.021309294809762562
0.0188027232557815
0.016398163609178194
0.01409877050352453
0.011907053191888993
0.009824973383343589
0.007853902929814941
0.005994722067669636
0.004247775666571314
0.0026129688818177232
0.001089720515222649
-0.00032294510200862186
-0.0016264472960236837
-0.0028225604309652123
-0.003913463860676035
-0.0049016548991222455
-0.005789996984479505
-0.0065816321563246525
-0.0072800249186058255
-0.007888872518508309
-0.008412142760658197
-0.008853981366955943
-0.009218743221135722
-0.009510897354838102
-0.009735052429048822
-0.009895861074902007
-0.009998041502301394
-0.010046283726956666
-0.010045269801513114
-0.009999584725068407
-0.009913737839397623
-0.009792080944491915
-0.009638832962041186
-0.009458007099684407
-0.009253440126405062
-0.009028729536591383
-0.008787267913010046
-0.008532190140288895
-0.008266412532810264
-0.007992589391695892
-0.007713155969876114
-0.007430293144909288
-0.007145972934339543
-0.0068619297894588795
-0.00657970725360935
-0.006300634339454824
-0.006025871994500074
-0.0057563931485234655
-0.005493027850444396
-0.005236445797499454
-0.004987199272386271
-0.004745707232560557
-0.004512295454458317
-0.004287181525320626
-0.00407051185635884
-0.0038623471523650628
-0.003662696167686901
-0.0034715014165685124
-0.0032886697072098815
-0.003114057995152814
-0.0029475008428268682
-0.0027887964131462295
-0.002637731071257716
-0.002494065573297605
-0.0023575570622562736
-0.002227945536177109
-0.0021049735000847098
-0.0019883728070410377
-0.0018778822209570452
-0.0017732347198879312
-0.001674173206820676
-0.0015804383529168286
-0.0014917826700024354
-0.001407958956199861
-0.0013287329183739188
-0.001253872266470995
-0.0011831580489277706
-0.0011163744267824291
-0.0010533188614191742
-0.0009937925860984166
-0.0009376097641217227
-0.0008845886642536553
-0.00083455988873367
-0.0007873582502072213
-0.0007428301529555759
-0.0007008261622841919
-0.0006612076087036125
-0.000623839835998822
-0.0005885980865953164
-0.0005553614114584169
-0.0005240178852313827
-0.0004944591593930081
-0.0004665850476512289
-0.00044029870315949693
-0.00041551060782565207
-0.00039213435460209377
-0.00037009006857897025
-0.0003493007762337389
-0.0003296952812192648
-0.000311205103807807
-0.0002937668299855534
-0.0002773196060299906
-0.00026180697574691144
-0.00024717491707247933
-0.00023337317891479099
-0.00022035384880313082
-0.00020807219773005196
-0.00019648577012005612
-0.00018555474224777083
-0.0001752415281137834
-0.0001655106543764416
-0.00015632887808854798
-0.00014766457856869002
-0.00013948838535336874
-0.00013177208501472836
-0.00012448976009602576
-0.0001176162065320154
-0.00011112858676162827
-0.00010500435108841817
-0.00009922341060826559
-0.00009376555354762124
-0.00008861314609299973
-0.00008374803243936037
-0.00007915477409298792
-0.000074817020036136
-0.00007072129757204734
-0.00006685283665436839
-0.00006319992789450039
-0.000059749182688172634
-0.00005649047659165581
-0.00005341162441853384
-0.00005050392982914419
-0.000047756252030260236
-0.00004516118513972057
-0.0000427084904936703
-0.000040391932136857346
-0.00003820204602437494
-0.00003613366087140331
-0.00003417797270593632
-0.00003233078329504931
-0.00003058384555980842
-0.000028933854894140805
-0.000027373027875554414
-0.000025898885017113727
-0.000024504021989551277
-0.000023186725714118812
-0.000021939893930959686
-0.000020762530068550748
-0.000019647763443584338
-0.000018595272036376228
-0.000017598351874088508
-0.000016657320722260758
-0.00001576558127380765
-0.000014924062843151445
-0.000014126218839025245
-0.000013373567846989527
-0.000012659561487285119
-0.000011986290800514928
-0.00001134715597242558
-0.000010744808718013308
-0.000010172550471335063
-9.633586512186555e-6
-9.121074050789968e-6
-8.638769184124256e-6
-8.179640831928986e-6
-7.747997263964074e-6
-7.336576044576847e-6
-6.950242858186476e-6
-6.581461481177351e-6
-6.235663966789837e-6
-5.904998154457855e-6
-5.595474995543229e-6
-5.298884208076838e-6
-5.02183164024645e-6
-4.75570636067885e-6
-4.507728513434526e-6
-4.268843359014802e-6
-4.046908086866914e-6
-3.832380085700944e-6
-3.6337796740077665e-6
-3.4410311298251947e-6
-3.263347326549898e-6
-3.090072759684626e-6
-2.9311456525872875e-6
-2.775282357551025e-6
-2.633182665316005e-6
-2.492884485812115e-6
-2.3658888873432738e-6
-2.2395028463866e-6
-2.126072006942241e-6
-2.0121174782706523e-6
-1.910876477137327e-6
-1.8080266138990835e-6
-1.7177475074430566e-6
-1.6248126784847986e-6
-1.5443989616146718e-6
-1.460311975131508e-6
-1.3887847364370392e-6
-1.312587650982544e-6
-1.2490732310757595e-6
-1.1799055814848052e-6
-1.1236245744282024e-6
-1.0607128552800175e-6
-1.010970304608826e-6
-9.536185741634811e-7
-9.097952330780334e-7
-8.573767134252624e-7
-8.189212556854142e-7
-7.708708216758531e-7
-7.372928998636677e-7
-6.931003563044973e-7
-6.639644138966256e-7
-6.231684793603702e-7
-5.980882394291241e-7
-5.602711534429057e-7
-5.389047090145488e-7
-5.036873993989956e-7
-4.857328417508849e-7
-4.5277058778242324e-7
-4.379621180529208e-7
-4.0694065528797104e-7
-3.950451241364179e-7
-3.6567714410334034e-7
-3.564909789411974e-7
-3.2851297698247634e-7
-3.218594532409085e-7
-2.9502888896983674e-7
-2.907557115837545e-7
-2.6484844692933847e-7
-2.6282560949746085e-7
-2.3763358919207487e-7
-2.377514829422543e-7
-2.1308063682300927e-7
-2.152483844023259e-7
-1.9091672043114001e-7
-1.9506071143891197e-7
-1.708965821709933e-7
-1.769591916634134e-7
-1.5279970883517734e-7
-1.6073818060533872e-7
-1.3642776606295973e-7
-1.4621324521852765e-7
-1.2160229744134474e-7
-1.3321899931093057e-7
-1.0816266305847047e-7
-1.216071649699021e-7
-9.596419093528515e-8
-1.1124483680015824e-7
-8.487651985710687e-8
-1.0201292833201218e-7
-7.478211155260604e-8
-9.380477897737685e-8
-6.557491654066743e-8
-8.652490769498189e-8
-5.715917673073437e-8
-8.008789712850128e-8
-4.9448349634537444e-8
-7.44173929176651e-8
-4.236414168681695e-8
-6.944520939116041e-8
-3.5835639579039536e-8
-6.511052751374449e-8
-2.97985305589066e-8
-6.135917915539071e-8
-2.419439913671707e-8
-5.814300353413164e-8
-1.897009415107839e-8
-5.541927390863014e-8
-1.407715522415315e-8
-5.31501567112292e-8
-9.471079174702686e-9
-5.130048738480427e-8
-5.096808128440975e-9
-4.972566026121295e-8
-3.05015852585941e-8
-2.440063425619852e-7
-1.2567785940165773e-6
-3.956692634653583e-6
-9.64390560666921e-6
-0.00001994561538631513
-0.000036845218940613215
-0.00006264395941418777
-0.0000999619687062972
-0.00015170830254748185
-0.0002210698339390795
-0.00031148185849090874
-0.0004266096881038803
-0.0005703174008710085
-0.0007466443625109234
-0.000959771296639598
-0.0012139932059701633
-0.0015136825986463314
-0.0018632600962089402
-0.002267155008140973
-0.002729774935781618
-0.003255464107282994
-0.00384847336152946
-0.004512916765854953
-0.005252743395412748
-0.006071692731809918
-0.006973269575827588
-0.007960698536710695
-0.009036903192244032
-0.010204459624497397
-0.011465580579471007
-0.012822067524147298
-0.014275300121378292
-0.01582618576452345
-0.017475154280280885
-0.019222103468262277
-0.021066398709048476
-0.023006812832738876
-0.02504153036885167
-0.02716808019616813
-0.029383344603999474
-0.03168348368021214
-0.03406395015832225
-0.03651940533980617
-0.039043741786819665
-0.04162999161908621
-0.04427036030821956
-0.04695612924710783
-0.04967770499574703
-0.052424518884509295
-0.05518509684561054
-0.05794695930752716
-0.0606967170738168
-0.06341997479822631
-0.06610145818750973
-0.06872492392308667
-0.07127332281376257
-0.07372871824937244
-0.07607248894084576
-0.07828525701491794
-0.08034713281721759
-0.08223765275323662
-0.0839360674459066
-0.08542128852319288
-0.08667222030959207
-0.08766771401147139
-0.0883869421019385
-0.08880935774132137
-0.08891511004945193
-0.08868500604625022
-0.08810096402420561
-0.08714597471333092
-0.08580458889794686
-0.08406287381322504
-0.08190892993389474
-0.07933283770503037
-0.0763271969923199
-0.07288705801522775
-0.06901047515920651
-0.06469841422281586
-0.059955309948697896
-0.054788939153228744
-0.04921096819333888
-0.0432367779753212
-0.03688598348326637
-0.030182192020236077
-0.023153472045765473
-0.015832020691408096
-0.008254554212993034
-0.00046185592489030914
0.007500942986487024
0.015584966633989002
0.02373745457316367
0.031902545699758866
0.04002130484910708
0.0480327082378386
0.05587384833240455
0.0634811244531208
0.07079061547023986
0.07773945378020679
0.0842663259242296
0.09031297704019031
0.09582476663395642
0.10075221872443264
0.10505152972662544
0.10868605353879135
0.11162663800366991
0.11385292129069419
0.11535336946969126
0.11612626658001458
0.11617934304308514
0.11553036960325008
0.1142063054100279
0.11224345408951779
0.10968611751337987
0.10658633450472586
0.10300209331245662
0.09899673985532437
0.09463686730541578
0.08999153915081241
0.08513002561085037
0.08012102524416888
0.07503044430703482
0.06992081014708824
0.06484928431509095
0.059867437708259835
0.055019650459211714
0.05034336533820257
0.04586796302672897
0.04161553570782652
0.037600247026489994
0.033829586048414496
0.03030414238788484
0.02701922779389831
0.023964934248378412
0.021127960729227124
0.018491787793085718
0.0160385298359062
0.013749059521206069
0.01160472288415581
0.009587278727550939
0.00768035904815029
0.005869142694083238
0.004141504563781878
0.002487405375385317
0.0008997350325402781
-0.0006265432569408321
-0.0020938004745059712
-0.003502766049882697
-0.004852102474758474
-0.0061395042530835026
-0.007361349972609783
-0.008513787367966963
-0.009592386298253031
-0.010593142002538601
-0.011512077128103594
-0.012346123252521908
-0.013092648100043612
-0.0137502029621514
-0.014317975745525353
-0.014796413575480777
-0.015186619351694191
-0.015490872084828744
-0.01571199312784101
-0.0158537918364396
-0.015920428740047784
-0.015916812791802664
-0.015847984759811445
-0.015719487160581684
-0.015536784606042386
-0.01530562085420092
-0.015031485827812904
-0.014719967806218178
-0.014376270706641664
-0.014005564287267852
-0.013612550713000982
-0.013201812104201991
-0.012777422511406617
-0.01234329015088648
-0.011902809466087452
-0.011459194630952699
-0.011015166011352592
-0.010573271603650833
-0.010135602544816946
-0.009704099730281855
-0.009280293728769571
-0.008865594612136637
-0.008461052471289629
-0.00806762929936883
-0.007685977123853965
-0.007316691503011342
-0.006960105003078977
-0.006616522444141967
-0.006286028027267803
-0.00596870288824409
-0.005664444617638832
-0.005373167963144454
-0.005094635799246704
-0.004828643985016599
-0.004574863055934405
-0.004333008319047389
-0.00410269168068173
-0.0038835780708977048
-0.0036752469086379796
-0.0034773359149908476
-0.0032894117690846123
-0.0031111023098580803
-0.0029419759655877472
-0.002781663270335938
-0.002629744667090373
-0.002485862184840651
-0.0023496152265100627
-0.0022206631728547135
-0.0020986287753698104
-0.0019831923765885953
-0.0018740025373993143
-0.001770762492636424
-0.0016731476529289716
-0.001580884849100285
-0.0014936763622880487
-0.0014112724516592145
-0.001333401581629182
-0.0012598366745175725
-0.0011903312208533894
-0.0011246796513350796
-0.0010626590341628508
-0.0010040839187701652
-0.0009487533435437075
-0.0008965004651273554
-0.0008471446205768412
-0.0008005360215268389
-0.0007565126351799179
-0.0007149401915423342
-0.000675673668346784
-0.0006385928308329673
-0.0006035681258751135
-0.0005704919481766367
-0.0005392487689724111
-0.0005097422979988124
-0.00048186969179024234
-0.00045554475877566025
-0.00043067611114354875
-0.0004071865390506821
-0.0003849949893166407
-0.0003640322147214466
-0.0003442264805916997
-0.00032551557645489225
-0.0003078361700926971
-0.00029113224980006674
-0.00027534806312527716
-0.0002604330406300005
-0.00024633827346418817
-0.00023301795311814191
-0.00022042935773749334
-0.00020853082615370706
-0.0001972852401509583
-0.00018665453412663674
-0.00017660667597939523
-0.0001671066990315243
-0.00015812720043555066
-0.0001496358651214683
-0.00014160951726819129
-0.00013401808982661505
-0.0001268422808498738
-0.00012005390709326424
-0.0001136372317661653
-0.0001075656254050421
-0.00010182664819711738
-0.00009639492438680339
-0.00009126107903761054
-0.00008640071671991131
-0.00008180732858965085
-0.00007745724860794638
-0.00007334666498214133
-0.00006945241016642249
-0.00006577322753111996
-0.00006228623435665486
-0.00005899261180215674
-0.0000558695625965431
-0.00005292061124520146
-0.00005012285879408606
-0.00004748209939423397
-0.000044975155232304145
-0.00004261003566687259
-0.00004036311526377919
-0.00003824458194579494
-0.00003623020023241663
-0.000034332316679755094
-0.00003252592844992779
-0.0000308255364083242
-0.00002920521645439956
-0.000027681634173596505
-0.00002622779246649536
-0.00002486254646223408
-0.000023557675237190402
-0.000022334261459916692
-0.000021162709506838916
-0.00002006638108171698
-0.000019014153180188058
-0.000018031730964469126
-0.000017086309305846105
-0.000016206013689443758
-0.0000153561987145406
-0.000014567499375694789
-0.000013803267862612382
-0.000013096750541868343
-0.000012409129344537313
-0.000011776376425400824
-0.000011157329786461933
-0.000010590814437655178
-0.000010033143660521867
-9.52613520716351e-6
-9.023388934951809e-6
-8.569868589933452e-6
-8.116263019315361e-6
-7.710848726717249e-6
-7.301196303755304e-6
-6.93907581497364e-6
-6.568721427225002e-6
-6.2455923977625645e-6
-5.9103567700993645e-6
-5.622373426352425e-6
-5.318502151262164e-6
-5.062227786502157e-6
-4.78634605232167e-6
-4.558710594898105e-6
-4.307782590369724e-6
-4.106044597686143e-6
-3.8773373098542326e-6
-3.6990502620731634e-6
-3.4901009311521495e-6
-3.3330831592115057e-6
-3.1416702954120136e-6
-3.0039778807046634e-6
-2.828095301174683e-6
-2.7079982630408e-6
-2.5458317430199704e-6
-2.4417924980682045e-6
-2.291698772369449e-6
-2.202353175432296e-6
-2.062841403821281e-6
-1.986981405662421e-6
-1.8566963149011415e-6
-1.7932551610310346e-6
-1.6709617429817392e-6
-1.6190003041314501e-6
-1.5035705206710412e-6
-1.4622651479225875e-6
-1.3526654418715515e-6
-1.3212974627065147e-6
-1.216577851514079e-6
-1.1945239657389574e-6
-1.0938080836048523e-6
-1.0805319210344583e-6
-9.830079980227131e-7
-9.780527339064489e-7
-8.829653861953774e-7
-8.859470959077126e-7
-7.9258998909428e-7
-8.031917796576725e-7
-7.109010404962866e-7
-7.288678964007685e-7
-6.370157042822385e-7
-6.621503138435784e-7
-5.701394730155473e-7
-6.022978974290325e-7
-5.095567566986969e-7
-5.486453125181724e-7
-4.546229026804659e-7
-5.005952643066501e-7
-4.0475688095817504e-7
-4.5761151674492485e-7
-3.5943471825254817e-7
-4.192129382567538e-7
-3.181837712994051e-7
-3.849678493753966e-7
-2.8057740206353926e-7
-3.5448933142232814e-7
-2.4622998839023587e-7
-3.274304829346595e-7
-2.1479314504284987e-7
-3.0348059810274696e-7
-1.8595144291096573e-7
-2.82361622072461e-7
-1.5941917977441347e-7
-2.6382502831859277e-7
-1.3493736009919666e-7
-2.476488012394189e-7
-1.1227075220845072e-7
-2.336350409101554e-7
-9.120541599046933e-8
-2.2160746301754543e-7
-7.154647749972286e-8
-2.1140961242507417e-7
-5.3116163376454323e-8
-2.0290274546575806e-7
-3.575085615161432e-8
-1.9595744975204842e-7
-1.92466012188586e-8
-1.9003020424180267e-7