7.096600307683986e-6
0.00004257710038024249
0.0001458571164063604
0.00034411907261612404
0.000671408697846361
0.0011570350063746355
0.001832440152515685
0.0027261972195361784
0.0038674637244299702
0.005283074637455073
0.006999626991685444
0.009041532011787761
0.011432413199740919
0.01419368498260312
0.017345558899292082
0.020905947857703375
0.024891230279204535
0.029315374673108897
0.034190547006449
0.03952639586011763
0.04533055553571008
0.05160805595215019
0.058361755561553985
0.06559185346135328
0.07329627478519804
0.08147027014684703
0.0901067684748279
0.09919605328465554
0.10872609233377434
0.11868228265615265
0.1290477621457599
0.1398032165813342
0.150927174939254
0.16239587231753064
0.17418352828389394
0.18626226004978172
0.19860234142760538
0.21117216106717462
0.22393845860640824
0.23686632342650554
0.2499194042952819
0.26305994499544016
0.2762489641004066
0.28944632497168105
0.3026108831455467
0.3157005895010441
0.3286726039012715
0.34148343167442813
0.35408900344830707
0.3664448463100612
0.3785061309955094
0.3902278800470386
0.40156498448798705
0.41247245185447895
0.42290539505524477
0.43281932322486943
0.4421701055480669
0.4509143074312631
0.45900913162173884
0.4664128012359285
0.47308447954850974
0.47898470001205107
0.48407526470092044
0.48831971971298704
0.4916832305444393
0.49413309932037314
0.495638613502653
0.4961715994210106
0.49570623886006165
0.49421965154560027
0.4916916725224731
0.4881054547927699
0.48344719919450113
0.47770676748582835
0.4708773558642558
0.462956108614018
0.4539437266267469
0.4438450723929885
0.4326687059879455
0.42042747372305195
0.4071379660343595
0.3928210844362815
0.37750141846585905
0.36120778849784846
0.3439725421054538
0.32583207349521526
0.30682604299772703
0.2869978769827262
0.26639391729854217
0.24506390814076517
0.22306008474162115
0.2004376554543784
0.17725384056432197
0.15356835859870324
0.1294424266393426
0.104939259515673
0.08012304245948333
0.05505945049378821
0.029814602853638995
0.004455607795123927
-0.020950493797311058
-0.04633615544773337
-0.0716343871106014
-0.09677815383721664
-0.12170144035295398
-0.14633862333316136
-0.1706255371372673
-0.19449882327263535
-0.21789699690701528
-0.24075977792953374
-0.263029158120663
-0.2846487182338936
-0.30556469521309804
-0.32572528899006226
-0.34508172803122206
-0.36358756825210836
-0.38119975366249076
-0.3978779081812702
-0.413585386483375
-0.42828855781151576
-0.4419578405429899
-0.45456697554495923
-0.4660940366356923
-0.47652068973449707
-0.48583317035172924
-0.4940215237632862
-0.5010805399073412
-0.5070089690320669
-0.511810403869368
-0.5154924646583396
-0.5180676182502465
-0.5195523262155509
-0.5199677908087655
-0.5193390603109297
-0.5176956929115824
-0.5150708149393417
-0.5115016961362068
-0.5070287593900555
-0.501696064902089
-0.49555027463119156
-0.48864104846981954
-0.48101997258716356
-0.4727408774225083
-0.4638587457059877
-0.4544299688553838
-0.44451125648478146
-0.43415985336721546
-0.4234324764114403
-0.4123855175013741
-0.40107403517651063
-0.3895519685774663
-0.37787120892887366
-0.36608184638483904
-0.35423134113752447
-0.34236481876482483
-0.33052435328471286
-0.318749318802837
-0.3070757884098178
-0.29553694187699653
-0.28416257630764297
-0.2729795625852173
-0.2620114572330207
-0.25127899515612007
-0.240799787877785
-0.2305888372199691
-0.2206583031181059
-0.2110180221826933
-0.20167532838997893
-0.1926355615536583
-0.18390192583847587
-0.17547597547336496
-0.16735749863871546
-0.15954497067934706
-0.15203545391458953
-0.14482501165699802
-0.13790861744655086
-0.13128052598425238
-0.12493418790467455
-0.11886257607586884
-0.11305810414537372
-0.10751290845018595
-0.10221877015899362
-0.09716735428317659
-0.09235013632704593
-0.08775860065610269
-0.0833841732346532
-0.07921838198211408
-0.07525279751708629
-0.07147915821370589
-0.06788932097529286
-0.06447535358028499
-0.06122949745760644
-0.058144229660545714
-0.05521223947480865
-0.052426462036884114
-0.049780070422727314
-0.047266482576678995
-0.044879370337546354
-0.04261264099319347
-0.040460464523068666
-0.03841723075950614
-0.036477595973929355
-0.03463641631794531
-0.03288881476041869
-0.031230091203243923
-0.029655810689714044
-0.02816169034138968
-0.026743709703459833
-0.025397974428149412
-0.024120849597351876
-0.022908799881145844
-0.021758546678483138
-0.020666884302756695
-0.019630861804245323
-0.018647574574427044
-0.017714371755908974
-0.016828622509671837
-0.015987949976425015
-0.01518997131292892
-0.01443255924064089
-0.013713554825832901
-0.013031057735014577
-0.012383110606283148
-0.011768019224740911
-0.011184007207306109
-0.010629567413988237
-0.010103085543477375
-0.00960322420683987
-0.009128513905113737
-0.008677771310158395
-0.008249655966935991
-0.007843124451555697
-0.007456951008837836
-0.00709021938987573
-0.006741805498911803
-0.006410908852006778
-0.006096495165370373
-0.005797869523114233
-0.00551407669120306
-0.0052445182360104136
-0.00498830819329325
-0.00474493654069861
-0.004513577688934877
-0.004293802880885309
-0.0040848388018128986
-0.0038863316557807863
-0.0036975530126447504
-0.0035182184995709684
-0.003347637814096555
-0.0031855911652343563
-0.0030314201833731664
-0.002884965452355842
-0.0027455948377867224
-0.0026132056692169275
-0.0024871867878281653
-0.0023674891671397005
-0.002253517748344626
-0.002145274529473955
-0.0020421760111361013
-0.001944273038605159
-0.0018509894215728699
-0.0017624230819648704
-0.001678001137753875
-0.0015978671922952388
-0.0015214478834118933
-0.0014489314485613687
-0.001379740435397781
-0.001314106992071316
-0.001251446113354485
-0.001192033437804064
-0.0011352730633255883
-0.0010814839838329633
-0.001030056148762316
-0.0009813520423287041
-0.000934744281898639
-0.0008906392341018603
-0.0008483890459710117
-0.0008084446052196419
-0.0007701344744408087
-0.0007339549390729648
-0.0006992078674299798
-0.000666436050569936
-0.0006349115381565147
-0.000605224961021949
-0.0005766153934042564
-0.0005497228629300135
-0.0005237502621290685
-0.0004993887934001837
-0.000475801895296459
-0.0004537339434160447
-0.0004323055680953237
-0.0004123165378113208
-0.00039284122286312856
-0.0003747372275853127
-0.00035702909748786454
-0.00034063494227946835
-0.00032452578980568953
-0.00030968315557932324
-0.00029502071365075313
-0.00028158652215917615
-0.0002682329068129485
-0.0002560778481431244
-0.00024390815527384433
-0.00023291536143974742
-0.00022181640176776823
-0.00021188025169070518
-0.00020174941000665044
-0.0001927744526907831
-0.00018351865885778268
-0.0001754186429160468
-0.0001669534433967927
-0.00015965044230306313
-0.00015189916212091897
-0.00014532278564941537
-0.00013821577172499043
-0.00013230245501092653
-0.00012577639273460322
-0.00012046875526340816
-0.00011446605099084494
-0.00010971231860699255
-0.00010418054149957255
-0.00009993402522507726
-0.00009482540252892244
-0.00009104402861225148
-0.00008631498905453647
-0.00008296087523686014
-0.00007857163575718853
-0.00007561070924335184
-0.00007152490075496622
-0.0000689265538389988
-0.00006511088214170315
-0.00006284766183868727
-0.000059271600194388
-0.000057318928601059635
-0.000053954438825235534
-0.00005229036125862685
-0.0000491116404928751
-0.0000477165987550455
-0.00004469984936517755
-0.000043556477745020235
-0.0000406796980383367
-0.00003977263990430889
-0.00003701543358604493
-0.00003633117663682845
-0.0000336745791263465
-0.00003320130756178388
-0.00003062762747254723
-0.00003035508952046447
-0.00002784776376887659
-0.000027767153162127346
-0.00002531061431860199
-0.000025414464458178712
-0.000022994019085019013
-0.000023276108750991555
-0.000020877825591079523
-0.000021333095181942142
-0.000018943702165271092
-0.00001956817954655684
-0.000017174968682688643
-0.000017965703822953784
-0.00001555644312816059
-0.000016511450783165266
-0.000014074302471529895
-0.000015192512256020779
-0.000012715956491328935
-0.00001399716974473316
-0.000011469933313534179
-0.000012914786232539835
-0.000010325775551653785
-0.000011935708115920747
-9.273946042837455e-6
-0.000011051176314678138
-8.30574226707282e-6
-0.000010253245692854169
-7.413218630171055e-6
-9.53471201122392e-6
-6.589115862062115e-6
-8.889045705759169e-6
-5.826796859591277e-6
-8.310331853929046e-6
-5.1201883629707544e-6
-7.793215753259727e-6
-4.463727914256771e-6
-7.33285358730995e-6
-3.852315598786426e-6
-6.924867709866749e-6
-3.2812701153731235e-6
-6.5653061185157465e-6
-2.746288768553007e-6
-6.250605731202354e-6
-2.243411007164408e-6
-5.977559115666793e-6
-1.7689851702658884e-6
-5.7432843118579055e-6
-1.3196378055128455e-6
-5.54519486139592e-6
-8.922246196859775e-7
-5.380805668358849e-6
-4.82459377936417e-7
-5.237022250772763e-6
-2.901614916798076e-6
-0.000017408064592010783
-0.00005959264733424314
-0.00014046290600848227
-0.00027372264916238374
-0.00047099613009286064
-0.000744595045043108
-0.0011054355518593155
-0.00156440083502488
-0.0021311150272741077
-0.002814731484368366
-0.0036231024796739186
-0.004563266730044509
-0.0056408420030068
-0.006860328830835616
-0.008224649442263672
-0.009735328253151956
-0.011392141752586779
-0.013193213513003031
-0.015134760519330942
-0.01721113075374755
-0.019414642891757948
-0.021735590015810373
-0.024162175375717663
-0.026680502654137156
-0.02927461194469083
-0.03192647323793825
-0.034616124571296245
-0.037321680164140364
-0.04001956756014262
-0.042684555142956465
-0.0452900780949819
-0.047808282612995995
-0.05021042307170571
-0.052466913334066764
-0.054547771209808124
-0.056422662145308146
-0.05806136332359561
-0.059433782807731206
-0.06051041538229503
-0.0612623214558942
-0.06166155023890676
-0.06168106723185346
-0.06129512706597412
-0.060479145395734075
-0.05921001257456515
-0.05746591395094406
-0.05522658504301711
-0.052473092172455646
-0.049188038457126104
-0.04535532312921221
-0.040960314283207004
-0.03598960923162489
-0.03043119377956491
-0.02427422717759685
-0.01750920847822915
-0.010127808094424446
-0.0021230596436051363
0.006510743862774118
0.015777819030038238
0.025680919205793493
0.03622105763364479
0.0473974533590836
0.0592072105454366
0.07164518726758462
0.08470364306389351
0.09837204398244323
0.11263670117426726
0.12748053470415177
0.1428827364363881
0.15881852309808875
0.17525886553698358
0.1921702669574607
0.20951460624569915
0.22724897868726723
0.2453257018851916
0.2636922523389141
0.2822914773781082
0.3010616511035775
0.31993692441391824
0.3388475083254465
0.35772037736581747
0.3764795686599113
0.39504713357319676
0.4133435195699079
0.43128874364941755
0.4488028037380084
0.46580702805107277
0.48222444645187823
0.4979812549113428
0.5130070669916424
0.5272364237771662
0.5406088425871864
0.553070300854877
0.5645730035348852
0.575076774302377
0.5845484743628361
0.5929632453913344
0.6003035296680663
0.6065601255429153
0.6117307810248808
0.615821043409691
0.6188424246909507
0.6208130515128043
0.6217554300595928
0.6216969297559085
0.6206672064469501
0.6186985820280284
0.6158232162026532
0.6120734727853986
0.6074789600646553
0.6020670005922263
0.5958596854713774
0.5888745849449785
0.5811219791994352
0.5726059579169134
0.5633219947988118
0.5532585802829653
0.542395293348521
0.5307050869390988
0.5181529729447082
0.5046990292139545
0.49029774780671004
0.47490175347245583
0.4584617716832792
0.44093094475378647
0.4222652626373034
0.4024282467475064
0.3813915701617379
0.3591397721463877
0.335670700592826
0.3109998499350181
0.2851602158970631
0.25820584294118626
0.23021071306807955
0.20127116315131022
0.17150354425526906
0.14104532259352875
0.11005143085930065
0.07869407497065727
0.047157919723829225
0.015638843957886846
-0.01566168924074679
-0.04653850456181694
-0.07678866351789128
-0.10621343951277129
-0.13462404017736268
-0.16184316585773695
-0.18771001453365446
-0.2120810075080223
-0.23483372791518234
-0.255866569550199
-0.2751014494584845
-0.2924823326438843
-0.30797675076963166
-0.321573332892507
-0.33328231672397834
-0.34313234148065863
-0.3511702320868271
-0.3574573706666228
-0.3620690626388801
-0.3650908017760702
-0.3666175007277151
-0.36674991661215467
-0.36559396614675477
-0.36325750518858474
-0.35984987110167965
-0.35547913010709187
-0.35025191406744116
-0.34427117845923877
-0.33763633866714576
-0.3304415269813475
-0.32277598980780686
-0.31472279673133485
-0.3063594348621781
-0.29775690505991703
-0.28898043997753636
-0.28008891821345605
-0.27113563418564385
-0.2621679658447944
-0.2532281329798974
-0.24435306414961389
-0.23557509176072786
-0.22692197591241667
-0.21841749696675467
-0.21008160591421426
-0.20193088651599636
-0.1939788123498348
-0.18623606009465976
-0.17871086205200554
-0.17140915948760266
-0.1643350460578495
-0.15749075540296012
-0.15087719572347938
-0.14449376931401284
-0.13833900184158116
-0.13241019356511038
-0.12670414900938223
-0.12121666058307295
-0.11594334563860739
-0.11087896338698325
-0.10601836705620596
-0.10135565465707497
-0.09688524431329094
-0.09260085874935635
-0.0884967320249397
-0.08456642673508999
-0.08080418045036819
-0.07720355363624745
-0.07375892415661196
-0.07046396289580777
-0.06731328477222175
-0.06430074802218042
-0.0614212703203396
-0.05866894667842648
-0.056039039494028546
-0.05352590903862386
-0.05112518656100575
-0.04883151038786276
-0.046640891592648434
-0.04454824780446277
-0.04254997141521048
-0.040641252281803396
-0.038818858978540295
-0.03707824067738294
-0.03541653255513974
-0.03382942623707359
-0.032314411134858716
-0.03086740193413658
-0.02948622836591875
-0.02816700730084527
-0.026907894241418106
-0.02570518664750348
-0.024557351277113507
-0.023460844404095852
-0.02241443003148616
-0.02141470166576353
-0.020460707377975045
-0.0195491567657042
-0.018679369843651074
-0.01784815174979403
-0.01705508351055178
-0.016297045924995746
-0.015573871371657763
-0.01488249713221643
-0.014222998589076113
-0.013592351020991985
-0.012990865786311747
-0.012415538334613755
-0.011866910281972488
-0.011341980030089228
-0.010841515020430207
-0.010362499932186593
-0.009905924855175784
-0.009468744544163528
-0.009052169780025243
-0.008653109588823094
-0.008272994669962714
-0.007908672836136273
-0.007561795082516502
-0.0072291327655536345
-0.006912558671066936
-0.006608752620785717
-0.006319811774963137
-0.006042309429738269
-0.005778570767621405
-0.005525047581414067
-0.005284297767450259
-0.005052636577304023
-0.004832860340706179
-0.0046211325983126226
-0.004420494849765275
-0.0042269435535930875
-0.00404377312666482
-0.0038667973042930837
-0.003699572176703298
-0.003537712777777681
-0.0033850466396333533
-0.003236973713259384
-0.003097603760423494
-0.0029621047990228324
-0.002834880640464662
-0.0027108499854780173
-0.002594723562729125
-0.0024811527734662354
-0.0023751692002160095
-0.0022711382986085908
-0.002174427535426306
-0.00207909704584158
-0.001990866334076426
-0.0019034700451841565
-0.0018229970300709698
-0.001742835412235635
-0.0016694618920437966
-0.0015958961100514715
-0.001529022353726393
-0.0014614688198523133
-0.0014005484012113794
-0.0013384738191226486
-0.0012830089202141748
-0.001225925774441337
-0.0011754629149215452
-0.0011229253650512612
-0.0010770515192094782
-0.0010286516612648773
-0.000986990726606072
-0.0009423551885269131
-0.0009045647746499326
-0.0008633516145444432
-0.0008291201224680332
-0.0007910160024017964
-0.0007600599686800051
-0.0007247775784223013
-0.0006968392596005625
-0.0006641149677076916
-0.0006389601436428245
-0.0006085518549342629
-0.0005859678313114585
-0.000557653031780138
-0.0005374468238021657
-0.0005110207962682502
-0.0004930174772898226
-0.0004682916713955465
-0.00045233287214440374
-0.0004291334153979023
-0.0004150759597668094
-0.00039324229615227406
-0.00038095696223500457
-0.00036034060707261305
-0.0003497110016352826
-0.0003301744018811603
-0.00032109593888506033
-0.00030251142912545516
-0.00029489040289601664
-0.0002771392483852026
-0.00027089199337958773
-0.00025386351205348946
-0.0002489156415903476
-0.00023250639775497615
-0.00022879211504884083
-0.00021290517797080332
-0.0002103666532406131
-0.00019491091481879753
-0.0001934977229808894
-0.00017838726883649637
-0.0001780558825338361
-0.00016320941133560912
-0.0001639227449792462
-0.00014926303163477996
-0.00015099003197229925
-0.00013644343028030066
-0.00013915871002038261
-0.00012465469121127127
-0.0001283382019541709
-0.00011380892526462068
-0.00011844566706781523
-0.00010382557938672763
-0.0001094053435690848
-0.00009463080512912036
-0.00010114794853275395
-0.00008615688163409725
-0.00009361012936254774
-0.00007834168840229367
-0.00008673396329707478
-0.00007112822275559748
-0.0000804664999217451
-0.0000644641593701118
-0.00007475934344689394
-0.000058301446546008845
-0.00006956827120061579
-0.00005259593761782489
-0.00006485288483106072
-0.00004730705321963268
-0.00006057629216977818
-0.000042397472376885215
-0.00005670481599510939
-0.00003783284966872889
-0.00005320772856470116
-0.00003358155607389203
-0.000050057008630726205
-0.000029614441751323948
-0.000047227119769952033
-0.000025904618427508345
-0.00004469480796006138
-0.000022427260303740436
-0.0000424389164514908
-0.000019159420909527675
-0.000040440216942968255
-0.000016079865516857332
-0.00003868125527322676
-0.000013168917105950606
-0.000037146210743593366
-0.000010408314719670397
-0.000035820767200918354
-7.781081511428892e-6
-0.00003469197985114707
-5.271277893320727e-6
-0.00003374715924872119
-2.8558813782904883e-6
-0.00003291019277264357
-5.892717840903641e-6
-0.00003535642091698393
-0.00012126228000189967
-0.00028653290513237854
-0.0005601337047697268
-0.0009675233332861881
-0.0015364326886158984
-0.0022927740993613165
-0.003263537274018082
-0.0044743961447404855
-0.005951424774586101
-0.007719449969530741
-0.009803160121052269
-0.012225843603427078
-0.015010146990293903
-0.018177037215602633
-0.021746350062260285
-0.025735896943853708
-0.0301618937976656
-0.035038172330745986
-0.04037655295911432
-0.04618613909065465
-0.05247368114026544
-0.059242940500168796
-0.06649507940793063
-0.07422808342073409
-0.08243720200600192
-0.09111441737750132
-0.10024895255478092
-0.10982677214675417
-0.1198311682615971
-0.13024227641029046
-0.14103774509913108
-0.1521922481345494
-0.16367824092995098
-0.175465449389493
-0.18752171467982962
-0.1998124385415915
-0.21230151817806192
-0.22495072813980999
-0.23772074771919155
-0.2505704603218869
-0.26345807704792823
-0.27634033561360005
-0.2891737254736208
-0.30191356987890683
-0.3145153598461466
-0.32693370484600054
-0.33912378506237684
-0.3510401584725492
-0.36263834298744385
-0.37387347016487865
-0.3847020107100387
-0.39508026748738423
-0.40496625910939643
-0.41431804694307917
-0.42309579174242345
-0.43125991066196384
-0.4387733208116309
-0.4455994227103519
-0.451704542171343
-0.4570557361943323
-0.4616234408820873
-0.46537909472348626
-0.4682979956751969
-0.4703567355306687
-0.4715362643441719
-0.4718191285293623
-0.4711927359138378
-0.4696463896839111
-0.46717474285798277
-0.4637746203338709
-0.4594486476277852
-0.45420185409309327
-0.44804545747579844
-0.44099324282612506
-0.4330654818929713
-0.4242850844096266
-0.41468162988641216
-0.4042872910706275
-0.3931409557409078
-0.3812839265963096
-0.3687641126964471
-0.3556315161049962
-0.3419424768730738
-0.3277549643422383
-0.3131328657000918
-0.29814110817129746
-0.2828499881146191
-0.2673301579538827
-0.2516569988441412
-0.23590551126547366
-0.22015473758697238
-0.20448259606003283
-0.1889703587156955
-0.1736974641401361
-0.15874605065163297
-0.14419577404620015
-0.13012838680499544
-0.11662257457002585
-0.103758561215776
-0.09161296459573708
-0.08026339713982063
-0.06978332995930422
-0.06024665141949746
-0.0517225209977717
-0.04427984548535291
-0.03798210119961804
-0.03289168974703349
-0.029064709781179525
-0.026555161867401443
-0.02540965927564787
-0.02567146477860507
-0.02737514451211177
-0.030550439090677763
-0.035216885922609235
-0.041387553095721175
-0.049063683386839994
-0.05823835072785062
-0.06889121103462457
-0.08099217377683922
-0.09449637512883458
-0.10934798416691933
-0.12547553433335598
-0.14279599590844352
-0.16121060301953294
-0.18060931261431543
-0.2008672390497562
-0.22184958006005853
-0.2434087176325361
-0.2653896254404505
-0.28762761911091833
-0.3099541769977383
-0.3321952381115102
-0.3541772846563327
-0.375726009058461
-0.3966724400887414
-0.41685174838347167
-0.4361091630141291
-0.4542986693110411
-0.4712884672847682
-0.48695933992594237
-0.5012094479970225
-0.5139522060608346
-0.5251202808499906
-0.5346628939800832
-0.5425489790580711
-0.5487639187785762
-0.5533119032153908
-0.5562121894091626
-0.5575007758331081
-0.5572263326013356
-0.555451355261119
-0.5522479465304968
-0.5476986323295021
-0.5418921803878837
-0.534924254297511
-0.5268934343414108
-0.5179018571564061
-0.5080515670811148
-0.4974452480317354
-0.4861829883109278
-0.4743631661869726
-0.4620796656826648
-0.44942293547827056
-0.43647765400819094
-0.42332394769057785
-0.41003547439887156
-0.3966807640082134
-0.3833216711139434
-0.37001478851591074
-0.3568102120493557
-0.34375297431040885
-0.33088206454518415
-0.3182318332380699
-0.30583121559983245
-0.29370506503373534
-0.281873537413281
-0.2703533206682911
-0.2591571467508078
-0.2482948939546051
-0.23777320282580838
-0.22759643625427892
-0.2177663837621031
-0.20828307131085236
-0.1991445450228726
-0.19034752786698428
-0.18188727889395073
-0.17375809757544955
-0.16595325822070106
-0.15846536498038838
-0.15128636350799815
-0.14440775078378376
-0.1378206675696011
-0.13151596753638645
-0.1254843948927423
-0.11971651706193356
-0.11420299226114018
-0.10893436936966239
-0.10390145036659573
-0.09909496021102523
-0.09450600904247661
-0.09012563396735852
-0.0859453658692812
-0.08195664403356538
-0.07815149236856
-0.07452180685001332
-0.07106014594640034
-0.06775888995079313
-0.06461115045600756
-0.06160979977539771
-0.05874850443448483
-0.05602062206388709
-0.053420364061807696
-0.05094155657162048
-0.048578937723743186
-0.04632677857768482
-0.04418032066620441
-0.04213425208024319
-0.04018429140810304
-0.038325513463257826
-0.03655408613179194
-0.03486543957860447
-0.033256162981532514
-0.03172201039532283
-0.03025996485833218
-0.028866073437152983
-0.02753768673875573
-0.02627111499419155
-0.025064051594166217
-0.023913041397896503
-0.022816097527731647
-0.021769972400155317
-0.02077297767061236
-0.01982204777024098
-0.018915773584975114
-0.01805124754886872
-0.017227322366471225
-0.01644122594734258
-0.01569205724658273
-0.014977158533196087
-0.014295861224789916
-0.01364560215045
-0.013025933100444344
-0.012434366877081899
-0.01187066516547787
-0.011332399255451948
-0.010819531773024428
-0.010329676000096733
-0.009862987984227148
-0.009417107382752483
-0.008992377497129648
-0.008586449515697639
-0.00819984909926692
-0.007830224789866152
-0.007478280911798483
-0.007141649753768829
-0.0068212117426309764
-0.006514569781398568
-0.006222778912196629
-0.005943399906648977
-0.005677661957911729
-0.005423071262811711
-0.005181031676578098
-0.004948982601436242
-0.004728504003488314
-0.004516956418774149
-0.004316098275477652
-0.004123199248956159
-0.003940199458432186
-0.003764265733356831
-0.0035975239662267814
-0.003437026100716455
-0.003285088724223937
-0.0031386367370283483
-0.0030001831695317064
-0.0028665135448183027
-0.0027403439047847186
-0.0026183078263295224
-0.002503331750670911
-0.00239188444877427
-0.0022871109688671815
-0.0021853020703070185
-0.0020898304443587898
-0.001996795232444313
-0.0019098066419521575
-0.0018247581365230395
-0.0017455081646939844
-0.0016677299452279538
-0.0015955417625802112
-0.0015243814625152405
-0.0014586396514368405
-0.0013935030600277269
-0.0013336480185971418
-0.001273993731861403
-0.0012195166009507667
-0.0011648511699667863
-0.0011152892338858523
-0.0010651627623609315
-0.0010200952789623787
-0.0009740974277547685
-0.0009331418468627666
-0.0008908982074399551
-0.0008537067403222722
-0.0008148755410133359
-0.0007811320504977228
-0.0007454011652244682
-0.0007148183422139817
-0.0006819025725883229
-0.0006542193759858044
-0.0006238579810153428
-0.000598837314191009
-0.0005707917644914757
-0.0005482183678882138
-0.0005222703029685354
-0.0005019488407812441
-0.00047789821095521525
-0.0004596515357819035
-0.0004373149106563509
-0.00042098248887782855
-0.0004001915173293682
-0.0003856280002931729
-0.000366228007214903
-0.00035330193528148544
-0.00033515064337172573
-0.0003237432703987896
-0.00030670963362675887
-0.00029671386126132294
-0.00028067700144088697
-0.00027199641304554177
-0.0002568446480637466
-0.0002493926331362977
-0.00023502258977010096
-0.00022872155070503518
-0.00021503735287161085
-0.00020981798748162574
-0.00019673051367235253
-0.00019253116565723987
-0.0001799573685089542
-0.00017672344090300792
-0.00016458572358875334
-0.0001622691485923601
-0.00015049479200511558
-0.00014905355345971711
-0.00013757418981389402
-0.00013697189278761405
-0.0001257230208036462
-0.00012592850484811988
-0.00011484904279952325
-0.00011583603533153844
-0.00010486790790766208
-0.00010661471359370917
-0.00009570247030708727
-0.00009819169423537635
-0.0000872821542909522
-0.00009050045622245863
-0.00007954237914022486
-0.00008348025535889128
-0.00007242403354367562
-0.00007707562573939094
-0.00006587299681055007
-0.00007123592450629276
-0.00005983970184435358
-0.0000659149175364714
-0.00005427873639263228
-0.00006107040119004227
-0.000049148478853620355
-0.00005666385782169093
-0.0000444107661579368
-0.00005266014102630025
-0.00004003059020292006
-0.000049027189475040065
-0.000035975820407277155
-0.000045735765062195875
-0.00003221695083797939
-0.000042759214914381716
-0.00002872686846657187
-0.000040073254090850134
-0.00002548064195243276
-0.00003765576697926829
-0.000022455327542400765
-0.000035486626737070125
-0.00001962979242473254
-0.000033547530299243315
-0.000016984552390151035
-0.0000318218482002086
-0.00001450162361580726
-0.00003029448743041188
-0.000012164386782747876
-0.00002895176650307113
-9.957462175880627e-6
-0.000027781301747557534
-7.866595903759714e-6
-0.00002677190326765678
-5.878552843000058e-6
-0.000025913468389466062
-3.9809250844806525e-6
-0.000025196134797667776
-2.156002344859835e-6
-0.00002456224747295121