0.0001531003436320364
0.0006122584118853373
0.0013745606996838722
0.0024365942251608577
0.0037927449815561313
0.005436417725493614
0.007359223070840991
0.00955169946754512
0.012002820412317308
0.014700520113945946
0.017631357618629266
0.020780937973341854
0.024133666766762367
0.02767310595973446
0.03138178541892772
0.03524151416928977
0.03923323063606557
0.04333728286371561
0.04753330748597724
0.05180048946081626
0.05611746465570427
0.06046256811629768
0.06481375784710988
0.0691488593778086
0.0734455094870457
0.07768140340401519
0.08183425733916512
0.0858820629592887
0.08980306701960007
0.09357603578370696
0.09718024901862497
0.10059577477168817
0.10380347356518652
0.10678528132385266
0.10952421779486846
0.11200467243187325
0.11421240895955405
0.11613484584888133
0.1177610468546039
0.11908198482595261
0.12009050653561844
0.1207815666554075
0.12115215497364612
0.12120148716413964
0.12093088417428711
0.12034390844587005
0.11944618912344021
0.11824549671105992
0.11675151355579001
0.11497584604861742
0.11293174679753573
0.11063407040819556
0.108098960696927
0.10534376253533122
0.1023866930556793
0.0992467267386908
0.09594327269140307
0.09249605212214776
0.08892480371387337
0.08524917140783109
0.08148845653944269
0.07766152961512071
0.0737866417501469
0.06988136765859382
0.06596248112122063
0.062045928982068795
0.05814676733412694
0.054279159431273774
0.050456362549185646
0.04669073780719679
0.042993773533265944
0.0393760930711985
0.03584749968243691
0.03241696983533668
0.02909270717143147
0.0258821130722614
0.022791842160848366
0.0198277479299495
0.016994938196095835
0.014297699644316429
0.011739556952521954
0.009323184692853986
0.0070504771241035845
0.0049224579179972085
0.002939368175671357
0.0011005836416418339
-0.0005952735238612611
-0.0021504034808938026
-0.0035676913999938475
-0.004850759877602841
-0.006003808558324328
-0.00703165218300566
-0.007939543194871395
-0.008733200511203746
-0.009418623297811944
-0.010002117075546553
-0.01049010728109948
-0.010889169216814678
-0.011205848976284172
-0.011446702409069011
-0.011618128994636415
-0.011726422995386822
-0.011777623506275689
-0.011777578867274869
-0.011731813900077425
-0.011645606856917453
-0.011523873101499806
-0.011371252605281696
-0.011192008168219678
-0.010990120783342393
-0.010769199904754341
-0.010532583813860848
-0.010283259317278361
-0.01002396443041
-0.009757115081675831
-0.009484907836595535
-0.009209251557618887
-0.008931868398818888
-0.008654228810564301
-0.008377649548608358
-0.008103230842578066
-0.007831950625394414
-0.007564603059087445
-0.007301888572005806
-0.0070443532352142055
-0.006792474487938275
-0.006546601080466976
-0.006307034578179296
-0.006073969740245737
-0.005847572031780162
-0.005627918404170884
-0.005415071128184625
-0.005209018994936469
-0.005009747824533848
-0.004817182128927297
-0.004631252663444758
-0.004451838594387567
-0.00427883245465112
-0.0041120828479813895
-0.003951457152444593
-0.003796784775591357
-0.003647917926308811
-0.0035046754147732497
-0.0033669017879351644
-0.0032344116476594135
-0.0031070474201320506
-0.0029846241465185976
-0.0028669861333500087
-0.002753952153145121
-0.002645371202060552
-0.0025410680334952726
-0.0024408982312525114
-0.002344693987147411
-0.0022523186826212634
-0.002163612811591782
-0.0020784482507223015
-0.0019966742208933066
-0.0019181714159138199
-0.0018427978897332825
-0.0017704432050100682
-0.0017009741282089988
-0.0016342889528473418
-0.0015702628806430567
-0.001508802669185653
-0.001449791574063875
-0.0013931444669390569
-0.0013387522108660376
-0.0012865373920930437
-0.001236397998415097
-0.0011882639063244369
-0.0011420397300629694
-0.0010976622048633014
-0.0010550420722725766
-0.0010141225000569352
-0.0009748198672608589
-0.0009370833618062911
-0.0009008345265538686
-0.0008660281766475321
-0.0008325905655013894
-0.0008004817654647012
-0.0007696323101167741
-0.000740007183826026
-0.000711540793965963
-0.0006842027173665025
-0.0006579308530428523
-0.0006326990763757601
-0.0006084484196387155
-0.0005851567879808231
-0.0005627680114327284
-0.0005412637803866049
-0.000520590408845335
-0.0005007331510855977
-0.00048164051167436616
-0.000463301109370712
-0.0004456653648522946
-0.00042872508265043416
-0.0004124323426014186
-0.00039678197572334107
-0.00038172748011747377
-0.00036726657219007645
-0.000353353942070922
-0.00033999006745330556
-0.000327130617566774
-0.00031477872316942304
-0.000302890831684169
-0.0002914726335428824
-0.0002804811642688059
-0.0002699245944352987
-0.00025976036724488776
-0.0002499990668493809
-0.00024059837231422276
-0.00023157122696073812
-0.00022287538150730406
-0.00021452609545059075
-0.00020648103362651464
-0.00019875773946062146
-0.00019131364017616816
-0.00018416854102743137
-0.00017727948489053042
-0.00017066852635854688
-0.00016429218146269667
-0.0001581747507800349
-0.0001522720845266137
-0.00014661073462251162
-0.00014114574936320172
-0.00013590594571878274
-0.00013084543619748708
-0.00012599532455336886
-0.00012130865529456531
-0.00011681884844648702
-0.00011247774940345738
-0.00010832113147017459
-0.000104299510386383
-0.00010045105707439063
-0.00009672482715112776
-0.00009316144066870926
-0.00008970836225047192
-0.0000864087196410187
-0.0000832082547394784
-0.00008015266850944844
-0.00007718584709525749
-0.00007435613710966495
-0.00007160543418716211
-0.00006898480989451085
-0.00006643403246229642
-0.00006400698458889354
-0.00006164116766824638
-0.00005939336860108402
-0.000057198679577817167
-0.00005511689171534846
-0.000053080542312514374
-0.000051152533729540315
-0.00004926269898192869
-0.000047477165808043056
-0.000045722909463925936
-0.0000440694044252938
-0.000042440610250193545
-0.000040909476872268864
-0.00003939678537300727
-0.00003797909738527618
-0.00003657384751355145
-0.00003526135303129328
-0.00003395552846361039
-0.000032740598563448984
-0.00003152677818514549
-0.000030402359518551968
-0.00002927367177493836
-0.00002823324289621334
-0.00002718332369834984
-0.00002622085480747034
-0.000025243808707613244
-0.000024353724536776365
-0.000023444088911687296
-0.000022621234504652224
-0.00002177394650653959
-0.000021013555659660354
-0.000020223921713027597
-0.000019521587869129175
-0.00001878525551323445
-0.0000181369049122216
-0.00001744983680182768
-0.000016851703711722085
-0.000016210153603238448
-0.00001565875746750178
-0.000015059248037979435
-0.000014551372389434313
-0.000013990674739815561
-0.000013523347741696469
-0.000012998462454177146
-0.000012568938943453655
-0.000012077078568586158
-0.000011682823483956105
-0.00001122139634827153
-0.000010860069434783072
-0.000010426664661933507
-0.000010096106354951402
-9.688480008349648e-6
-9.386698404746314e-6
-9.002760661869067e-6
-8.727919496856854e-6
-8.365722776147283e-6
-8.116130325992412e-6
-7.77385829174903e-6
-7.5479571343097076e-6
-7.223914508969101e-6
-7.020272075734071e-6
-6.712875200159456e-6
-6.530175060293233e-6
-6.2379431417884315e-6
-6.07497696111503e-6
-5.796523953656068e-6
-5.652184081992549e-6
-5.386211153813534e-6
-5.259483788737035e-6
-5.004772327679226e-6
-4.89473121501299e-6
-4.650136331288174e-6
-4.55593696160598e-6
-4.3203814481787974e-6
-4.2412557135387825e-6
-4.013724429404806e-6
-3.948975703464859e-6
-3.7285103451479213e-6
-3.677508960978728e-6
-3.463203192520412e-6
-3.4253822848343634e-6
-3.2163771983772485e-6
-3.1912288858133245e-6
-2.9867087653533945e-6
-2.973780648247301e-6
-2.7729690127222745e-6
-2.7718609648010365e-6
-2.574016868428688e-6
-2.5843781004620196e-6
-2.3887926689642373e-6
-2.4103190469845757e-6
-2.2163122315727068e-6
-2.2487438307365135e-6
-2.0556613594237174e-6
-2.0987802390147953e-6
-1.9059907519884428e-6
-1.959618935872497e-6
-1.766511287555487e-6
-1.8305089366831474e-6
-1.636489649645819e-6
-1.710753414758068e-6
-1.5152442739752726e-6
-1.5997058152423587e-6
-1.4021415892296815e-6
-1.4967662563040596e-6
-1.2965925334569985e-6
-1.4013781923553629e-6
-1.1980493220686573e-6
-1.313025321296851e-6
-1.106002450767659e-6
-1.2312287205238149e-6
-1.0199779150181475e-6
-1.1555441894462846e-6
-9.395346311660512e-7
-1.0855597882041759e-6
-8.642620430723868e-7
-1.020893557708301e-6
-7.937779007530557e-7
-9.611914032579138e-7
-7.277262001269251e-7
-9.06125133703851e-7
-6.65775268374394e-7
-8.553906464693513e-7
-6.076159876954561e-7
-8.087062433243494e-7
-5.529601451094755e-7
-7.658110681157094e-7
-5.015389004703173e-7
-7.264636612709836e-7
-4.5310136233533374e-7
-6.90440619655663e-7
-4.0741326470650833e-7
-6.575353541472146e-7
-3.6425573807043953e-7
-6.275569377836581e-7
-3.234241655205605e-7
-6.003290399169833e-7
-2.8472711982604846e-7
-5.756889388664397e-7
-2.479853747250517e-7
-5.534866066602894e-7
-2.1303098349604938e-7
-5.335838612534623e-7
-1.7970642300861515e-7
-5.158535837583995e-7
-1.4786379623859066e-7
-5.001789912584842e-7
-1.1736408702117604e-7
-4.864529637621144e-7
-8.807644489530199e-8
-4.745772362678079e-7
-5.987606959720951e-8
-4.6445018195612563e-7
-3.255129068110101e-8
-4.5523435346832975e-7
-0.00010092114270772451
-0.0004036145827319304
-0.0009067333364819372
-0.0016087055288924999
-0.002506975536250547
-0.003598578241853512
-0.004879806940063813
-0.006346542228083837
-0.007994079283661063
-0.009817326304734315
-0.011810704766015676
-0.013968232366457606
-0.01628345162435704
-0.018749388651793448
-0.0213584814117706
-0.02410240247256115
-0.026971969961725194
-0.02995682941001467
-0.033045343280294695
-0.0362241403393744
-0.03947799447278271
-0.04278926726316668
-0.04613780313924685
-0.049500310089643416
-0.05285031519237102
-0.05615754796533022
-0.059388016690556183
-0.06250347656025289
-0.06546170043759379
-0.06821612597231823
-0.07071640014178526
-0.07290830040431583
-0.0747346246987567
-0.07613546539501446
-0.07704948999694725
-0.07741460893056583
-0.07716964479819889
-0.07625537629368907
-0.07461652879905473
-0.07220310341046411
-0.06897254825737976
-0.06489120576751271
-0.059936456016589874
-0.05409805199211183
-0.047379978592411005
-0.039801409547889174
-0.03139801154396879
-0.022222259183315104
-0.012343941921618506
-0.001849621315965444
0.009157828077212616
0.020560742124456306
0.03222814643354085
0.04401825329394464
0.055780871216172756
0.06736071643608552
0.07860050859771997
0.08934478764249353
0.09944331383781149
0.10875496084454818
0.11715094634130738
0.12451831129675087
0.13076248762684034
0.13580989448157493
0.13960941727277704
0.1421337618099342
0.14337957236245197
0.1433673712038664
0.14214025858910867
0.13976249533395146
0.13631696264835502
0.13190267073652875
0.1266313601683
0.12062438947878477
0.11400898583203761
0.10691504061411915
0.09947153800534501
0.09180375506253201
0.08403031252569004
0.07626114904066632
0.06859547653983936
0.06112071494353683
0.053911440192141814
0.047029274716451644
0.04052273802524623
0.034427933446735524
0.028769085792725656
0.023559773409296592
0.018803881127514015
0.014497103963667431
0.01062805170666275
0.007179783776335314
0.00413085519917584
0.0014567082738931847
-0.0008694761165343054
-0.0028756290099660087
-0.0045901993364555315
-0.006041278989775902
-0.007256270047989138
-0.008261268691816247
-0.009080959426409201
-0.009738214523847872
-0.010254162380693547
-0.010647949021115136
-0.010936924191110007
-0.01113651346445424
-0.011260471629999488
-0.011320822675313804
-0.011328140488616429
-0.011291525150069035
-0.011218882346985839
-0.011116915164448068
-0.01099138377446225
-0.010847100826497
-0.01068816097717042
-0.010517934563172177
-0.010339262237575956
-0.010154445989724991
-0.009965407831747417
-0.009773679819667558
-0.00958052784326717
-0.009386943582559197
-0.009193735461774936
-0.009001525889021408
-0.008810811733274982
-0.008621970091585126
-0.008435290538698731
-0.00825099229858854
-0.008069230203558807
-0.00789012568114446
-0.007713747974641023
-0.007540160890614074
-0.007369380451836025
-0.007201438935566624
-0.007036319790144671
-0.00687404015146576
-0.0067145635688040575
-0.006557901920985109
-0.006404006265317296
-0.006252888879370972
-0.006104492362207309
-0.0059588323918785616
-0.005815845065111783
-0.0056755508706043175
-0.005537880140291896
-0.005402858688201446
-0.005270411154941781
-0.005140568739912539
-0.005013250146116574
-0.004888491831639462
-0.004766206198676089
-0.0046464348048696575
-0.004529083383254824
-0.0044141984797619275
-0.004301678838691643
-0.004191575966944117
-0.004083781368555657
-0.003978351576546144
-0.0038751706712676724
-0.003774300364586015
-0.003675617187112236
-0.0035791882575223672
-0.003484882473773005
-0.0033927726502964595
-0.003302719997237961
-0.0032148033604833997
-0.0031288762208430973
-0.003045023825939086
-0.002963091887101633
-0.002883172448006539
-0.002805103402022352
-0.002728983998884664
-0.002654644249525586
-0.0025821910300155232
-0.0025114463821539084
-0.0024425252344866784
-0.002375241546828799
-0.002309718729582355
-0.0022457625189953446
-0.0021835052381492695
-0.0021227442276417364
-0.0020636211557243066
-0.0020059247632159905
-0.0019498064976178555
-0.0018950462636499671
-0.0018418057247233874
-0.0017898556812711798
-0.0017393684525652063
-0.0016901054346314711
-0.0016422500477451549
-0.0015955539519712956
-0.0015502121202011407
-0.0015059661138987126
-0.0014630229185829812
-0.0014211136040958602
-0.001380457638791108
-0.0013407751774042014
-0.001302298652852845
-0.001264736852308095
-0.0012283356683928464
-0.001192792038219413
-0.001158365824997096
-0.0011247416041855363
-0.0010921937371059513
-0.0010603938969987949
-0.0010296314893829257
-0.0009995647153704676
-0.0009704985910264601
-0.0009420772464543912
-0.0009146218961161193
-0.0008877619703985872
-0.0008618354938131877
-0.0008364565381947134
-0.0008119805744464131
-0.0007880056269050393
-0.0007649052753203932
-0.0007422607768300919
-0.000720464510139124
-0.00069908021374713
-0.0006785197851732145
-0.000658328660209509
-0.0006389390055309239
-0.0006198771371448483
-0.0006015962739084102
-0.0005836027603839585
-0.0005663716839415084
-0.0005493885313309608
-0.0005331511104393187
-0.0005171231268946915
-0.000501825997796253
-0.0004867006872343277
-0.0004722931487417117
-0.00045802060486813936
-0.0004444545130587822
-0.0004309873147427551
-0.00041821697993407747
-0.00040551008722994396
-0.0003934921719108202
-0.00038150282461143223
-0.0003701962432821085
-0.00035888386107141106
-0.00034824968271238323
-0.00033757576769700396
-0.0003275771204726906
-0.00031750516219633285
-0.0003081071408568623
-0.0002986025242460189
-0.0002897721000648116
-0.0002808020159840308
-0.00027250795025991504
-0.00026404130885728275
-0.00025625406847931887
-0.00024826141576293764
-0.00024095309228052935
-0.0002334065292743547
-0.00022655076096985197
-0.00021942386629683822
-0.00021299576340209697
-0.00020626351843375067
-0.00020023959083163414
-0.00019387830794459775
-0.00018823639639421418
-0.00018222365026478892
-0.00017694286020461067
-0.00017125742173042138
-0.00016631806031522012
-0.00016093983331380847
-0.00015632334873190917
-0.00015123330972203997
-0.00014692223369703144
-0.00014210237391235137
-0.00013808026680188512
-0.00013351353696255117
-0.00012976493528889067
-0.00012543519286188336
-0.0001219455595919559
-0.00011783751852381819
-0.00011459319545240699
-0.00011069237805017831
-0.00010768054097310567
-0.00010397323231774747
-0.00010118184818308492
-0.00009765505222726438
-0.00009507283843339103
-0.00009171423673630621
-0.00008933062279158286
-0.00008612853502012506
-0.00008393362592212846
-0.00008087697202733906
-0.00007886151376086381
-0.00007593977827072874
-0.00007409512525785307
-0.00007129832314165385
-0.00006961640721647063
-0.00006693505146592509
-0.00006540835265227588
-0.00006283342346225414
-0.00006145494251648074
-0.0000589778579802525
-0.00005774109047316407
-0.000055353678629771054
-0.00005425259023281383
-0.00005194706257967102
-0.0000509760661860594
-0.00004874499232026172
-0.00004789892647115241
-0.000045735210172699226
-0.0000450093183584045
-0.000042906174554678294
-0.00004229608627716121
-0.000040247019511460206
-0.00003974873224359515
-0.00003774751598730731
-0.00003735737821573581
-0.000035398034759955475
-0.00003511273058674038
-0.00003318951251910094
-0.00003300604669404739
-0.00003111341894057067
-0.00003102910298356683
-0.000029161725614137116
-0.000029174165266011507
-0.000027326877224820913
-0.000027433960543593124
-0.000025601763886805174
-0.000025801650057689287
-0.000023979695178831925
-0.000024270804448702462
-0.000022454375745586465
-0.000022835379954194156
-0.000021019882098570118
-0.000021489695667994395
-0.000019670640539571592
-0.00002022841291863429
-0.000018401406889842615
-0.00001904651496852476
-0.000017207246819050366
-0.000017939288480353777
-0.000016083517769833256
-0.000016902305648262825
-0.00001502585136633702
-0.000015931407638044722
-0.000014030137357038917
-0.000015022688794236084
-0.000013092508231348966
-0.000014172481784155206
-0.000012209324517516827
-0.000013377343827521312
-0.000011377161479199612
-0.000012634043375421278
-0.00001059279594556795
-0.0000119395478203599
-9.853194215260062e-6
-0.00001129101173348549
-9.155500769104543e-6
-0.000010685766169287111
-8.497027528502119e-6
-0.00001012130801182693
-7.875243577835283e-6
-9.595290533192824e-6
-7.287765563775562e-6
-9.105514043776007e-6
-6.732348761151396e-6
-8.649917295865166e-6
-6.2068785838425426e-6
-8.22656968218843e-6
-5.709362695281117e-6
-7.833663366500173e-6
-5.2379233004118915e-6
-7.469506387396826e-6
-4.7907901400555384e-6
-7.132515373867185e-6
-4.366293853080568e-6
-6.821209806681007e-6
-3.96285948067915e-6
-6.534206059553918e-6
-3.57900073276734e-6
-6.270211477010602e-6
-3.2133143566597406e-6
-6.028019354377907e-6
-2.8644748728961915e-6
-5.806504030007299e-6
-2.5312294896037813e-6
-5.604616117430395e-6
-2.2123934699913683e-6
-5.421378262533156e-6
-1.9068459029710207e-6
-5.255881423763932e-6
-1.6135253552643374e-6
-5.107280368560372e-6
-1.331425974277887e-6
-4.974790604997629e-6
-1.0595937882638437e-6
-4.857684926918577e-6
-7.971231533432435e-7
-4.755288460279261e-6
-5.431397182823623e-7
-4.666869014756881e-6
-2.9595224730900905e-7
-4.584938431302813e-6
-0.00014980668088289908
-0.00059882924338764
-0.001338985102144297
-0.0023609574890916256
-0.0036496674337297822
-0.005187950206449722
-0.006954605729664162
-0.008926787687265531
-0.01107897798718576
-0.013384849267679072
-0.01581662160165125
-0.01834657381975784
-0.02094651254181365
-0.023588975427160343
-0.026246654355728635
-0.028893311275259185
-0.03150307169895179
-0.03405109182692475
-0.03651270021815271
-0.03886388725260514
-0.041080324570839856
-0.04313778041876586
-0.04501108578131789
-0.04667460293615958
-0.04810123136725196
-0.04926306646715771
-0.05013054504249752
-0.05067342274485816
-0.05086014610171637
-0.05065924780080622
-0.0500389976973321
-0.048969262629956684
-0.04742143252371511
-0.04537071751104971
-0.04279627137820252
-0.03968381111305846
-0.03602577971504452
-0.03182408703946827
-0.027090085321008348
-0.021847165913266024
-0.016130284675498523
-0.009988127526530081
-0.003481936488266366
0.003313008597776859
0.010309442034473865
0.017407475932143573
0.024497588752125276
0.031460862372281996
0.03817281726527064
0.04450440113742523
0.050326433477486616
0.05551108868258071
0.05993659675026162
0.06348887065761781
0.06606604823304439
0.06757987987118522
0.06795969952562479
0.0671532185174867
0.0651295778801537
0.061879278165770366
0.05741607662194067
0.05177590373729093
0.045017506258263035
0.03722033747057523
0.028483989430049695
0.018925175927005784
0.008676126579724386
-0.0021191059807776115
-0.013307013859996823
-0.024728687552007522
-0.036222599007162695
-0.04762865308113849
-0.058791007658213275
-0.06956175153249992
-0.07980339400950379
-0.08939183275096522
-0.09821820064601745
-0.10619086588369844
-0.11323642167340299
-0.11930057761167995
-0.12434820775027777
-0.12836313227103546
-0.13134728178277782
-0.13331950796843342
-0.1343140507943746
-0.13437862939456185
-0.13357248866415308
-0.13196408523875197
-0.1296290241022439
-0.12664765922849797
-0.123103207055265
-0.11907953240028553
-0.11465965607304561
-0.10992391175924836
-0.10494897125005181
-0.0998064605782934
-0.0945625317834007
-0.08927693835577895
-0.08400310562643735
-0.07878760096265006
-0.07367060562782234
-0.06868567950451362
-0.06386051669793241
-0.059216895415392365
-0.05477160244460039
-0.050536469100011645
-0.04651936778391148
-0.04272425613815261
-0.03915217394527025
-0.03580124233083879
-0.03266761480695957
-0.029745401318157883
-0.027027549220035727
-0.024505680294800446
-0.022170894093129074
-0.02001351887615634
-0.018023840844616872
-0.016191777685925106
-0.014507543551523214
-0.01296125753264684
-0.011543556995947364
-0.010245154083751483
-0.009057410365700626
-0.007971853458154808
-0.006980724887223341
-0.006076467012812188
-0.005252254271461392
-0.004501458365239625
-0.003818171156914233
-0.0031966539212183315
-0.0026318583816154996
-0.002118863922304259
-0.0016534017321778987
-0.0012312823123705058
-0.0008489264755922164
-0.0005027842657517256
-0.00018987563644285308
0.00009279901086428006
0.0003477063092175868
0.0005773782204971926
0.0007838459733926935
0.0009692480948976105
0.0011352493928040845
0.0012836599317486055
0.0014158378240719616
0.0015333205506695194
0.0016372104135598331
0.0017288197204688197
0.0018090377816894336
0.0018789915481243476
0.0019393930248937266
0.0019912169895646226
0.0020350276646567476
0.0020716751605295725
0.0021016001999153823
0.0021255509443211186
0.0021438645051300685
0.002157205821603553
0.0021658246317616636
0.002170318081262484
0.0021708617639552984
0.002167997753959454
0.0021618382629717764
0.00215288080689351
0.002141182961450971
0.0021272064021927504
0.002110961172976417
0.002092880369528442
0.0020729322718556426
0.0020515274770715216
0.0020285971805624726
0.00200453460805847
0.0019792376619849274
0.0019530865523184628
0.0019259489556416596
0.0018981957968173245
0.0018696669988190141
0.001840727425791893
0.001811191229450376
0.001781420027576086
0.0017512037771768678
0.0017209033308965814
0.0016902856889242132
0.0016597131492169096
0.0016289307091692656
0.0015983041017517698
0.0015675570351412467
0.0015370604886002996
0.0015065173887898855
0.001476305626906043
0.0014461076788563894
0.0014163098947075044
0.0013865744768664751
0.0013572976870839068
0.0013281214953421185
0.0012994534508231448
0.001270915212452639
0.0012429269325084761
0.0012150897720178532
0.0011878377555022924
0.0011607512609922072
0.0011342794189598353
0.001107981450242065
0.0010823227988486274
0.001056841070886527
0.001032019215792228
0.0010073726890136557
0.0009834031275392883
0.0009596032274985157
0.0009364944934351983
0.0009135461833938113
0.000891300852251048
0.0008692035743892904
0.0008478191469425374
0.0008265676504756824
0.0008060373295260162
0.0007856223974273912
0.0007659357702277642
0.0007463448576431972
0.000727488493376808
0.0007087062877228068
0.0006906642644579209
0.000672673175798178
0.0006554275395698482
0.0006382081306846399
0.0006217392978916049
0.0006052706593039709
0.0005895577686239849
0.0005738178456660211
0.0005588390643534594
0.0005438049419533334
0.0005295377321193025
0.0005151858818592002
0.0005016072310898061
0.0004879137251073052
0.0004750003463391432
0.0004619410408745206
0.00044966954402355036
0.00043722023813366783
0.0004255672776796155
0.00041370384719412726
0.00040264624710988615
0.0003913447597508387
0.00038085962073235673
0.00037009643231473093
0.00036016122051093103
0.0003499130553858062
0.00034050567759923064
0.00033074969506878305
0.00032184856033854245
0.000312562409044099
0.0003041464785124661
0.00029530833959632983
0.0002873571666224372
0.0002789457880266307
0.0002714395498644927
0.0002634342715656623
0.000256353792259158
0.0002487345649573167
0.00024206133304500202
0.00023480873049672253
0.00022852490975456668
0.0002216201354217342
0.00021570857126017326
0.00020913346024219718
0.0002035776816619738
0.00019731469921580082
0.00019209891713477478
0.00018613115288721
0.00018124025536185378
0.00017555141526695938
0.0001709709600860179
0.0001655453558483791
0.00016126156082144346
0.00015608409685641673
0.00015208382872098099
0.00014713998760276738
0.00014341074912060288
0.000138686575874222
0.00013521649181689994
0.00013069857692304403
0.00012747637900790125
0.00012315184020898027
0.00012016685188205993
0.00011602331603334646
0.0001132654360997778
0.00010929101996983393
0.00010675070642311726
0.00010293399685332828
0.00010060225026136321
0.00009693228526442296
0.0000948006320639301
0.00009126688037497544
0.00008932735702479225
0.00008591969925213047
0.00008416483486102034
0.00008087354323958204
0.00007929634460332283
0.00007611206381020866
0.00007470599873079107
0.00007161972661890921
0.00007037870963710407
0.00006738177829187863
0.00006630015464817706
0.00006338421200624043
0.00006245674401986602
0.00005961373558007964
0.000058835588014762283
0.000056057738982684834
0.00005542446630061602
0.00005270426350169913
0.000052211796601896594
0.000049541972469759496
0.00004918660660681194
0.000046560121399922234
0.00004633850445884679
0.00004374853052915712
0.00004365765174294644
0.000041097557725951485
0.000041134737070247294
0.000038598072307699886
0.000038760950857149536
0.00003624143032277962
0.00003652796046530057
0.000034019450134513716
0.00003442788700976975
0.00003192438953860453
0.00003245328298659512
0.000029948923544432324
0.00003059711017311081
0.000028086123546989986
0.000028852719684108644
0.000026329436437199214
0.00002721383187717008
0.000024672665867973675
0.00002567451750616701
0.00002310995299402363
0.000024229179783607897
0.000021635759547862264
0.00002287253709327623
0.000020244850070054856
0.000021599606963771237
0.000018932276587183543
0.000020405690087555566
0.000017693362665837152
0.00001928635543966703
0.000016523689458299765
0.00001823742667095412
0.000015419081369513096
0.00001725496845499897
0.000014375592131054735
0.000016335272911128323
0.000013389493486354923
0.000015474848527069346
0.000012457262391235917
0.000014670408362798766
0.000011575569992864445
0.000013918859056123876
0.000010741270501503037
0.000013217289942840091
9.951391201678905e-6
0.000012562963905584798
9.203122071977663e-6
0.000011953307975259245
8.493807476233374e-6
0.000011385904198844735
7.820936753475121e-6
0.000010858481427089532
7.182136038379278e-6
0.000010368907234497969
6.575160214801435e-6
9.915180768529102e-6
5.99788541271171e-6
9.49542539837696e-6
5.44830258129959e-6
9.107881963011442e-6
4.924509634070695e-6
8.750902565961733e-6
4.424705891793258e-6
8.422944967104158e-6
3.947185362309724e-6
8.122565915525233e-6
3.490331919064279e-6
7.848416982026866e-6
3.0526129018203255e-6
7.599238606289937e-6
2.632574821107085e-6
7.373856095826663e-6
2.2288377673688647e-6
7.171174473196496e-6
1.8400911167735703e-6
6.990174787228388e-6
1.4650892370794377e-6
6.829909662181585e-6
1.102646703720144e-6
6.68949805191241e-6
7.516163887355854e-7
6.567972490287427e-6
4.097132073788859e-7
6.45499679609152e-6