-9.742266842602524e-9
-2.725690450521279e-7
-1.4546869170071586e-6
-4.563933379064703e-6
-0.000011112274088857813
-0.00002290708095556693
-0.000042183975646101546
-0.00007144410250681406
-0.0001135404309400419
-0.0001715423491313476
-0.0002487947167535284
-0.00034880480304571806
-0.000475284099331603
-0.0006320562078152148
-0.000823086708049748
-0.0010524109948419696
-0.0013241543529169022
-0.0016424778142142043
-0.0020115884204170743
-0.00243569993916072
-0.002919032014640279
-0.003465781589347059
-0.004080109201769746
-0.004766116417424091
-0.005527817773506913
-0.006369119437989836
-0.007293776011414094
-0.008305365943759252
-0.009407233412243683
-0.010602456715771532
-0.011893776698570495
-0.01328355548703844
-0.014773694478421442
-0.0163655825087636
-0.018060008353072986
-0.01985709976988296
-0.02175623772965537
-0.02375599062047907
-0.02585403976664717
-0.0280471159664792
-0.030330947749097847
-0.032700209662681085
-0.03514850543600576
-0.03766833826219605
-0.04025113990209747
-0.04288727198136815
-0.04556610869505633
-0.04827607461924095
-0.051004783144748246
-0.05373911082820404
-0.05646538667993625
-0.059169496553825994
-0.06183711113483343
-0.06445380762512772
-0.06700531818757513
-0.06947765167964104
-0.07185734080098719
-0.074131545057748
-0.07628827488028574
-0.0783164589784873
-0.08020612745332675
-0.08194843203440487
-0.08353577706940207
-0.08496178880291473
-0.08622139169972516
-0.08731073129480245
-0.08822720174834696
-0.08896933400299978
-0.0895367869396911
-0.08993021699836036
-0.09015124844536605
-0.09020234131865214
-0.09008675563252713
-0.08980843153398041
-0.08937195827223812
-0.08878247480622821
-0.08804564843134695
-0.0871675974419714
-0.08615487825879783
-0.0850144259724815
-0.08375354435669363
-0.08237985664704128
-0.08090129102950534
-0.07932603347258829
-0.07766250230445078
-0.07591929700724859
-0.07410515862743178
-0.07222891211992297
-0.07029941333316343
-0.06832548641782987
-0.06631586169381024
-0.06427911264307794
-0.06222359116173966
-0.06015737006587126
-0.05808818269461591
-0.0560233765899112
-0.05396986333683188
-0.05193408752583819
-0.04992199064640409
-0.04793899723424325
-0.04598999423637119
-0.044079334013771135
-0.04221082843404471
-0.04038776660283629
-0.03861292136480908
-0.0368885785050955
-0.03521655247170461
-0.033598223342469584
-0.03203455836373683
-0.030526153098439267
-0.02907325564547292
-0.027675808885672393
-0.02633347481051289
-0.025045675477057668
-0.023811615559030202
-0.02263032035597987
-0.021500655354028394
-0.020421360304472957
-0.019391065165189892
-0.018408319813272195
-0.01747160619407554
-0.01657936364257019
-0.015729997389787434
-0.014921899744830948
-0.014153455311760694
-0.013423058448932452
-0.012729115656112993
-0.012070059805468929
-0.011444350194052304
-0.010850484056429084
-0.010286994764669754
-0.00975246110797386
-0.009245504079918365
-0.008764794362598938
-0.008309048083489973
-0.007877032883083581
-0.0074675629613746445
-0.007079504047201692
-0.006711767993601495
-0.006363316909323894
-0.006033157506877493
-0.005720344604900612
-0.005423975384486889
-0.0051431924264968695
-0.004877177991239446
-0.004625156717601782
-0.004386390008096401
-0.0041601784864238114
-0.003945856543570928
-0.003742794626332227
-0.003550393979643746
-0.003368088819779578
-0.0031953412924808073
-0.00303164357011308
-0.0028765130334899823
-0.0027294943213949656
-0.0025901547355020476
-0.002458086262600187
-0.0023329011959830445
-0.0022142341448496503
-0.002101737861396879
-0.0019950852476986847
-0.0018939653750210152
-0.001798085495594428
-0.0017071672390123224
-0.001620948634380579
-0.0015391804677667147
-0.0014616283189905512
-0.0013880690637376244
-0.0013182929285452108
-0.0012521001212148389
-0.0011893029072095461
-0.0011297223522629012
-0.001073190423323142
-0.0010195468276714872
-0.00096864114164935
-0.0009203297310940077
-0.0008744779113046132
-0.0008309569341362478
-0.0007896461829596016
-0.0007504302122807799
-0.0007132009818005029
-0.0006778549349340666
-0.0006442952764526991
-0.0006124290767415851
-0.0005821695979042958
-0.000553433411010144
-0.0005261427759474081
-0.000500222759269968
-0.00047560367349279626
-0.0004522181834458915
-0.00043000381111763094
-0.00040890001866279724
-0.00038885078531005146
-0.00036980165534855136
-0.0003517023940313142
-0.0003345039889832348
-0.0003181613924494741
-0.00030263046462874484
-0.00028787081004026535
-0.0002738426512895728
-0.0002605097677582491
-0.0002478362882607979
-0.00023578974070344956
-0.00022433775198567646
-0.00021345121772974854
-0.0002031008976252062
-0.00019326071480176577
-0.0001839042346086013
-0.00017500810369248433
-0.00016654839994587915
-0.00015850422186429445
-0.00015085389708946817
-0.00014357873315577963
-0.00013665907169815473
-0.00013007821225867382
-0.0001238182988229195
-0.00011786442894917973
-0.0001122003588411955
-0.00010681281068516523
-0.00010168698196210455
-0.00009681106453411565
-0.0000921715433427527
-0.00008775794148066228
-0.00008355789281560994
-0.00007956212801596891
-0.00007575930497951711
-0.00007214125155707664
-0.00006869753695157836
-0.00006542098770355903
-0.0000623019824570995
-0.000059334258638380506
-0.000056508912158372525
-0.00005382051313407908
-0.000051260791211312336
-0.000048825079649815864
-0.00004650566600278705
-0.000044298584916412467
-0.00004219661288883645
-0.000040196431223556774
-0.00003829124251314364
-0.00003647832633789241
-0.000034751253970285286
-0.000033107860631115134
-0.000031542033686848176
-0.000030052126567715607
-0.000028632294431276123
-0.00002728137621327655
-0.000025993750349434404
-0.000024768712878440223
-0.000023600824349897274
-0.000022489813425745632
-0.000021430384551137634
-0.00002042267812001411
-0.000019461506840175826
-0.000018547405237397834
-0.00001767526090455122
-0.000016845987928006555
-0.000016054517366146326
-0.000015302131092959435
-0.000014583773897310787
-0.00001390108626346386
-0.000013248998411925743
-0.00001262950267618204
-0.000012037487620139393
-0.00001147529292828436
-0.000010937739418656846
-0.000010427511755644946
-9.939337730624031e-6
-9.476246629297251e-6
-9.032848563763348e-6
-8.612518996578576e-6
-8.209726170386883e-6
-7.828195112194342e-6
-7.462228312829043e-6
-7.115905513817609e-6
-6.783339732545477e-6
-6.468972284917413e-6
-6.166703017598153e-6
-5.881343344970965e-6
-5.60655613889907e-6
-5.347533071501894e-6
-5.0976760032665644e-6
-4.8625686366168526e-6
-4.635327431986102e-6
-4.42194149870763e-6
-4.2152170382704975e-6
-4.0215635448715805e-6
-3.833451520979666e-6
-3.6577274337339642e-6
-3.486499951426168e-6
-3.3270707277212224e-6
-3.1711596591602558e-6
-3.0265434486535713e-6
-2.884525370543394e-6
-2.7533787231218065e-6
-2.6239612880980584e-6
-2.5050662246708177e-6
-2.3870758207690576e-6
-2.279328133035086e-6
-2.1716987146033387e-6
-2.0740973784864834e-6
-1.975860349860158e-6
-1.8874979438498567e-6
-1.797772998115222e-6
-1.717827030646023e-6
-1.6358138497870368e-6
-1.5635389093664014e-6
-1.4885096442067875e-6
-1.4232302929472445e-6
-1.3545227471680208e-6
-1.2956270876828522e-6
-1.232638540103609e-6
-1.179572391868385e-6
-1.1217539933041692e-6
-1.074015617760884e-6
-1.020867311228177e-6
-9.780026401757236e-7
-9.290685504751433e-7
-8.906668639682502e-7
-8.455311156240427e-7
-8.112211274841083e-7
-7.695040461599314e-7
-7.389503660807784e-7
-7.003050316895908e-7
-6.732049576053716e-7
-6.373140708936679e-7
-6.133946893336088e-7
-5.799677254126249e-7
-5.589832880992847e-7
-5.277539074439966e-7
-5.094834581955737e-7
-4.802071525994015e-7
-4.644523806721691e-7
-4.369043287912031e-7
-4.2348763189444326e-7
-3.9746074705319094e-7
-3.8622347800734906e-7
-3.6152662956223944e-7
-3.5232751655555056e-7
-3.2878390527909374e-7
-3.214976251207803e-7
-2.989433016891925e-7
-2.9345919632321483e-7
-2.717417058094799e-7
-2.679626242290893e-7
-2.469397660355509e-7
-2.447810268240615e-7
-2.2431971893240976e-7
-2.2370817520903037e-7
-2.0368341129691458e-7
-2.0455661697566933e-7
-1.8485050702247091e-7
-1.871559691876612e-7
-1.6765685810504986e-7
-1.713513717196578e-7
-1.5195302247690322e-7
-1.5700208011877233e-7
-1.3760292157040855e-7
-1.4398019137327477e-7
-1.244826177837342e-7
-1.3216948262566152e-7
-1.1247920343497584e-7
-1.2146436032609775e-7
-1.0148979257418974e-7
-1.1176890397535926e-7
-9.142060304641423e-8
-1.0299599799855857e-7
-8.218612334201703e-8
-9.506654428708894e-8
-7.370835418012325e-8
-8.790874650248659e-8
-6.591611806189463e-8
-8.145745927003181e-8
-5.874443325697966e-8
-7.56535998372477e-8
-5.2133942064871186e-8
-7.044361157250444e-8
-4.603039289006711e-8
-6.577897768657991e-8
-4.038416542039067e-8
-6.161577968293342e-8
-3.514984116661804e-8
-5.791429770338012e-8
-3.028581293857385e-8
-5.463864591454091e-8
-2.5753924616997314e-8
-5.175644490614439e-8
-2.1519147838588316e-8
-4.923852100537523e-8
-1.7549285021971477e-8
-4.7058636138955154e-8
-1.3814696783341042e-8
-4.5193243492526744e-8
-1.0288054539653943e-8
-4.362124309110689e-8
-6.9439482312976375e-9
-4.2322469583697426e-8
-3.7482560369660824e-9
-4.1194698535260484e-8
8.968275922291052e-9
2.444154874151603e-7
1.295832702515594e-6
4.028271362532151e-6
9.690252940419793e-6
0.000019686308169376462
0.00003563889784717421
0.00005920600795975835
0.0000921001198237558
0.00013596384955546215
0.00019238130193009615
0.000262837796002971
0.00034874608338074137
0.0004515130285345185
0.0005725896986822128
0.0007136560724497174
0.0008766891164864386
0.001064260273427976
0.0012796009328929184
0.001526990115898251
0.001811784273776601
0.0021408568958108734
0.0025225506343534436
0.00296711807845494
0.0034865493285317563
0.004094954853901259
0.004808221262370347
0.005644274255235453
0.006622520721771401
0.007763934605525116
0.009090257027174049
0.010623863489430594
0.01238671829475181
0.014400010500374831
0.016682895790545476
0.019251930848067422
0.022119682844903107
0.025294042874009
0.028776833353818723
0.03256313146907218
0.036640046860063606
0.04098622300562404
0.04557097870231014
0.05035416631866382
0.0552858598554275
0.060306725151319164
0.06534838941328429
0.07033441779436415
0.07518141668839227
0.07980061989976968
0.08409967131855293
0.0879847159579983
0.0913626939240015
0.09414372582121032
0.09624364966496582
0.09758640713903474
0.09810648841205324
0.09775098392823714
0.09648158502334032
0.09427597803267339
0.0911290896858556
0.08705357018215033
0.08208007003710277
0.07625667947870114
0.06964816497317393
0.06233438591862554
0.05440858148246036
0.04597494536869456
0.03714620707864085
0.02804068065468359
0.01877949836506974
0.00948353154702142
0.0002706846935384407
-0.00874690256338507
-0.017465118204338295
-0.02579004901368732
-0.033639512137561715
-0.04094437711710887
-0.047649220417142264
-0.053712730940718045
-0.059107498530953484
-0.06381958730530568
-0.06784760607417999
-0.07120165059802384
-0.07390189421580996
-0.07597716201787667
-0.07746331155266396
-0.07840170495452412
-0.07883762626461138
-0.07881887254677819
-0.07839439235794145
-0.07761314378495972
-0.07652305969619057
-0.07517024122218564
-0.07359827982958246
-0.07184778648450993
-0.06995604212616444
-0.06795681541771803
-0.06588027766450362
-0.0637530377921995
-0.06159824410757707
-0.059435760449250905
-0.05728238017656078
-0.05515207605090555
-0.05305626479569529
-0.051004078658460836
-0.04900263578347769
-0.047057298336608
-0.04517192044105884
-0.04334907284950218
-0.041590253863159524
-0.03989607220678663
-0.03826641628733215
-0.03670059485969727
-0.035197466325850066
-0.03375554143130044
-0.03237307772481664
-0.031048150686322308
-0.029778719791565177
-0.028562674954857113
-0.027397880640568698
-0.026282204001433503
-0.025213542754084217
-0.024189840417162357
-0.02320910264331539
-0.02226940384786327
-0.02136889562984984
-0.020505808025171372
-0.01967845269516695
-0.01888522113480462
-0.01812458451925421
-0.017395090475021063
-0.0166953608624432
-0.016024088172202123
-0.01538003206806649
-0.014762016075992054
-0.014168923389065299
-0.013599694242646081
-0.013053321264216494
-0.0125288477450897
-0.012025362674797995
-0.011542000002978382
-0.011077933409170416
-0.010632376578161483
-0.010204577703123977
-0.00979382075941451
-0.009399419710675424
-0.009020720747008602
-0.008657096149832937
-0.008307947455306096
-0.007972698928879923
-0.007650801615991543
-0.007341726377585029
-0.007044968795410034
-0.00676004172258841
-0.006486481018022961
-0.006223837568939055
-0.005971683837254972
-0.005729605313960188
-0.005497207867722709
-0.0052741085936321075
-0.005059943961684501
-0.00485436002444828
-0.004657021368579317
-0.004467600647679345
-0.004285788346224335
-0.004111281603752355
-0.0039437948056576235
-0.0037830476647731457
-0.0036287766581597244
-0.003480722331268967
-0.0033386416045886593
-0.0032022942636957485
-0.0030714561638679624
-0.00294590486737376
-0.002825433778157466
-0.00270983688592205
-0.0025989238663963977
-0.0024925038892160464
-0.002390401723309784
-0.0022924405623680495
-0.002198459178525809
-0.002108293717469839
-0.002021795946102915
-0.0019388139659760964
-0.0018592116050818632
-0.0017828479951411396
-0.0017095981604667528
-0.0016393314018219173
-0.0015719331393992603
-0.0015072820417108305
-0.0014452731840410283
-0.0013857938567005106
-0.0013287481048107608
-0.0012740311460733653
-0.0012215553621001559
-0.0011712232514072538
-0.0011229549468943557
-0.0010766596258961986
-0.0010322646326274257
-0.000989685262418678
-0.0009488555729550997
-0.0009096964552164427
-0.000872148221946495
-0.0008361368728616605
-0.0008016085539616615
-0.0007684939200820093
-0.0007367445633258326
-0.0007062953701993312
-0.0006771030236970559
-0.0006491062470140107
-0.0006222664891272746
-0.0005965259406271344
-0.0005718505198188889
-0.0005481855394643014
-0.0005255011168256819
-0.0005037453636459773
-0.0004828923504124246
-0.00046289268496298435
-0.00044372416847137807
-0.0004253396204841332
-0.00040772037181281126
-0.0003908211862350458
-0.0003746267437895647
-0.00035909350052825795
-0.00034420932398938913
-0.00032993212461908557
-0.00031625281398889527
-0.00030313053167800363
-0.0002905591065108432
-0.0002784986936022171
-0.000266945928219925
-0.00025586177757827225
-0.0002452455877507071
-0.0002350589437404503
-0.00022530382093148769
-0.00021594223628497854
-0.0002069787263237877
-0.0001983755613267034
-0.0001901397836015613
-0.00018223374446351112
-0.00017466694877562436
-0.00016740166217355182
-0.00016044982064464323
-0.00015377344153184538
-0.00014738687222691925
-0.0001412517228942711
-0.00013538474320114188
-0.00012974698034344287
-0.0001243575878183005
-0.00011917689612741344
-0.0001142264741990062
-0.00010946578401768681
-0.00010491883146119516
-0.00010054405892537594
-0.00009636794049771159
-0.00009234774811269483
-0.00008851246493850874
-0.00008481804118317537
-0.00008129601964649137
-0.00007790087629431383
-0.00007466677322746266
-0.00007154655846786
-0.00006857708245868535
-0.00006570940905846358
-0.00006298315548979568
-0.00006034744268159502
-0.00005784474235079869
-0.00005542207021515126
-0.000053124849816840625
-0.00005089782535045344
-0.000048789479075420945
-0.00004674211296050874
-0.00004480738462461078
-0.00004292497792195862
-0.000041149852329831634
-0.00003941889191624811
-0.000037790494908989023
-0.00003619855780021738
-0.000034705064669885556
-0.000033240729538242845
-0.00003187128023300402
-0.000030524046332887086
-0.00002926866811197957
-0.000028028880545300727
-0.000026878416361171397
-0.000025737197288641744
-0.000024683240347303767
-0.000023632425814969964
-0.00002266725897062183
-0.000021699340945025024
-0.000020815881729778498
-0.000019923954328567663
-0.00001911570333750669
-0.000018293413838058537
-0.000017554408465447116
-0.000016795912048134357
-0.000016120682990037917
-0.00001542060115783604
-0.0000148041333463418
-0.00001415751547638849
-0.000013595211190312521
-0.00001299749966687372
-0.000012485145556310143
-0.000011932142957903059
-0.000011465879228188673
-0.000010953719128441693
-0.000010530011395508156
-0.000010055130345758353
-9.670743819414682e-6
-9.229856466797588e-6
-8.881832347198755e-6
-8.471908099840568e-6
-8.157541704579715e-6
-7.775783385301626e-6
-7.492604117202265e-6
-7.136428353911255e-6
-6.882181516707701e-6
-6.549200535642501e-6
-6.32183035418732e-6
-6.009835330476363e-6
-5.807469871668324e-6
-5.514415729083608e-6
-5.335352433502954e-6
-5.059343309722618e-6
-4.902036347876289e-6
-4.64131289401703e-6
-4.504361064369561e-6
-4.257288161451429e-6
-4.1394244756914945e-6
-3.904480489743901e-6
-3.804561804188546e-6
-3.5803277461170366e-6
-3.4973260256541303e-6
-3.282476766323436e-6
-3.2154705931568823e-6
-3.008765462570259e-6
-2.9569329795569173e-6
-2.7572080337813653e-6
-2.7198194605593993e-6
-2.525979953585808e-6
-2.5023918874628043e-6
-2.3134049344041254e-6
-2.3030545238544016e-6
-2.117943215709241e-6
-2.1203428894258825e-6
-1.9381797759277267e-6
-1.952912730046381e-6
-1.7728145359646084e-6
-1.7995307097724915e-6
-1.6206529370736564e-6
-1.6590647856750645e-6
-1.480596721553361e-6
-1.53047653791638e-6
-1.3516372054214115e-6
-1.4128132684378153e-6
-1.232846512877179e-6
-1.3052013330081767e-6
-1.1233722785038994e-6
-1.2068393464360219e-6
-1.022430325090507e-6
-1.116992581214789e-6
-9.292995815253937e-7
-1.034987713134153e-6
-8.433169736899155e-7
-9.602073289586387e-7
-7.638723377969831e-7
-8.920864121701282e-7
-6.904041538912788e-7
-8.301069299029671e-7
-6.223955592271585e-7
-7.737949324871989e-7
-5.593706302292722e-7
-7.227168068347479e-7
-5.008909278830368e-7
-6.764756815320736e-7
-4.4655231437713847e-7
-6.347090916625135e-7
-3.9598200855627566e-7
-5.970857382442701e-7
-3.488362258148562e-7
-5.633036497542917e-7
-3.047977242664483e-7
-5.330870139719818e-7
-2.635730124768432e-7
-5.061849174639972e-7
-2.2489099030179783e-7
-4.823688718531127e-7
-1.8850041181351533e-7
-4.614317227586491e-7
-1.5416871896793792e-7
-4.431851715272488e-7
-1.2168027646659788e-7
-4.2745920195741897e-7
-9.083454869328016e-8
-4.1409965806061104e-7
-6.144343813319615e-8
-4.029563672892231e-7
-3.323722605036768e-8
-3.931425470590751e-7
1.1036528596020614e-7
3.062552433380721e-6
0.000016292888810472296
0.00005092883078845254
0.00012336348037145502
0.0002527400071775003
0.0004620151877919143
0.0007759315414579982
0.0012214531357481026
0.0018260575738931154
0.0026178383387732047
0.0036240843162614208
0.0048712268523975685
0.006383687769306176
0.008183775796303281
0.010290762377562731
0.012720777752567329
0.01548604780497346
0.018594805937671082
0.022050610125833266
0.025852274722269666
0.029993190977875755
0.034461291162886466
0.0392383176542075
0.0442998554836265
0.04961453079183036
0.05514418113950198
0.06084300830065794
0.06665799187152503
0.07252806730414005
0.07838491982937201
0.08415229759846495
0.08974734022979937
0.09508015817758239
0.10005584264024672
0.10457443454684943
0.10853372049672248
0.11182966922309265
0.11436003629840892
0.11602525963930213
0.11673277593183869
0.11639824541114274
0.11495033693681969
0.11233201197980515
0.1085053850050607
0.10345266378191455
0.09718056864365246
0.0897204356659109
0.0811316197622691
0.07150025671851068
0.0609411168789774
0.04959462302455967
0.03762678711487471
0.02522430642732029
0.012592503683189883
-0.00005134431678784118
-0.012481769935108791
-0.02447301649346991
-0.035803827224345594
-0.04626569407038873
-0.055667696379571224
-0.06384400346104031
-0.07065767049941475
-0.07600631027828038
-0.07982387969283063
-0.08208369485137491
-0.08279760779375087
-0.0820160091561593
-0.07982432636198919
-0.07634023210209624
-0.07170796054904961
-0.06609347135064127
-0.059677529707253124
-0.052649924327860434
-0.045202472189416074
-0.037523468474885295
-0.029791710364616836
-0.022172163026100703
-0.014811787044967188
-0.007837013058618756
-0.0013517104440555294
0.004563400430411977
0.009850751899986486
0.014474857282538462
0.018420742477570404
0.021691753229547955
0.02430704116915548
0.026298871260712287
0.027709788194501553
0.02858997556143572
0.028994601947460237
0.02898162044201637
0.028609607204166467
0.027936199502161
0.027016553640267726
0.02590245320915325
0.024641368086168736
0.02327614943430904
0.021844582696803647
0.020379527112106662
0.018908819688734358
0.017455704633732184
0.016038948177966788
0.014673421144180647
0.013370309578894709
0.012137745924013824
0.010981033636655051
0.009903257229934907
0.00890547098652036
0.007987248455548466
0.007146811111078334
0.006381500761475642
0.00568784210957652
0.005061936710258467
0.004499464458813707
0.0039960064272213025
0.003546995874932647
0.003147981226292875
0.002794538974416833
0.0024824888829330194
0.002207780634134993
0.001966672389045571
0.0017556013397416398
0.001571334991572683
0.0014108336738339882
0.001271381924250985
0.0011504489394188549
0.0010458055888141941
0.0009553869781722125
0.0008773990525654751
0.0008101859855984365
0.0007523290957262936
0.0007025206660033857
0.0006596569732613106
0.0006227193429942822
0.0005908624340170132
0.0005633027845861467
0.0005394030457591584
0.00051856791930435
0.0005003247434181485
0.0004842265075098266
0.0004699290161997616
0.00045710055066266493
0.000445495734887052
0.00043487136340713146
0.00042505704472739004
0.00041587670672305646
0.0004072160733808635
0.0003989493765580669
0.0003910037214063568
0.00038329056305756287
0.00037576702643308917
0.00036837174223826205
0.0003610831990965903
0.000353859571294499
0.0003466941940809667
0.0003395590529927396
0.0003324574829488116
0.00032537102355303704
0.0003183094520901716
0.0003112607395954488
0.0003042385334980597
0.00029723497608595957
0.0002902657576989563
0.0002833255818984856
0.0002764309116768375
0.0002695778866520399
0.0002627828854457711
0.0002560427157760168
0.0002493731162053612
0.00024277105634380793
0.00023625129681631424
0.00022981065019649628
0.00022346271640713564
0.00021720396564412544
0.00021104676179220551
0.0002049871398582072
0.00019903622589624725
0.00019318958922607843
0.0001874571640505781
0.00018183406516774126
0.00017632911092284635
0.00017093699732307634
0.00016566551968681805
0.00016050900536106546
0.00015547432768646372
0.00015055550261476388
0.00014575858363737737
0.00014107733329329043
0.00013651708519112014
0.00013207140566305904
0.00012774500297181706
0.00012353129989031215
0.00011943446719786134
0.00011544783208447799
0.00011157510868807009
0.00010780956999515295
0.00010415454710750499
0.00010060329449344557
0.00009715882655220164
0.00009381440892381852
0.00009057279850814155
0.00008742729609550597
0.00008438045390274876
0.00008142562736076261
0.00007856521027061268
0.00007579262714967995
0.00007311015475092404
0.00007051129699838589
0.00006799825006971795
0.0000655646033906832
0.000063212505209338
0.00006093563365427702
0.00005873611751075053
0.00005660772343753982
0.00005455258639258055
0.00005256455941699235
0.00005064580594889321
0.00004879026093240686
0.00004700013641831091
0.00004526944263687994
0.000043600458792880724
0.00004198726236334429
0.00004043221578089854
0.00003892945437074336
0.000037481439131253525
0.000036082352458107775
0.0000347347676551592
0.00003343290266649266
0.000032179455880221666
0.000030968668355797714
0.000029803375938744262
0.0000286778292757679
0.00002759501358747987
0.000026549174765004436
0.000025543458868031455
0.000024572092495514453
0.00002363839387886393
0.000022736554888606496
0.000021870076613759755
0.00002103310100213993
0.00002022932326579425
0.000019452818910926987
0.000018707488319241385
0.00001798732405531406
0.000017296443392569736
0.000016628738483974114
0.000015988555520533745
0.000015369668583565045
0.00001477666475347488
0.000014203182354960036
0.000013654062112382852
0.000013122787747868922
0.000012614466852833923
0.000012122409569412522
0.00001165200428879036
0.000011196367820286557
0.00001076118423978198
0.000010339356484929816
9.93687961946531e-6
9.546422307416704e-6
9.174306187629473e-6
8.812944712854804e-6
8.469002388279497e-6
8.134616018746657e-6
7.816810360721835e-6
7.507423391590106e-6
7.213857810199507e-6
6.927629712505963e-6
6.656539729148656e-6
6.391757647634684e-6
6.141502354269607e-6
5.896572567585681e-6
5.665626889754853e-6
5.4390672181253935e-6
5.226014635444265e-6
5.016447166326088e-6
4.8199724194946355e-6
4.626116824125193e-6
4.4449996096027296e-6
4.2656663600354285e-6
4.098774813574517e-6
3.932859130298898e-6
3.7791436673213004e-6
3.6256196299815414e-6
3.484107880303907e-6
3.3420235800219504e-6
3.2118148562483738e-6
3.080286475950374e-6
2.960546849952692e-6
2.8387542239943945e-6
2.728712105090916e-6
2.615894619371719e-6
2.5148365826202775e-6
2.410288478970387e-6
2.3175546975190897e-6
2.220621401041937e-6
2.1356022980593453e-6
2.0456764247218125e-6
1.967809132723512e-6
1.884327245544485e-6
1.813092201706538e-6
1.7355314801536763e-6
1.6704495166898374e-6
1.5983250203929696e-6
1.5389547116741708e-6
1.47181635019618e-6
1.4177505831453955e-6
1.3551803695498559e-6
1.3060448259147174e-6
1.247654924294808e-6
1.2031052758337942e-6
1.148535215129827e-6
1.1082551733186379e-6
1.057169846842404e-6
1.020868900500091e-6
9.729566842466607e-7
9.403689427876758e-7
8.953400435549075e-7
8.662214891624926e-7
8.238055269969637e-7
7.979336611350227e-7
7.578793666902687e-7
7.350507948734774e-7
6.971230482991859e-7
6.771526035224385e-7
6.411320601819427e-7
6.238515875751731e-7
5.895329153051144e-7
5.747897086320029e-7
5.419805049482703e-7
5.296371438867291e-7
4.981569178765214e-7
4.880891293247065e-7
4.5776807627904496e-7
4.49864723446532e-7
4.205432143678573e-7
4.147052463767091e-7
3.862318435537762e-7
3.8237122414508483e-7
3.54603287093176e-7
3.5264264791266655e-7
3.254443122782516e-7
3.2531631535492637e-7
2.98558263807437e-7
3.0020535710863553e-7
2.737642665053391e-7
2.771375528781672e-7
2.5089486453665187e-7
2.559537591599866e-7
2.2979548185941366e-7
2.365076462840187e-7
2.1032410773700415e-7
2.1866468141602758e-7
1.923492243196093e-7
2.0230086065369175e-7
1.7574960296130673e-7
1.873015883570723e-7
1.6041334529400059e-7
1.7356229549695096e-7
1.4623745245542215e-7
1.6098595802114688e-7
1.3312664448966282e-7
1.4948383156229995e-7
1.2099250813128785e-7
1.3897404646967772e-7
1.0975468455608925e-7
1.2938173047571664e-7
9.93377638643691e-8
1.2063746073365854e-7
8.967293296119818e-8
1.1267805805115262e-7
8.069591536598864e-8
1.0544547111069678e-7
7.234793938934976e-8
9.888628998451687e-8
6.457428990988133e-8
9.295180109387889e-8
5.73244201720868e-8
8.759684258686658e-8
5.0551641915384314e-8
8.278072959581843e-8
4.421265599506546e-8
7.846589741044082e-8
3.826749894507163e-8
7.461811088280523e-8
3.267891028630203e-8
7.120624263508868e-8
2.741221976137037e-8
6.820167562400272e-8
2.2435322714992712e-8
6.557860277280163e-8
1.7718712405472133e-8
6.331381893732699e-8
1.3234832183333558e-8
6.138585318268391e-8
8.957283357930656e-9
5.977379470552135e-8
4.8478500253307295e-9
5.8348836448801786e-8
3.706073686475146e-8
1.028257181105613e-6
5.468311898632228e-6
0.000017093753278813516
0.00004139751250306918
0.00008479667033115082
0.00015496629393142768
0.00026016259880661484
0.00040935082643829915
0.0006116005838936072
0.0008761234269137479
0.0012116979789371398
0.001626694455510806
0.00212849306797113
0.0027235490019079465
0.0034167680607283066
0.0042116489776533594
0.0051095845565466
0.006110108534945084
0.007210101505700847
0.008404165768253404
0.009683732209731826
0.011037586968357193
0.01245089625947164
0.013905911993427597
0.015380954601279242
0.016851330399801107
0.018288336096499096
0.019660427299965307
0.020932329187321345
0.0220664992810632
0.023022440571141604
0.02375849581159401
0.024231454042761683
0.024398690550459966
0.02421812801249896
0.02365069079513432
0.022660625234732428
0.021218169846308307
0.019300160060235154
0.016892735171821674
0.013992062996533624
0.010606824266031576
0.006758809329230123
0.0024848592868997187
-0.0021629701786266115
-0.007116355199697255
-0.012291288738075888
-0.017588226754265884
-0.022893686111191337
-0.028081801717504056
-0.03301707583151483
-0.03755738270892552
-0.041557809965090974
-0.04487490935741862
-0.04737132038798743
-0.048920795994057804
-0.0494130378697437
-0.04875877764771102
-0.04689404522842986
-0.043784428434989246
-0.03942791087728922
-0.033857433153446144
-0.027141533172174347
-0.019384531057228774
-0.010724502307860626
-0.0013307994367163054
0.008600649281187433
0.01885225239041916
0.029191604818184457
0.03937808161440839
0.04917083724607535
0.058335932978257794
0.06665420732908871
0.07392763952143327
0.07998581229195198
0.08469035960539238
0.08793903245268618
0.08966748712254645
0.08985046904453511
0.08850075827033053
0.08566756975197619
0.08143303480476995
0.07590842651244019
0.06922897903268634
0.06154886568599057
0.05303535466968431
0.043863543742144906
0.034210808115675326
0.024252152174332593
0.014155676535525989
0.004079120698543986
-0.005833247045300185
-0.015452654765358963
-0.024667434000775562
-0.03338366564310051
-0.04152545797793299
-0.04903447008252228
-0.05586918619742651
-0.06200367194759316
-0.0674262203722441
-0.07213770336590469
-0.0761499364980907
-0.07948393302705424
-0.08216826038925827
-0.08423741892395203
-0.08573037246056901
-0.08668918462861738
-0.08715782098225101
-0.0871810992076528
-0.08680379273768118
-0.08606989493190836
-0.08502200805668932
-0.08370088640280254
-0.08214506831307722
-0.08039064600300548
-0.07847108774708832
-0.07641717804062544
-0.074256977128669
-0.0720158792572578
-0.06971666296979173
-0.06737962355538504
-0.06502267651969772
-0.06266153009911975
-0.06030981373748061
-0.057979265911473794
-0.055679867978569726
-0.05342003062303679
-0.051206720478327764
-0.049045634899741314
-0.04694131415729517
-0.04489729900526288
-0.042916225110901166
-0.0409999612175984
-0.03914968508158914
-0.037366002198341096
-0.03564900413474498
-0.03399836909452705
-0.03241340442935536
-0.030893131000292118
-0.029436312048220812
-0.02804152357623764
-0.02670717183079766
-0.0254315519286268
-0.024212856081544294
-0.023049222536815038
-0.021938736453861813
-0.020879470997535857
-0.019869482504526772
-0.01890684531203344
-0.017989642581955078
-0.0171159961901593
-0.016284054317611773
-0.015492017495606619
-0.014738123846197737
-0.014020672167575268
-0.013338005512134245
-0.0126885320238515
-0.012070707377264584
-0.011483053932076279
-0.010924142423318588
-0.010392609881117296
-0.00988714085537578
-0.009406484452290701
-0.008949435292209228
-0.00851484994086088
-0.008101627732673892
-0.00770872681583874
-0.0073351449228806435
-0.006979935201773585
-0.006642186979148758
-0.006321041514872972
-0.0060156727730737046
-0.005725303211338243
-0.005449184552923298
-0.005186613704512159
-0.0049369135037354295
-0.004699448847503899
-0.004473607375584098
-0.004258815882270089
-0.00405452088696613
-0.003860205395412391
-0.003675369302767774
-0.003499546565008011
-0.0033322853747618005
-0.0031731658008493217
-0.0030217796747197697
-0.0028777487534511234
-0.0027407042518549406
-0.002610305584971586
-0.0024862194768034552
-0.0023681393403360384
-0.002255763893516944
-0.0021488172311438115
-0.0020470268793464884
-0.0019501446189084514
-0.0018579239034072555
-0.0017701414946174419
-0.0016865741708365922
-0.0016070212386365991
-0.001531280451156256
-0.0014591714662116216
-0.0013905108918070637
-0.001325136763417302
-0.0012628826339009898
-0.0012036031413527333
-0.0011471470606721692
-0.0010933840387564804
-0.0010421765200753438
-0.0009934077274897167
-0.0009469523747141955
-0.0009027059764797854
-0.0008605542522622716
-0.0008204038552201395
-0.0007821503710300287
-0.0007457105573709073
-0.0007109888369304214
-0.0006779111445905884
-0.0006463898105471537
-0.0006163591165819709
-0.0005877384594996144
-0.0005604697240507428
-0.000534478612683285
-0.0005097139482976825
-0.00048610704855568936
-0.0004636130804133663
-0.0004421683506971477
-0.00042173383988002266
-0.0004022502751290899
-0.00038368397673720084
-0.0003659795750925375
-0.0003491083085817782
-0.0003330182397068435
-0.0003176851496557165
-0.00030306010274927243
-0.00028912309046945833
-0.00027582778523929614
-0.0002631580944497422
-0.0002510699369709958
-0.0002395508777598887
-0.00022855874963204761
-0.0002180845475449901
-0.00020808771093502716
-0.0001985624672750597
-0.00018946957827285904
-0.00018080633263389123
-0.00017253454929484804
-0.00016465443142042152
-0.0001571286089246751
-0.00014996007428412603
-0.0001431120369788374
-0.00013659017472074906
-0.00013035805911275241
-0.00012442396750818769
-0.00011875162758338695
-0.00011335184901809322
-0.00010818831922256742
-0.00010327432941699358
-0.00009857333879900635
-0.00009410108507829728
-0.00008982061833392088
-0.00008575010051500819
-0.00008185199887225143
-0.00007814689323081942
-0.00007459649672070835
-0.00007122381153547137
-0.00006798963147548456
-0.00006491939918221797
-0.00006197282388744356
-0.00005917781899994319
-0.00005649284722667441
-0.000053948333328420705
-0.000051501331970178676
-0.000049184830852928194
-0.000046954315457572036
-0.00004484540000735357
-0.000042811837334060806
-0.000040891941244059526
-0.00003903756704349355
-0.00003728981447973648
-0.000035598472876804005
-0.00003400752331798635
-0.000032464517078363315
-0.00003101642394719249
-0.000029608381733990777
-0.0000282904654944186
-0.000027005219137101555
-0.000025805950792792135
-0.000024632425272159594
-0.00002354132303600187
-0.00002246943665677455
-0.00002147696897873054
-0.000020497541422080973
-0.00001959504181932459
-0.000018699713121982352
-0.00001787930139642089
-0.00001706045553519168
-0.000016314966179838026
-0.00001556566416955264
-0.000014888582368005118
-0.000014202499551661712
-0.000013587902398506607
-0.000012959273555274372
-0.000012401777592876184
-0.000011825344237340716
-0.000011320055969116227
-0.00001079102130696309
-0.000010333493941547615
-9.847479861990037e-6
-9.433673747272104e-6
-8.986683210192549e-6
-8.61292883212745e-6
-8.201310559497493e-6
-7.864277191779703e-6
-7.484694064175123e-6
-7.181358542504719e-6
-6.830758891051742e-6
-6.558379096801694e-6
-6.233970032817429e-6
-5.990060059356951e-6
-5.689284280146839e-6
-5.471592573484493e-6
-5.19210556283386e-6
-4.9985945807997475e-6
-4.738245479982005e-6
-4.567072452884177e-6
-4.323886321757915e-6
-4.173388655934998e-6
-3.9455494206661794e-6
-3.814227227593266e-6
-3.6000616256604033e-6
-3.4865652486612997e-6
-3.284531008186769e-6
-3.1876481755793554e-6
-2.9963205001247076e-6
-2.914965872615899e-6
-2.733025435367117e-6
-2.6662290816633707e-6
-2.492452716741525e-6
-2.439352196988876e-6
-2.2726018592436644e-6
-2.232433032848236e-6
-2.071648801721781e-6
-2.0437382735930686e-6
-1.8879280154696934e-6
-1.8716870779552334e-6
-1.719921030859214e-6
-1.7148395429506896e-6
-1.5662426702982694e-6
-1.571882165016435e-6
-1.4256268703358977e-6
-1.4416173292001924e-6
-1.29692003808711e-6
-1.3229539936491963e-6
-1.179067190532815e-6
-1.214897498300677e-6
-1.0711063451863261e-6
-1.1165406309551025e-6
-9.721573834142458e-7
-1.0270581926098354e-6
-8.814189001151577e-7
-9.456966838351203e-7
-7.981565711002831e-7
-8.717702193621303e-7
-7.216987279136587e-7
-8.046541884123339e-7
-6.51433756279218e-7
-7.437795471774443e-7
-5.868000495889954e-7
-6.886274453997292e-7
-5.272843937764398e-7
-6.387268080189776e-7
-4.724182196715782e-7
-5.936489490433193e-7
-4.217712917107329e-7
-5.530031250198094e-7
-3.7494961802123887e-7
-5.164343480026836e-7
-3.315925756367979e-7
-4.836208723437246e-7
-2.913692236436562e-7
-4.5427095727248593e-7
-2.539748122019277e-7
-4.281182809943815e-7
-2.1913054392676288e-7
-4.049233016920784e-7
-1.8657924806526417e-7
-3.8446815986186835e-7
-1.5608519577950343e-7
-3.6655751403498797e-7
-1.2743089856174052e-7
-3.5101329271746194e-7
-1.0041381306876519e-7
-3.3767613452254346e-7
-7.484852277280492e-8
-3.264026647751673e-7
-5.056143388868495e-8
-3.170556024472666e-7
-2.7314970893298655e-8
-3.0889552191762994e-7