0.0004999160932607769
0.0020019411638644486
0.004499123725952007
0.007991861330638225
0.012469729890434983
0.01792825279763262
0.024354185015249205
0.03173740841253354
0.040061412424996466
0.049309675299158424
0.05946177186450832
0.07049401672949589
0.0823813764013915
0.09509231333887887
0.10859657108224485
0.1228542391316534
0.13782941615996477
0.15347356395276815
0.16974500624381156
0.1865866723600608
0.20395134757262706
0.2217739305122754
0.24000231136510325
0.2585642851038687
0.27740389555347467
0.29644316148585825
0.315623688285257
0.33486337807443933
0.3541030779093957
0.37325846011348646
0.39227144816763
0.4110574705439713
0.429561383780799
0.4477003227561561
0.46542382507921615
0.48265252249928947
0.4993421610833946
0.5154184011959407
0.5308444226984881
0.5455521231682564
0.5595129949865641
0.5726660316868397
0.584991562774796
0.5964361950752513
0.6069892902253073
0.6166052808165061
0.6252824739248383
0.6329830903852975
0.6397140751456188
0.6454452122785452
0.6501916195107317
0.6539302920733645
0.6566839550140585
0.6584363864861197
0.6592172982438689
0.6590167843684231
0.6578708986300783
0.6557755687437444
0.6527725398900361
0.648863087875795
0.6440940015387704
0.6384714206884101
0.6320465364300512
0.6248298710454843
0.6168763841175933
0.6082005008586313
0.5988603227783407
0.5888736976905415
0.5783012461775496
0.5671637502899874
0.5555237212746917
0.5434043651147253
0.5308694334773866
0.517944003577644
0.5046923739632185
0.4911408748479459
0.47735359397919924
0.4633574124968702
0.4492153739293494
0.43495412007612755
0.42063474743295004
0.40628279705945897
0.39195647581000354
0.377679332523692
0.3635057541750336
0.3494564368133645
0.33558109707097444
0.3218968193828339
0.3084479497859189
0.29524737127859796
0.28233356907324514
0.26971485468330475
0.2574236102255096
0.24546345079278914
0.23386067107336458
0.222614306780668
0.21174482088435312
0.2012469999877986
0.19113593067469795
0.18140264675477563
0.17205745896097271
0.1630882541887778
0.15450125391538627
0.14628185658299153
0.1384329112373964
0.13093798830708647
0.12379726456746766
0.11699310485304382
0.11052366211780967
0.1043706522316439
0.09853077838088335
0.09298558233005959
0.0877308056495746
0.08274820313740056
0.07803295451267882
0.07356732872273539
0.0693462590665859
0.06535275062431722
0.06158172960217542
0.05801708996639621
0.05465392447537977
0.05147711068409232
0.048482026971089255
0.045654582336388715
0.042990516022214736
0.04047677990322848
0.03810951527001664
0.03587670105731895
0.0337748961885267
0.03179307135903011
0.029928200163186446
0.028170196602536328
0.026516433130707975
0.024957710449964306
0.023491775680794927
0.02211025530975352
0.020811241962143765
0.019587125539706852
0.018436312572500686
0.017351894613043366
0.016332559880275
0.015372041839498805
0.014469278831387605
0.013618589452249565
0.012819132082445912
0.01206575718178169
0.011357815088452114
0.010690638656454823
0.010063744379680365
0.00947290192232394
0.008917770522792677
0.008394514906959385
0.007902916032183276
0.007439495631705395
0.0070041376589057265
0.006593686295509519
0.006208111938843103
0.005844549924108643
0.005503042551688423
0.005180988032521894
0.004878487867617287
0.004593177633824997
0.004325206993281002
0.00407242590304875
0.0038350226383414023
0.0036110408419841892
0.0034006991825851663
0.0032022163667543026
0.0030158344130692114
0.0028399303394317484
0.0026747635073883715
0.002518854176528313
0.0023724739536720653
0.0022342727830811132
0.002104530213899701
0.0019820136760637674
0.0018670070503315783
0.001758384271616978
0.0016564305426073262
0.0015601164149479244
0.00146972592382171
0.0013843173287051637
0.0013041714568423153
0.0012284262445419374
0.0011573576570366288
0.001090176063514504
0.0010271512445720885
0.000967559464068917
0.0009116632787829322
0.0008587989420877632
0.0008092209893220474
0.0007623203262966782
0.0007183428743952093
0.0006767293648080936
0.0006377166858893036
0.0006007910252936834
0.0005661799652492853
0.0005334111927417878
0.0005027028330000129
0.00047362048554808065
0.00044637276944113
0.00042055994323880264
0.00039638115466040873
0.0003734683679488423
0.00035201136312075135
0.00033167112723962976
0.0003126282319974813
0.00029457024835085656
0.0002776687436081214
0.0002616356538436622
0.0002466337809442354
0.00023239740614991791
0.00021908083178923005
0.00020643884401888647
0.00019461753147879227
0.00018339050752988947
0.00017289594717765643
0.00016292476039686028
0.00015360751789571546
0.00014475102894057355
0.0001364785744615349
0.00012861158649998938
0.0001212663724941532
0.00011427782034078427
0.00010775557921689626
0.00010154692544940677
0.00009575516181855445
0.0000902389760514505
0.00008509563115330102
0.0000801943314051461
0.00007562659991796432
0.00007127133745597746
0.00006721461919124768
0.0000633442903843222
0.00005974126138922893
0.000056301632010036816
0.00005310142138969582
0.00005004435048592364
0.00004720181084056471
0.00004448456278303404
0.00004195962354642625
0.00003954425817235427
0.00003730135237702676
0.00003515418431038728
0.000033161740392906906
0.000031252859644445104
0.000029482850870160357
0.000027785697735442393
0.000026213242671509387
0.000024704230737742328
0.0000233072389601711
0.00002196542074774997
0.0000207242786345896
0.000019531049024875373
0.000018428341074980403
0.00001736717422990109
0.00001638743587060914
0.000015443651840944154
0.000014573150149380879
0.000013733707807198026
0.000012960246975733618
0.000012213560280518435
0.00001152630902255931
0.000010862083983720418
0.000010251422394325264
9.660512383917276e-6
9.117896049869136e-6
8.592173390213112e-6
8.110012799115851e-6
7.642254788010132e-6
7.213808307678447e-6
6.797596046647201e-6
6.416874938501253e-6
6.046503522059196e-6
5.708187632312521e-6
5.3785864159050115e-6
5.077949335980902e-6
4.7846111450794136e-6
4.517453777163109e-6
4.256372052009211e-6
4.01896362929295e-6
3.786576611273541e-6
3.575602334380276e-6
3.368743500750958e-6
3.1812580456159015e-6
2.9971120927482332e-6
2.830498326998754e-6
2.6665620749236275e-6
2.5184943995959417e-6
2.3725420679995213e-6
2.24095386419225e-6
2.111006228634666e-6
1.994060945306178e-6
1.8783579369625811e-6
1.774423414528837e-6
1.6713997798571145e-6
1.5790254443536242e-6
1.487289119579892e-6
1.4051857248758335e-6
1.3234986223307528e-6
1.2505202556001792e-6
1.1777811923580558e-6
1.1129092897174658e-6
1.0481388187183443e-6
9.904679633776285e-7
9.32794893210184e-7
8.815201998843188e-7
8.301696157346524e-7
7.845755207911308e-7
7.388581396115057e-7
6.983084398525178e-7
6.576111484534983e-7
6.2154015130395e-7
5.853175986510413e-7
5.532222567860791e-7
5.209893798733715e-7
4.924223008213934e-7
4.637476827373169e-7
4.3831091639382633e-7
4.128108820305624e-7
3.901503983366965e-7
3.6748376638257276e-7
3.472845473679017e-7
3.2714796695549186e-7
3.091296413369765e-7
2.9125344545460287e-7
2.751664097396419e-7
2.593109309485222e-7
2.4493289783558676e-7
2.3088519352470086e-7
2.1801812419860828e-7
2.0558906671456452e-7
1.9405644046538543e-7
1.8307813061031473e-7
1.727225161725752e-7
1.6304598673771304e-7
1.537268808014294e-7
1.4522005454697717e-7
1.3681195933869423e-7
1.293578371041185e-7
1.217485448697495e-7
1.1524359589938524e-7
1.0833266517932759e-7
1.0268539888793775e-7
9.638279352342463e-8
9.151249205337117e-8
8.573736900389234e-8
8.157296351162705e-8
7.625259024835707e-8
7.273166522158125e-8
6.780045485487833e-8
6.486836553416448e-8
6.026701281842889e-8
5.7876106626714e-8
5.355081591322861e-8
5.165974162776808e-8
4.7561535062337396e-8
4.613463659033085e-8
4.221873277643502e-8
4.122551274199276e-8
3.7450769554143974e-8
3.686541924943397e-8
3.3193831174362356e-8
3.299481964991505e-8
2.939106435293866e-8
2.9560777405162002e-8
2.5991804693434844e-8
2.651623270956925e-8
2.2950891900865282e-8
2.381935980805064e-8
2.0228059920623656e-8
2.1432995780598677e-8
1.7787393119206214e-8
1.9324131017020856e-8
1.5596842461300046e-8
1.746345646968662e-8
1.3627794998869618e-8
1.5824963617751636e-8
1.1854690234134961e-8
1.4385586182858613e-8
1.0254677904661305e-8
1.3124881945245212e-8
8.807313353182962e-9
1.2024751267166194e-8
7.494284957746022e-9
1.1069186162098883e-8
6.299174063030196e-9
1.0244047544102158e-8
5.207236162927024e-9
9.536869204597651e-9
4.205209328577527e-9
8.936679888800472e-9
3.28114154307848e-9
8.433849913469273e-9
2.4242353524394008e-9
8.019947906095922e-9
1.624672791465023e-9
7.68732025340517e-9
8.711149532233287e-10
7.410067212941066e-9
-0.0011265751742634124
-0.004483325174583836
-0.010033702175108681
-0.017710588944440657
-0.027425711893003735
-0.039062215784881865
-0.052492659923257856
-0.06756107555421507
-0.08411198839698
-0.10196332433284878
-0.12094459641229686
-0.14086164069064172
-0.16154214103638828
-0.18279314858833884
-0.20445224302458767
-0.2263387955261665
-0.24830924757095485
-0.27020310600096126
-0.2919010406835053
-0.31326663226027307
-0.3342062269978224
-0.3546074746832008
-0.3744001120368043
-0.39349231882039426
-0.41183181510716027
-0.4293410255210645
-0.44597806158293274
-0.46167162139385326
-0.47638158157321653
-0.4900344794686628
-0.5025835560003953
-0.5139455747348995
-0.5240602316555408
-0.532828961512775
-0.5401736562180881
-0.5459779926305872
-0.5501453729632156
-0.5525431796087892
-0.5530597700561176
-0.5515519283173734
-0.5479006238993447
-0.5419617966004437
-0.5336204430772198
-0.5227447567104893
-0.5092379597688987
-0.4929957364893721
-0.47395510645853683
-0.45205504571514116
-0.42728161519685137
-0.3996316629743477
-0.3691533909946759
-0.33591306653159986
-0.30003023594753925
-0.26164743714116784
-0.2209593529964843
-0.17818560207701714
-0.1335932690175951
-0.08747295412127616
-0.04015432489041702
0.008014275749821954
0.05665734617747982
0.10538863071446608
0.15380948229767008
0.20152072910207286
0.24812733495259365
0.29324509098412255
0.3365107336672754
0.3775828149557945
0.41615623642744615
0.45195675673271085
0.4847588379340506
0.5143734891479662
0.5406684189871894
0.5635492749657037
0.5829813352710643
0.5989646319758728
0.611556737946139
0.6208426768266573
0.626958684889456
0.6300581253317169
0.6303363508652605
0.6279939892648158
0.6232631490389627
0.6163694049276665
0.6075595670943555
0.5970634942173355
0.585123517833897
0.5719569072508915
0.5577868610159662
0.5428061160466129
0.5272092464806512
0.5111576139791221
0.4948125936505575
0.47830184406707904
0.46175302953183256
0.4452612595790437
0.4289228926483366
0.41280394579238466
0.39697362805376735
0.3814735293068593
0.3663506184585391
0.3516270606425751
0.3373325046114008
0.3234744287791148
0.31006961943201927
0.29711499427286786
0.28461823140476983
0.27256905689248956
0.2609690229088523
0.2498032714861461
0.23906948152224394
0.2287501355801883
0.21884066401368174
0.2093222479833705
0.20018918926681553
0.19142228337199357
0.18301543940381665
0.17494965459867837
0.1672189026731931
0.15980473695666467
0.15270145969405616
0.14589137629238
0.13936925304013167
0.13311824040063752
0.12713362293698532
0.12139942535373105
0.1159114561150865
0.1106546061401336
0.1056251865216491
0.10080892639868808
0.09620260509036715
0.09179275265440359
0.08757657738869018
0.08354136987771824
0.07968472795910639
0.07599466260914188
0.07246912392886118
0.06909680499178972
0.0658759740224475
0.06279597029977843
0.05985534936557209
0.05704406323335165
0.05436092709472688
0.05179647441600769
0.04934975514957201
0.047011854807790944
0.04478203559905955
0.04265190724309751
0.040620923718693684
0.038681192424879926
0.036832340336742465
0.03506694711812588
0.03338479543248398
0.03177891276938163
0.030249221452593084
0.02878917324436101
0.02739881524173444
0.026072000762122335
0.02480888782768345
0.023603709404862328
0.022456721557713787
0.02136251580051492
0.02032143426439599
0.0193284067189245
0.018383850252452035
0.01748301341286399
0.016626377964315008
0.015809492579670757
0.015032894212811837
0.01429241383703707
0.01358863487393704
0.012917653601996905
0.012280091920734577
0.011672295245313673
0.011094916663416707
0.010544535375925883
0.010021829035646568
0.009523596082279909
0.009050532743312778
0.008599642937631179
0.00817163607351488
0.007763708555814633
0.007376578140691789
0.007007621467215121
0.006657560332221354
0.006323940072510194
0.0060074827074760775
0.005705891422547062
0.005419885095427736
0.005147314568228362
0.0048888926327449985
0.00464260822290654
0.0044091654864377985
0.0041866824807886335
0.003975852505535969
0.003774914338882537
0.0035845485517044706
0.0034031067760492686
0.00323125526743869
0.003067451150310226
0.002912345045429031
0.0027644926850415616
0.002624527976258965
0.0024910988232234176
0.002364821557192356
0.002244430240174485
0.0021305229597238474
0.0020219143174447125
0.001919183662111346
0.0018212208881313227
0.0017285862644556061
0.0016402400787875375
0.0015567233156563152
0.0014770620821567475
0.0014017779928561054
0.0013299587049681095
0.0012621064822242118
0.0011973665471971331
0.001136221923194219
0.001077871678769631
0.0010227797859967448
0.000970195688286256
0.0009205645625815616
0.0008731829882805696
0.0008284776602612816
0.0007857892704843963
0.0007455263935118577
0.0007070710118351791
0.0006708139813582315
0.0006361759410856442
0.0006035304620381757
0.0005723343812638646
0.0005429444442874403
0.0005148513912864017
0.0004883956218953474
0.00046309963645744184
0.0004392879831198868
0.0004165129221075126
0.00039508365398495594
0.0003745803310378153
0.00035529731677444627
0.0003368409111200616
0.0003194911531428319
0.00030287886164918556
0.0002872702636236288
0.0002723191750800449
0.0002582785198083158
0.0002448236900730891
0.00023219480953073988
0.00022008751988790534
0.00020872963973256448
0.0001978358207813738
0.00018762206239566215
0.00017782086823450757
0.00016863689407377273
0.00015981941378515077
0.00015156220248686234
0.0001436302944647392
0.00013620703424793438
0.00012907227302910354
0.00012239936099355648
0.00011598208551384667
0.00010998422416063756
0.00010421267795460256
0.00009882205853463796
0.00009363161301482465
0.00008878717855668039
0.00008411963190529941
0.00007976641130973247
0.00007556935540789025
0.00007165786291760733
0.00006788411164452188
0.0000643698044178046
0.000060976878008368904
0.000057819666960312964
0.00005476932667371428
0.000051933134882260904
0.00004919096299732257
0.00004664332759476726
0.000044178348918995973
0.000041890061853625846
0.00003967440192927941
0.000037619186327344464
0.00003562776380380388
0.00003378198174622217
0.000031992230448502215
0.000030334620103390103
0.000028726238719997267
0.000027237676909091568
0.000025792403676133475
0.000024455692315215676
0.000023157101626685717
0.000021956774548129733
0.000020790093777959345
0.00001971224404555026
0.000018664188512654857
0.000017696311234728563
0.00001675493565255052
0.000015885787885886068
0.000015040352157782319
0.000014259825601630062
0.000013500674726532404
0.000012799681699385005
0.000012118136749881741
0.000011488507369777813
0.000010876768219479642
0.000010311157606787515
9.762214848554253e-6
9.254019983360849e-6
8.76157544182245e-6
8.30486031184595e-6
7.863255986541025e-6
7.452683468277799e-6
7.056837363864904e-6
6.687609018636255e-6
6.332957525062928e-6
6.0007584317156716e-6
5.68320436485415e-6
5.384154152453873e-6
5.1000200704909755e-6
4.830628578709792e-6
4.5766148872546374e-6
4.333742079517637e-6
4.106889293860642e-6
3.8877095722527305e-6
3.6853642136950405e-6
3.4873338597340415e-6
3.307118131764452e-6
3.1279465688620022e-6
2.9677310040226626e-6
2.8053542480637993e-6
2.6632329140638146e-6
2.5157903355554354e-6
2.3900589041537502e-6
2.2558718852432177e-6
2.1450078225109383e-6
2.0225604560813906e-6
1.9252050902147002e-6
1.8131272155282176e-6
1.7280699146105762e-6
1.6251214134894942e-6
1.5512852886730901e-6
1.4563422120900571e-6
1.3927710275623495e-6
1.304813076843629e-6
1.250660023838515e-6
1.1687590398831184e-6
1.1232766235051109e-6
1.0465861472947557e-6
1.009116665932678e-6
9.368628957316088e-7
9.068304537190003e-7
8.383037830735781e-7
8.152068530179114e-7
7.497541123752898e-7
7.331594041373063e-7
6.701772012204406e-7
6.5971351717735e-7
5.986414522266585e-7
5.939948675741867e-7
5.343103442428215e-7
5.3521951563685e-7
4.764322377296476e-7
4.826848458821772e-7
4.2433215608828945e-7
4.3576070946003075e-7
3.7740299692950425e-7
3.938825375969522e-7
3.3509940923661093e-7
3.565447185161585e-7
2.969311073695905e-7
3.232943092197109e-7
2.6245701267085157e-7
2.937259939790104e-7
2.312805106994818e-7
2.674770120285087e-7
2.0304434888986898e-7
2.4422311993840645e-7
1.774270683649461e-7
2.2367451640960072e-7
1.5413886793631485e-7
2.0557255313725478e-7
1.3291821468142526e-7
1.8968637190271048e-7
1.1352933194439608e-7
1.7581045459226438e-7
9.575882559103548e-8
1.6376195802328416e-7
7.941390883657477e-8
1.5337837994281592e-7
6.431980004814702e-8
1.44515992247322e-7
5.0317709903032225e-8
1.3704748984000686e-7
3.7263446385455085e-8
1.308606700358784e-7
2.5024794654552252e-8
1.258524883461766e-7
1.3443276464734113e-8
1.2163410283325282e-7