0.005999809807747627
0.011987573076033993
0.017933040329408404
0.0238294319606822
0.02965057419227532
0.035387013542351624
0.04101549606190194
0.046526157171119506
0.05189804671951295
0.05712170199067649
0.06217827473604007
0.06705910097336969
0.07174731702701775
0.076235235856905
0.08050785867178767
0.08455852257641784
0.08837396091380155
0.09194851166315943
0.09527051170455762
0.09833525556133824
0.1011325848504519
0.10365872499916459
0.10590497711900551
0.1078685192422399
0.10954213671578257
0.11092404594202958
0.11200861817827008
0.11279526325987095
0.11328011431587692
0.11346399384805854
0.11334503542314972
0.11292574306278864
0.11220653151913068
0.11119188112080038
0.10988478141250455
0.10829197691288857
0.10641930028617964
0.10427599997385133
0.10187094938923746
0.09921604558363396
0.09632328102855307
0.09320720400751484
0.08988284007597898
0.0863672101580246
0.08267809008294347
0.07883459131409837
0.07485674884696476
0.07076518133712366
0.0665814993654752
0.06232707508979296
0.05802426335257033
0.05369432413473836
0.04935944708659584
0.04503988130925536
0.040756748831395066
0.03652844425942865
0.032374214287071865
0.028309893860234
0.024352217482341065
0.020513958813780684
0.016808926472449578
0.013246571213558355
0.009837605732845523
0.006588139038181771
0.0035058482122716414
0.0005936947843960617
-0.0021434319180132708
-0.004705365305032267
-0.007089630987544008
-0.009298414845863884
-0.011331229119145815
-0.013192148096550015
-0.014882249911237384
-0.016407067602942093
-0.017768878015804426
-0.018974312857025725
-0.020026557089325943
-0.020933062000769102
-0.021697706786405615
-0.022328554745258387
-0.022830024622033256
-0.02321063260645124
-0.023475215047127008
-0.02363260304860234
-0.023687935225482012
-0.023650217849747347
-0.023524764648679055
-0.02332060271627401
-0.023043074973964232
-0.022701059405541735
-0.022299767789021256
-0.02184775243737697
-0.021349931625174113
-0.020814363496570835
-0.02024552415961063
-0.019650832734742624
-0.01903420266985936
-0.018402305304777558
-0.017758409088196467
-0.01710837189568687
-0.01645477705544847
-0.01580264731064943
-0.015153881325751092
-0.014512684834024445
-0.01388030686686234
-0.013260186335086714
-0.01265298369201159
-0.012061443910391137
-0.01148571661535788
-0.01092793902405268
-0.010387835649399584
-0.009867027142106476
-0.00936489932550658
-0.00888264591921259
-0.008419395780049797
-0.007975999133309548
-0.007551401349541257
-0.007146183545608606
-0.006759170934124778
-0.006390739499832687
-0.006039646855136075
-0.005706117188978976
-0.0053888826046987895
-0.0050880587325367755
-0.004802384684342323
-0.004531901674752231
-0.004275379978508816
-0.004032812674370414
-0.0038030183169323263
-0.0035859615505233894
-0.003380520593003417
-0.0031866460056176726
-0.003003282517436487
-0.0028303767148350647
-0.002666943199480321
-0.0025129314039029037
-0.002367426561896837
-0.002230385284365753
-0.00210096231868753
-0.001979123946236166
-0.0018640920080942236
-0.0017558436228015846
-0.0016536644526218584
-0.0015575426943529936
-0.001466824047411634
-0.0013815074067013604
-0.0013009944666104356
-0.0012252940458922178
-0.001153859716956051
-0.001086709220063485
-0.0010233439427196794
-0.0009637894348217451
-0.0009075909770662665
-0.0008547807899430593
-0.0008049443220454823
-0.000758119353443053
-0.0007139280043807096
-0.0006724125667074371
-0.0006332285808369639
-0.0005964218864956898
-0.0005616784414661573
-0.0005290467637509464
-0.0004982404702318468
-0.0004693099851681935
-0.0004419940613475281
-0.00041634435336143443
-0.0003921224490447136
-0.0003693806489428973
-0.0003479012828542851
-0.0003277367980694573
-0.0003086883656839817
-0.00029080815835605937
-0.0002739144647856836
-0.00025805883175653607
-0.0002430751037918553
-0.0002290139130361307
-0.0002157232455953744
-0.00020325258533663668
-0.00019146277973483902
-0.00018040197896923061
-0.00016994273314225613
-0.00016013171521454
-0.00015085212907921337
-0.00014214906305393463
-0.0001339154252965834
-0.00012619464297809076
-0.00011888846866004617
-0.00011203861815837926
-0.00010555490948545797
-0.0000994773191024461
-0.00009372302450184388
-0.00008833025339915721
-0.00008322290262757885
-0.00007843745723233703
-0.00007390395262364726
-0.00006965714997836512
-0.00006563269609099138
-0.00006186365742895589
-0.0000582908133209258
-0.00005494557299021372
-0.00005177341309309899
-0.00004880412962626783
-0.000045987500784156824
-0.00004335175839776564
-0.00004085062202964009
-0.00003851081217285582
-0.00003628966178916719
-0.0000342124355372353
-0.00003223978094345221
-0.00003039556409792792
-0.00002864347462564437
-0.000027006038304802942
-0.000025449738278728933
-0.000023995818623267135
-0.000022613329063975096
-0.00002132229040705571
-0.000020094111657037248
-0.000018947648167906697
-0.000017856478737167045
-0.000016838350119487548
-0.000015868837596259537
-0.000014964634929906404
-0.000014103155278218142
-0.000013300093547893415
-0.000012534555535801401
-0.000011821289789292119
-0.000011140961669498396
-0.000010507424095265636
-9.902779992527865e-6
-9.340035525621816e-6
-8.802619275812242e-6
-8.302737610196215e-6
-7.825042055688461e-6
-7.380984190076033e-6
-6.956344168416788e-6
-6.5618618260431945e-6
-6.184359287658599e-6
-5.833905738439027e-6
-5.49828561249797e-6
-5.18693660153432e-6
-4.888532182811893e-6
-4.611915810949451e-6
-4.3465825876271005e-6
-4.100817127091779e-6
-3.864874086165474e-6
-3.6465128259434524e-6
-3.4366903890771383e-6
-3.2426727150025446e-6
-3.0560665489907004e-6
-2.8836745468010266e-6
-2.7177045859442247e-6
-2.5645245428931235e-6
-2.416898628547388e-6
-2.280786877181669e-6
-2.149468493468061e-6
-2.028521105733978e-6
-1.911700748502294e-6
-1.8042266429612368e-6
-1.7002964067281823e-6
-1.6047934856257412e-6
-1.5123245113480045e-6
-1.4274584812379802e-6
-1.3451809352804956e-6
-1.2697665104252103e-6
-1.1965518130221234e-6
-1.1295360314883118e-6
-1.0643810794454034e-6
-1.004828493636016e-6
-9.468416523381392e-7
-8.939211827235583e-7
-8.42309848721303e-7
-7.952831123607214e-7
-7.493426688252092e-7
-7.075536182478138e-7
-6.666576277330702e-7
-6.295233508135167e-7
-5.931148449759761e-7
-5.601173961759136e-7
-5.277011402508347e-7
-4.983802870425048e-7
-4.6951590845292087e-7
-4.43462689979387e-7
-4.177585748545209e-7
-3.946095810672802e-7
-3.7171745213615527e-7
-3.511497438983443e-7
-3.3075984415116266e-7
-3.1248644112265627e-7
-2.9432325403010985e-7
-2.7808912644756583e-7
-2.6190757320224386e-7
-2.474860825080396e-7
-2.330681441305764e-7
-2.202578804303868e-7
-2.074095947259822e-7
-1.9603156852161746e-7
-1.8458036209003472e-7
-1.7447550810331612e-7
-1.6426782510184184e-7
-1.552947858631966e-7
-1.4619398000126682e-7
-1.3822713614598197e-7
-1.3011159753105052e-7
-1.2303931781977596e-7
-1.1580080784667389e-7
-1.0952389531896911e-7
-1.0306606520538548e-7
-9.749637512920974e-8
-9.173345067925577e-8
-8.679266365969598e-8
-8.164827457415995e-8
-7.726680628768929e-8
-7.267294475341271e-8
-6.878897658420962e-8
-6.468507350805149e-8
-6.12436912406782e-8
-5.7575792132309496e-8
-5.4528221740393515e-8
-5.124825487360948e-8
-4.8551183196235774e-8
-4.5616308427468936e-8
-4.323127793728578e-8
-4.060330790715362e-8
-3.849618114340518e-8
-3.61410649292286e-8
-3.4281547488109446e-8
-3.216891331273808e-8
-3.053013058159803e-8
-2.8632876090204985e-8
-2.7190997084220785e-8
-2.5484927034576033e-8
-2.4218829868904193e-8
-2.2682332704293467e-8
-2.1573308300900497e-8
-2.018706714198626e-8
-1.9218556215994698e-8
-1.7965293027712787e-8
-1.7122650943492042e-8
-1.5986897618502316e-8
-1.525718810177156e-8
-1.422508277728218e-8
-1.3596893089685829e-8
-1.265599818406101e-8
-1.211927619779782e-8
-1.125841633441767e-8
-1.080432536684667e-8
-1.0013442654268128e-8
-9.634233903757844e-9
-8.90425910771291e-9
-8.59315727616154e-9
-7.915893394892777e-9
-7.666997118708851e-9
-7.035016541373438e-9
-6.843209154499495e-9
-6.2497611659289655e-9
-6.110632946393072e-9
-5.54955978196267e-9
-5.4593386623748055e-9
-4.925002095636208e-9
-4.880493129868371e-9
-4.367706495588963e-9
-4.366239035677795e-9
-3.870207049551015e-9
-3.909588033942696e-9
-3.4258517079678613e-9
-3.5043253879498378e-9
-3.028712911314646e-9
-3.1449259423534193e-9
-2.6735068540924223e-9
-2.826477942772711e-9
-2.3555230225828644e-9
-2.54461696249247e-9
-2.0705595850644643e-9
-2.295465966261535e-9
-1.814867437685027e-9
-2.0755821528400442e-9
-1.5851000438378937e-9
-1.88191082118358e-9
-1.3782679555966207e-9
-1.7117422244989945e-9
-1.1916999742316509e-9
-1.5626756846295303e-9
-1.0230060830678833e-9
-1.4325855609975781e-9
-8.70047035105858e-10
-1.3195920709056642e-9
-7.309049237083836e-10
-1.2220364787324142e-9
-6.038582124540502e-10
-1.1384563988317905e-9
-4.873604723294789e-10
-1.0675660289735824e-9
-3.800184441662696e-10
-1.0082375434236325e-9
-2.805747402684886e-10
-9.594851265357283e-10
-1.8788768338408674e-10
-9.204166185253562e-10
-1.0064332644278286e-10
-8.880425583692908e-10
0.00020675222790720744
0.0004051844776778071
0.0005737861730123487
0.0007074871823993873
0.0007868004518044419
0.0008037980545883188
0.0007397939870396602
0.0005854334398663581
0.00032247245160514176
-0.00005894646333123304
-0.0005761055033601041
-0.0012381244852491089
-0.0020601124672444122
-0.003048753604879356
-0.004215196459024451
-0.005561577913754375
-0.007092891677990146
-0.008804368255932962
-0.01069249076239369
-0.012743236514278734
-0.014942373085722575
-0.017264613511972313
-0.01968330994054654
-0.022160591528872193
-0.024656568819075596
-0.027120517600162188
-0.02949970907563018
-0.03173167663976158
-0.0337527891615553
-0.035491589825540334
-0.03687722513139318
-0.03783377360824322
-0.038288624858613174
-0.03816762181568492
-0.03740345010644754
-0.03593130795535371
-0.03369732110233192
-0.030654344909931783
-0.026770375635127932
-0.02202400110136034
-0.01641275014260765
-0.009947663351378248
-0.00266152176910079
0.005397975613593941
0.014160129312800522
0.02353988630194265
0.03342986398411017
0.043711107927404125
0.05424509701549911
0.06488670482080093
0.07547597032872985
0.08585313523957817
0.09584988829226536
0.10530612943282877
0.11406035167881333
0.12196758957744344
0.12888860715187891
0.13470835053559904
0.13932367592098724
0.1426615683340788
0.14466527417766925
0.14531158364270394
0.14459542151589894
0.14254561844937813
0.13920824016086517
0.13466047324545563
0.12899320204375891
0.1223228716331323
0.1147740103203367
0.10648915975033581
0.09761214723604157
0.08829634576726204
0.07868949516891353
0.06894064198781617
0.059187185421004186
0.04956084004214788
0.04017736181457711
0.03114179161488448
0.022541041171858334
0.014448547507883682
0.006919622179322189
-4.481646033653954e-6
-0.006298780527353083
-0.011951172307155363
-0.016962676352244542
-0.021344852831978643
-0.02511859153087487
-0.02831245027043852
-0.030960482035569833
-0.03310154619866786
-0.034776578868061146
-0.03602885573644431
-0.03690100157024596
-0.037436113617785524
-0.037674699378225804
-0.03765651960947932
-0.037417555952564414
-0.036992408659722364
-0.03641133421250299
-0.03570303315498579
-0.03489176155901831
-0.03400036230907604
-0.0330474376800259
-0.032050505124968307
-0.03102321454441987
-0.029978540019867016
-0.02892602850114295
-0.02787496703398617
-0.026831655189907964
-0.025802510446010885
-0.024791362125896395
-0.023802474844776773
-0.02283786583311445
-0.021900238122357397
-0.020990325629448532
-0.020109735004603602
-0.019258323991983312
-0.018436954761003387
-0.01764491122128754
-0.016882568296554563
-0.016148853451343922
-0.015443836619026397
-0.01476624050285004
-0.014115955374024675
-0.013491601942038633
-0.012892974429732288
-0.012318659080494359
-0.011768408053706407
-0.011240816003546698
-0.010735626563258606
-0.010251468898053742
-0.009788097925078433
-0.009344192306343015
-0.00891952909460945
-0.00851284426819562
-0.008123942195460133
-0.007751619505723055
-0.007395709596804088
-0.007055070368975294
-0.006729563938209047
-0.006418108520059092
-0.0061205935273781036
-0.005835995671455227
-0.005564229694044735
-0.005304328549925982
-0.0050562301297183265
-0.004819021197334382
-0.004592660590487416
-0.004376286405515959
-0.004169876302586034
-0.003972617265595799
-0.0037845037775185142
-0.0036047693301797367
-0.003433423371807173
-0.003269743602691068
-0.0031137527223714196
-0.002964770422223583
-0.002822831076912502
-0.002687294233421923
-0.0025582044930853158
-0.002434959201600408
-0.0023176118573130134
-0.0022055956237859798
-0.0020989716756805053
-0.001997207087714989
-0.001900369591397348
-0.001807958338119143
-0.0017200465907313037
-0.0016361638147085185
-0.0015563878662064403
-0.001480276833638937
-0.0014079123104046153
-0.0013388793884507246
-0.0012732626191205307
-0.0012106725484972933
-0.0011511959795248341
-0.001094467434125167
-0.0010405753280156088
-0.0009891767504191567
-0.0009403611553121386
-0.0008938068587447308
-0.0008496038388950506
-0.0008074503663863933
-0.0007674364846482052
-0.0007292792127077432
-0.0006930682534564747
-0.0006585382321563213
-0.000625778153639751
-0.0005945391699958963
-0.0005649092751485711
-0.0005366551291836105
-0.0005098634441998159
-0.00048431542690276073
-0.00046009627468624246
-0.00043700083574965367
-0.00041511259466636604
-0.00039423918894981733
-0.0003744622247054554
-0.00035560132716359617
-0.00033773608689675584
-0.00032069736417789124
-0.0003045626232104371
-0.00028917325203774874
-0.0002746045016213749
-0.00026070762437776216
-0.0002475555919852093
-0.00023500889866563318
-0.00022313819033613366
-0.0002118126193118647
-0.00020110047574899216
-0.00019087902303964856
-0.00018121418079381052
-0.00017199081120721177
-0.00016327246139824037
-0.00015495111196017365
-0.00014708794800821385
-0.0001395816186564064
-0.00013249096694592272
-0.00012572088932332463
-0.00011932791594237994
-0.00011322279590246303
-0.00010745978289290362
-0.00010195510935971238
-0.00009676079528370864
-0.00009179821092016556
-0.0000871171903969934
-0.00008264391840937504
-0.00007842609552739574
-0.00007439441773386545
-0.00007059450826429329
-0.00006696129077700519
-0.0000635383701754562
-0.00006026463207756508
-0.0000571817243170844
-0.0000542322455953998
-0.000051455949518052876
-0.00004879891501441489
-0.000046299065534466876
-0.000043905741873092323
-0.0000416551019938344
-0.00003949954412047715
-0.000037473525762820465
-0.00003553231096132408
-0.00003370872162848114
-0.00003196070798061818
-0.00003031952126974285
-0.000028745629353436678
-0.000027268776714871677
-0.0000258517910482714
-0.00002452297328409033
-0.000023247363018103763
-0.00002205187972340449
-0.000020903635891574876
-0.000019828230773252854
-0.00001879471929032174
-0.00001782744013872033
-0.00001689726840323744
-0.00001602734069764339
-0.00001519023712088165
-0.000014407949280651552
-0.000013654654355188956
-0.00001295125437169773
-0.00001227342207741338
-0.000011641023766851503
-0.00001103113232018829
-0.00001046263080877841
-9.913902173107336e-6
-9.402897163259213e-6
-8.909224205376867e-6
-8.44995116056404e-6
-8.005831983002696e-6
-7.59309943862445e-6
-7.193577846406268e-6
-6.822711134074385e-6
-6.463323010665048e-6
-6.1301133660826064e-6
-5.806838376909297e-6
-5.507496953090548e-6
-5.21671452151525e-6
-4.947831182463261e-6
-4.686281136539772e-6
-4.444786504748925e-6
-4.209533752982442e-6
-3.992665858433924e-6
-3.7810677623545827e-6
-3.5863414432844315e-6
-3.3960191123559805e-6
-3.2211986245678596e-6
-3.050010661819786e-6
-2.893084823069205e-6
-2.7391037509414763e-6
-2.5982635959344907e-6
-2.459754660890118e-6
-2.333373450577306e-6
-2.2087754121561125e-6
-2.0953902299744258e-6
-1.983298009961903e-6
-1.881593640856423e-6
-1.7807429039612325e-6
-1.689536993849836e-6
-1.5987898704299433e-6
-1.5170197467653054e-6
-1.4353523101987282e-6
-1.3620630245984222e-6
-1.2885538974995048e-6
-1.2228873212195431e-6
-1.1567073159444178e-6
-1.0978924779064826e-6
-1.0382955464779506e-6
-9.856400136298153e-7
-9.319546709171989e-7
-8.848365250209033e-7
-8.364584613909829e-7
-7.943194367852921e-7
-7.507046972080023e-7
-7.130436703363088e-7
-6.737027018507957e-7
-6.40070023219823e-7
-6.045618613380992e-7
-5.745541492145227e-7
-5.424819458001889e-7
-5.157374102780202e-7
-4.867434848254926e-7
-4.629380191174628e-7
-4.367002083612362e-7
-4.155433818772854e-7
-3.917714146961325e-7
-3.7300310012692623e-7
-3.514351340386102e-7
-3.34822607001516e-7
-3.152225194693309e-7
-3.005576840351961e-7
-2.8271205218326807e-7
-2.698091596053936e-7
-2.535253980741331e-7
-2.4221857273930625e-7
-2.2732247568206513e-7
-2.1746393912731605e-7
-2.0379778746166417e-7
-1.9525606998783002e-7
-1.826770257343939e-7
-1.753353423253315e-7
-1.6371371384995066e-7
-1.574685463589161e-7
-1.466863776238786e-7
-1.4144625029368164e-7
-1.3139604872450726e-7
-1.270804494391874e-7
-1.1766411162368127e-7
-1.142023790708878e-7
-1.0533029338405522e-7
-1.026606107921652e-7
-9.425025556445843e-8
-9.231930506177353e-8
-8.429463229380122e-8
-8.305622249015201e-8
-7.534698991204764e-8
-7.476203886743234e-8
-6.730292161846104e-8
-6.733839391870776e-8
-6.006848020762237e-8
-6.069734442890437e-8
-5.3559309955038495e-8
-5.475980363738983e-8
-4.769972839998166e-8
-4.945497890415422e-8
-4.2421607343989865e-8
-4.471942075166045e-8
-3.7663564452744655e-8
-4.049622360052941e-8
-3.3370630135374145e-8
-3.6734368981643054e-8
-2.9493166417364882e-8
-3.338821048934856e-8
-2.5986713571610018e-8
-3.041712114635334e-8
-2.2811109666246672e-8
-2.7784426553101413e-8
-1.9930227706499564e-8
-2.5457579002802455e-8
-1.7311424301731034e-8
-2.3407456125273194e-8
-1.4925523296270977e-8
-2.160805218136707e-8
-1.2745871350058179e-8
-2.003638638489438e-8
-1.0748563235669258e-8
-1.867158067354974e-8
-8.911965953662502e-9
-1.749559542785765e-8
-7.216368202647228e-9
-1.6492234367797688e-8
-5.643954357715627e-9
-1.564701767813069e-8
-4.1785415162820205e-9
-1.4947434573024586e-8
-2.805221990493012e-9
-1.4381891310162383e-8
-1.506336993875516e-9
-1.3906849568061724e-8
0.008996374889487542
0.017933077261684877
0.026660570274113417
0.03514745111294139
0.04326742413222115
0.050980565712396626
0.05818024147831258
0.06483110579588669
0.07084472410509751
0.07619554867386669
0.08081322525618487
0.0846844400062085
0.08775654012035658
0.09002917951539019
0.09146648229572399
0.09208072493253726
0.09185149320718501
0.09080278423162792
0.08892824001701445
0.0862625660319375
0.0828122644992725
0.07862196185142967
0.073710246456679
0.0681312927254726
0.06191549992456817
0.05512665594390033
0.04780711415154651
0.04003063495027901
0.031851848809917906
0.023354839733399458
0.014606639941661961
0.005701574510193338
-0.00328147103720236
-0.012238938346733683
-0.021081809615336126
-0.029699696711564347
-0.0379967673601783
-0.045859941288738264
-0.053191718241137706
-0.05988228624010144
-0.06583937981372409
-0.07096397903808145
-0.0751772580163988
-0.0783994199499787
-0.08057373618315176
-0.08164794747133354
-0.08159536228275781
-0.08039818503282113
-0.07806565668432407
-0.07461867022435152
-0.07010500744023737
-0.06458468267282513
-0.058142454827768225
-0.05087349832368231
-0.042893531126991534
-0.03432462395104597
-0.025303450925682824
-0.015967275516057308
-0.006460959191770539
0.003076641847342909
0.012506222619230038
0.02170086710775899
0.03053951228120588
0.038918646580956895
0.04674521167220262
0.05394687144905674
0.06046410762717138
0.06625892845037057
0.07130618263662877
0.0756007652608466
0.07914841620914712
0.08197164482955377
0.08410044192640524
0.0855772423880413
0.08644803415416068
0.08676669038731467
0.08658690548453053
0.08596616433911179
0.08495880304222868
0.08361977289631456
0.08199895692435955
0.08014476959757076
0.07809970499390942
0.07590372297808444
0.07359089293920089
0.07119247122819668
0.06873444819829043
0.06624022021635127
0.06372884141479714
0.06121722369388564
0.058718921411250534
0.05624583654452535
0.05380740541982048
0.051411827845717614
0.049065564938138906
0.04677414101814052
0.04454189242160753
0.042372406431682934
0.040268480637764496
0.0382322661251426
0.036265407343457325
0.03436895138886275
0.0325436427961863
0.030789651307643738
0.029106997621112306
0.027495141765652098
0.025953516740205834
0.02448101037858455
0.023076585061737827
0.02173867849970302
0.02046588958800359
0.019256317897199667
0.01810829813627923
0.017019694015550563
0.015988666398227967
0.015012934195110583
0.014090563866682374
0.013219207765186139
0.012396905007629333
0.011621305943097342
0.010890476457885524
0.010202115836522136
0.009554358260249252
0.008944990145963252
0.008372243974242398
0.007834020172915316
0.007328669504876278
0.0068542236779635425
0.006409163384328656
0.0059916610495507365
0.005600332290582762
0.00523349355009009
0.004889895272005819
0.004567996594721406
0.00426667896384704
0.003984539567400489
0.0037205844437854514
0.0034735419265356287
0.00324253457883072
0.00302641356527348
0.002824408967760197
0.002635485710065316
0.0024589719944678205
0.002293937160926324
0.0021397981391679784
0.001995719422549796
0.0018611975583271677
0.0017354832516923789
0.0016181440257929576
0.001508508335271699
0.0014062066182623418
0.001310637188057049
0.001221485977025376
0.0011382138849587889
0.0010605555783014464
0.0009880279014520845
0.0009204081493635224
0.0008572630887859761
0.0007984071663229921
0.0007434516423545462
0.0006922432315960128
0.0006444328165530719
0.0005998950462730068
0.0005583160704143499
0.0005195946423507498
0.00048344829602252104
0.0004497965171960171
0.00041838477118721435
0.0003891503157137677
0.00036186348147878694
0.0003364767070145086
0.0003127824696985855
0.0002907461264421204
0.000270179892662786
0.00025106007281697673
0.00023321648794020328
0.00021663467667391593
0.00020116017869653682
0.0001867862802864604
0.00017337256980860807
0.0001609187944717428
0.00014929711345657465
0.00013851262312611145
0.0001284487449306626
0.00011911496617094086
0.00011040481213913717
0.00010233133618031113
0.0000947971404111552
0.00008781813699930157
0.00008130509463666883
0.00007527617807859225
0.00006964951476968795
0.00006444500481912676
0.00005958741676511009
0.000055097946218250025
0.00005090736420367598
0.00004703778870042448
0.00004342542523119423
0.00004009299885222261
0.000036981643299790625
0.00003411442571787504
0.00003143695597094269
0.000028972421705047147
0.00002667050556862556
0.000024554331038540258
0.000022577292421068436
0.00002076229730351626
0.00001906612797679072
0.000017511351583117748
0.000016057848103572372
0.000014727744051438342
0.000013483755867343596
0.000012347489700780749
0.000011284263286754881
0.000010315099879578567
9.407706693210706e-6
8.582476605277403e-6
7.80931484133767e-6
7.107948959390933e-6
6.450308872102219e-6
5.855432873327688e-6
5.297118605685964e-6
4.793699793244694e-6
4.320699564730138e-6
3.895739297217522e-6
3.4959380300754287e-6
3.1382038621470857e-6
2.8011333903375197e-6
2.5009254508051178e-6
2.2175467186287735e-6
1.966495073154427e-6
1.7290088538373362e-6
1.5198968075237906e-6
1.3215787360698634e-6
1.1481891329329086e-6
9.83246432092558e-7
8.402278662991623e-7
7.036748037466644e-7
5.864257144549581e-7
4.739750765692758e-7
3.785426700477125e-7
2.865117622528196e-7
2.0950430865696407e-7
1.3473305170401455e-7
7.324401239762279e-8
1.3023994037818503e-8
-3.543476302478752e-8
-8.342196411937011e-8
-1.2097681947218118e-7
-1.5871281574580747e-7
-1.871785957696063e-7
-2.1635491818971794e-7
-2.3727775691999494e-7
-2.593359513215269e-7
-2.740307687220477e-7
-2.9019691526751775e-7
-2.9977985459271004e-7
-3.110952097128533e-7
-3.165114192222292e-7
-3.23858135188962e-7
-3.259061783080424e-7
-3.300298021016406e-7
-3.2938273676247876e-7
-3.3091209979805934e-7
-3.2813496318941464e-7
-3.2759861078288903e-7
-3.231647805211783e-7
-3.2100586148089645e-7
-3.153099411715205e-7
-3.118982852673418e-7
-3.052681638340337e-7
-3.00911420161042e-7
-2.9361802974772813e-7
-2.8857092814845367e-7
-2.808365332833033e-7
-2.753088471125482e-7
-2.6731509486113793e-7
-2.61478366266164e-7
-2.533721114492941e-7
-2.4736582142070285e-7
-2.3926465792875145e-7
-2.3320117379740885e-7
-2.2519839979350806e-7
-2.1916701194744919e-7
-2.1133511813537546e-7
-2.0540623880334965e-7
-1.9780057884456855e-7
-1.9202847642561188e-7
-1.8469038292002167e-7
-1.7911603217339205e-7
-1.7207483580323655e-7
-1.6672836435278314e-7
-1.6000368958624063e-7
-1.5490599171188637e-7
-1.4850956308671198e-7
-1.436743560739025e-7
-1.3761149075754276e-7
-1.3304625748295666e-7
-1.2731711974252357e-7
-1.2302472403310476e-7
-1.1762520060489223e-7
-1.1360463841159067e-7
-1.0852750512791629e-7
-1.0477471554198567e-7
-1.0001036868057021e-7
-9.651892787030982e-8
-9.20557446998683e-8
-8.881755890568232e-8
-8.46426173694796e-8
-8.164825463386576e-8
-7.774784390849606e-8
-7.498696352185452e-8
-7.134666646183177e-8
-6.880859031916542e-8
-6.541374699454524e-8
-6.308738139237523e-8
-5.992309211291238e-8
-5.779732731076112e-8
-5.484903995104621e-8
-5.291271193667589e-8
-5.016600633854857e-8
-4.840825731975984e-8
-4.5848986877191884e-8
-4.42593341266433e-8
-4.187384493776767e-8
-4.044219561149483e-8
-3.821730340905208e-8
-3.6934154382624034e-8
-3.485716950506479e-8
-3.371333505139833e-8
-3.177217204813623e-8
-3.0759089340525724e-8
-2.8942011627057246e-8
-2.8051777244296885e-8
-2.6347777393145754e-8
-2.5572778515418783e-8
-2.3971309623322112e-8
-2.3304806069288936e-8
-2.1795912986413615e-8
-2.1231520185251774e-8
-1.9805674666825573e-8
-1.9337883068667366e-8
-1.7985982981784217e-8
-1.760937878202519e-8
-1.6322990793014996e-8
-1.6032951063271336e-8
-1.480388437825951e-8
-1.4596148271477884e-8
-1.341673399686703e-8
-1.3287774969400234e-8
-1.2150512995967661e-8
-1.2097149460826196e-8
-1.0995094501136636e-8
-1.1014433358859153e-8
-9.940861428211527e-9
-1.003081399153146e-8
-8.97909265503727e-9
-9.137776026002295e-9
-8.10190164598045e-9
-8.327724887165376e-9
-7.3016437060431925e-9
-7.593781892405034e-9
-6.5717293527673086e-9
-6.929411281345682e-9
-5.9055889396215995e-9
-6.328664379688441e-9
-5.297586453389639e-9
-5.786103936172784e-9
-4.742263129704711e-9
-5.296788259443419e-9
-4.234977494920877e-9
-4.856322665830162e-9
-3.771079846680358e-9
-4.460385341522948e-9
-3.346413240698625e-9
-4.105293591819789e-9
-2.9572076582772635e-9
-3.787585293412301e-9
-2.600142007073974e-9
-3.5041149244265456e-9
-2.271852473182302e-9
-3.2521446261058145e-9
-1.96951723066162e-9
-3.0290206102146947e-9
-1.6905465689874372e-9
-2.832473931252685e-9
-1.4323428252261273e-9
-2.6604966152892133e-9
-1.1927195160221657e-9
-2.511089310692109e-9
-9.695953693288307e-10
-2.38256976506478e-9
-7.610215843011761e-10
-2.273318132621463e-9
-5.651542105423777e-10
-2.182182725251838e-9
-3.8044343602619875e-10
-2.107753887904748e-9
-2.0476061645089428e-10
-2.044292710801415e-9
0.0059718299712306355
0.011913071230903382
0.017746122058152868
0.023451991358507836
0.028960464090388424
0.03424163911873872
0.03922816246947084
0.04388378816404784
0.04814200474727277
0.05196243397181177
0.05527991739077888
0.05805265359895315
0.06021913580396627
0.061739828546591005
0.06256060310398165
0.06264882146747643
0.061962483870367596
0.06048109549446924
0.058180026167126114
0.055056252744736175
0.05110758644806119
0.04635322214434908
0.0408175795489269
0.034545510578273
0.02759055860149385
0.02002465800904001
0.011930658550453695
0.0034063881174248222
-0.005438671384489902
-0.014485001379216428
-0.023602288793529772
-0.03265663792647615
-0.041505748356473283
-0.05001147386169706
-0.05803089747031007
-0.06543381338073273
-0.07208961133693319
-0.0778890923453974
-0.08272704974976708
-0.0865277059066496
-0.08922289497681675
-0.09078035261376836
-0.09117747734012874
-0.09043173500703074
-0.0885701013286563
-0.08566095762188995
-0.08177948196762383
-0.07704059588158564
-0.07156074912972117
-0.06549169881780242
-0.058979290926579366
-0.05219807801951087
-0.04530780894224651
-0.038489084576560396
-0.03189830433185764
-0.025704694260808333
-0.020044415898220574
-0.015059361593189357
-0.010851012038237422
-0.007521375552798762
-0.005127000888700315
-0.0037223469162041218
-0.0033141410133256605
-0.003907318739334895
-0.00545969438782967
-0.007930429365389862
-0.011234780959627766
-0.015294870411946267
-0.01999412740185594
-0.025229962646982768
-0.03086745216883614
-0.03679340029892114
-0.04286882291283063
-0.04898383290252602
-0.05500858536598245
-0.06084843472488834
-0.06639318199132904
-0.07157203196275318
-0.07630120337334484
-0.08053833371705094
-0.08422873810370407
-0.08735903791434461
-0.08990254338634233
-0.09187199047556892
-0.09326464432292944
-0.0941140953137106
-0.09443572075092964
-0.09427750951560104
-0.09366648155601441
-0.09265848876569746
-0.0912860958903106
-0.0896072612023425
-0.08765505572128374
-0.08548508150585879
-0.08312727569754279
-0.08063189322695764
-0.07802352816428695
-0.07534547988945323
-0.07261603693444
-0.06987106154568189
-0.06712252220356017
-0.06439916544845117
-0.061707248217451396
-0.05906920963046996
-0.05648653634240047
-0.05397639272644843
-0.051536544832900176
-0.04917994910447006
-0.04690165803112073
-0.044711401751858726
-0.042602397829596156
-0.040581985663778124
-0.03864226235866046
-0.036788847225002315
-0.0350132649933276
-0.033319928119914355
-0.031700187705700586
-0.030157626435374063
-0.02868369684135138
-0.027281419001869697
-0.025942525533876996
-0.024669656937213805
-0.0234549331002178
-0.02230073635013211
-0.021199630385573345
-0.02015381735771586
-0.019156326952294852
-0.018209229640505788
-0.0173060210216948
-0.016448669028161562
-0.015631121478824336
-0.014855260663421894
-0.014115465211505532
-0.013413541228911415
-0.012744272928918419
-0.012109395386305625
-0.011504071816282428
-0.01092996908239349
-0.010382602949808266
-0.009863573745327729
-0.009368724302774427
-0.008899589624159545
-0.008452315529984019
-0.008028372811984989
-0.007624187772930397
-0.0072411681872186105
-0.0068759999439047086
-0.006530029136787293
-0.006200181906019902
-0.005887744157912687
-0.005589864418006928
-0.005307770033217118
-0.005038815419447134
-0.004784171097658318
-0.0045413821412453245
-0.004311564057745367
-0.004092438504111374
-0.003885067835119645
-0.0036873372847369993
-0.003500257942556959
-0.003321866593005661
-0.003153124954925501
-0.0029922102388785623
-0.0028400366803231374
-0.0026949116242057174
-0.00255770369170115
-0.0024268408365262515
-0.0023031479082615144
-0.0021851646535129723
-0.002073673959824226
-0.001967319205891241
-0.001866843089577766
-0.0017709850667203609
-0.0016804493755109846
-0.001594064554808548
-0.0015124980712634937
-0.0014346610715851107
-0.0013611858908472085
-0.0012910602893575892
-0.0012248830642427907
-0.0011617130393762908
-0.0011021170186256376
-0.0010452197507117328
-0.000991557541439953
-0.0009403163066598625
-0.0008920033000258908
-0.0008458611987367481
-0.000802369599290881
-0.0007608238609141815
-0.0007216772684682612
-0.0006842740844048034
-0.0006490425774124469
-0.0006153724144086461
-0.0005836680934534932
-0.0005533614437248815
-0.0005248343896817534
-0.0004975579200086421
-0.0004718925339681885
-0.0004473455973978801
-0.0004242572847641753
-0.0004021687601426074
-0.0003814009284389788
-0.00036152636157101345
-0.0003428477030749362
-0.0003249667171633357
-0.00030816875076273973
-0.0002920827058480268
-0.0002769775525755651
-0.0002625074266410185
-0.0002489258000393586
-0.00023591027439624198
-0.00022369966112049204
-0.00021199338962502097
-0.00020101640869392892
-0.00019048845290676414
-0.00018062136895368982
-0.00017115378556984033
-0.0001622851691379463
-0.00015377173209486975
-0.00014580124929511679
-0.0001381462983461006
-0.0001309836150180438
-0.00012410101401799705
-0.00011766481110873902
-0.0001114770083119598
-0.00010569408998793866
-0.00010013126999967313
-0.00009493575984150533
-0.00008993507858875657
-0.00008526769395827863
-0.00008077258817229737
-0.00007657998628935615
-0.0000725395508427577
-0.00006877373904625681
-0.0000651421650555107
-0.00006175996838310126
-0.000058496037382231585
-0.00005545861859284296
-0.000052525244831413135
-0.00004979767289623304
-0.00004716149305512337
-0.00004471235217223099
-0.00004234335334541362
-0.00004014439331326668
-0.000038015578528618696
-0.000036041396981098245
-0.00003412848536612339
-0.00003235624315549692
-0.00003063739667387594
-0.000029046561310219424
-0.000027502141731116442
-0.000026074255443065038
-0.0000246866034190601
-0.00002340507584420013
-0.000022158313024560662
-0.00002100823254648671
-0.000019888082174765087
-0.000018856048016271315
-0.000017849674816464238
-0.000016923644510000454
-0.000016019509573913675
-0.000015188662287715991
-0.000014376392769520366
-0.000013631006445068543
-0.000012901278426466464
-0.000012232618606078164
-0.00001157705159370089
-0.00001097727097720826
-0.000010388332211157656
-9.850382933158538e-6
-9.321302725258484e-6
-8.8388539387754e-6
-8.363548098461371e-6
-7.930913976786666e-6
-7.503915365718703e-6
-7.115989306128009e-6
-6.732384486824635e-6
-6.384581501100846e-6
-6.039955568407393e-6
-5.728158045281686e-6
-5.418544103920457e-6
-5.139055408511772e-6
-4.860888649816024e-6
-4.610390036035754e-6
-4.360467901452678e-6
-4.135980312259115e-6
-3.911425099405022e-6
-3.710274390708601e-6
-3.508500924292116e-6
-3.3282868622523497e-6
-3.1469723219378344e-6
-2.985540569222207e-6
-2.822597691054057e-6
-2.678015401483652e-6
-2.531569648246943e-6
-2.402102236333918e-6
-2.270469195565803e-6
-2.154560249077238e-6
-2.036226588729519e-6
-1.9324801872237615e-6
-1.8260863122352377e-6
-1.7332502044672812e-6
-1.6375745323094185e-6
-1.5545252977723368e-6
-1.4684701571388338e-6
-1.3942005775846116e-6
-1.3167800640336735e-6
-1.250387275388539e-6
-1.1807147271248314e-6
-1.1213889309764266e-6
-1.0586683175025962e-6
-1.0056834530447225e-6
-9.491990291699833e-7
-9.019054114307015e-7
-8.510136213197032e-7
-8.088282692404907e-7
-7.629507498888404e-7
-7.253518791169645e-7
-6.839685566199949e-7
-6.504888507391498e-7
-6.131320146402551e-7
-5.833530776396077e-7
-5.496018547843906e-7
-5.231496787774146e-7
-4.92625214448998e-7
-4.691651687837689e-7
-4.415269274995083e-7
-4.207597028500862e-7
-3.9570043699357523e-7
-3.7735863626415544e-7
-3.5460187829772885e-7
-3.3844697017842244e-7
-3.1774296556658446e-7
-3.0356251797542056e-7
-2.846865501533518e-7
-2.7229073604163896e-7
-2.550394633897542e-7
-2.44260004676424e-7
-2.2844921919381857e-7
-2.1913572450611792e-7
-2.0459946660725887e-7
-1.9661924115067638e-7
-1.8320647637069151e-7
-1.7644254421375835e-7
-1.6401634525196666e-7
-1.5836439002829806e-7
-1.4680033774864268e-7
-1.421693694088463e-7
-1.3135345358558996e-7
-1.2766370206360932e-7
-1.1749218331251092e-7
-1.1467382496401576e-7
-1.0505117547298446e-7
-1.0304421849793695e-7
-9.388332572787436e-8
-9.263557736527659e-8
-8.38555327344691e-8
-8.332285143493075e-8
-7.484800942274177e-8
-7.499380053953678e-8
-6.675467189529564e-8
-6.754846334702097e-8
-5.94792809136801e-8
-6.089643231032138e-8
-5.293574043296547e-8
-5.495774432283577e-8
-4.704663570347646e-8
-4.965996530162018e-8
-4.174265811572939e-8
-4.493843454848764e-8
-3.696108673794193e-8
-4.073539988696331e-8
-3.264652246072759e-8
-3.6999323133057315e-8
-2.874798923061821e-8
-3.368395610438065e-8
-2.522046703162104e-8
-3.074800501747319e-8
-2.202293836573378e-8
-2.8154722876784163e-8
-1.9118996482165762e-8
-2.5871150674805135e-8
-1.6475380182684068e-8
-2.386821830500543e-8
-1.4062519073393786e-8
-2.2119984750698064e-8
-1.185330210877435e-8
-2.060282050280353e-8
-9.823730658665852e-9
-1.9296404629340715e-8
-7.951177057169319e-9
-1.8182439875265258e-8
-6.21613756102919e-9
-1.7244664715482896e-8
-4.600406804519445e-9
-1.6469329183314122e-8
-3.087276912115983e-9
-1.5843489310704717e-8
-1.6570775626045247e-9
-1.5319021554809588e-8