1.9549808783209248
1.9531908312258268
1.9501748346749885
1.9460025143490216
1.940700896442815
1.9343341979027857
1.9269591335901823
1.9186549975873504
1.9095008557735267
1.8995912926585121
1.889022564195682
1.877901407399541
1.8663358827915437
1.8544401198179112
1.8423279332012805
1.830114920901705
1.8179139248332399
1.805835356368117
1.7939840080862937
1.7824582227937995
1.771347795494571
1.7607324640235904
1.7506807680864034
1.741248246705716
1.7324771825813094
1.724394810127706
1.7170138886935755
1.710331142256811
1.7043285891190583
1.6989723492936917
1.6942146252529915
1.6899929313125486
1.6862325835199856
1.682846335155832
1.6797372057171476
1.6767984554900515
1.673916571916404
1.670971488243646
1.6678395535684982
1.664393895572349
1.6605072264048062
1.6560522629810235
1.6509042588755973
1.6449414202745125
1.6380470964597964
1.630110157111608
1.6210268131433447
1.6107009445675566
1.5990455536026849
1.585983047131887
1.5714463421891014
1.5553791115263103
1.5377365677996109
1.518485676028331
1.4976056394320003
1.4750880716571426
1.450937198085749
1.4251699675804923
1.397815972439148
1.3689174680130614
1.3385290061814656
1.3067173248175636
1.2735606866860933
1.2391486016472688
1.2035808671189694
1.166967095250758
1.1294254632059242
1.0910820351842831
1.052069250106498
1.0125250527999747
0.9725911710664727
0.9324120985389683
0.8921332389232505
0.8518998105421062
0.8118549578937269
0.7721386694272867
0.7328859702083823
0.694225954951051
0.6562801761785475
0.6191618905203055
0.5829747422298158
0.5478123016147728
0.5137571152310477
0.4808805837543021
0.4492424119179287
0.41889083469056
0.3898624585846604
0.3621828066501182
0.33586650519859934
0.3109180864634625
0.2873324468698153
0.2650958258953931
0.24418644705952183
0.22457558437503683
0.20622829558670583
0.18910449265411172
0.17315968628241166
0.158345991082703
0.14461281740462661
0.13190776117877043
0.12017719936036439
0.10936703504829304
0.0994231728658261
0.09029210868320531
0.08192127842991986
0.07425949670126236
0.06725718545316436
0.06086667617718199
0.05504233336273133
0.04974074091500887
0.04492073961819884
0.04054352075366325
0.03657259791100982
0.032973830300735064
0.029715348115727264
0.026767525798097005
0.024102877662271677
0.021695998209989967
0.019523441625303804
0.017563642773867752
0.015796791000442564
0.014204742130043704
0.01277089407555635
0.011480097229939076
0.01031853690215063
0.00927364706395346
0.008334002637991462
0.00748923965726372
0.00672995891652551
0.00604765417695371
0.005434627605663744
0.004883926643020455
0.004389270921284937
0.003944997728447398
0.0035459996394214184
0.0031876780818014456
0.0028658906614624047
0.0025769120949825845
0.00231739010641838
0.0020843128827031775
0.0018749724120000442
0.0016869375985256291
0.001518023968734647
0.0013662716178598358
0.001229920301522785
0.0011073914540552518
0.0009972677912128648
0.0008982787235382388
0.0008092837081368329
0.0007292604679995253
0.0006572914393776975
0.0005925542932331461
0.0005343109250477714
0.0004818998534494156
0.0004347272890391913
0.0003922610557810597
0.00035402335388113714
0.00031958591106158836
0.0002885641218925461
0.0002606131887457261
0.00023542337702792192
0.00021271695004385912
0.00019224432735960825
0.00017378165485047137
0.00015712769308491768
0.0001421018944290695
0.00012854188102983313
0.0001163019259213901
0.00010525090696948786
0.00009527110934357128
0.00008625656362560323
0.00007811210355141343
0.0000707520142307287
0.00006409929240148773
0.0000580845450777823
0.000052645410281651496
0.00004772565804554032
0.000043274738176198674
0.00003924704490065213
0.0000356015650829146
0.000032301275341843944
0.00002931286961846434
0.000026606263659364475
0.000024154385194403276
0.000021932765555556014
0.000019919379194135307
0.000018094306123950628
0.000016439610263706854
0.000014939059542695126
0.000013578034742409097
0.000012343296634244922
0.000011222918730611169
0.000010206092859301718
9.283080611230877e-6
8.44505039333497e-6
7.684043451539829e-6
6.992836761968193e-6
6.364920372767294e-6
5.794381555173894e-6
5.275890893245584e-6
4.80460397254389e-6
4.37615418983274e-6
3.986568948296918e-6
3.632267589419521e-6
3.309989622205831e-6
3.0167965201411476e-6
2.750009963828498e-6
2.507216515716748e-6
2.2862142217070396e-6
2.0850193899345788e-6
1.9018201939436165e-6
1.7349849508565004e-6
1.5830216100465893e-6
1.4445870597669795e-6
1.3184515816085355e-6
1.2035088204032745e-6
1.0987444447704409e-6
1.0032464986531785e-6
9.161776388672286e-7
8.36785652569602e-7
7.643787495153777e-7
6.983360817371039e-7
6.380856556831512e-7
5.831147312962855e-7
5.329499909793386e-7
4.87167727393267e-7
4.453759652012117e-7
4.0722437207965873e-7
3.72388077797507e-7
3.405772625927713e-7
3.115224582649461e-7
2.84983783360657e-7
2.6073754414781723e-7
2.385850978873559e-7
2.1834059907596418e-7
1.998394811807911e-7
1.8292721640719846e-7
1.6746741321368798e-7
1.5333147691439813e-7
1.404063255289263e-7
1.28584854444283e-7
1.1777327705125676e-7
1.0788231002019652e-7
9.88341480200499e-8
9.055429735834282e-8
8.297819609959543e-8
7.604363325163906e-8
6.969702697815249e-8
6.388637448360178e-8
5.856720189397349e-8
5.3695996749359797e-8
4.9235843621529514e-8
4.515029687043331e-8
4.1408716267209546e-8
3.798054257642176e-8
3.4840347429682014e-8
3.1962478497519054e-8
2.9325837668187636e-8
2.690886618582217e-8
2.4694064875378686e-8
2.2663292741506588e-8
2.080204257861081e-8
1.909502922581739e-8
1.7530233437933243e-8
1.6094758340827025e-8
1.4778653935684866e-8
1.3571022349966249e-8
1.2463634820109137e-8
1.1447268130836277e-8
1.0515125382876637e-8
9.659387595244694e-9
8.87444902414542e-9
8.153669300251013e-9
7.492433529908643e-9
6.885091578646334e-9
6.3278526614094005e-9
5.815899486588252e-9
5.346126532110276e-9
4.914417749764221e-9
4.518237231260396e-9
4.154060056200982e-9
3.819823578494061e-9
3.512501796246466e-9
3.230425035284317e-9
2.970988936779614e-9
2.7328498816656456e-9
2.5137603415261876e-9
2.3126469755668666e-9
2.12756468036817e-9
1.957663899645974e-9
1.8012562458914645e-9
1.6576771920587375e-9
1.525456628892603e-9
1.4040827563864781e-9
1.2922713899060876e-9
1.1896365371172732e-9
1.0950526783205946e-9
1.00823720082739e-9
9.282002581040068e-10
8.547439374962938e-10
7.869946522145992e-10
7.248236390664408e-10
6.674571599391463e-10
6.1482266298061e-10
5.662323686344169e-10
5.216591796974561e-10
4.804895033995024e-10
4.4273276216334947e-10
4.0783955969709423e-10
3.7584842430766856e-10
3.4626566525911806e-10
3.1915277338935494e-10
2.9406453565325995e-10
2.7108032283881183e-10
2.49797236660323e-10
2.3030833086870217e-10
2.1224775773918763e-10
1.9571879615809456e-10
1.8038814398347957e-10
1.6636646413679049e-10
1.5334913711326533e-10
1.414518831134671e-10
1.303954458535104e-10
1.2029870477248398e-10
1.1090490806428132e-10
1.0233455345787504e-10
9.435092580950283e-11
8.707489736940646e-11
8.028765401438973e-11
7.410944581188556e-11
6.833750665737612e-11
6.309067287738574e-11
5.818061422917906e-11
5.37241318281416e-11
4.95459246858636e-11
4.576027800938114e-11
4.2203689172673524e-11
3.898756304445843e-11
3.5959114943165096e-11
3.322660075826594e-11
3.0647002431037814e-11
2.832523691525937e-11
2.6127212425176642e-11
2.4154381428522643e-11
2.2280833650217533e-11
2.060448401707132e-11
1.900694151606061e-11
1.7582553046783076e-11
1.621985599821434e-11
1.5009633060071636e-11
1.3846821071700815e-11
1.2818669761048753e-11
1.182604028387784e-11
1.0952702378241551e-11
1.0105013283451349e-11
9.363332712184955e-12
8.639126731618574e-12
8.009428071340652e-12
7.39046026338974e-12
6.856021941348706e-12
6.326774256858885e-12
5.873381814870166e-12
5.420651283321803e-12
5.0362182938735005e-12
4.648767398169937e-12
4.3230134954096e-12
3.9912730104880115e-12
3.715450052255335e-12
3.4312660324163264e-12
3.197924683342964e-12
2.9543424279590624e-12
2.757132474249264e-12
2.5482112014761143e-12
2.3817096888566277e-12
2.2023623086171173e-12
2.0619241348518848e-12
1.907776925782999e-12
1.7894027983407494e-12
1.6566699275226196e-12
1.5568865711874301e-12
1.4422541904937422e-12
1.3580012807337248e-12
1.2585152894837601e-12
1.1870326688906954e-12
1.0999829912013388e-12
1.0386901023506548e-12
9.614822474667145e-13
9.078390894300265e-13
8.378404864697727e-13
7.891753563041609e-13
7.235191617180293e-13
6.768029584338674e-13
6.12128979281543e-13
5.636737377333996e-13
4.957416221322065e-13
4.407304828498174e-13
3.6388404934211613e-13
2.957363408371893e-13
2.021836582156059e-13
1.1228039462765219e-13
-2.3427579325670154
-2.3315287456727
-2.3130605675964158
-2.2873704952698906
-2.254694182159961
-2.215235350491183
-2.169302254747086
-2.117202768016448
-2.059315047379831
-1.996022323346849
-1.9277563725702775
-1.8549505978996659
-1.7780692266785632
-1.697570977790334
-1.6139300445669797
-1.527607064193707
-1.4390650699588103
-1.3487460985329427
-1.2570839935605467
-1.1644856584304468
-1.071341796765021
-0.9780120556063805
-0.8848342525729324
-0.7921127314161137
-0.7001262892787977
-0.6091191310551558
-0.519307556746255
-0.43087302190703136
-0.34396764813959024
-0.25870908022324574
-0.1751849885995237
-0.09344961996487405
-0.01352759548862173
0.06458777946754642
0.14093102648099515
0.21556428116262058
0.288573720979756
0.36006734247972516
0.4301710223067419
0.49902432072340347
0.5667760861297279
0.6335785299869706
0.6995825180447364
0.7649303839487016
0.8297512711308558
0.894153338464341
0.9582196834566572
1.0220007088206573
1.0855112450100848
1.1487238747870325
1.2115678719915162
1.2739242193005031
1.3356268916641554
1.3964601553749483
1.4561625550524018
1.5144268582126639
1.570906863089645
1.6252200637775722
1.6769570964818925
1.725686864627863
1.7709681069867813
1.8123563705637482
1.8494168533952917
1.8817322914280459
1.9089159548124233
1.930619282331715
1.9465437552649403
1.9564470313592672
1.9601524426140657
1.9575524979665173
1.9486149834690292
1.9333830309157896
1.911977228905061
1.8845919544276108
1.8514934651776507
1.8130127716107927
1.769540263859417
1.7215159398061755
1.6694215976957618
1.6137696119934515
1.5550939924138893
1.4939390363261817
1.430850570059553
1.3663656927415493
1.301005298660579
1.2352658160753738
1.169613737969309
1.1044798454594793
1.040256051234078
0.9772921830157008
0.9158950633524385
0.8563275940056737
0.7988097194003388
0.7435193396340508
0.6905946550227946
0.6401363476747423
0.5922107702874141
0.5468528510813394
0.504069640832689
0.4638434782636665
0.42613550903836406
0.3908887632097644
0.35803137658990974
0.32747935060594396
0.2991393171751996
0.27291085627523903
0.24868873710712522
0.22636475098757222
0.20582942917372085
0.18697340638805668
0.16968865974345845
0.1538694536474274
0.13941316842113238
0.1262208949074239
0.1141979304278873
0.10325409606531402
0.0933039763250224
0.08426702829323551
0.07606763385402257
0.06863506140791727
0.061903388896746736
0.05581136820761315
0.05030226578842893
0.04532366907989772
0.04082728056934722
0.036768695681199524
0.03310717649091242
0.029805422015203767
0.026829339817888292
0.02414782275664673
0.021732530391565315
0.01955768091617975
0.017599849489702342
0.015837780130726304
0.014252204614019912
0.01282567630621919
0.011542410850884092
0.010388142039806425
0.00934998391871145
0.00841630759747475
0.0075766234345593
0.006821477008021905
0.006142349506167006
0.005531570757536393
0.004982235730962794
0.004488132439334898
0.004043672429536031
0.0036438314438073825
0.003284091881929233
0.0029603942620616444
0.0026690898092405066
0.0024069009605473314
0.0021708824380928006
0.001958389261816505
0.0017670448770733256
0.001594715353636007
0.0014394833425956583
0.0012996273412533082
0.0011736004426688702
0.0010600137273802635
0.0009576189374052551
0.0008652952149101816
0.0007820349795018037
0.0007069333710777798
0.0006391767353421254
0.0005780342444013735
0.0005228485021172532
0.0004730289135435502
0.0004280440110168444
0.0003874162245162585
0.00035071560348223394
0.0003175557069074648
0.0002875884569264048
0.00026050092207109384
0.0002360110887029405
0.00021386535535104675
0.0001938350488685176
0.00017571448383867569
0.00015931808350893288
0.00014447888738928065
0.00013104616390069085
0.00011888427276171973
0.00010787067802865759
0.00009789509072614415
0.00008885780850757718
0.00008066907910991471
0.00007324770701532118
0.00006652059041890198
0.000060421546675444336
0.000054890985150026034
0.0000498749124173294
0.00004532471109704466
0.000041196293168773095
0.00003744996106387419
0.00003404968341567513
0.00003096301959892179
0.000028160497034945633
0.00002561558429007406
0.000023304152925822703
0.000021204487389817418
0.000019296817524744437
0.000017563355970730622
0.000015987889970501528
0.00001455583897966632
0.000013253896447116844
0.000012070101902224846
0.000010993525043433573
0.000010014347821189764
9.123584509679594e-6
8.313170296925326e-6
7.575712105439123e-6
6.904580988574336e-6
6.293689354212581e-6
5.7375850908328695e-6
5.23125157327993e-6
4.770201936304234e-6
4.350298834345027e-6
3.967847670962778e-6
3.619433570603117e-6
3.3020126804847516e-6
3.0127642117433164e-6
2.7491791727696456e-6
2.5089256662681884e-6
2.2899346031673074e-6
2.090276714099221e-6
1.908244941520913e-6
1.7422418495242938e-6
1.5908585072401508e-6
1.4527711682751871e-6
1.3268165476269185e-6
1.2118967983394644e-6
1.1070511524622795e-6
1.0113683533246148e-6
9.240546828558767e-7
8.443531177462039e-7
7.716078041684577e-7
7.051892987147915e-7
6.445555799748506e-7
5.891828135226282e-7
5.38623010112905e-7
4.924398205902306e-7
4.5026296441823947e-7
4.1172861719663024e-7
3.765307422328677e-7
3.4436568202189306e-7
3.1498053071884864e-7
2.8812158280456333e-7
2.63579886505854e-7
2.41143239040954e-7
2.2063906096356906e-7
2.018896587658211e-7
1.847525583503486e-7
1.6907878311490588e-7
1.5475078172364971e-7
1.416434937278159e-7
1.2966000286117429e-7
1.1869518327978751e-7
1.0866920502055885e-7
9.949357249836073e-8
9.110260375430883e-8
8.342168928736525e-8
7.639686144750249e-8
6.99651162990481e-8
6.408218411195809e-8
5.869477000629177e-8
5.376663106101218e-8
4.9252603182978466e-8
4.512308496246967e-8
4.133972872325128e-8
3.7878425962950184e-8
3.4706550023387774e-8
3.18045328031857e-8
2.914455506703926e-8
2.6710799136608096e-8
2.4479490642207736e-8
2.2437907106224978e-8
2.056568202360827e-8
1.885264466232477e-8
1.7281303819780167e-8
1.584358978416874e-8
1.452444102105142e-8
1.3317515070758062e-8
1.2209806832030694e-8
1.1196391213092848e-8
1.0266006649077077e-8
9.414888575045062e-9
8.633256385504041e-9
7.918293251582941e-9
7.261478943519759e-9
6.660768165109956e-9
6.108715547931573e-9
5.60390151693894e-9
5.13979935864659e-9
4.7154946545593766e-9
4.325247651259669e-9
3.968549495049527e-9
3.6403362136479775e-9
3.3404223477834602e-9
3.0643257129961652e-9
2.8121165435263176e-9
2.579814857496587e-9
2.3676908971163413e-9
2.1721993880433307e-9
1.9937648696031232e-9
1.8292194346385778e-9
1.6791044862498244e-9
1.5405806815866476e-9
1.4142757200176812e-9
1.2976372054227068e-9
1.191354257438264e-9
1.0931258630721638e-9
1.003682400812019e-9
9.209437839798501e-10
8.456653903884169e-10
7.759619160174611e-10
7.12600704316564e-10
6.538687379850482e-10
6.00534955962125e-10
5.510392210239596e-10
5.061438933832168e-10
4.6442492956133343e-10
4.2663174399690627e-10
3.914618267032902e-10
3.5964676337347465e-10
3.299929116473362e-10
3.032103611707667e-10
2.7820328637764484e-10
2.556576063944324e-10
2.3456564113691804e-10
2.1558727267751138e-10
1.9779447584903716e-10
1.8181988379560487e-10
1.6680764848013608e-10
1.5336246996553019e-10
1.4069407022628848e-10
1.2937895480770082e-10
1.1868655884784792e-10
1.0916526791739519e-10
1.0013902159085174e-10
9.212842446066543e-11
8.45072731311638e-11
7.776893580233165e-11
7.133290614150144e-11
6.56660178005419e-11
6.022972598785778e-11
5.546514934165104e-11
5.0872339719711137e-11
4.6867605687343975e-11
4.2986555420448655e-11
3.962165152386385e-11
3.634130319992541e-11
3.351512916334614e-11
3.074183540321733e-11
2.836921972340801e-11
2.6024002410962296e-11
2.403319064480998e-11
2.2049432940532687e-11
2.0379972694026743e-11
1.8701475034083705e-11
1.7302434571316886e-11
1.588177677488165e-11
1.471024415931653e-11
1.3507404914529156e-11
1.2527222958381225e-11
1.1508415597933319e-11
1.0689114872788251e-11
9.82580471495379e-12
9.141702667716815e-12
8.40977645989618e-12
7.839215447949035e-12
7.218277754238299e-12
6.742978671240088e-12
6.215753480479429e-12
5.820264671994145e-12
5.372083127546904e-12
5.043306516799876e-12
4.66166348370591e-12
4.388441220257695e-12
4.062604353604383e-12
3.835349765422385e-12
3.55600468188844e-12
3.3663606595760815e-12
3.1252744961765037e-12
2.9657803506004016e-12
2.7554630093281773e-12
2.6192068046535136e-12
2.432543897315747e-12
2.312770497927193e-12
2.1425935395838215e-12
2.032228279536073e-12
1.8707772797479443e-12
1.7618172213210565e-12
1.6000854830363817e-12
1.482869170817115e-12
1.3093897121783127e-12
1.171053216104011e-12
9.703756512289774e-13
7.930981126722089e-13
5.438043613317962e-13
3.0401531814366366e-13
1.812755365049665
1.8008367652297683
1.7811500495422707
1.7535644269017505
1.7181354701211053
1.674834045780003
1.6236978346977256
1.5647296490233595
1.4979748434721458
1.4234698104242738
1.3412893579559144
1.2515205099391475
1.154294557753542
1.049776133906696
0.9381859374587282
0.8197994193831977
0.6949625681030693
0.5640958869557775
0.4277037520868636
0.28637999987429535
0.14081048512034466
-0.008222817377210364
-0.15984657427329332
-0.3130957439063056
-0.4669257371840544
-0.6202169745644851
-0.7717936951475233
-0.9204333185498005
-1.064890191766168
-1.2039084842216268
-1.336248359762543
-1.4607002963272255
-1.576110764705001
-1.6813955393097944
-1.7755620871635924
-1.8577196783494088
-1.9270963269171415
-1.9830442331699616
-2.0250501266404415
-2.0527355763672053
-2.065860728063342
-2.06432004383893
-2.0481404410877837
-2.017473822526854
-1.9725912982043776
-1.9138742667461481
-1.8418066154714727
-1.7569660518969228
-1.660015929628009
-1.551698060317604
-1.43282521311612
-1.3042759106703936
-1.1669878803551839
-1.0219545541903503
-0.8702190196062259
-0.7128713034545423
-0.5510418631602235
-0.38589839441186363
-0.2186377402950078
-0.050480997972350644
0.11733706278721842
0.2835754192495479
0.44700024032840047
0.6063949894347509
0.76057637322333
0.9084065003696966
1.048810218474873
1.180787981299436
1.3034328542806115
1.4159422569289006
1.5176326187633198
1.6079480377308613
1.6864706652106183
1.7529246057510846
1.8071806062038667
1.8492541734029981
1.8793039473264626
1.8976238976032405
1.9046357038900383
1.90087581470762
1.8869830335219537
1.8636819811207779
1.8317677075177383
1.7920875372091527
1.7455247817454547
1.6929810007351878
1.635360763454176
1.5735560617025275
1.508433638427535
1.4408227524655883
1.3715059919463717
1.3012109607035343
1.2306048696200627
1.1602901253548212
1.090802461720202
1.0226099580079586
0.9561141041324325
0.8916515008357406
0.8294970647997069
0.7698675624054329
0.712926132795976
0.6587868454980073
0.6075198066681854
0.5591560599828023
0.5136926943435403
0.47109757903950594
0.4313140662649996
0.3942652273737559
0.35985790887141944
0.32798629143126984
0.2985351949241101
0.2713829030853101
0.24640371426076116
0.22347005928579505
0.20245436059475602
0.18323052237369417
0.16567519679293105
0.14966875039535804
0.13509604966618874
0.12184701334986855
0.10981702760358711
0.09890718734397934
0.08902444005450384
0.08008160589299887
0.0719973336057479
0.06469597302875632
0.0581074098125396
0.05216684779682107
0.04681457342748599
0.04199569083516797
0.03765985302620247
0.03376098009292972
0.030256982909379216
0.027109484943064775
0.02428355528329021
0.021747446881595058
0.019472349047602214
0.017432149320392398
0.015603210737681613
0.01396416057332236
0.012495694350263207
0.01118039201244257
0.010002548464393865
0.008948016058460894
0.008004060105351606
0.007159225581117964
0.006403215319626204
0.005726778363670395
0.005121608231757127
0.004580250189694267
0.004096016936866364
0.0036629121370643403
0.0032755609891734552
0.0029291475419008332
0.0026193578270346613
0.0023423287319962564
0.0020946016306625497
0.0018730808604100983
0.0016749960534523294
0.0014978685360190547
0.0013394808222628532
0.0011978495075514366
0.0010712006259446865
0.0009579478394630618
0.0008566725734694337
0.0007661065060727018
0.000685115581781958
0.0006126859797032238
0.0005479112651989775
0.0004899811637575923
0.0004381712450369157
0.00039183395366864065
0.0003503903325794021
0.00031332286535839133
0.0002801688389434687
0.0002505146374025395
0.00022399042070837824
0.00020026557959284386
0.00017904446978319957
0.00016006279446541765
0.00014308418432130656
0.0001278973202729848
0.0001143131909566695
0.00010216280570585357
0.0000912949944490545
0.00008157459092986414
0.0000728806668778707
0.0000651050896064127
0.00005815110389328245
0.000051932187458756746
0.00004637091131065497
0.00004139803210613927
0.000036951575588713586
0.000032976117229816895
0.000029422044486600836
0.000026244987015381347
0.000023405222354827222
0.0000208672248986089
0.00001859918670085447
0.00001657266068973347
0.000014762173956888567
0.000013144945708870256
0.000011700574926039224
0.000010410817542973186
9.259333974650685e-6
8.231513196941733e-6
7.314268522610067e-6
6.495898784077882e-6
5.765923045961452e-6
5.114971106524456e-6
4.534649674465511e-6
4.0174560081097456e-6
3.5566695557521517e-6
3.1462838266438986e-6
2.780918671062973e-6
2.4557664914032728e-6
2.1665212798623788e-6
1.9093360846627826e-6
1.6807656773182495e-6
1.4777328305848946e-6
1.29748209154133e-6
1.137552937993607e-6
9.957426182243458e-7
8.70084658107556e-7
7.58819117400108e-7
6.603752421019779e-7
5.733477997408112e-7
4.964829275367401e-7
4.286594605506646e-7
3.688772294976662e-7
3.162424980987249e-7
2.699581256913794e-7
2.2931239336385767e-7
1.9367057440923476e-7
1.624665606162659e-7
1.3519548491726063e-7
1.1140766576295649e-7
9.070200646501208e-8
7.272186186180766e-8
5.7149002170380014e-8
4.3701076135865494e-8
3.212597713205187e-8
2.220063384908076e-8
1.3725655668657135e-8
6.525228239799852e-9
4.419459793576765e-10
-4.6623723468216845e-9
-8.911732033769704e-9
-1.2414380853047756e-8
-1.5267787621173584e-8
-1.755642330606831e-8
-1.9356704436882952e-8
-2.073424479624987e-8
-2.174878712768294e-8
-2.24510161719856e-8
-2.2887493540731212e-8
-2.309710869372097e-8
-2.311602533787829e-8
-2.29738352019457e-8
-2.2698519448856244e-8
-2.231236034028309e-8
-2.1836917560482656e-8
-2.128874471370172e-8
-2.0684377869313215e-8
-2.003589701034694e-8
-1.9355922301074006e-8
-1.865305486612588e-8
-1.793687507629551e-8
-1.7213292193979006e-8
-1.6489538229676463e-8
-1.5769451886694797e-8
-1.505846115015501e-8
-1.4358823471565863e-8
-1.3674590127545219e-8
-1.300682160377995e-8
-1.2358526831908305e-8
-1.1729870174563073e-8
-1.1123078864250271e-8
-1.0537655789719347e-8
-9.975248777042745e-9
-9.434881474182249e-9
-8.917778499822967e-9
-8.422625071991807e-9
-7.950342479777343e-9
-7.499385663642517e-9
-7.0704639189424406e-9
-6.661884379650839e-9
-6.2742133261750475e-9
-5.905672422936891e-9
-5.5567364661231945e-9
-5.2255882571973765e-9
-4.912649080267982e-9
-4.616097240028065e-9
-4.336327997405181e-9
-4.071540046273971e-9
-3.822122056213174e-9
-3.586310694020776e-9
-3.3645013212346537e-9
-3.154980573721811e-9
-2.958159136968587e-9
-2.7723813700393262e-9
-2.5980784330888632e-9
-2.4336569730491896e-9
-2.279571204935329e-9
-2.134292259000141e-9
-1.9982981204696e-9
-1.870124865308928e-9
-1.75027364275841e-9
-1.6373446949116114e-9
-1.5318608232061536e-9
-1.4324847907752153e-9
-1.3397589491712968e-9
-1.2524063586605592e-9
-1.1709864656143954e-9
-1.0942800408172022e-9
-1.0228609927518082e-9
-9.55565014669443e-10
-8.929777953437805e-10
-8.339870796454057e-10
-7.791876972450129e-10
-7.275165765906199e-10
-6.795751547772666e-10
-6.343467388719416e-10
-5.924369878563272e-10
-5.528728865017071e-10
-5.162621039591054e-10
-4.816727321557606e-10
-4.4971242634762103e-10
-4.1948796089192567e-10
-3.916051456857323e-10
-3.6520716591771735e-10
-3.4089634589243165e-10
-3.1785016466816937e-10
-2.9666600606215296e-10
-2.765536780054729e-10
-2.581043453991625e-10
-2.405583265009842e-10
-2.244994545326663e-10
-2.091968786254832e-10
-1.9522614130278812e-10
-1.8188367371827305e-10
-1.697359100762967e-10
-1.5810513623712179e-10
-1.475479894017368e-10
-1.3741129514745407e-10
-1.282413217934977e-10
-1.1940822285517938e-10
-1.114474310079559e-10
-1.0375131034358941e-10
-9.68440852061144e-11
-9.01392989658205e-11
-8.414967867999823e-11
-7.830899392580229e-11
-7.311825963808194e-11
-6.803058949058642e-11
-6.353513672972004e-11
-5.910354126711234e-11
-5.5213002237037164e-11
-5.1352926048642606e-11
-4.798851501874072e-11
-4.4626234816772945e-11
-4.1719291167185283e-11
-3.8790549144869494e-11
-3.6281254840513714e-11
-3.37300555703364e-11
-3.156630577689431e-11
-2.9343856207202483e-11
-2.748026338088915e-11
-2.5544036949912473e-11
-2.394104997122994e-11
-2.2253956831295277e-11
-2.087707746607859e-11
-1.9406723240951737e-11
-1.822580228404285e-11
-1.6943817422694154e-11
-1.5932412035792593e-11
-1.4813832435400998e-11
-1.3948604137125216e-11
-1.297128081455095e-11
-1.2231409712776251e-11
-1.137542034902004e-11
-1.0742004894126726e-11
-9.989032050396192e-12
-9.444433549374825e-12
-8.777061917677024e-12
-8.304137672493848e-12
-7.705003791170168e-12
-7.286149486125176e-12
-6.736848831477631e-12
-6.352735782975776e-12
-5.832348195724226e-12
-5.460185010669061e-12
-4.943189287686653e-12
-4.554219141869856e-12
-4.007669113758218e-12
-3.56382645857491e-12
-2.9431655767940624e-12
-2.39201727622517e-12
-1.6353184590526352e-12
-9.079133859963235e-13