0.17966549427843206
0.1796271573316029
0.17956328481150516
0.17947403043982138
0.17935953327062717
0.1792200014063583
0.17905566198566533
0.17886679106327916
0.17865368651032226
0.1784166820402343
0.17815612919788298
0.17787240361365625
0.177565891717812
0.17723699251138392
0.17688610719864095
0.1765136382210324
0.17611998104909588
0.17570552163267078
0.17527063004106774
0.1748156571812405
0.17434093019106242
0.17384674909262843
0.17333338393764935
0.1728010719194179
0.1722500162879611
0.17168038431023938
0.17109230794119998
0.17048588288702807
0.16986117095496137
0.16921820033944268
0.16855696949455834
0.16787744863423437
0.16717958489119272
0.16646330490868294
0.16572852098158616
0.164975134526821
0.1642030428549919
0.16341214324509806
0.16260233997393064
0.16177354868976615
0.16092570333201567
0.16005876049601836
0.15917270590383367
0.15826755847285598
0.1573433760442282
0.15640025890501932
0.1554383545368268
0.15445786038799436
0.1534590274655633
0.15244216220506407
0.1514076287897944
0.15035585001761692
0.14928730829026537
0.14820254542769049
0.1471021623259426
0.14598681771941976
0.14485722655875805
0.14371415776954857
0.14255843145124358
0.14139091572661844
0.140212522907793
0.13902420557209053
0.13782695187980407
0.1366217810466243
0.13540973802729545
0.13419188857992495
0.13296931354811486
0.13174310372651538
0.13051435398042352
0.12928415812449032
0.1280536031135646
0.12682376413841226
0.12559569910624108
0.12437044414032528
0.12314900854509772
0.12193237087243405
0.12072147453607328
0.11951722457724834
0.11832048405750265
0.11713207162101319
0.11595275875421784
0.11478326820209135
0.11362427213819316
0.11247639144845371
0.11134019480801734
0.1102161988010611
0.10910486785412123
0.10800661511759917
0.1069218031630937
0.10585074551570975
0.10479370798943267
0.10375091073298295
0.10272253005576217
0.10170870083632944
0.10070951868351838
0.0997250425562408
0.09875529710956434
0.09780027538607486
0.09685994121272826
0.09593423184448874
0.09502306030116622
0.09412631786979367
0.09324387629761291
0.09237559008699181
0.0915212984877725
0.09068082754442222
0.08985399185549016
0.0890405963550499
0.08824043782741745
0.08745330642269254
0.08667898693050562
0.08591726004236484
0.0851679033990992
0.08443069262113159
0.08370540215102468
0.08299180607744262
0.08228967879758141
0.0815987956623014
0.0809189334840819
0.0802498710304396
0.0795913894021717
0.07894327240044618
0.07830530679814496
0.0776772826035051
0.07705899324484913
0.07645023575080301
0.07585081086597151
0.07526052316485936
0.0746791811133576
0.0741065971307406
0.07354258760932374
0.07298697293640773
0.07243957748222885
0.0719002295915225
0.07136876154794314
0.07084500954303488
0.07032881362364547
0.06982001764450793
0.0693184692037975
0.06882401958421379
0.06833652368070012
0.06785583993384192
0.06738183025285059
0.06691435994422656
0.06645329763237089
0.06599851518576648
0.06554988763699532
0.06510729310813633
0.06467061273150362
0.06423973057552367
0.06381453356714677
0.06339491141912329
0.0629807565547599
0.06257196403724845
0.062168431497219824
0.06177005906457365
0.06137674929911715
0.06098840712518551
0.060604939765526736
0.060226256678882366
0.05985226949718603
0.05948289196618344
0.05911803988594146
0.058757631054519824
0.05840158521173792
0.05804982398586036
0.05770227084053252
0.057358851024407645
0.05701949152113764
0.05668412100184406
0.05635266977803534
0.05602506975680805
0.05570125439655116
0.055381158664754654
0.05506471899635707
0.054751873254032676
0.054442560689038
0.054136721903846025
0.05383429881534962
0.05353523461971296
0.053239473757791776
0.052946961882074546
0.052657645824185965
0.05237147356379338
0.05208839419806471
0.05180835791242173
0.05153131595182934
0.051257220593282325
0.050986025118809564
0.050717683789586555
0.05045215182054476
0.050189385356007525
0.04992934144580165
0.04967197802232019
0.049417253878039406
0.04916512864391775
0.0489155627682274
0.04866851749620434
0.048423954850109474
0.04818183761005026
0.04794212929519203
0.047704794145676147
0.04746979710490793
0.04723710380250157
0.047006680537575035
0.04677849426265715
0.04655251256792493
0.04632870366601162
0.0461070363771269
0.04588748011470905
0.04567000487137175
0.04545458120534763
0.04524118022720969
0.045029773587056766
0.044820333461960855
0.04461283254384851
0.044407244027629154
0.04420354159972896
0.04400169942685829
0.043801692145158125
0.04360349484956696
0.04340708308354282
0.04321243282899282
0.04301952049653582
0.04282832291596074
0.042638817326997154
0.042450981370270514
0.04226479307855043
0.04208023086817315
0.041897273530738854
0.041715900224973984
0.04153609046885109
0.041357824131864625
0.04118108142754934
0.041005842906144924
0.040832089447489804
0.040659802254052184
0.040488962844177225
0.04031955304546417
0.04015155498834611
0.03998495109979325
0.03981972409720671
0.039655856982429266
0.03949333303593577
0.039332135811133644
0.039172249128833325
0.03901365707182256
0.038856343979601374
0.03870029444321478
0.038545493300237356
0.03839192562985081
0.038239576748064254
0.03808843220302298
0.03793847777045187
0.03778969944918276
0.03764208345680907
0.03749561622541977
0.03735028439745396
0.03720607482163074
0.03706297454899264
0.03692097082902113
0.03678005110585923
0.03664020301460247
0.03650141437769155
0.03636367320136946
0.03622696767223539
0.036091286153859564
0.035956617183489616
0.03582294946881539
0.035690271884820005
0.03555857347068657
0.03542784342678701
0.035298071111723284
0.035169246039446864
0.03504135787642792
0.03491439643889878
0.034788351690144735
0.03466321373786525
0.03453897283158034
0.03441561936010367
0.03429314384905886
0.034171536958459044
0.03405078948032755
0.03393089233637881
0.03381183657573843
0.033693613372720276
0.033576214024641234
0.033459629949690144
0.033343852684832316
0.033228873883766004
0.03311468531491257
0.03300127885945609
0.032888646509415254
0.03277678036576227
0.032665672636572524
0.03255531563521901
0.03244570177859626
0.03233682358538659
0.03222867367435515
0.03212124476268461
0.032014529664337564
0.03190852128845708
0.03180321263779323
0.03169859680716638
0.031594666981955004
0.0314914164366188
0.031388838533245124
0.031286926720129164
0.031185674530376385
0.031085075580537157
0.030985123569262724
0.03088581227599203
0.03078713555965865
0.030689087357427345
0.030591661683450132
0.030494852627650133
0.030398654354524577
0.03030306110197408
0.030208067180150382
0.03011366697032904
0.03001985492380002
0.02992662556078214
0.029833973469354437
0.029741893304410478
0.029650379786629048
0.029559427701466506
0.02946903189816491
0.029379187288781226
0.029289888847231046
0.02920113160835297
0.02911291066698672
0.02902522117707112
0.02893805835075519
0.02885141745752811
0.0287652938233621
0.02867968282987322
0.028594579913494525
0.028509980564666283
0.02842588032703841
0.02834227479668896
0.02825915962135434
0.02817653049967515
0.028094383180453132
0.028012713461923033
0.027931517191035204
0.027850790262752608
0.02777052861935804
0.027690728249775177
0.027611385188899534
0.02753249551694241
0.02745405535878472
0.027376060883343215
0.027298508302945893
0.027221393872719782
0.027144713889987262
0.027068464693674143
0.026992642663726286
0.026917244220537595
0.02684226582438564
0.026767703974878636
0.026693555210410055
0.026619816107623342
0.02654648328088465
0.02647355338176519
0.02640102309853096
0.026328889155642115
0.026257148313259163
0.026185797366758575
0.02611483314625503
0.02604425251613246
0.02597405237458175
0.02590422965314678
0.025834781316276964
0.025765704360887647
0.02569699581592689
0.0256286527419499
0.02556067223069941
0.025493051404693583
0.025425787416819556
0.02535887744993431
0.025292318716470894
0.025226108458051757
0.025160243945107286
0.025094722476501036
0.02502954137916014
0.024964698007712217
0.024900189744126958
0.024836013997364285
0.02477216820302703
0.0247086498230197
0.024645456345211827
0.02458258528310704
0.02452003417551668
0.02445780058623898
0.02439588210374236
0.024334276340854295
0.02427298093445425
0.024211993545171822
0.024151311857088707
0.024090933577446016
-0.18767908706534736
-0.18761430937424703
-0.18750615213346777
-0.18735529562155634
-0.1871620054621561
-0.18692680757351707
-0.18664998793329576
-0.1863318194283605
-0.1859722306595423
-0.18557090246003888
-0.18512700525458914
-0.18463924090086659
-0.18410562547184536
-0.18352351271027664
-0.18288941854966503
-0.18219904856373426
-0.18144716669009367
-0.1806276415283882
-0.1797333622374231
-0.1787563128984329
-0.17768753698605705
-0.17651724426971338
-0.1752348228963514
-0.17382897924139157
-0.1722877941644104
-0.17059889285741467
-0.16874953961908823
-0.16672683211662465
-0.1645178272512325
-0.1621097523356515
-0.15949015334222857
-0.15664711422698208
-0.15356941801598964
-0.15024676475345425
-0.14666993539912432
-0.14283099850203054
-0.13872346664656776
-0.13434248184151742
-0.12968495420218457
-0.12474971614138548
-0.11953763312381405
-0.1140517170900081
-0.10829719956553252
-0.10228159546751285
-0.09601472976917773
-0.08950874411885397
-0.08277806985426896
-0.07583937190095316
-0.06871146338208622
-0.061415184200522166
-0.05397325588941646
-0.04641009615037979
-0.038751616890695305
-0.031024980656573997
-0.023258349770732628
-0.015480595737622192
-0.007721012594015264
-8.995441188887782e-6
0.0076262640734826226
0.015156109625336305
0.02255272102981368
0.029789433263209143
0.03684101028310297
0.043683927439597314
0.05029659582312886
0.056659586531706156
0.06275578672373168
0.06857054923383606
0.07409176778995813
0.0793099428288789
0.0842181715093938
0.08881212928816706
0.09308997923618566
0.09705227766812725
0.10070181544331404
0.1040434632998321
0.10708396398554244
0.10983173779181453
0.11229664761045922
0.11448978687273602
0.11642323966831328
0.11810987189914435
0.11956310577157964
0.1207967310924398
0.12182470860466944
0.12266101298871451
0.12331947375514986
0.12381365578074013
0.12415674086401347
0.12436144647727136
0.12443994644210707
0.12440382464509826
0.12426403003928652
0.12403085960348284
0.12371394109986446
0.1233222384793058
0.12286405532885662
0.12234705595476347
0.12177828289102256
0.12116418765705421
0.1205106566948429
0.11982304694213876
0.11910621579451817
0.11836455787524598
0.11760203584176337
0.11682221588170136
0.11602829725762773
0.11522314501568727
0.11440931702274588
0.11358909310734569
0.1127644989814809
0.11193733155306011
0.11110917956362917
0.11028144515155534
0.10945536131519312
0.10863201000634153
0.10781233668645326
0.10699716533027068
0.10618721041653995
0.10538308925474021
0.10458533177106052
0.10379439056275556
0.10301064882584467
0.10223442850991991
0.10146599670269224
0.10070557221481567
0.09995333069757639
0.09920940994151137
0.09847391396261616
0.09774691725448154
0.09702846804011032
0.09631859167673588
0.09561729323620133
0.09492456022611877
0.09424036463203912
0.09356466508849073
0.09289740849099117
0.09223853172536466
0.09158796293640167
0.09094562290320421
0.09031142603442863
0.08968528145986909
0.08906709380844856
0.08845676407254187
0.08785419021336634
0.08725926784352704
0.08667189069535092
0.0860919511581358
0.08551934063773768
0.08495394997764515
0.08439566973263221
0.08384439049667629
0.08330000310890467
0.08276239890710428
0.08223146987993735
0.0817071088614725
0.08118920964081254
0.08067766710957477
0.08017237733827731
0.07967323768613331
0.07918014685148486
0.07869300495176344
0.07821171355355487
0.0777361757289267
0.07726629606976966
0.07680198072536866
0.07634313740473449
0.07588967539936049
0.0754415055763911
0.07499854038982466
0.07456069386672215
0.07412788160947138
0.07370002077686309
0.07327703007945859
0.07285882975685558
0.07244534156791593
0.07203648876540894
0.07163219608219205
0.0712323897042722
0.07083699725401688
0.07044594776219332
0.07005917164912026
0.06967660069623018
0.0692981680257878
0.06892380807237836
0.06855345656176677
0.0681870504826132
0.0678245280648132
0.06746582875173031
0.06711089317836494
0.06675966314426246
0.06641208159174393
0.06606809257955072
0.0657276412614454
0.06539067386065936
0.06505713764891603
0.06472698092182001
0.06440015297840092
0.06407660409743676
0.06375628551762189
0.06343914941486888
0.06312514888311438
0.06281423791259189
0.06250637137130699
0.062201504984306495
0.06189959531587528
0.06160059974968962
0.061304476471754014
0.061011184451472404
0.0607206834253173
0.060432933878801304
0.0601478970307684
0.05986553481630238
0.05958580987171017
0.05930868551822264
0.05903412574763771
0.05876209520682744
0.05849255918412102
0.05822548359441343
0.057960834966245774
0.057698580427708535
0.05743868769402404
0.057181125054172936
0.056925861359102395
0.056672866008942224
0.05642210894179186
0.056173560621586106
0.05592719202739489
0.055682974641872114
0.055440880441068575
0.055200881883450466
0.05496295190019713
0.054727063884763255
0.054493191683592714
0.0542613095862271
0.05403139231647414
0.05380341502293026
0.05357735327062077
0.05335318303196737
0.05313088067882625
0.05291042297385231
0.05269178706295342
0.05247495046705978
0.05225989107490097
0.052046587135184445
0.051835017249745194
0.05162516036603035
0.05141699577061257
0.051210503081986006
0.05100566224440039
0.050802453521024915
0.05060085748802661
0.050400855028051875
0.05020242732457043
0.050005555855691844
0.04981022238875059
0.049616408974380945
0.04942409794133344
0.04923327189090703
0.04904391369193219
0.04885600647543615
0.0486695336299026
0.04848447879615083
0.04830082586276759
0.04811855896129623
0.047937662461843056
0.04775812096840962
0.047579919314766544
0.04740304255998079
0.04722747598448111
0.047053205085708025
0.046880215574397005
0.0467084933704933
0.04653802459945591
0.046368795588427006
0.04620079286268956
0.046034003141993844
0.04586841333716212
0.04570401054656348
0.04554078205288357
0.045378715319735675
0.04521779798856662
0.045058017875394575
0.04489936296788185
0.04474182142217619
0.04458538156010744
0.04443003186617487
0.04427576098484688
0.044122557717687846
0.04397041102073677
0.043819310001783414
0.0436692439178632
0.04352020217255901
0.04337217431371288
0.0432251500307905
0.043079119152636146
0.04293407164500293
0.04278999760839441
0.042646887275665915
0.04250473100993557
0.04236351930235937
0.0422232427700357
0.042083892153900286
0.04194545831675848
0.04180793224116587
0.04167130502763111
0.04153556789254422
0.041400712166410815
0.04126672929190472
0.04113361082216466
0.04100134841892751
0.04086993385085149
0.040739358991762814
0.040609615819032385
0.040480696411868224
0.04035259294976132
0.040225297710850774
0.04009880307046129
0.03997310149946131
0.03984818556287154
0.039724047918325095
0.03960068131469888
0.039478078590636886
0.0393562326732107
0.039235136576514756
0.03911478340040713
0.03899516632910365
0.03887627862995886
0.03875811365217536
0.03864066482557668
0.03852392565937501
0.03840788974100412
0.038292550734886285
0.038177902381365696
0.038063938495487226
0.03795065296595094
0.03783803975397167
0.03772609289226206
0.03761480648390351
0.03750417470138995
0.03739419178555177
0.03728485204457835
0.03717614985303985
0.037068079650911905
0.036960635942649735
0.036853813296222254
0.03674760634222896
0.036642009772980225
0.03653701834161242
0.03643262686124225
0.036328830204075874
0.03622562330060601
0.03612300113875946
0.036020958763113994
0.03591949127406115
0.0358185938270516
0.03571826163181733
0.0356184899516192
0.03551927410247759
0.035420609452480545
0.035322491421023006
0.03522491547812453
0.03512787714370521
0.03503137198693274
0.03493539562551943
0.03483994372509499
0.03474501199849064
0.03465059620518117
0.034556692150571444
0.034463295685440674
0.034370402705284936
0.034278009149740295
0.034186111001994396
0.03409470428819161
0.034003785076844165
0.03391334947832617
0.033823393644245206
0.03373391376695879
0.033644906078985924
0.03355636685252522
0.03346829239890182
0.033380679068067784
0.03329352324809787
0.03320682136468287
0.03312056988065861
0.03303476529550606
0.03294940414490537
0.03286448300023363
0.03277999846812325
0.03269594719003007
0.03261232584174378
0.03252913113297743
0.03244635980696576
0.03236400863995077
0.03228207444087062
0.03220055405087332
0.03211944434294502
0.032038742221488524
0.03195844462193953
0.03187854851038385