0.030257791419786607
0.060431713517911045
0.0903120656250958
0.11984977597498907
0.14886323301017104
0.17728156072098633
0.20494296045808483
0.23176944713057004
0.2576151212533489
0.2824003926308884
0.3059948682628198
0.32832079700918865
0.3492640168833546
0.36875143052035864
0.3866864288337186
0.40300282639440027
0.4176229825266068
0.4304895412230372
0.4415451608890252
0.4507428965560223
0.45804679638569
0.46342152779722756
0.46685325456966303
0.46831902165387357
0.4678273744663971
0.4653680187756565
0.4609716287688779
0.4546403532782129
0.44642620759931045
0.43634308257068416
0.4244630428793187
0.4108105947810242
0.3954761309265622
0.3784933136311526
0.3599688200342515
0.33994379193922175
0.3185389505767466
0.29580114531450524
0.2718628286646538
0.24677480151423267
0.22067896983635601
0.19362843267560506
0.16577238506162653
0.13716472759440773
0.10795993716468441
0.0782113954194316
0.04807702089923879
0.017608520192504626
-0.013034438128699751
-0.04380284890198079
-0.07453687367339114
-0.10519115238964426
-0.13560719014310949
-0.1657441812485775
-0.1954464626006926
-0.2246786973083099
-0.25328954680655225
-0.28125008658812706
-0.30841481244078095
-0.3347621904298709
-0.360154072025069
-0.38457731448562904
-0.4079026364756777
-0.4301262833721651
-0.45112930968010906
-0.4709183061823103
-0.4893860476710163
-0.5065503446834954
-0.5223169438937967
-0.5367156159002168
-0.5496661402789037
-0.561210792530707
-0.5712841861659552
-0.5799413774021951
-0.5871322736000227
-0.5929246354022583
-0.5972836960835637
-0.6002894095846772
-0.6019218607721193
-0.6022721856202614
-0.6013342892168242
-0.5992089509294903
-0.5959023051039974
-0.5915227370677739
-0.5860865192910216
-0.579707199354234
-0.5724087195196811
-0.5643070903141945
-0.5554312519131382
-0.5458969122173382
-0.5357353334496552
-0.5250592885302905
-0.5138998770018569
-0.502364617136889
-0.4904823146832174
-0.47835336126032707
-0.46600260142694855
-0.4535219523964004
-0.4409311435874258
-0.4283128105993208
-0.41568091990155775
-0.40310852302473454
-0.39060362923195185
-0.37822983494811324
-0.36598936958842865
-0.3539368406200155
-0.34206915149507994
-0.33043262420880476
-0.3190194720415399
-0.3078685786713568
-0.2969682003799575
-0.2863506933970222
-0.276001118567024
-0.2659462165621285
-0.2561685911322594
-0.24669023529855783
-0.23749197589014087
-0.2285918532225184
-0.21996951862795389
-0.21163976599131662
-0.20358158463167866
-0.19580713404883013
-0.18829516624270956
-0.1810557257639507
-0.1740676679496133
-0.16733935547685133
-0.16085001174272814
-0.1546066731264153
-0.1485891296192035
-0.14280337935750825
-0.13722992144237747
-0.13187394637612493
-0.12671675866396945
-0.12176292385366186
-0.11699461088053417
-0.11241590368369875
-0.10800986525875973
-0.10378020945858178
-0.09971090029401392
-0.09580536762669375
-0.09204846636288574
-0.08844340837779836
-0.08497591685082634
-0.08164903596434384
-0.07844932571217378
-0.07537970070838833
-0.07242752035672377
-0.06959559848867054
-0.06687205281010127
-0.06425961805393617
-0.06174712712839591
-0.05933725200125933
-0.05701949697398887
-0.054796483590540034
-0.05265834396910435
-0.05060765862397821
-0.048635144820584404
-0.04674334928777703
-0.04492353314275238
-0.04317821502638902
-0.041499160294410545
-0.03988886410297786
-0.03833955830331311
-0.03685371841236168
-0.03542400700238748
-0.03405288328652274
-0.03273340678469778
-0.03146802341177242
-0.03025015784811233
-0.029082245515408448
-0.02795804640508401
-0.026879988141758317
-0.025842138045427815
-0.02484691859399444
-0.023888678234836244
-0.0229698369463293
-0.02208499978905892
-0.021236586913468282
-0.020419437067611984
-0.019635973286810014
-0.01888124656955965
-0.018157685599334863
-0.017460533578125284
-0.01679222765535267
-0.016148184483627516
-0.015530852551214912
-0.014935804410212417
-0.014365502814116216
-0.013815659777072385
-0.013288755294794062
-0.012780625436344006
-0.012293770463707688
-0.011824136045464262
-0.011374245777277548
-0.010940141349821004
-0.010524372799596409
-0.010123065070902671
-0.009738797784716363
-0.00936776711499502
-0.009012585444465265
-0.008669508837199089
-0.008341185646264194
-0.00802392111478133
-0.0077204028042829
-0.007426975002310824
-0.007146367745276014
-0.00687495475856546
-0.006615511847462192
-0.006364433051691647
-0.006124543266775613
-0.0058922481645329134
-0.005670425079728332
-0.005455483036420969
-0.0052503551859622065
-0.005051445991047044
-0.0048617478263950605
-0.004677653012358103
-0.0045022165847050846
-0.004331811441792252
-0.004169558750805506
-0.004011804980631483
-0.003861740935008482
-0.0037156798908807216
-0.0035768858307909874
-0.003441632296915361
-0.0033132600325501984
-0.0031879964982498197
-0.003069262822499877
-0.002953234211218159
-0.002843415847983665
-0.002735924664179497
-0.0026343536170000113
-0.0025347554770982577
-0.002440814745720301
-0.0023485142620747537
-0.00226163389724915
-0.002176080886648459
-0.0020957343558996905
-0.002016420346484286
-0.0019421211858450618
-0.0018685761984608502
-0.0017998749272152747
-0.0017316645091949294
-0.0016681457865651854
-0.001604868277737027
-0.0015461482821674168
-0.0014874322945394633
-0.0014331563078173494
-0.0013786584019031393
-0.0013284985818040873
-0.0012779011239419731
-0.001231554450415945
-0.0011845636367085238
-0.0011417500178353829
-0.0010980940514984095
-0.0010585545765684537
-0.0010179819865499516
-0.000981477314634273
-0.000943755404348344
-0.0009100642776769204
-0.000874977693588696
-0.0008438955659011284
-0.0008112449765320384
-0.0007825827473683895
-0.0007521836240479999
-0.0007257664706652818
-0.0006974479620417433
-0.0006731142613093673
-0.0006467181542806312
-0.000624318487516833
-0.0005996982478269375
-0.0005790944821047886
-0.0005561143683819727
-0.0005371788083420642
-0.0005157130538564473
-0.0004983276585414397
-0.00047825971541428297
-0.0004623153750774811
-0.0004435372160855009
-0.0004289330843182669
-0.0004113445578249187
-0.0003979874347217741
-0.0003814956686212298
-0.0003692994310367156
-0.0003538182819138687
-0.00034270335717623095
-0.00032815290119263545
-0.0003180457809270262
-0.0003043518432104319
-0.00029518463418186743
-0.0002822783537512673
-0.0002739883628883191
-0.0002618057903802326
-0.0002543351413510644
-0.0002428168670265624
-0.00023611214595535877
-0.00022520295565758391
-0.00021921488375300715
-0.00020886344067543608
-0.0002035465717132583
-0.00019370512199863685
-0.0001890175627651681
-0.00017964166311174232
-0.00017554481506081238
-0.0001665930806508864
-0.00016305140116090744
-0.00015448527236263483
-0.0001514660541077167
-0.00014324958051219346
-0.00014072274757245118
-0.0001328223880492105
-0.00013076030749682366
-0.00012314474504120156
-0.0001215220528328511
-0.00011416202308293837
-0.00011295546317791577
-0.00010582359555879483
-0.00010501187127052754
-0.00009808254180446304
-0.0000976461784647993
-0.00009089537336153984
-0.0000908165914491694
-0.00008422178065707355
-0.00008448437860805585
-0.00007802439856795941
-0.00007861364454415717
-0.00007226858944799056
-0.0000731711213964734
-0.00006692224230260049
-0.00006812597568899892
-0.00006195558690117643
-0.00006344962954677614
-0.000057341021700203075
-0.000059115595199361015
-0.00005305295454818084
-0.00005509932177735006
-0.00004906765520893548
-0.000051378053480778184
-0.000045363118823983726
-0.00004793069827162335
-0.000041918939492349416
-0.00004473770630061228
-0.00003871619321635052
-0.000041780957347639073
-0.00003573732951224019
-0.00003904365659827203
-0.00003296607104189232
-0.00003651023814268557
-0.00003038732066911835
-0.0000341662756189215
-0.000027987075388187126
-0.00003199839947255532
-0.00002575234661684588
-0.000029994220339707998
-0.000023671086378801295
-0.000028142258105019947
-0.000021732118943999298
-0.00002643187621133855
-0.00001992507752154237
-0.00002485322083607493
-0.000018240345631456986
-0.00002339716457542188
-0.00001666900281550496
-0.00002205525430524919
-0.000015202774363937523
-0.00002081966291372245
-0.000013833984766109377
-0.000019683144620797283
-0.000012555514612602353
-0.000018638993623900447
-0.000011360760696036753
-0.000017681005828697048
-0.00001024359907888938
-0.000016803443438916478
-9.198350914040658e-6
-0.00001600100220217623
-8.219750817969751e-6
-0.00001526878111831538
-7.30291761332829e-6
-0.000014602254433818608
-6.443327271876334e-6
-0.000013997245761554507
-5.636787900831259e-6
-0.000013449904173088287
-4.87941662425343e-6
-0.000012956682097038901
-4.167618035138168e-6
-0.000012514313613647056
-3.498055664295442e-6
-0.000012119740048603194
-2.867307098057287e-6
-0.000011768414558926578
-2.265819456406987e-6
-0.000011464562325823334
-1.6925780480445195e-6
-0.000011206365640927464
-1.14500156125928e-6
-0.000010991667427901057
-6.188822953311427e-7
-0.000010804647658788908
-0.009916414654840965
-0.019832082144707653
-0.029737358122504838
-0.039646821902407675
-0.04954999335748225
-0.059486877535171456
-0.06944601022937523
-0.07950159694134552
-0.08963904142392876
-0.09997063381528525
-0.11047359885898475
-0.1212974544245447
-0.13240319894837685
-0.14397281627749878
-0.15594086881243793
-0.16851430824249997
-0.18158984888510699
-0.1953907150662445
-0.2097646784320615
-0.224942863176936
-0.2407147902825732
-0.2573127926435473
-0.2744618492242489
-0.2923915315588517
-0.310759850872516
-0.32979299369287374
-0.3490838411512206
-0.36885809725395563
-0.38864954936640955
-0.40868959628409884
-0.42846266813391226
-0.44821467089156924
-0.4673932351303341
-0.48626925398193316
-0.5042677507274334
-0.5216955379633323
-0.537969462130661
-0.5534422842793711
-0.5675358661554346
-0.5806566867896102
-0.5922421813434577
-0.6027568656599672
-0.6116605338338453
-0.6194757485960989
-0.625686957063579
-0.6308700838729158
-0.6345318477725671
-0.6372923190366588
-0.6386738244918861
-0.6393275480067688
-0.6387814131055771
-0.6377020656033819
-0.6356110400957244
-0.6331737267931103
-0.629892982352282
-0.6264169195167542
-0.6222189333396045
-0.6179163422281574
-0.6129455788421642
-0.6078838398679406
-0.6021279358761342
-0.5962111642125483
-0.5894940124808985
-0.5824684524760275
-0.5744683344544324
-0.565953225936152
-0.5562459162338308
-0.545787835184023
-0.533910628513939
-0.5210551601039202
-0.5065836592229764
-0.49095442514146254
-0.4735806355947733
-0.45495321620261703
-0.43455206867890506
-0.41291018356759324
-0.3895827914552517
-0.3651466706296734
-0.3392324927697744
-0.3124543312919242
-0.284510178458633
-0.2560377809294995
-0.22678785828496714
-0.19740346341648043
-0.16766977534051342
-0.13821512082070386
-0.10884034489589547
-0.0801404061391462
-0.05191530191387978
-0.024711781471817667
0.0016832866117753276
0.026781004745508485
0.05081479956682314
0.07335774986409416
0.09466575076097274
0.11437304091070827
0.1327560231002589
0.14950548536099273
0.16491349335321512
0.17872035004017764
0.19122737419796668
0.20221623248478146
0.21199067603951213
0.22036552975202398
0.2276406084444747
0.2336563768591849
0.23870333796755627
0.2426411900410112
0.24574699493464
0.24789455301874888
0.24934463458685804
0.2499812603283148
0.250047224565196
0.24943399577038602
0.2483656827869662
0.2467393431271314
0.24476044731065363
0.2423304896327454
0.23963689496144944
0.23658495644637395
0.23334500683537632
0.22982585143402504
0.22618189536412323
0.22232539124649095
0.21839607776916756
0.214309715110106
0.21019265140202853
0.20596427132512224
0.2017387679128779
0.19743927862308774
0.19316900240330892
0.18885494130732852
0.18459036841864174
0.18030623072564816
0.17608684359080418
0.17186714156662683
0.16772335045786402
0.16359439678135876
0.15954918966901327
0.15553061668182744
0.15160095517083688
0.14770699222864284
0.1439049787987657
0.14014551486178906
0.13647935955075224
0.13286081946296519
0.1293356341815833
0.12586169615859769
0.12248014316526469
0.11915232281228512
0.11591514130771344
0.11273326468281017
0.1096396965480032
0.10660228179886859
0.10365041453050512
0.10075497872703615
0.09794202082005429
0.0951853259273116
0.09250782742110536
0.0898860769777315
0.08734010566186362
0.0848491016678369
0.08243038354102998
0.0800656513089316
0.0777696822808101
0.07552656954062963
0.07334870403297161
0.07122245936936743
0.06915798037692866
0.06714381508612847
0.06518798936203085
0.06328112601002711
0.06142924731511179
0.05962495762651024
0.05787238039769398
0.05616601458058371
0.05450817990341461
0.052895189096203145
0.051327644491056174
0.049803597680281704
0.04832201191222527
0.04688260840340665
0.04548278228568501
0.04412386059595848
0.04280173456688459
0.041519278436993025
0.04027093753825811
0.03906107962718253
0.03788275639014099
0.036741780107061625
0.03562985575725835
0.03455419559905806
0.033505199911905224
0.032491440605626
0.03150205068431737
0.03054692537876508
0.029613963575030357
0.028714351280547883
0.027834782440349974
0.026987704879822123
0.026158633061615786
0.02536125106785832
0.024579915856529203
0.02382952542493176
0.023093297941768523
0.02238732603089482
0.021693704722892143
0.021029704876757722
0.020376311153811052
0.01975195900869638
0.01913653278617114
0.01854962151249355
0.017970016705180315
0.017418452427194094
0.016872632433656453
0.016354429661292882
0.015840462870269634
0.015353739971497318
0.014869795316484961
0.014412770053239847
0.013957112636335851
0.013528097782487994
0.01309908458382413
0.012696483640757913
0.012292559328092393
0.011914862348658586
0.01153455519689781
0.011180334727893218
0.01082225265687319
0.010490159805857699
0.010152986542803565
0.009841747174578143
0.009524238544889829
0.0092326496110963
0.008933629960570816
0.008660555963848241
0.008378914713500647
0.00812328430759727
0.007857972641985999
0.0076187753664371215
0.007368803054819273
0.0071450862047121875
0.0069095185533749395
0.006700384181646012
0.006478339115645713
0.0062829411657236035
0.006073586438854779
0.005891128004566133
0.00569367853299609
0.005523409244140647
0.005337124561783085
0.005178338090414266
0.005002519922797939
0.00485455160733939
0.004688541559272697
0.004550766143267987
0.004393943498076811
0.0042657729785711244
0.004117552604239894
0.003998434187324446
0.003858264545429865
0.003747678703765578
0.0036150399585141548
0.0035124985876084764
0.003386900809727033
0.003291945478698513
0.003172926941419664
0.003085127234543521
0.002972252796808865
0.002891204742166262
0.002784064316342119
0.0027093888970488255
0.002607595997108433
0.0025389377427372465
0.002442128108393322
0.002379153761407651
0.0022869840560680293
0.002229381311344912
0.0021415278901867774
0.00208900420265138
0.0020051619462491026
0.001957443404950988
0.0018773246170618657
0.0018341548814486074
0.001757488246016052
0.0017186275410945766
0.0016451571376090157
0.0016103813065546074
0.0015398656787804867
0.001508965287931792
0.00144117656464967
0.0014139560606133796
0.0013486791251343722
0.0013249560393669758
0.0012619877452744504
0.0012415919445416372
0.0011807403757617325
0.0011635133563114048
0.001104597128191264
0.0010903913508793067
0.001033238951094611
0.0010219172150587052
0.0009663663817079415
0.0009578012355748733
0.0009036983704480291
0.0008977715578811888
0.0008449711728590692
0.0008415731113180689
0.0007899373065331625
0.0007889665970476116
0.0007383645684897657
0.0007397275351999977
0.0006900351108430468
0.0006936453678796127
0.0006447445696720319
0.000650522615184674
0.0006023012463037646
0.0006101740805609524
0.0005625253364876618
0.0005724261039489641
0.0005252482055081398
0.0005371158585629886
0.000490311705873271
0.0005040906902601376
0.0004575675363784914
0.0004732074957080482
0.00042687663913681213
0.0004443321382906782
0.0003981086326750934
0.00041733889891933156
0.0003711412793068963
0.00039210995962623917
0.0003458599844641983
0.0003685349191302559
0.00032215732630356484
0.0003465103366821341
0.00029993261388214855
0.00032593930424906027
0.00027909147175312303
0.00030673104473450915
0.0002595454503691412
0.0002888005341617776
0.000241211659913095
0.00027206814752846567
0.000224012426673228
0.0002564593261777744
0.00020787497004926228
0.0002419042650664665
0.0001927310999997821
0.00022833762020034115
0.00017851693288014662
0.00021569823348202474
0.00016517262455143634
0.00020392887488876216
0.00015264212023461234
0.00019297600049233507
0.00014087292010212955
0.00018278952556122487
0.0001298158591713199
0.00017332261199151024
0.00011942490073446375
0.00016453146894984108
0.00010965694315004376
0.00015637516579252047
0.00010047163891049978
0.00014881545737827838
0.00009183122438148516
0.0001418166198485076
0.00008370036085157402
0.00013534529743425668
0.00007604598588232834
0.00012937035853385597
0.00006883717360783628
0.00012386276129174105
0.00006204500442005207
0.00011879542793641318
0.00005564244281657044
0.00011414312724586046
0.000049604223495655706
0.0001098823645787161
0.00004390674444758687
0.00010599127910719488
0.00003852796763099918
0.00010244954856938826
0.000033447325789749894
0.00009923829921810673
0.000028645634234898017
0.00009634001309215676
0.0000241049469469896
0.00009373805123163841
0.00001980613521134194
0.0000914045314251874
0.000015685530446015854
0.00008937400612242097
0.000011740515101031207
0.00008763707047615702
7.956799724367754e-6
0.00008618146738720954
4.308369819216939e-6
0.00008489901448190544
0.03172039020761427
0.06340389219194545
0.09495330759630265
0.1263444036870484
0.15748545695547922
0.18833479567790407
0.21879669291923123
0.24881484381998326
0.27828305546717186
0.3071298428349048
0.3352349717027344
0.36251161078421656
0.38882405524132757
0.4140717529312627
0.4381048624707918
0.46081269441189726
0.48203514715790197
0.5016572746843392
0.5195150657735119
0.535497290884698
0.5494444050345569
0.5612583659025112
0.5707937146942974
0.5779756586988672
0.5826826618132929
0.5848727438442981
0.5844572098038865
0.5814348412380939
0.575756709447655
0.5674677276627118
0.5565628143089933
0.5431351410554259
0.5272242164802614
0.5089700987723614
0.4884542321853025
0.4658588821871853
0.4413017526783859
0.41499992928146523
0.3870994170387494
0.357842928458555
0.3273955031043802
0.2960155393792771
0.26387759507560554
0.23124612919501408
0.19829645127031248
0.16529070825819037
0.1323977688403092
0.09987105684848997
0.06786794156075734
0.036629077782113946
0.006297637247762153
-0.022900138912233744
-0.05083577816215994
-0.07729707398079098
-0.10216914531488863
-0.12525221873130632
-0.14644327841952218
-0.1655533248939147
-0.18249014953992676
-0.19707517574930403
-0.20922797547230115
-0.21878264523564528
-0.22567466289341434
-0.22975652105829844
-0.2309873979982243
-0.22924748236397435
-0.22453072714775094
-0.21675700078123208
-0.2059679571989321
-0.19213591210098407
-0.1753626603875435
-0.1556838817531559
-0.13327062987282917
-0.10822817948922456
-0.08079993441312423
-0.05115995797828755
-0.01961919109370591
0.013588576949746713
0.048098077735431295
0.08363278307565532
0.11979356694589618
0.15628415299820403
0.19269669286367602
0.2287410197202896
0.2640268579102338
0.2982952066091914
0.33119717054483977
0.36252576581552703
0.39199177390903
0.41945441066794376
0.4446950692602367
0.46764554661093183
0.4881609577908813
0.5062444892325138
0.5218210582576478
0.5349577958609145
0.5456401498277216
0.5539874611510879
0.5600331680601903
0.5639349300946975
0.565760416177603
0.5656914706495598
0.5638167102846142
0.5603292459561408
0.5553270209732147
0.5490036253946042
0.5414570212696198
0.5328730291318685
0.5233428305586885
0.5130387727311104
0.5020408275037114
0.49050444667846566
0.4784959915052042
0.46615247055469267
0.45352582994683893
0.4407345082837937
0.42781638878125505
0.4148722035800599
0.4019268867161295
0.3890649474303004
0.37629992080006913
0.36370190301672883
0.35127476913601446
0.3390761214505129
0.327101927180945
0.3153991743967321
0.3039575737154865
0.29281524608727866
0.28195712970507436
0.27141404226651683
0.26116743592727365
0.2512421854509655
0.24161733915030636
0.23231298562386085
0.22330665645796716
0.21461461981356622
0.20621360059847352
0.19811684052802428
0.19030081301362722
0.1827763777281911
0.17552018016201135
0.16854121516779177
0.16181661464135663
0.15535391977566246
0.14913097431008354
0.1431541898727687
0.13740227644877828
0.13188076966432483
0.12656934433030115
0.1214728571385172
0.1165720031639448
0.11187111242163078
0.1073519229220607
0.1030183550291453
0.09885318795092393
0.0948600219415831
0.09102265789830409
0.0873444442225261
0.08381017142843701
0.08042298795044442
0.07716863331872309
0.07405009537696855
0.07105401662736263
0.06818325420305292
0.0654253044234378
0.06278291642903468
0.060244389825381335
0.05781238311442405
0.05547594855009375
0.053237667360654176
0.051087294613682985
0.049027344686434444
0.0470482270599971
0.04515239753233797
0.04333087345628195
0.041586058765176494
0.03990953426452742
0.03830365762582988
0.036760530957447315
0.035282470488923
0.03386205981287176
0.03250157799509593
0.031194052624303685
0.02994172951615462
0.028738045051337584
0.027585215472222185
0.026477052957006558
0.025415747703690518
0.024395456808965044
0.023418347871968902
0.022478894035038163
0.02157924370484411
0.020714159089537526
0.019885772799052164
0.019089110904492255
0.018326293622280478
0.017592587344892083
0.01689010331842871
0.016214326262068236
0.015567361900997648
0.01494489272456483
0.014349022415585987
0.013775612009592571
0.013226766655883104
0.0126985079452601
0.012192946032982434
0.01170624621245748
0.011240527213438161
0.010792082229940004
0.01036304216180723
0.009949813269503758
0.009554542245110107
0.009173734470030765
0.008809556077263905
0.00845859844046141
0.00812305080632934
0.007799578162317722
0.00749039656625197
0.007192232926983831
0.006907333836260457
0.006632477059303856
0.006369943470599746
0.006116551199884659
0.005874619180696292
0.00564099593752318
0.005418042267694094
0.005202627596088734
0.004997158420170693
0.004798516001442982
0.004609156407153406
0.004425964061848836
0.004251448509778678
0.004082489016045391
0.0039216525483112144
0.003765805207218442
0.0036175753738922766
0.003473808261064517
0.0033371977017533144
0.0032045605492976954
0.0030786601781316583
0.0029562778338778836
0.002840250577916227
0.002727316994690877
0.0026203920395288906
0.00251616475158725
0.002417632252493909
0.002321427298607623
0.0022306335205104274
0.002141820776397879
0.0020581636251601324
0.0019761625134474175
0.0018990874281586132
0.0018233629728790402
0.0017523591495311299
0.0016824183493569945
0.0016170152676092504
0.0015524037591720494
0.0014921679893391692
0.0014324669790347275
0.0013769992443006126
0.0013218226862487205
0.0012707551614821364
0.0012197471609330665
0.0011727409877290626
0.0011255734121991096
0.0010823164123165419
0.0010386866938979955
0.0009988912659205638
0.0009585203782399996
0.0009219215625756791
0.0008845521596519279
0.0008509058570135281
0.0008163005597273111
0.0007853818925545198
0.0007533217113038137
0.0007249235154363091
0.000695206398880225
0.0006691378344430954
0.0006415773323685154
0.0006176626064823367
0.0005920866384867733
0.0005701638290715283
0.0005464135516337833
0.000526333523163319
0.0005042622858326761
0.00048588769351509215
0.00046536007685372906
0.00044856444762350693
0.00042945537790255026
0.00041412226599627145
0.00039631619901148976
0.00038233840658248694
0.0003657285762130251
0.0003530074374543504
0.000337495162758169
0.00032593988292219046
0.00031143392972921686
0.0003009609781639296
0.00028737697096773356
0.0002779095204961646
0.0002651693998961731
0.00025663681207098454
0.00024466833475634674
0.00023700568471456704
0.00022574196308547943
0.00021888960185787606
0.00020826867845932982
0.00020217183091515045
0.00019213628698288874
0.00018674468041020203
0.00017724127405351373
0.00017250879676633575
0.00016348812972263426
0.00015937251689050226
0.0001507887267197623
0.0001472512701183668
0.0001390617463048361
0.000136067028009005
0.00012823215007097747
0.00012574779682461847
0.00011823069248403435
0.00011622714956251893
0.00010899347129720793
0.00010744379438835377
0.00010046151354943517
0.00009934117717880479
0.00009258039322461156
0.00009186711481250627
0.00008529987933706433
0.00008497345679435401
0.00007857361087070791
0.00007861577343621638
0.00007235879754703093
0.00007275306888052997
0.00006661594340095889
0.00006734751503805243
0.00006130859229707223
0.00006236420797508243
0.000056403092427539494
0.00005777094161219072
0.000051868380442909494
0.00005353800058454243
0.00004767578092697663
0.000049637967800630725
0.00004379882257126359
0.00004604554769281793
0.00004021306776621449
0.000042737403478979564
0.00003689595615019457
0.000039692005909787707
0.00003382665978882321
0.000036889495351969836
0.0000309859497552833
0.000034311553325431614
0.000028356073102879826
0.00003194128450031501
0.000025920639326929378
0.00002976310761383579
0.00002366451551395292
0.000027762655767087706
0.00002157373014857081
0.00002592668303688716
0.00001963538377334013
0.000024242979748270112
0.000017837566780183857
0.000022700293125729604
0.00001616928365584867
0.000021288255332526647
0.000014620383438997336
0.000019997316351121086
0.000013181494830983027
0.0000188186820211358
0.000011843967242658646
0.000017744257781423494
0.000010599815727019101
0.000016766595788410162
9.44167063808085e-6
0.000015878847091380096
8.362731189286641e-6
0.000015074716871477995
7.356722413301139e-6
0.000014348424168652763
6.417856314509807e-6
0.000013694663392709923
5.540794754704549e-6
0.000013108570607876096
4.720616615643981e-6
0.000012585689660242738
3.952776856161891e-6
0.000012121883174884618
3.2327241005277733e-6
0.00001171148344459726
2.54933164694431e-6
0.000011358430524040304
1.9007813650090393e-6
0.000011060191108042285
1.2836190937416383e-6
0.000010813927390901213
6.926321456626702e-7
0.000010601634538154563
-0.05329736373250867
-0.10613129737498712
-0.15734223360783725
-0.20670899005323481
-0.2532656796079662
-0.2967708249875113
-0.33643477515039005
-0.37211354636545624
-0.4031875247376107
-0.4296593800419063
-0.45107609925825065
-0.4676054662231787
-0.4789466264528661
-0.4854293932587956
-0.48687870633039726
-0.4837660648344378
-0.47600538936418785
-0.4641786820504718
-0.44824637580946497
-0.4288649471791684
-0.40599852743305404
-0.3803428525116363
-0.35182765340240035
-0.3211583664457436
-0.2882011243502219
-0.25365081479409957
-0.21729260249631902
-0.17980213436906786
-0.1408795276413577
-0.10118477859503738
-0.06034205534085646
-0.019010721409005307
0.023240458744625908
0.06572874259994214
0.10891207901485978
0.15205523755785835
0.1956107083260112
0.2387616133669916
0.2819249116220294
0.32417850678906407
0.36588166825871604
0.40599456077795865
0.4448097142939014
0.4811724961493924
0.5153164567588784
0.5459931243321892
0.5734031242013576
0.596243233658312
0.6147243367167392
0.6275430979393676
0.6349770878656981
0.6357878896043171
0.6303831224467967
0.6176574370472563
0.598210678913287
0.5711331826520307
0.5372689576307518
0.49595205206691384
0.4483034252488761
0.3939259751970267
0.33422371245479743
0.26906434124443324
0.2001094950093122
0.12745547409304453
0.052963641069455995
-0.023108099910233
-0.09878517876438758
-0.17373955449763828
-0.24598981790527397
-0.3152427993749551
-0.3796235552873015
-0.43897813248724166
-0.49164313780067814
-0.537692381267609
-0.5757561870966049
-0.6061957069664958
-0.6279829209983174
-0.6417884609182596
-0.6469341163993798
-0.6443827093857427
-0.6337755004588869
-0.616315561981771
-0.5919024139621072
-0.5619030210871406
-0.5263950524469838
-0.486821780865115
-0.4433535413871966
-0.39742434737119786
-0.34921861738715504
-0.3000883340342061
-0.25016925841957366
-0.20067814672098838
-0.1516598502503255
-0.10416468724896584
-0.05812534369364981
-0.014415128747958863
0.02714836791705735
0.06586266677419796
0.10201441206264
0.13505410687246572
0.16535308270658897
0.19249042810032843
0.21689863919620797
0.23825880857159248
0.2570408278256122
0.2730022567502542
0.2866289100100531
0.29773235581486407
0.30679657680999384
0.31366876119349657
0.31881753582877004
0.32211159677003237
0.3239947997994231
0.3243472029150441
0.3235820795938989
0.32158407890203905
0.3187330045305545
0.3149140058125845
0.31047274174924133
0.30529277007287764
0.29968648993551467
0.2935351740122653
0.287119856580414
0.28031973935453103
0.2733869644036637
0.266199407029421
0.2589830470635844
0.2516154347814421
0.24429915163404395
0.2369124940435505
0.2296372975772501
0.22235362666499142
0.21522502639972912
0.20813423321232002
0.20122871732090514
0.1943946404648801
0.187765360519247
0.18123105824320102
0.17491269435977547
0.1687049088235338
0.16271775002263797
0.15685061831752087
0.15120392695524845
0.14568201757068908
0.14037676270494834
0.13519752554359593
0.13022857424296377
0.1253842923002869
0.12074214475223216
0.11622147004095319
0.11189361705299776
0.10768276490965754
0.10365473721311293
0.09973840353482924
0.09599457257915063
0.09235662889764334
0.08888080942389393
0.08550482167710438
0.08228071774770764
0.0791503264886514
0.07616185504794819
0.07326104776199541
0.07049256727075673
0.06780586746455049
0.06524233364661368
0.06275492635384566
0.06038199253784906
0.05807980176038231
0.055883877572173765
0.05375360781711571
0.05172188696038585
0.04975103833592184
0.047871503787845764
0.04604836796344588
0.044309780990340074
0.04262342362339397
0.04101530150827042
0.039455535395190526
0.037968121585322284
0.03652547375293153
0.0351497032074128
0.03381537834142259
0.032542840148314524
0.03130868213315658
0.030131580911859395
0.028990033771661324
0.027901150956071024
0.026845220119529396
0.025837875898722655
0.024861090432818894
0.023929106882687918
0.02302548312946119
0.02216314888659729
0.021327155781612366
0.020529192477239232
0.01975571871394625
0.01901724928525227
0.01830157240166308
0.01761809132983726
0.016955848734063642
0.01632319420046025
0.01571035611151598
0.015124684028726125
0.01455752827576873
0.014015288134380972
0.013490376737443742
0.01298828918124856
0.012502446628450818
0.012037482669362144
0.011587775796222098
0.011157137572472017
0.010740856943704209
0.010341959926867572
0.009956602624948772
0.009587059177293134
0.0092303129036215
0.008887917092721081
0.00855764548624583
0.008240359069126478
0.007934588156861154
0.0076405276460728665
0.007357433343484569
0.00708485807548498
0.006822754653655729
0.006570055783709819
0.006327385232766154
0.0060930755878552114
0.005868397808373638
0.005651102526003887
0.0054430862828126455
0.005241534180891343
0.0050489487621164075
0.004861964383174647
0.004683671905361262
0.004510168175372237
0.004345116490866242
0.004184087952411694
0.004031304104295247
0.0038818206744845353
0.003740404862430512
0.003601606074372387
0.0034707260873817008
0.0033418157803056896
0.003220701859554821
0.0031009432790644886
0.0029888833807700643
0.0028775946580071464
0.002773930081412686
0.00267048006099686
0.0025746014106616923
0.0024784058012214264
0.0023897492666583027
0.002300267088511258
0.0022183110047546985
0.0021350413078594487
0.0020593029819636955
0.0019817818192776533
0.0019118146011006137
0.0018396122316330984
0.0017750028094486044
0.0017077211165903788
0.0016480870175036894
0.0015853571245033602
0.0015303444076004869
0.0014718244740194908
0.0014211055994067376
0.0013664787870818877
0.0013197506468952934
0.0012687232379008872
0.0012257053380721702
0.0011780049993280934
0.0011384377788030114
0.0010938119546402836
0.0010574552309882575
0.0010156696601207622
0.000982301196256376
0.0009431385383805896
0.0009125527148454606
0.0008758112840699985
0.0008478178732943788
0.0008133104634773341
0.0007877334963682183
0.0007552862968953628
0.0007319630149058378
0.0007014146071831954
0.0006801944933233236
0.0006513949237754118
0.0006321388064025961
0.000604948726577414
0.0005875279519593475
0.0005618178246891179
0.0005461134895771136
0.0005217628537690251
0.0005076650978214465
0.00048456188804126525
0.00047196923897602
0.0004500091553910016
0.0004388279220772724
0.00041791384725614763
0.0004080575590562634
0.00038809901829331417
0.0003794879073285251
0.0003604005683589099
0.0003529610892100666
0.00033466629883061017
0.0003283306854168009
0.0003107550408411575
0.0003054608957824943
0.00028853584682567054
0.00028422576110899764
0.0002678872421471174
0.0002645084450182252
0.00024869653253433853
0.000246200566290904
0.0002308591626474921
0.0002292015824331416
0.00021427812270890435
0.00021341821765914033
0.00019886339724660323
0.00019876393482834873
0.00018453145723920812
0.00018515844401662912
0.00017120478516683
0.00017252724925484252
0.0001588114413857334
0.00016080122788531386
0.00014728465652477098
0.0001499162389377912
0.0001365624561578858
0.00013981276516559062
0.00012658731430702604
0.00013043557575413296
0.00011730583002681958
0.00012173341741492071
0.00010866843007982619
0.00011365872783494145
0.00010062909039393114
0.00010616736762206773
0.00009314508061276957
0.0000992183748613387
0.00008617672717806407
0.00009277373567498534
0.00007968719094604906
0.00008679817390755858
0.00007364226444945895
0.00008125895183237046
0.00006801018189554043
0.00007612569058882807
0.00006276144394802394
0.00007137020065034733
0.00005786865498224292
0.00006696632444762839
0.00005330637144202214
0.00006288979219709988
0.000049050963357035894
0.00005911808761917851
0.000045080484652550014
0.000055630322315940615
0.000041374550913513885
0.00005240712111944319
0.000037914229730041654
0.00004943051470651712
0.000034681936750762085
0.00004668384012027516
0.00003166134017428282
0.00004415164963943968
0.000028837272258833678
0.0000418196245738379
0.000026195646829347373
0.00003967449684288705
0.000023723382660151914
0.00003770397595363347
0.000021408333118341267
0.00003589668035678648
0.0000192392203994082
0.00003424207543420194
0.000017205575488849834
0.00003273041535158611
0.000015297680751584406
0.00003135268911296819
0.000013506519566194544
0.000030100571160767153
0.000011823727844992259
0.00002896637478897742
0.000010241548396933755
0.000027943009667159725
8.752789720972071e-6
0.000027023939796454063
7.350771079321779e-6
0.000026203030314874576
6.028591439232435e-6
0.000025470950144536784
4.766305118721604e-6
0.000024836949440457234
3.5620725357108514e-6
0.00002429741443715142
2.4107004821379833e-6
0.000023847984677209532
1.3035437775804537e-6
0.00002345546584765535