0.02047080478165177
0.04092090122378268
0.06129817221104832
0.08159026629049132
0.10175130739561934
0.12176287473406996
0.14158275222329697
0.16118976471040186
0.18054387911737585
0.19962220603795078
0.21838635484429653
0.23681228803761573
0.2548630961715446
0.27251401398709696
0.2897296562806036
0.3064849128545335
0.32274609850396707
0.33848814363183094
0.3536793314687441
0.36829503251508555
0.3823058296006944
0.395687942885411
0.40841462153943603
0.42046334237180577
0.43181039672389515
0.44243490497329596
0.45231655977228924
0.4614364725361241
0.4697780556856894
0.4773247010185629
0.48406379783408204
0.4899812338532588
0.4950685552726368
0.49931427669548323
0.5027141946730169
0.505259492558346
0.5069502218109491
0.5077801897572515
0.5077536233849409
0.5068668318886236
0.5051280661928776
0.5025359532474422
0.4991025613122727
0.49482860875894324
0.48972974040405853
0.4838085197207105
0.4770839153928416
0.46956009211625893
0.46125909925949227
0.4521864817230952
0.4423671543497644
0.43180786059042714
0.4205362073413877
0.40856000548022675
0.39590943035466375
0.38259328468529413
0.3686442402068646
0.3540720700888743
0.3389119174205402
0.3231745512708114
0.3068975979585978
0.29009288224067037
0.2728005477222426
0.2550335524818861
0.23683459562150708
0.21821784494577348
0.1992285775654437
0.1798822260567173
0.1602266322416783
0.14027850755045548
0.12008819062235544
0.09967362734553181
0.07908751476166177
0.058348916396360286
0.03751266711100625
0.016598749752728383
-0.004336171930782045
-0.02527147876054173
-0.046149075274945627
-0.06694807032169786
-0.08760941539467554
-0.1081123832733428
-0.12839751947517378
-0.14844475243279887
-0.168194818635535
-0.18762882932891636
-0.20668833641674356
-0.22535617333926558
-0.24357533511298213
-0.2613309050722897
-0.2785679284294487
-0.29527423204041686
-0.31139747639898835
-0.32692867250759206
-0.3418186020565166
-0.3560618337605778
-0.36961270537586255
-0.3824696413642521
-0.3945908931399864
-0.40597896048314014
-0.41659628780593255
-0.42644959319578957
-0.43550571843354785
-0.44377567177644645
-0.4512308279114492
-0.4578864934989066
-0.4637186502447542
-0.4687468557743703
-0.4729517186656282
-0.4763569514151708
-0.4789477607518326
-0.4807518743431435
-0.48175902320117386
-0.48200076943649095
-0.48147125028085563
-0.48020564072186017
-0.47820232078239094
-0.47549981433916017
-0.4721005329471174
-0.46804604059226373
-0.46334251858119324
-0.4580342153727734
-0.45213076783398076
-0.4456787055432566
-0.4386907539430885
-0.43121527348097505
-0.42326765974646524
-0.41489760939566783
-0.4061227211668337
-0.3969934926648969
-0.3875292142210126
-0.37778061332898905
-0.3677681207809549
-0.35754209295782474
-0.3471235167511806
-0.3365617541356076
-0.32587773930214625
-0.31511920501311186
-0.30430641226932514
-0.293484833715913
-0.28267344303868697
-0.2719148467717503
-0.26122614730993465
-0.2506465302925774
-0.24019070139404117
-0.22989395137305307
-0.21976815248341577
-0.20984433671696268
-0.2001312227775993
-0.19065535466300576
-0.1814221149616454
-0.17245348065987096
-0.16375146361670426
-0.1553335485587347
-0.14719848768967106
-0.13935949261146058
-0.13181229786905888
-0.12456618439463758
-0.11761421695480102
-0.11096218193356486
-0.1046008964626933
-0.09853314804956025
-0.09274796866504702
-0.08724566783253401
-0.08201396290539782
-0.07705120060186024
-0.07234423474240079
-0.06788993364596924
-0.06367469826188392
-0.059694354173558485
-0.055935205903950756
-0.05239241241901774
-0.04905247702633381
-0.04591020424105735
-0.042952528834339046
-0.04017414981399611
-0.037562606597683276
-0.03511268282532857
-0.03281264218747959
-0.030657491017824855
-0.02863629090736663
-0.026744364722617413
-0.02497160772298268
-0.023313717002044286
-0.021761427360271184
-0.02031083933834269
-0.01895351055186994
-0.017685952612852517
-0.01650051298425393
-0.015394106274106057
-0.01435982589479145
-0.013394970541761577
-0.012493329026403707
-0.011652558271571696
-0.010867088611300958
-0.010134905382633348
-0.009451025736291023
-0.008813731897757235
-0.00821857409962713
-0.00766409983247383
-0.007146340884710647
-0.0066640794052254225
-0.006213780216374475
-0.005794431259949571
-0.005402885332697273
-0.005038309475475302
-0.0046979030705712535
-0.004380987949236671
-0.004085072390487879
-0.0038096111516811265
-0.0035523873256912536
-0.0033129691293641507
-0.0030893838176250608
-0.002881295882053506
-0.002686949295166541
-0.0025060897627940133
-0.0023371534887098966
-0.002179954277238819
-0.0020330987770493824
-0.0018964575323814883
-0.0017687882947263448
-0.0016500085607996995
-0.001539010041424433
-0.001435748791155794
-0.0013392353041345654
-0.0012494570240733447
-0.0011655298059484373
-0.0010874663865718239
-0.0010144761171224637
-0.000946591865100063
-0.0008831059937819519
-0.0008240671479757635
-0.0007688414399618486
-0.0007174896367401037
-0.0006694434148245581
-0.0006247726087849526
-0.0005829672258775123
-0.0005441036283227596
-0.0005077237591778589
-0.00047390840818866943
-0.00044224579808901015
-0.00041281942068020967
-0.00038525877301384356
-0.00035964864169834226
-0.00033565536590781823
-0.0003133638892914986
-0.0002924734658082024
-0.00027306828588869326
-0.0002548770357227729
-0.0002379824337157942
-0.000222139507727729
-0.00020742894588399183
-0.00019362937276766565
-0.00018081902210675987
-0.0001687976751360243
-0.0001576407986664832
-0.00014716715961189122
-0.00013744923775904524
-0.00012832285239669448
-0.00011985735229500163
-0.00011190388586830534
-0.00010452858918102786
-0.0000975964023073875
-0.00009117021754188797
-0.00008512739359295081
-0.00007952758869959775
-0.00007425935284251472
-0.00006937915241283419
-0.00006478563043669024
-0.00006053212921542263
-0.000056526401167972594
-0.00005281875200890024
-0.00004932516163868465
-0.00004609300160329216
-0.000043045687790237014
-0.000040227770908228136
-0.000037569391756599036
-0.000035112401150208454
-0.00003279302531479408
-0.00003065054101934749
-0.000028626684204130452
-0.00002675828614922661
-0.00002499207365696755
-0.000023362562004534955
-0.00002182100073567754
-0.000020399718125246757
-0.00001905406363458874
-0.00001781430593736056
-0.000016639512057182156
-0.00001555801600669218
-0.000014532256196389406
-0.000013588753807420095
-0.00001269300482355237
-0.000011869835841352716
-0.000011087515562222196
-0.000010369290337358678
-9.68594265413805e-6
-9.059248844908534e-6
-8.46226946253545e-6
-7.915416833618789e-6
-7.393814641398617e-6
-6.916612981778188e-6
-6.460802343666552e-6
-6.044368181158194e-6
-5.6459881216360136e-6
-5.282576479447781e-6
-4.934333256179095e-6
-4.617191189716767e-6
-4.312721211987682e-6
-4.0359602891789554e-6
-3.769710733194463e-6
-3.528195999299303e-6
-3.295320826048942e-6
-3.0845741061667464e-6
-2.880843477558055e-6
-2.6969591604080334e-6
-2.518680520372724e-6
-2.358252202322849e-6
-2.2022015080500624e-6
-2.062258091851334e-6
-1.9256198836408533e-6
-1.803569906027493e-6
-1.6838850706698626e-6
-1.5774681970150936e-6
-1.4725884315491115e-6
-1.3798331909294806e-6
-1.2878813008992145e-6
-1.2070682539459755e-6
-1.1264035319410667e-6
-1.0560331757659269e-6
-9.852212071702734e-7
-9.239860009408372e-7
-8.617723257139496e-7
-8.085323109386352e-7
-7.538194424732369e-7
-7.075809948620177e-7
-6.594083670199873e-7
-6.193056764006418e-7
-5.768321394509913e-7
-5.421110701647342e-7
-5.045996094134245e-7
-4.746036338040749e-7
-4.414080232711448e-7
-4.155659647689587e-7
-3.8611910858550487e-7
-3.639344618731067e-7
-3.3773820564016183e-7
-3.187798347335098e-7
-2.9539605699284035e-7
-2.792900946138024e-7
-2.583329157753323e-7
-2.4475570949659003e-7
-2.2588467078342192e-7
-2.145566491804906e-7
-1.9747074030791997e-7
-1.8815107544829373e-7
-1.7258349764852205e-7
-1.6506547125683788e-7
-1.5077904301332232e-7
-1.4488602196621187e-7
-1.3166914207116037e-7
-1.2725109054247162e-7
-1.1491418712750267e-7
-1.1184464947696644e-7
-1.0021704977079e-7
-9.83905434315246e-8
-8.731770849071108e-8
-8.664748042535872e-8
-7.598855858457389e-8
-7.640465827566645e-8
-6.603031073641742e-8
-6.747794494413736e-8
-5.726840786717391e-8
-5.970654364072634e-8
-4.954989413590111e-8
-5.295007927186389e-8
-4.274067641431759e-8
-4.708605645190026e-8
-3.6723129072611657e-8
-4.200763874226067e-8
-3.13940001261218e-8
-3.762171057554288e-8
-2.6662579319091843e-8
-3.384718391143531e-8
-2.2449093612302334e-8
-3.06135242604301e-8
-1.8683303118689727e-8
-2.7859460670628816e-8
-1.5303270349050033e-8
-2.5531863983017925e-8
-1.2254282512656086e-8
-2.3584766955368392e-8
-9.487904556891643e-9
-2.1978512185203576e-8
-6.961147853781999e-9
-2.0678997076050613e-8
-4.635636687817409e-9
-1.9656199032490375e-8
-2.470347742961561e-9
-1.8830828020439024e-8
0.007274565342923671
0.014527067824110262
0.021701902585331338
0.028785919545983744
0.03573021412558733
0.04251510771036227
0.04909567202078307
0.05544912480106995
0.06153291814359771
0.06732211718170797
0.07277591070432615
0.0778676241300197
0.08255792304256555
0.08681865363325775
0.09061194095820656
0.09390842799050654
0.09667190573957363
0.09887220791146283
0.10047523748214438
0.10145059663040414
0.10176699957161955
0.10139460898136757
0.10030589398278239
0.09847257461733273
0.09587202001740708
0.0924786576566181
0.08827602312079481
0.08324246449011306
0.07736895998719344
0.07063893702700871
0.06305197267353352
0.0545975501174664
0.04528475247466616
0.03510979530858664
0.02409181825378837
0.012234058768768284
-0.0004341616783154489
-0.013902722757935412
-0.028132438302162298
-0.0431068607693737
-0.05877766206631212
-0.0751229761395843
-0.09208637677918628
-0.10964173637921687
-0.1277257771535412
-0.14630938609204241
-0.16532374992782262
-0.18473803196323302
-0.20447914077310916
-0.2245156438424074
-0.24477126370395047
-0.2652148754704498
-0.2857678698329968
-0.30640005549747923
-0.3270310741726888
-0.3476320035760138
-0.36812105353496694
-0.38847063984273444
-0.40859763174868236
-0.42847564115028225
-0.4480201294835306
-0.4672056305019159
-0.4859460587397326
-0.504216557591475
-0.521929382144863
-0.5390600375578246
-0.5555191361468084
-0.5712824641405541
-0.5862592363025286
-0.6004257018485261
-0.6136902392541265
-0.626030084269981
-0.6373537225466342
-0.6476402942983434
-0.6567997527513311
-0.6648144715851044
-0.671597643087181
-0.6771365871513046
-0.6813498649168643
-0.6842317635493822
-0.6857085999002975
-0.6857838356687482
-0.6843940421939501
-0.6815540880922307
-0.6772132314672713
-0.6713998185891011
-0.6640779639254399
-0.655291205076797
-0.6450202239051237
-0.6333249201474391
-0.6202036179024312
-0.6057330477414227
-0.5899294710539417
-0.5728860971179057
-0.5546365425505922
-0.5352892544029261
-0.5148937028101834
-0.49357143226336725
-0.47138536254657365
-0.4484671462813562
-0.4248899267966213
-0.40079173898846404
-0.3762520435364869
-0.3514109679387431
-0.3263499051614414
-0.30120644998952156
-0.2760593174346989
-0.2510388837195792
-0.22621664615143697
-0.201711325562618
-0.17758305533714286
-0.15393504050468812
-0.1308126293700218
-0.10830055137101448
-0.0864269900221315
-0.0652564348785994
-0.04479883836452472
-0.02509811476507308
-0.006146424609685154
0.01203166566703589
0.02945977094755113
0.04612988907002159
0.06207790545172084
0.07730822640790658
0.09186429476252993
0.10575777895000966
0.11903423627993663
0.13170702950875102
0.14381830426035258
0.15537783242610448
0.1664194777562412
0.17694516037429808
0.18697696354579613
0.19650636807583297
0.20554210398493994
0.21406471865140744
0.2220702084576567
0.22952987145555834
0.2364296828549414
0.24273526119150027
0.24842689878349788
0.253469362512251
0.25784247500319374
0.26151539637224247
0.2644726845234872
0.2666926725517525
0.26816901563201234
0.26889278836164
0.26886963762686367
0.2681052628678843
0.26661841748952886
0.2644294852226735
0.26156968406200226
0.25807249658191755
0.2539795118105336
0.24933449510770037
0.24418634537936068
0.23858559731469683
0.23258497396203912
0.2262381042107334
0.21959812143819124
0.21271835991986437
0.20564940028446166
0.19844148887785926
0.19114037166554276
0.18379116763809758
0.17643327387402666
0.16910542196710046
0.16183988415999295
0.15466845140268956
0.14761612648562214
0.1407077821289116
0.13396149211693217
0.12739565479701204
0.12102208612377455
0.1148534247512415
0.1088960898483301
0.10315781557290189
0.09764055976640848
0.09234804570075031
0.08727869389363989
0.08243307613764132
0.07780693073022507
0.07339845718340333
0.06920146455661004
0.06521245472638003
0.06142394395557652
0.057831298372180644
0.05442626029339868
0.051203512030240914
0.048154430786385524
0.045273366567194
0.04255164269571594
0.03998354096284521
0.03756055894420455
0.035277101042445975
0.033124998823813645
0.031098910671994075
0.029191107240825246
0.0273965853895619
0.025708117499444044
0.02412108745476637
0.022628799913033355
0.021227047541231527
0.01990967427211876
0.018672883960483517
0.017511050114045718
0.016420776719965776
0.015396945824845347
0.014436541590385089
0.01353492633631147
0.012689438985459751
0.011895889708737404
0.011151943867034761
0.010453825150164568
0.009799495957148609
0.009185558851220212
0.008610244071633898
0.008070499195068208
0.007564794162755323
0.007090389211204164
0.006645967448253603
0.006229071364916712
0.005838572615528997
0.005472267726818683
0.0051291943420557285
0.0048073770858387205
0.00450599912712466
0.004223289525506401
0.0039585585605453775
0.0037102182663043383
0.003477689569707309
0.003259548106797252
0.0030553108138987855
0.0028636995050602566
0.0026843141706310992
0.002516007176998447
0.002358450147409341
0.0022106120189280556
0.0020722260134921444
0.0019423651498255414
0.0018208154596885539
0.0017067429024406997
0.001599978642076429
0.0014997716495898164
0.0014059915314268187
0.0013179614269913011
0.0012355835694049355
0.0011582473937802723
0.0010858827153036304
0.0010179382572541036
0.0009543670506431343
0.0008946708698560885
0.0008388221908209445
0.0007863702867387424
0.0007373038288839913
0.000691214645328688
0.0006481048092141007
0.000607604299156552
0.0005697261945235431
0.0005341346990675374
0.0005008518496763238
0.0004695725743005684
0.0004403261203580514
0.0004128350157136951
0.0003871342334965198
0.00036297111117651213
0.000340385090286998
0.0003191458233608033
0.0002992961607892429
0.0002806258378012141
0.00026318022507009576
0.00024676714115398575
0.00023143373586499336
0.00021700411807430153
0.00020352660375139875
0.00019083998205302564
0.0001789932323357814
0.0001678383765702351
0.00015742464971542697
0.00014761600332127638
0.00013846160219515525
0.00012983615214219566
0.00012178849265127608
0.00011420302186715918
0.0001071280596245399
0.00010045673554124799
0.00009423670743562822
0.0000883689646422141
0.00008290040593088313
0.0000777390876905487
0.00007293109147868927
0.000068390818386078
0.00006416350766489164
0.00006016924497911516
0.000056452431046498483
0.000052938230982964906
0.0000496702356606143
0.00004657813318171988
0.00004370475469316765
0.00004098379747006874
0.00003845740222535605
0.00003606279913540615
0.000033841524303806585
0.00003173389749602652
0.000029780950841918123
0.00002792567888640329
0.000026208723699731876
0.000024575364490559948
0.000023065979425157893
0.000021627763519657216
0.000020300968195602998
0.000019034353315285287
0.000017868191628460705
0.000016752471527304047
0.000015727645549594202
0.000014744606618179698
0.000013844155246857497
0.00001297777415167818
0.00001218679043029453
0.000011422968966998921
0.000010728352104260964
0.000010054683836957416
9.444921125449944e-6
8.850486465145413e-6
8.315461918146725e-6
7.790647955258352e-6
7.321473955192167e-6
6.85781591781686e-6
6.446685491551216e-6
6.036727689859951e-6
5.676784592844113e-6
5.313957933159139e-6
4.999182540007305e-6
4.67769664067038e-6
4.402805906120685e-6
4.117554390970838e-6
3.8779137413772375e-6
3.6243910495745336e-6
3.415937128728627e-6
3.190165010842614e-6
3.0093378123827006e-6
2.8078008245729497e-6
2.6514840680887082e-6
2.4710726716296623e-6
2.3365415648567526e-6
2.1745019896138694e-6
2.059377281815109e-6
1.9132675592298933e-6
1.8154753900827857e-6
1.6831262022080506e-6
1.6008628198619065e-6
1.4803433363535947e-6
1.4120441084612256e-6
1.301631506217542e-6
1.2459440767086568e-6
1.1440968424688757e-6
1.0998572743971908e-6
1.0051913861042359e-6
9.714036281840403e-7
8.826715651382671e-7
8.584895597687847e-7
7.745617147457525e-7
7.592734736809846e-7
6.791214409238954e-7
6.721357759268335e-7
5.948176424680587e-7
5.956521334747025e-7
5.202992477610442e-7
5.285703254302856e-7
4.543754655665411e-7
4.697896992428162e-7
3.9599628345622636e-7
4.1834294961756974e-7
3.442354910501112e-7
3.733804854060098e-7
2.982757525779504e-7
3.3415624451765297e-7
2.5739534658317617e-7
3.000156445968374e-7
2.2095653605258544e-7
2.7038476125594744e-7
1.8839541985430067e-7
2.44760626845659e-7
1.592127022099983e-7
2.2270326148439456e-7
1.329659364857591e-7
2.0382807521324774e-7
1.0926244643028507e-7
1.8779967709425046e-7
8.775313192892662e-8
1.7432610770824587e-7
6.812700967713609e-8
1.6315397852947106e-7
5.010618228145237e-8
1.5406395219917176e-7
3.344113001961441e-8
1.4686099338843402e-7
1.785857558307626e-8
1.4098745519048185e-7
-0.022954600204644005
-0.04584973913580373
-0.0685367847322275
-0.09098336856183574
-0.11306141378105102
-0.13472788630768226
-0.15587040203903182
-0.17644777364568315
-0.19636116267878764
-0.21557666340999646
-0.23400895688825507
-0.2516348033244463
-0.26838277544155636
-0.2842424777148389
-0.2991565610493285
-0.313128706528082
-0.32611540692159363
-0.3381348207038922
-0.3491565296229526
-0.3592128209741672
-0.36828508290180495
-0.37641872134921306
-0.38360516112872317
-0.3899013612669576
-0.3953066109951472
-0.3998874284968635
-0.4036485088614238
-0.406663651663351
-0.4089403505073649
-0.4105572798944876
-0.4115221237954974
-0.4119160531285013
-0.4117444803212861
-0.41108887013346046
-0.40995018264498057
-0.4084082790028136
-0.40645787968445635
-0.40417575138543704
-0.4015490630246158
-0.3986504697450002
-0.39545879781670296
-0.39204207653325096
-0.3883705265380737
-0.38450753053399084
-0.3804149389998809
-0.3761519164840394
-0.3716726153681057
-0.36703278641483195
-0.3621799061085963
-0.3571673982269526
-0.35193733399617133
-0.346542075645406
-0.340919701512384
-0.3351228524296571
-0.32908706605479515
-0.3228665818699828
-0.3163958001738422
-0.3097317806071993
-0.3028090710029312
-0.29568861673186764
-0.2883062324236577
-0.2807276241433704
-0.2728908023011721
-0.26486690493828347
-0.25659687244719187
-0.24815774750174466
-0.23949395115284303
-0.23068872288128336
-0.22169035301209364
-0.21258841494851385
-0.20333532060960635
-0.19402698625189058
-0.18462008583716305
-0.1752167822120286
-0.1657780580753114
-0.15641213595714118
-0.1470842679428587
-0.1379084611537179
-0.1288541058347608
-0.12004061818014694
-0.11144128216300421
-0.10318041891297967
-0.09523481132343047
-0.08773300922276321
-0.08065469816337173
-0.0741317528836265
-0.06814590381606483
-0.06283115839046113
-0.05817011183413852
-0.054297367114996664
-0.05119483152843127
-0.04899578149875486
-0.047679483815626894
-0.04737557044113867
-0.048058323051821054
-0.04985104409177329
-0.05272034492292971
-0.05678022077623702
-0.06198668546114719
-0.06844127764674839
-0.07608638799842612
-0.08500794073961973
-0.09513176201680872
-0.10652519292438337
-0.11909485114707853
-0.13288693908389035
-0.1477867549619465
-0.16381746198122976
-0.18084171040836766
-0.1988586298999295
-0.21770792991292937
-0.23736486571769025
-0.257647188911016
-0.278507815368327
-0.2997449978801898
-0.3212923885250855
-0.34293279862312437
-0.36458529703010456
-0.38602290722760124
-0.407156317849121
-0.4277558439446963
-0.4477312515174426
-0.4668582842103114
-0.4850540286496239
-0.5021082861839091
-0.51795384222597
-0.5324029535543358
-0.5454118450938102
-0.5568225936875566
-0.5666211700782154
-0.5746850331141881
-0.5810340683228106
-0.5855842596667484
-0.588390947593956
-0.5894090099986803
-0.5887279637817164
-0.586339149021675
-0.5823623155440127
-0.5768203488069804
-0.5698571012663919
-0.5615202109588406
-0.5519700424784988
-0.5412711204783526
-0.5295921272849087
-0.5170064016152215
-0.5036829960393269
-0.4896965820277139
-0.4752096038034115
-0.4602917966792388
-0.44509349215930505
-0.42967481310820343
-0.4141701979740638
-0.3986271992175837
-0.3831623108640427
-0.36780917814248454
-0.3526658376306607
-0.3377520534718118
-0.32314811449390723
-0.3088609476042891
-0.2949546591858186
-0.28142503692148646
-0.26832206902061817
-0.25563242679653864
-0.24339423976810673
-0.2315871469650925
-0.22023964433187476
-0.20932629762661584
-0.19886800796497026
-0.1888359892110787
-0.17924531676843855
-0.17006528482831273
-0.16130661290738274
-0.15293781173332788
-0.1449664227812587
-0.13736103529633764
-0.13012692791906072
-0.12323339321515792
-0.11668413922342986
-0.11044959193409756
-0.10453239989884931
-0.09890439944433484
-0.09356754871862784
-0.08849525507325587
-0.08368904712133639
-0.07912397861697906
-0.07480132901476763
-0.07069781320423615
-0.06681458319160982
-0.06312998806078457
-0.05964513206458849
-0.05633994402600766
-0.05321553051391555
-0.05025332842489715
-0.04745447612664493
-0.04480183704736612
-0.042296596740205486
-0.039922958861753545
-0.03768216204713657
-0.03555966261061533
-0.03355675191411916
-0.03166005242904067
-0.029870903897932757
-0.02817701103816403
-0.026579755206093132
-0.025067842994455997
-0.023642689270556867
-0.0222939262307864
-0.021022993561131884
-0.019820377178010187
-0.018687532811238715
-0.017615732709150095
-0.01660644012937747
-0.015651650741974343
-0.014752827298129184
-0.013902630358156037
-0.013102514754075758
-0.012345751630512887
-0.011633781188548981
-0.010960434888817506
-0.010327132328521824
-0.009728218845655535
-0.00916508820513444
-0.008632556794683787
-0.008131988048857838
-0.007658629965186306
-0.007213811850303505
-0.006793177038356548
-0.006398017570790104
-0.006024338793182225
-0.00567339295945205
-0.005341516840547431
-0.005029920943901233
-0.004735245416046835
-0.004458657572853953
-0.004197075231517565
-0.003951621532052591
-0.0037194684199345052
-0.0035016942870341817
-0.0032957036560496505
-0.0031025299612048264
-0.002919790583309555
-0.002748474106976761
-0.002586392733952832
-0.0024344905813871373
-0.002290758178030628
-0.002156095791266857
-0.0020286571959252705
-0.0019092996265795633
-0.0017963263175604836
-0.0016905524532990315
-0.0015904181253600831
-0.0014966975871298922
-0.0014079562672870496
-0.0013249287164117222
-0.0012462951697331862
-0.0011727517893800608
-0.0011030839889617703
-0.0010379509210272201
-0.0009762343745178479
-0.0009185579180241335
-0.000863891664296541
-0.0008128250539989407
-0.0007644091581350367
-0.000719200762245861
-0.0006763251565523742
-0.000636307948327507
-0.0005983424778930621
-0.0005629246462880288
-0.000529310195073557
-0.0004979667765117352
-0.0004682073589716402
-0.0004404727832028724
-0.0004141285010423084
-0.00038958995144878345
-0.00036627072183133665
-0.00034456222792017506
-0.0003239222021277961
-0.0003047193807919137
-0.00028645197819955517
-0.0002694673575491217
-0.00025330084946724316
-0.0002382797110218412
-0.00022397329389823055
-0.00021068997584916432
-0.00019803028134977364
-0.00018628489457539715
-0.00017508288916011003
-0.0001646983998109458
-0.00015478662951188825
-0.00014560626772524904
-0.00013683641250962364
-0.00012872137177753033
-0.00012096207306996597
-0.00011378946828094862
-0.00010692440203532728
-0.00010058545761135885
-0.00009451162225376105
-0.00008891006371186391
-0.00008353626345654481
-0.00007858689142792896
-0.00007383238885375244
-0.00006945981484176462
-0.00006525313729628409
-0.00006139066131560282
-0.000057668541145258037
-0.000054257158198602085
-0.000050963594816563124
-0.000047951113399210556
-0.00004503654014239813
-0.00004237680139817961
-0.00003979734835528957
-0.00003744953402006542
-0.00003516637377156862
-0.00003309439325685887
-0.000031073162076291263
-0.000029245109584454113
-0.00002745539353963779
-0.000025843067503307533
-0.000024257948345901826
-0.000022836425398711885
-0.000021432077341317626
-0.00002017933547562397
-0.000018934668393179412
-0.000017831253600833857
-0.00001672759722415274
-0.000015756328034014848
-0.000014777152028639346
-0.000013922858028041544
-0.000013053524008072404
-0.000012302814994349228
-0.000011530357189860173
-0.000010871418594085409
-0.000010184349647690842
-9.606761934001182e-6
-8.994900115417352e-6
-8.48947856467567e-6
-7.94379577961019e-6
-7.502449782535741e-6
-7.014936328875624e-6
-6.630544141859686e-6
-6.194088881019793e-6
-5.860387526255795e-6
-5.468672086658808e-6
-5.180159651191037e-6
-4.8275642280606505e-6
-4.579414359091708e-6
-4.26093473549484e-6
-4.048920478267724e-6
-3.760093839135342e-6
-3.5805208728204825e-6
-3.3173602485332585e-6
-3.1670080070073233e-6
-2.925944198855523e-6
-2.8020142558904533e-6
-2.5798437777246474e-6
-2.4799141469300575e-6
-2.2737538126753016e-6
-2.19573846821861e-6
-2.002984006164318e-6
-1.945098271249117e-6
-1.7633876780334533e-6
-1.724117658969546e-6
-1.5512985234412844e-6
-1.52937414491769e-6
-1.363474621424204e-6
-1.3578463147803367e-6
-1.1970492386719352e-6
-1.20686743211243e-6
-1.0494860595765177e-6
-1.0740842925009732e-6
-9.185413628561443e-7
-9.574209920824735e-7
-8.022294214073612e-7
-8.550469439707494e-7
-6.987925454348643e-7
-7.653487289405419e-7
-6.066738796828645e-7
-6.869049150686598e-7
-5.244937419523987e-7
-6.184642580608948e-7
-4.510287618667389e-7
-5.589258156593523e-7
-3.85193203239568e-7
-5.073218578596439e-7
-3.2602292291644927e-7
-4.6280305377557947e-7
-2.726605178726302e-7
-4.246253207764545e-7
-2.243427258402291e-7
-3.9213714720928547e-7
-1.8038869521648846e-7
-3.6477010313479027e-7
-1.4019001350977188e-7
-3.4202918730964816e-7
-1.032016520539714e-7
-3.2348465768187803e-7
-6.893231367448395e-8
-3.087527419284501e-7
-3.6838283925650955e-8
-2.9669651554784107e-7