0.000141985660174441
0.0005679233125069589
0.0012774177707556298
0.002270001092445755
0.0035448970894936373
0.00510117489019353
0.006937632419610351
0.009052875290309103
0.011445244461837058
0.014112861727463783
0.01705358188995113
0.02026501801335594
0.023744511449973124
0.027489142988968873
0.031495718208489995
0.03576076804720209
0.040280548494059994
0.04505103287564982
0.05006792541282589
0.05532664678047468
0.06082236109306217
0.06654995574826389
0.0725040811856692
0.0786791255587701
0.08506926627014443
0.09166843959333441
0.0984704026101022
0.10546869752702659
0.11265672229371332
0.12002768904819845
0.12757470143570446
0.13529070639818547
0.14316857608668246
0.15120105210776552
0.15938082996034197
0.16770049488111707
0.17615260695326376
0.18472962785668404
0.19342400518591082
0.20222808969507264
0.21113421790010894
0.22013461978289892
0.22922149939449013
0.23838693340457562
0.24762295011092483
0.25692141963819237
0.2662741324308679
0.2756726822674772
0.285108545908864
0.2945729603550553
0.3040570057859215
0.31355147861616883
0.32304698016543903
0.3325337870469824
0.3420019481220241
0.3514411535927407
0.36084084273324624
0.370190072766852
0.3794776396414409
0.38869194738570717
0.3978211438392819
0.4068529907397509
0.41577501586222687
0.4245743836256403
0.43323806457716124
0.441752705855484
0.4501048184039055
0.45828064621663694
0.4662663711074447
0.4740479793130522
0.4816114831060464
0.48894278305425726
0.49602790527081725
0.5028528574466014
0.509403880102778
0.5156672944431506
0.5216297656440473
0.527278140634101
0.5325997212522063
0.5375820902708085
0.5422133921991242
0.5464821462301739
0.5503775325747168
0.5538891915229666
0.5570075134551679
0.559723423834089
0.5620286754158478
0.5639156196722244
0.5653775001609921
0.5664082115416581
0.5670025934827461
0.567156178996638
0.566865488584216
0.5661277699975731
0.5649412924859599
0.5633050802459345
0.5612192065995961
0.558684523290805
0.55570295419455
0.5522772222826388
0.548411142062802
0.5441093455174973
0.5393775719605024
0.5342223936204781
0.5286515010548261
0.522673428389277
0.5162978319233038
0.509535214434604
0.5023971942258373
0.4948962274409117
0.48704586461132304
0.47886046968256174
0.47035546117949634
0.461547026661785
0.45245234597938117
0.44308930019284726
0.4334766750355937
0.4236338639339689
0.413581050689071
0.4033389070467464
0.3929287546641076
0.3823722585958674
0.37169156968254774
0.36090901619035815
0.35004722869795757
0.33912883280874795
0.32817655929379047
0.31721294118889687
0.30626041230983714
0.295341012131162
0.2844764758505755
0.27368795028907184
0.2629960785494677
0.2524207299094732
0.2419810819409568
0.23169536713150488
0.22158095523130572
0.21165411922451802
0.20193012069491126
0.19242299776572094
0.18314565635850708
0.17410968271124821
0.1653254433892753
0.15680192479163751
0.14854684446867295
0.14056651946105592
0.1328659907466594
0.12544892123965234
0.11831773401066328
0.11147353935884559
0.10491628594986241
0.09864471475318935
0.09265652066365947
0.08694832954445723
0.08151586652580224
0.07635395118808795
0.07145666781215942
0.0668173730777419
0.06242886321554267
0.05828338856101962
0.054372812840090406
0.05068862945635325
0.0472221089239431
0.04396431272874978
0.0409062260247809
0.03803876610022895
0.03535289867709906
0.03283963923710138
0.030490152431081437
0.02829574562281977
0.026247951898416697
0.024338516070301353
0.02255946250983452
0.020903074478817542
0.019361948476905887
0.01792896813980093
0.016597347021049202
0.015360598451517566
0.014212568709466713
0.013147404226173491
0.012159576993359185
0.011243850378490437
0.01039529842678054
0.009609271364478124
0.008881410217381544
0.008207612869129409
0.00758404517231768
0.007007108218413909
0.006473446883339391
0.005979918773220125
0.005523600936795541
0.005101760785896324
0.004711861528366817
0.004351535227189178
0.004018587360978895
0.0037109720804506838
0.0034267961871164514
0.003164296567442869
0.002921843790625442
0.0026979216453567457
0.0024911304902736652
0.002300168781500346
0.0021238362603301017
0.0019610173375842173
0.0018106841684021162
0.001671881748387474
0.0015437309016668947
0.001425414940774484
0.0013161825785965623
0.001215336006547991
0.0011222337314088578
0.0010362799326766286
0.0009569272198738798
0.0008836671385820615
0.0008160328412357212
0.0007535906212025695
0.0006959424893958687
0.0006427186261118337
0.0005935798562789918
0.0005482109190770981
0.0005063228357992536
0.00046764690722140385
0.0004319369695348049
0.00039896403879795825
0.00036851845197813095
0.0003404050864882202
0.00031444538490720984
0.00029047308552900404
0.00026833613073379514
0.00024789285165225126
0.00022901376138464088
0.00021157814333032783
0.00019547573148407364
0.00018060365774814983
0.0001668680223714261
0.00015418116069127944
0.00014246310743964966
0.00013163914791299296
0.00012164118036121327
0.00011240552061394386
0.0001038741671141112
0.00009599283159239667
0.00008871211152442743
0.00008198572259212888
0.00007577158345993497
0.000070030228535707
0.00006472580998713985
0.000059824671766771253
0.0000552962737466243
0.000051111910129932904
0.00004724556048268063
0.000043672737562756744
0.00004037126988631509
0.00003732026568438071
0.00003450083146824098
0.00003189514031273308
0.000029487090683704575
0.000027261468563305945
0.000025204550586646077
0.000023303350690293306
0.000021546171377511703
0.00001992192660741225
0.00001842064477070624
0.000017032860455962956
0.00001575007248622144
0.000014564198014969228
0.000013467988735461297
0.000012454541488495325
0.000011517675527278541
0.000010651494467790247
9.850727264752737e-6
9.110336918255841e-6
8.425827595170957e-6
7.792896026616994e-6
7.207706995198563e-6
6.666583830984914e-6
6.166254273959525e-6
5.703576899737793e-6
5.275759169593862e-6
4.8801170012713794e-6
4.514266619881429e-6
4.175914842918732e-6
3.863026161189399e-6
3.573641623502432e-6
3.3060223934509743e-6
3.058495414913e-6
2.8295745162692407e-6
2.617831307634851e-6
2.421994734431053e-6
2.240845909001226e-6
2.0732968467891204e-6
1.9183081719668064e-6
1.7749476082269738e-6
1.6423297197896355e-6
1.5196545663445588e-6
1.4061688520952936e-6
1.3011849967661825e-6
1.204063268074317e-6
1.1142113609842078e-6
1.0310872858480501e-6
9.541793874415907e-7
8.830299541175135e-7
8.171954471082516e-7
7.562909869771207e-7
6.999303951154928e-7
6.477919067179039e-7
5.995374578434092e-7
5.549001632651643e-7
5.135821081706707e-7
4.7536432621896036e-7
4.399821714675014e-7
4.0725873049937797e-7
3.7695666283136704e-7
3.489361871893798e-7
3.229820791466838e-7
2.9898758587209923e-7
2.7675505713011073e-7
2.5620737410111804e-7
2.3716046342300092e-7
2.195640618941718e-7
2.0324412674077631e-7
1.8817501205116203e-7
1.7418953135387514e-7
1.6128489463076142e-7
1.492978995137452e-7
1.3824727074361245e-7
1.279711613854202e-7
1.1850884791157849e-7
1.0969739860022088e-7
1.0159601944615255e-7
9.403839711863351e-8
8.710335578995212e-8
8.061900466829817e-8
7.468376216034486e-8
6.911802815490691e-8
6.404006240259883e-8
5.926045185801787e-8
5.491780031968082e-8
5.081077698955515e-8
4.70990825368863e-8
4.356732928476162e-8
4.0397310451218786e-8
3.7357384771872304e-8
3.465267631908104e-8
3.2033003089277475e-8
2.9728305327484535e-8
2.7467460491314435e-8
2.5506958659041583e-8
2.3552196775259357e-8
2.1888209529834833e-8
2.0194204850133393e-8
1.8786028234099812e-8
1.731379470212335e-8
1.6126713831759448e-8
1.4842680826535946e-8
1.3847125668872105e-8
1.2722343679161683e-8
1.1893166617883348e-8
1.090262746916151e-8
1.0218488667023118e-8
9.340539550306714e-9
8.783380057136672e-9
7.999223221845929e-9
7.553817300566479e-9
6.847076356066392e-9
6.500650347043946e-9
5.8569980906569e-9
5.598905702413409e-9
5.005743188773311e-9
4.827189219364302e-9
4.273368699135478e-9
4.167177013263478e-9
3.642759950461024e-9
3.6031766918833317e-9
3.099224739897009e-9
3.1217526459340027e-9
2.630145218741062e-9
2.7114060807566955e-9
2.2246790105306522e-9
2.362299674206026e-9
1.873504047370948e-9
2.0660229269435274e-9
1.5685978929670357e-9
1.8153901977903116e-9
1.303051993002011e-9
1.6042693302581705e-9
1.070907875367575e-9
1.427434025785008e-9
8.670187410946131e-10
1.2804376261877861e-9
6.869315128300526e-10
1.1595055095718781e-9
5.267830894490092e-10
1.0614430073278668e-9
3.8321324197779104e-10
9.835566472991284e-10
2.5328144460500203e-10
9.235431116892603e-10
1.3404981177290962e-10
8.766118238679053e-10
-0.00021082042275074824
-0.000843230936531897
-0.0018961831586829785
-0.003368439815629907
-0.005257936023050495
-0.007562209299823178
-0.010278048661871908
-0.013401757849324104
-0.016928878945803194
-0.020854411022599714
-0.025172542408447747
-0.029876871640258092
-0.034960118969200364
-0.040414377325175284
-0.04623078714316285
-0.05239983780897391
-0.05891099674443574
-0.06575307816475554
-0.07291382138923815
-0.08038034108093527
-0.08813865196969466
-0.09617421195685551
-0.10447139110824112
-0.11301411559320784
-0.12178527805138248
-0.1307674861914552
-0.1399424096907337
-0.14929163263066833
-0.15879592939079665
-0.16843621544697449
-0.17819274189813714
-0.18804613518238217
-0.19797649765156541
-0.2079645241855593
-0.21799049528224193
-0.2280354579546425
-0.23808009860123616
-0.24810597724960393
-0.2580942701502936
-0.26802705029446616
-0.2778858939830993
-0.2876532061110831
-0.29731069029955326
-0.3068407239104173
-0.316224696863218
-0.3254444477699789
-0.33448048141066555
-0.3433134828468757
-0.3519224269607462
-0.3602861912190145
-0.3683815722422767
-0.37618501968733703
-0.3836705744221251
-0.39081174577986777
-0.3975793838352378
-0.4039437203746082
-0.40987218451045626
-0.415331624600272
-0.42028607259829476
-0.42469916035324
-0.4285318342057251
-0.4317449749837448
-0.4342970607410926
-0.4361469955214928
-0.4372517148856856
-0.4375692240883594
-0.43705613804862553
-0.4356709248100331
-0.4333713686759078
-0.4301180095478399
-0.4258715149444702
-0.4205963000464833
-0.41425779131829044
-0.4068262060956245
-0.39827368786372586
-0.3885782185460931
-0.37772060370712657
-0.3656884860437278
-0.35247315849360605
-0.3380736444880066
-0.32249331864675196
-0.30574401859158323
-0.28784245677111686
-0.26881433014856154
-0.2486905124878856
-0.22751113169254122
-0.20532153899126146
-0.18217632848325058
-0.15813508728998615
-0.13326633723696762
-0.10764307744426138
-0.08134663348580277
-0.054462010620109386
-0.02708164098734437
0.0006994283323724805
0.02877989436756125
0.05705714567403236
0.08542372646240222
0.11377238436288314
0.14199263237622864
0.16997585618927832
0.197611959840279
0.22479448587254636
0.25141732320402904
0.27737978754770337
0.3025833625565803
0.32693668271910836
0.3503522721668796
0.37275136841408085
0.394060618157746
0.4142166786550532
0.4331628274531526
0.45085327997081176
0.46724967166026615
0.4823250368605626
0.49606012899630236
0.5084470186142174
0.5194852315128452
0.529184944495993
0.5375629438936042
0.5446454263917901
0.5504638108070877
0.5550571867528528
0.5584680477935361
0.5607444681987797
0.5619358597797685
0.5620949892662833
0.5612738859175104
0.5595258303151286
0.5569015465637479
0.5534512897063663
0.5492214388131312
0.5442567810235944
0.5385975793135371
0.5322820990453837
0.5253441629766314
0.5178159008789397
0.5097257370478658
0.5011012798222465
0.4919676293129292
0.48235027723818785
0.47227358908594996
0.4617635672781497
0.4508463605936625
0.43955075910715025
0.4279066136320058
0.41594697388715857
0.4037063527013824
0.3912224770553527
0.3785343913635614
0.36568384915140134
0.3527133020374718
0.3396670045132273
0.3265889694025238
0.31352388168729306
0.3005151127729152
0.2876055404449087
0.27483570519825246
0.2622446167407065
0.2498681124020047
0.23773970374004535
0.22588916775163076
0.21434345803197388
0.2031255314397236
0.19225532310090446
0.18174878924255225
0.1716189276146766
0.16187500352743883
0.15252358785608344
0.14356792770216698
0.13500897200246584
0.1268448490243821
0.11907185267646662
0.11168399400674016
0.10467392736189866
0.0980325500378759
0.09174985452492476
0.0858145577858377
0.0802148725828723
0.07493815443974003
0.06997159067786766
0.06530185840481127
0.06091573407608154
0.05679975969938588
0.05294077849772825
0.04932560904058456
0.0459415141159822
0.042775883937212336
0.03981664591633642
0.037051958729423726
0.03447057060287662
0.03206152611236677
0.029814480093913076
0.027719418817422292
0.025766935908113242
0.023947969136273596
0.022254043921064223
0.020677026524630472
0.01920933990134672
0.01784373364684816
0.016573476203887643
0.015392141533993821
0.014293781026413863
0.013272726547305453
0.012323744827741859
0.011441856307521077
0.010622474300632906
0.009861238880939321
0.009154142731094893
0.008497379207094419
0.007887456456976954
0.007321058739944141
0.006795150144052502
0.006306848212203906
0.005853518380482842
0.005432658969295421
0.005041987298430563
0.004679335127152136
0.004342727268287148
0.0040302866016053915
0.0037403059013849356
0.003471161595701607
0.003221379434368877
0.002989556220931419
0.002774419875008514
0.0025747584194551944
0.0023894749314481815
0.002217523123036754
0.0020579576239263663
0.0019098755486652319
0.0017724625106811292
0.0016449396205666259
0.0015266055935908996
0.0014167886734493514
0.0013148851618345835
0.001220315807571833
0.0011325610578242998
0.0010511214955903105
0.0009755500852538117
0.0009054162806709906
0.0008403355145554194
0.0007799366348613524
0.0007238888663498194
0.0006718722657987692
0.0006236023648383894
0.0005788033632428735
0.0005372306456682529
0.0004986464592655979
0.0004628404798449034
0.00042960774486365636
0.0003987674304505303
0.00037014283227808186
0.00034357850123619766
0.00031892208499580257
0.0002960399579417886
0.00027480075342574314
0.00025508961266291455
0.00023679325457907403
0.00021981295709079887
0.00020405102597244936
0.00018942261286162827
0.00017584345824436817
0.0001632406403819909
0.00015154148071053457
0.00014068330936839907
0.00013060343178610364
0.00012124798934015181
0.00011256289640242538
0.00010450186621485856
0.00009701823732381194
0.00009007222934418754
0.00008362358445079685
0.00007763811185066265
0.00007208107871610644
0.00006692309535241823
0.00006213419667427563
0.00005768911614392309
0.000053562004326914295
0.00004973113419085713
0.000046174210574676194
0.000042872544257113856
0.0000398069102757815
0.0000369612254216308
0.000034318918623983196
0.00003186614098152405
0.000029588616472098032
0.000027474410688346847
0.000025511233884221672
0.000023688790741881873
0.000021996512046009344
0.000020425504242770753
0.000018966689775474627
0.000017612372540433303
0.00001635476997992926
0.000015187207019641418
0.000014103026993139718
0.00001309642394787462
0.000012161721687414962
0.000011293851886042085
0.000010487994360063972
9.739704649018456e-6
9.044911788346407e-6
8.399696684377108e-6
7.800646339894383e-6
7.2442813125273595e-6
6.727768946843701e-6
6.247994806438038e-6
5.802640494879677e-6
5.388891332378775e-6
5.004887218587238e-6
4.648055833773383e-6
4.316948561746918e-6
4.009184953134158e-6
3.723688716379548e-6
3.458226160284706e-6
3.2120609791422127e-6
2.9830661131606365e-6
2.770819019491289e-6
2.573262827456792e-6
2.3902680130610005e-6
2.2198148492328115e-6
2.0620504867941974e-6
1.9149619673247563e-6
1.778961344979566e-6
1.6520139612672808e-6
1.5347888132005542e-6
1.4252027756296497e-6
1.3241774130739012e-6
1.2295552752441807e-6
1.142509670664019e-6
1.0607836003897288e-6
9.85804361090741e-7
9.151904651936418e-7
8.506286014394384e-7
7.89587807054248e-7
7.340223235035476e-7
6.812263569759626e-7
6.334330034881995e-7
5.877353571822893e-7
5.466595202278556e-7
5.070703590089634e-7
4.718038543322879e-7
4.3746810721877964e-7
4.0722907318939683e-7
3.774080744549556e-7
3.5152357297589673e-7
3.2557853218819977e-7
3.0346995920127786e-7
2.808483111286169e-7
2.620182842187348e-7
2.422415487190429e-7
2.2626314791404892e-7
2.0891646110004475e-7
1.9542364565637067e-7
1.8014683190799926e-7
1.688261049102055e-7
1.553061810994389e-7
1.4588978616835056e-7
1.338539806143941e-7
1.2611380248139229e-7
1.1532395898462896e-7
1.0906607799215381e-7
9.931349765730846e-8
9.437412752102955e-8
8.54753454821251e-8
8.17168023484531e-8
7.350959402981611e-8
7.081710733224592e-8
6.315747728886821e-8
6.143629405380995e-8
5.419538777401759e-8
5.3368588302378726e-8
4.6430291633259265e-8
4.643663607343411e-8
3.9695287243426557e-8
4.048770327338503e-8
3.384618485675733e-8
3.539035889034423e-8
2.875833480486911e-8
3.103128304432991e-8
2.4323838972146657e-8
2.731313635324389e-8
2.0449200986920234e-8
2.415224680315206e-8
1.705341858552732e-8
2.1476839680867165e-8
1.4066140860377693e-8
1.9225310834774023e-8
1.1426302949635583e-8
1.7345002136282894e-8
9.08067615302329e-9
1.579084122351539e-8
6.982825862515121e-9
1.4524540527527029e-8
5.0921848953768044e-9
1.3513699529777714e-8
3.3729241944849776e-9
1.2730160879845897e-8
1.7886842812425023e-9
1.2112109919219121e-8
0.0003088694614908475
0.0012355142073735416
0.0027805772626770435
0.0049447547907310865
0.007729057648805602
0.011134434947571017
0.015161740886729544
0.019811442085164183
0.025083410847775836
0.030976682303487088
0.0374891117787489
0.04461719760271427
0.05235562313928913
0.06069717436982835
0.0696321826649228
0.0791485700374756
0.08923120666969367
0.0998621160768548
0.11101975926465611
0.12267942860643187
0.1348124676693221
0.14738687725567126
0.1603664763887883
0.17371173736468898
0.1873788893666612
0.20132099210054913
0.21548697931771854
0.22982297319114667
0.24427126098746177
0.25877184523171043
0.2732613431430616
0.28767476119845686
0.3019443039457273
0.3160013561072183
0.329775185170611
0.34319510990595625
0.35618907985158077
0.3686860062566371
0.380614201378355
0.3919038465945855
0.40248527545006385
0.4122915541741334
0.4212565948038115
0.42931782567847976
0.4364141247933786
0.4424885620029303
0.44748614795721026
0.4513566355136144
0.45405208592270224
0.45552972387442753
0.4557493295429587
0.45467614909751836
0.4522781280812182
0.4485288862303268
0.4434048136080298
0.4368881242380422
0.42896384058445336
0.4196229439181686
0.4088592743816218
0.39667279648255066
0.38306644063207757
0.3680494993311781
0.35163443159690605
0.333840399308738
0.3146900485989551
0.2942131868866908
0.2724435457197238
0.2494225879875416
0.2251962457422391
0.19981883492360725
0.17334975036206693
0.14585745314927398
0.11741609439968811
0.08810952924147392
0.05802783201701603
0.027271281814013674
-0.00405327439997069
-0.03582852570635932
-0.06793053219399987
-0.10022498111970146
-0.13257126392706522
-0.16481894407016262
-0.19681211258381967
-0.22838611775360987
-0.2593722222675508
-0.28959462935903085
-0.31887544509882465
-0.34703201409330914
-0.3738821658250544
-0.3992418467746919
-0.42293060180621406
-0.4447694611385041
-0.46458657953578203
-0.4822153092318829
-0.4974998947079644
-0.5102936401159893
-0.5204645391786126
-0.527893431001708
-0.5324794355986429
-0.5341379869711157
-0.5328059457929798
-0.5284394032131844
-0.5210183523297586
-0.5105441686207562
-0.49704373869979956
-0.48056654106261565
-0.4611881517019709
-0.4390068697814546
-0.4141465434003759
-0.3867527080801629
-0.35699470238499714
-0.325061313691199
-0.2911621841082135
-0.2555229899197844
-0.21838617533075877
-0.18000573080052684
-0.14064733617804934
-0.1005828481795754
-0.06008998303876767
-0.019446670331665396
0.021069547832994903
0.06118709839691108
0.10064104849159203
0.13917839878556815
0.17655859622783301
0.2125583145820724
0.2469715921358225
0.2796139031481077
0.3103217455280134
0.3389558630494083
0.36540017445774836
0.38956408237259577
0.41138071599548287
0.43080834608374796
0.4478279946835242
0.4624440524663744
0.47468137739628435
0.4845852692768912
0.492218225306903
0.4976594598759358
0.501001504376454
0.5023494668330097
0.5018176575055788
0.49952876655912604
0.4956106714446705
0.4901956783813973
0.48341762982879893
0.47541131489168276
0.4663099530032216
0.4562448365154868
0.44534322620841615
0.4337282515230047
0.42151721888653026
0.4088217644238126
0.395746549512488
0.3823896386511348
0.3688415386685009
0.3551857606266138
0.3414981490996615
0.3278475805405755
0.31429552574715786
0.3008968365512717
0.28769948641876
0.27474540100458483
0.26207032718134105
0.2497046693794835
0.23767344473469051
0.22599709484857342
0.21469149296431755
0.2037687087640425
0.19323704159974292
0.18310172342351988
0.17336495948358516
0.16402656097942322
0.15508398092201467
0.146532873383375
0.13836711726606069
0.13057930302985904
0.12316074094070147
0.11610187898373081
0.10939229487936654
0.10302105069974783
0.09697666972800156
0.09124743427306002
0.08582134949733711
0.08068639127471827
0.07583045961020299
0.07124158328715026
0.06690786561268253
0.06281765220395487
0.05895947165325218
0.05532217223357651
0.0518948597894319
0.04866700848848923
0.04562839788605738
0.04276920217962699
0.040079928017832986
0.037551486071212135
0.03517513079397181
0.03294251753064216
0.030845645114460866
0.028876901198461473
0.027029008294792947
0.025295059556537023
0.023668468629245043
0.02214299771392308
0.02071271141718642
0.019371998590610933
0.018115530221217556
0.01693827626482844
0.01583546750913091
0.014802608389510065
0.013835442677303368
0.012929963079500045
0.012082380551084689
0.011289131323827207
0.01054684960991283
0.0098523725807524
0.00920271620896063
0.008595078617334908
0.008026818798237186
0.007495458674106739
0.0069986644328159054
0.00653424757476845
0.006100148611255646
0.00569443731986415
0.0053152985656024785
0.004961031942978701
0.004630039493177558
0.004320824876644402
0.004031982777903399
0.003762197723572622
0.003510234980643635
0.0032749391157430793
0.003055226207679751
0.002850082225637528
0.002658556393023835
0.002479759449276209
0.0023128580158279315
0.0021570727934040676
0.002011673797780408
0.0018759785350327925
0.0017493479858213929
0.00163118479503086
0.0015209298957609943
0.001418060744443199
0.0013220884847810277
0.0012325562557015993
0.001149036806227834
0.0010711308989296195
0.0009984652966516657
0.000930691280788992
0.0008674829386633315
0.0008085358130361176
0.0007535654274855778
0.0007023060809490431
0.0006545095551938234
0.0006099440667924139
0.0005683931057308721
0.0005296545567676168
0.0004935396244340022
0.00045987213333997535
0.00042848749783543663
0.000399232212777704
0.0003719628311587526
0.00034654565390350493
0.00032285568046462777
0.0003007765097439571
0.0002801992307614634
0.00026102254607785516
0.0002431515711746983
0.00022649819342339376
0.00021097974963790506
0.0001965196349904593
0.00018304582936587533
0.00017049177094701135
0.000158794702903783
0.0001478968275956606
0.00013774344610727386
0.00012828440894428796
0.00011947202151383792
0.00011126280950668355
0.00010361516313635626
0.00009649143543339015
0.0000898552970944641
0.00008367419087863187
0.00007791636533082712
0.00007255371151689608
0.00006755844124469353
0.00006290633673544211
0.000058573035899783515
0.00005453772822470781
0.00005077900824207048
0.00004727905302480921
0.0000440190020723819
0.000040983657062310916
0.00003815634294613741
0.00003552417164784283
0.00003307233763325679
0.00003078999289887222
0.000028663922818215225
0.00002668508633482176
0.000024841616925444705
0.000023126080288952443
0.000021527741548118916
0.000020040603950586365
0.000018654873101333532
0.00001736584342499992
0.000016164493030666226
0.000015047286507986767
0.000014005820876156339
0.000013037630166682725
0.000012134794336701927
0.000011295831316772046
0.000010513182332742308
9.786282753054771e-6
9.107820023020835e-6
8.478094929959177e-6
7.889937631400267e-6
7.344474673783343e-6
6.834581199512835e-6
6.36218327473131e-6
5.920108766352206e-6
5.511067287102282e-6
5.127752038889387e-6
4.773650119999357e-6
4.441235342368872e-6
4.134776950641022e-6
3.8464470033325905e-6
3.5813090501178565e-6
3.331151767177517e-6
3.101854471133972e-6
2.8847413618507676e-6
2.6865382379770624e-6
2.498020347650031e-6
2.326799902210704e-6
2.1630178818483063e-6
2.01521993980599e-6
1.872824194559247e-6
1.745366743807637e-6
1.6214500464113653e-6
1.5116668787940692e-6
1.4037053606468968e-6
1.3092904234012154e-6
1.2150914535287652e-6
1.1340521702092546e-6
1.0517104349056321e-6
9.823248533236654e-7
9.10183988105625e-7
8.509669049254506e-7
7.875845321569959e-7
7.372555290495919e-7
6.813751282172028e-7
6.388325031387759e-7
5.89358255290161e-7
5.536556317611457e-7
5.0962889451437e-7
4.79955202526118e-7
4.4053690136596777e-7
4.1619856082887055e-7
3.8065195302692114e-7
3.610591099931516e-7
3.287351893501489e-7
3.1338770748167976e-7
2.837122668658653e-7
2.7218990303059575e-7
2.44652505256389e-7
2.3660457809607926e-7
2.1074901386718026e-7
2.0588664939056458e-7
1.8130211400769416e-7
1.793914723086454e-7
1.5570587902285199e-7
1.5656188823491928e-7
1.3343382834508645e-7
1.3691594618611457e-7
1.1402994895660836e-7
1.2003689276534626e-7
9.709803211306497e-8
1.0556513379323158e-7
8.229406863754343e-8
9.319023476658096e-8
6.931895126098603e-8
8.264443484289049e-8
5.7912390439195346e-8
7.369710659812669e-8
4.7847999866292414e-8
6.614957375643326e-8
3.892814321983835e-8
5.983198734019622e-8
3.098016301955021e-8
5.459848377851127e-8
2.3853049324070204e-8
5.032445606927407e-8
1.7414060691929894e-8
4.690438889700385e-8
1.1545811784291077e-8
4.424644204363461e-8
6.128285701883071e-9
4.2141360828855464e-8