3.0092687535893403e-6
0.00004208881528784384
0.00014539824263706905
0.0003452794694651772
0.0006735735085212842
0.001161559801077121
0.0018397178904156963
0.002737800382873664
0.003884552523710664
0.005307738745234465
0.007033871059744238
0.009088220070954656
0.011494558116918982
0.014275162289689081
0.01745057190669584
0.021039588716892425
0.025059048410336453
0.029523823147887717
0.03444660752617665
0.03983792883662831
0.04570594858136423
0.05205648608502062
0.05889283716227045
0.06621581670632648
0.07402359634727408
0.08231177131337268
0.09107321882472018
0.10029819380633832
0.10997420930916149
0.12008616454584796
0.1306162478508502
0.1415440990737846
0.1528467345697896
0.16449874434229644
0.17647223742838786
0.188737072494829
0.20126082091078265
0.21400902794431031
0.22694518995478977
0.24003104207316966
0.2532265454274975
0.2664901963394009
0.279779019396077
0.2930488928198811
0.30625454353499604
0.31934988346482923
0.33228800346670745
0.3450215158231565
0.35750254493917144
0.36968307211469387
0.38151492208986604
0.3929501071875034
0.40394081001196497
0.41443972509365345
0.4244000391580264
0.4337757693547777
0.442521743388502
0.45059393415106624
0.4579494425360199
0.46454682870855074
0.47034610052503667
0.4753090416868343
0.47939920829362354
0.4825822536786324
0.48482593471276986
0.4861004321915288
0.48637836709510673
0.4856351140250387
0.48384882579175836
0.4810007356819776
0.47707518663834836
0.472059916251089
0.46594608463688386
0.4587285342357619
0.4504058085721116
0.4409803774966625
0.43045863763754655
0.41885109296626283
0.4061723272223385
0.39244112986959695
0.37768043133345325
0.36191736571885263
0.3451831614358033
0.32751313449301384
0.30894652993757316
0.2895264429619234
0.26929961030033606
0.24831626046389865
0.2266298584169268
0.20429689052921055
0.18137657000063565
0.15793056607938416
0.13402268129868594
0.10971853767031987
0.08508523940020497
0.06019103075372519
0.03510495922505107
0.009896520376127552
-0.015364663670069605
-0.040609197909293814
-0.06576820721364683
-0.09077367605278752
-0.1155587016233251
-0.14005781009247253
-0.16420716250797554
-0.18794484153280339
-0.2112110061532719
-0.23394814646162385
-0.2561011866887162
-0.2776177088806383
-0.29844800682472955
-0.31854528213604244
-0.3378656539535404
-0.35636833279469293
-0.3740155923265843
-0.3907729272798809
-0.4066089941230536
-0.4214957593799471
-0.4354084157262466
-0.44832552633322637
-0.46022892188815256
-0.4711038452241928
-0.4809388331707796
-0.48972586384847044
-0.49746022518971134
-0.5041406649774044
-0.5097692454360845
-0.5143514934808782
-0.5178962380948618
-0.5204157555091343
-0.5219255833932425
-0.5224446531265631
-0.5219950725386173
-0.5206022355472683
-0.5182945638550059
-0.515103583628932
-0.5110636168021704
-0.5062118157285938
-0.5005877970315018
-0.4942336286040722
-0.4871934034026653
-0.4795131786426968
-0.47124049313451405
-0.46242426534414155
-0.45311426485487083
-0.44336098294439924
-0.4332150751985113
-0.42272722400828244
-0.4119475739043333
-0.4009256086671214
-0.3897096025777483
-0.37834653493628556
-0.3668815787567639
-0.355358072384494
-0.3438170625415674
-0.3322973470922181
-0.3208350827118271
-0.3094639058072211
-0.2982146076916625
-0.28711533350910007
-0.2761913208867865
-0.2654651705570144
-0.2549566389753821
-0.24468296991978186
-0.23465872802022103
-0.22489617823007424
-0.21540514568727054
-0.20619342948329952
-0.197266674496405
-0.18862880694197065
-0.18028190531776314
-0.17222664729223747
-0.1644621691541969
-0.15698651617234874
-0.1497964824713108
-0.14288805965178752
-0.13625625145673667
-0.1298955178769766
-0.12379956109015891
-0.11796176431848872
-0.11237494720202318
-0.10703180025693433
-0.10192460905858639
-0.09704568628021853
-0.09238706484616883
-0.08794093026820117
-0.08369928335410871
-0.07965437597979638
-0.07579834408395618
-0.07212365019981067
-0.06862268741071718
-0.06528823199038476
-0.06211301880480678
-0.05909020733546245
-0.05621292874386063
-0.05347476842634233
-0.05086928464886406
-0.04839051063891301
-0.0460324443777304
-0.0437895730976921
-0.04165633350469301
-0.03962766143246131
-0.03769842146935615
-0.03586398443225943
-0.034119625094168896
-0.032461130082837505
-0.030884162149140748
-0.029384901069842484
-0.02795937266035511
-0.026604125265504912
-0.025315521501251704
-0.024090452949780537
-0.022925592409670178
-0.02181814946941759
-0.020765080850937388
-0.019763889616105257
-0.018811791000961996
-0.01790655811065333
-0.017045640458184814
-0.016227059122183356
-0.015448475021727765
-0.014708136646979073
-0.014003894918049478
-0.013334206749436245
-0.012697093153973368
-0.012091202067183417
-0.011514706165250584
-0.010966428554213958
-0.010444676572015787
-0.009948434139499605
-0.009476127609535635
-0.009026888781890305
-0.00859924864596959
-0.008192475279815785
-0.007805191106037065
-0.007436790126637431
-0.007085974073194641
-0.006752253674262057
-0.006434398829860194
-0.006132028867228262
-0.005843971605295852
-0.005569947828142926
-0.005308833826415105
-0.005060445606585913
-0.0048236992023927925
-0.004598500442570806
-0.004383797015428293
-0.00417957993888814
-0.003984821034383372
-0.003799592581628069
-0.003622883513165748
-0.0034548440931706855
-0.0032944737802576077
-0.0031419981457328316
-0.0029964209686782115
-0.002858041005412527
-0.0027258604763594606
-0.002600249716096168
-0.0024802037850142765
-0.0023661634693380677
-0.0022571113009430587
-0.002153557840293441
-0.0020544679137995785
-0.0019604216009833984
-0.0018703609991823817
-0.0017849358506855082
-0.0017030606181211514
-0.0016254552291825215
-0.0015510016912605729
-0.001480491002142617
-0.0014127679479238777
-0.001348695829200482
-0.0012870774704869987
-0.0012288500445270575
-0.0011727696727444061
-0.0011198492970126944
-0.0010687935673922362
-0.0010206934127801927
-0.0009741971925472114
-0.0009304763567704273
-0.0008881180805126286
-0.0008483771827443542
-0.0008097746639447104
-0.0007736518723616975
-0.0007384585252904449
-0.000705625974139779
-0.0006735274049845787
-0.000643687962218936
-0.0006143988925191556
-0.0005872832430170885
-0.0005605447322369566
-0.0005359087451880409
-0.0005114856826358351
-0.0004891080348689043
-0.0004667868741932932
-0.0004464669040891375
-0.00042605361629638396
-0.0004076093854994553
-0.0003889276088706796
-0.00037219415131158523
-0.00035508351877846703
-0.00033991125859814136
-0.0003242258850933921
-0.0003104792069024675
-0.0002960863209582197
-0.0002836422775381752
-0.000270420982981351
-0.0002591681270248003
-0.00024700828202974364
-0.00023684560985707493
-0.00022564681188983604
-0.0002164828082858063
-0.00020615347461083936
-0.00019790524900526948
-0.00018836178345245472
-0.00018095428864141068
-0.00017212032624744242
-0.00016548565172409816
-0.00015729137369201312
-0.00015136810644273598
-0.0001437496186048089
-0.00013848226492894387
-0.00013138103356810407
-0.0001267194961196611
-0.00012008183560014223
-0.00011598094041668838
-0.00010975754762260426
-0.0001061766164223083
-0.00010032214748237682
-0.00009722461097364933
-0.00009169729618981292
-0.00008905034455561461
-0.00008381163785029778
-0.00008158590494033836
-0.00007660016448520008
-0.00007476944259642612
-0.00007000363961011132
-0.00006854462203008548
-0.00006396807501905444
-0.00006286012379100752
-0.00005844425576324377
-0.000057669192376567014
-0.000053387308795250894
-0.000052929225727473125
-0.00004875631118107
-0.00004860140242217318
-0.000044513934174435154
-0.00004465034304673893
-0.00004062611980333111
-0.00004104380255442042
-0.00003706178693723277
-0.00003775239073255446
-0.000033792564090942926
-0.00003474931816849281
-0.00003079254647907152
-0.00003201016535135962
-0.00002803807507491281
-0.000029512672770776194
-0.000025507535635560975
-0.000027236550078872224
-0.000023181175847692802
-0.000025163302557406964
-0.000021040938923399694
-0.000023276073303339898
-0.00001907031212990559
-0.000021559499693346784
-0.000017254188881909568
-0.000019999582817506542
-0.00001557874314908108
-0.00001858356870447449
-0.000014031315049648047
-0.00001729984026052268
-0.000012600306607709109
-0.000016137818951287676
-0.000011275086743059993
-0.00001508787534532442
-0.000010045904649965342
-0.00001414124771401614
-8.903810801159723e-6
-0.000013289967966381275
-7.840584879828698e-6
-0.000012526794256681287
-6.8486700090364285e-6
-0.000011845149666752334
-5.921112705133507e-6
-0.000011239066418727708
-5.051508034090423e-6
-0.000010703135130434715
-4.233949497294931e-6
-0.000010232458655433943
-3.462983215879272e-6
-9.822610112096756e-6
-2.733566011709419e-6
-9.469594658076084e-6
-2.0410265241483317e-6
-9.169810630110827e-6
-1.3809968908395589e-6
-8.919754558473943e-6
-7.472886255025333e-7
-8.699383887989992e-6
-2.327803091779612e-7
-3.3202406176131213e-6
-0.000011433140470330797
-0.000027150963932636167
-0.00005286386785944256
-0.00009106633496036633
-0.00014397302068784972
-0.00021398464072232883
-0.0003031529621461878
-0.00041381391846011446
-0.0005478925357857942
-0.0007077043954333242
-0.0008950871449828874
-0.0011123614832393594
-0.0013612756871267829
-0.0016441119261265842
-0.001962432944673139
-0.0023183178137811474
-0.0027129057581131016
-0.003147747292726489
-0.0036231489272083705
-0.0041396303305493536
-0.004696084273894101
-0.005291336723399953
-0.005922147325070594
-0.006584875486990561
-0.007273356171327007
-0.00798067944528447
-0.008696982727871713
-0.009411352704239664
-0.010109577444635004
-0.010776177417767556
-0.011392158810882822
-0.011937174879394276
-0.012387315921438316
-0.012717394310157093
-0.012898798120149931
-0.01290188430189327
-0.012693913432029516
-0.01224152708992556
-0.011508772068647494
-0.010459631324458808
-0.009056138351497135
-0.007260926847110964
-0.00503543043605556
-0.0023424146493279895
0.0008557460680405824
0.0045945895347461055
0.008909220765258099
0.013831918804070755
0.019393732191108435
0.025622199435291686
0.03254289149235933
0.0401772682417601
0.04854417112671501
0.05765783169461169
0.06752931331710245
0.0781646813557275
0.08956638823200214
0.10173160877090816
0.11465355857983399
0.12831999351925086
0.1427144483782685
0.15781489727001438
0.17359489902869144
0.1900224165531776
0.20706085801222684
0.22466805821716912
0.2427972108093959
0.261396023279202
0.28040754412637053
0.2997695138075697
0.31941510073741153
0.33927248097684587
0.3592655054397785
0.3793135487160189
0.3993321342564038
0.4192330946004583
0.43892517930817704
0.45831456303227286
0.47730545127205115
0.4958009585296485
0.5137037097924988
0.5309170894082338
0.5473458133529431
0.5628975229329878
0.5774832774417934
0.5910194388868059
0.6034280103341082
0.6146387324787734
0.6245891735671311
0.6332269393917767
0.6405094093049348
0.6464059509473578
0.6508971956982257
0.6539771499378823
0.6556519134292952
0.6559415909080504
0.6548783784466097
0.6525082024107454
0.6488881309608392
0.6440877007139896
0.638185651411189
0.631270941840984
0.623438852667686
0.6147917392529522
0.6054345971902206
0.5954756467724331
0.5850215037788773
0.5741777341391757
0.5630438145166334
0.5517138316838065
0.540271448958943
0.5287909484539999
0.5173324360796849
0.505943431776034
0.49465454333146885
0.48348179566219923
0.47242297794009247
0.46146086393523245
0.4505603843632249
0.43967282335747093
0.42873388684867103
0.41766886536904807
0.40639156199303256
0.39481029412893365
0.3828275198315788
0.3703464236441629
0.3572709546409581
0.34351262429913476
0.32899056725138537
0.31363809862689745
0.2974023559283121
0.28025014491356376
0.2621667406335922
0.2431606117361903
0.22326106004235188
0.2025215536086757
0.1810160575396875
0.158840906068732
0.13610989250679317
0.11295483156609086
0.08951968897009195
0.06596017984529633
0.042437381630957116
0.01911683971846261
-0.003837814647867704
-0.026265749707764602
-0.04801480919840529
-0.06894195193419138
-0.0889182282766047
-0.107828475196911
-0.12557516272346378
-0.1420772188716004
-0.15727269311025108
-0.1711167533050111
-0.1835832677283764
-0.19466214641646726
-0.2043600495493572
-0.2126973212667893
-0.21970808134247893
-0.22543701925846868
-0.2299391233406938
-0.23327657750440073
-0.23551834193134963
-0.23673734121687404
-0.23701005088990498
-0.23641410097233975
-0.23502795902796206
-0.23292901117608036
-0.23019337618818353
-0.226894475421856
-0.22310296979925417
-0.21888579456300908
-0.21430618330983162
-0.20942312272378183
-0.20429141368905152
-0.19896149273880281
-0.19347947656101427
-0.1878872973999749
-0.18222268053690144
-0.1765195469225406
-0.17080788035619043
-0.16511435941539948
-0.15946207967990209
-0.15387138653242619
-0.1483594262612097
-0.14294116025608333
-0.13762872624109224
-0.13243262210610485
-0.12736086445310105
-0.12242033655065168
-0.11761573575098722
-0.11295108486374984
-0.10842846295508872
-0.1040496829904379
-0.09981480228740157
-0.0957239718188717
-0.09177572341535106
-0.08796899789284185
-0.0843012062284637
-0.0807704449017362
-0.07737332790423622
-0.07410739853997828
-0.07096872843692383
-0.06795453568272203
-0.06506054610501386
-0.0622838281258584
-0.05961991055738603
-0.0570658450140459
-0.0546170733870056
-0.0522707291097509
-0.050022246364676025
-0.04786891198349492
-0.04580620732756092
-0.04383162313810061
-0.04194072392553348
-0.0401312386775236
-0.03839883649570806
-0.03674150672495034
-0.0351550334876507
-0.03363767951784875
-0.032185346156386796
-0.0307965759581866
-0.029467383623893575
-0.02819659329442888
-0.02698032479674225
-0.02581768244842293
-0.02470487988126525
-0.023641298145494254
-0.02262323123978441
-0.021650332330880272
-0.020718960954193556
-0.019829037249435254
-0.01897697059733465
-0.018162942916091756
-0.017383397260712523
-0.016638772429149556
-0.015925528766897023
-0.015244357597122286
-0.01459172013885049
-0.013968556604012328
-0.013371312748804404
-0.012801174873978796
-0.01225455708105379
-0.01173288987447772
-0.011232539681467014
-0.010755180287709408
-0.010297114599601217
-0.009860259751515743
-0.00944083943694998
-0.009041015209483062
-0.008656915979296265
-0.008290949795896166
-0.007939135295451014
-0.007604130103930784
-0.007281827123124807
-0.0069751376343695866
-0.006679813322231913
-0.006399024193482686
-0.006128365153994613
-0.005871270991086993
-0.0056231641340608665
-0.005387751185839859
-0.005160266206502749
-0.004944695626488569
-0.004736068990348211
-0.0045386615447427035
-0.004347281859670871
-0.004166503965999262
-0.00399089862894087
-0.003825349616550118
-0.0036641726292846433
-0.0035125731194349677
-0.0033645939745159136
-0.003225775285056688
-0.0030898688305335703
-0.0029627633166276176
-0.0028379005145552226
-0.002721532764634427
-0.0026067722654429114
-0.0025002510770498897
-0.002394731537978906
-0.0022972426051315695
-0.002200175686616664
-0.002110974935350584
-0.002021638915677721
-0.0019400464309059387
-0.0018577803833643082
-0.0017831748737044215
-0.0017073733566496342
-0.0016391871098917629
-0.0015692953234226442
-0.0015070096084585092
-0.0014425189762527415
-0.001385659851980425
-0.0013261039899923437
-0.0012742384846651058
-0.0012191895220251584
-0.0011719221504846034
-0.0011209873711871413
-0.0010779569592623682
-0.0010307757358548897
-0.0009916525252696574
-0.0009478935183702436
-0.0009123765268127361
-0.0008717351269231665
-0.0008395497408610193
-0.0008017457303616351
-0.0007726415103543085
-0.000737416926388475
-0.000711165605485078
-0.0006782827858353978
-0.0006546764446378814
-0.0006239162398717826
-0.000602765642757922
-0.0005739257802447997
-0.0005550588582028427
-0.0005279524444534225
-0.0005112129121732307
-0.000485667060578634
-0.0004709131563167673
-0.00044676772997367454
-0.0004338710667989573
-0.00041097752569513963
-0.00039982204534803385
-0.0003780423884665881
-0.000368523408677522
-0.0003477292029426079
-0.00033975254998417395
-0.0003198240381131464
-0.0003133052578852519
-0.00029413053792653256
-0.0002889941784980198
-0.0002704684489109851
-0.0002666474086456313
-0.0002486722730276803
-0.00024610720900816176
-0.00022859003461175645
-0.00022722882599934604
-0.00021008215180459138
-0.00020987941398197994
-0.00019302040347144475
-0.00019393704856805787
-0.00017728698307473592
-0.00017928982334949008
-0.00016277363249082085
-0.00016583502293048339
-0.00014938084846998458
-0.00015347836564631376
-0.00013701715564293126
-0.00014213331016784986
-0.00012559844063228783
-0.0001317204201194044
-0.00011504734159269666
-0.0001221667824286022
-0.0001052926886244084
-0.00011340547405853643
-0.00009626899115803657
-0.00010537507387843928
-0.000087915967418649
-0.00009801921503359622
-0.00008017811338109469
-0.0000912861749885467
-0.0000730043072560323
-0.00008512849979700069
-0.00006634744631898582
-0.00007950265956362508
-0.000060164114066080686
-0.0000743687328350196
-0.000054414274469341194
-0.00006969011727174553
-0.00004906099147290891
-0.00006543326454885183
-0.00004407017120524355
-0.00006156743718415897
-0.00003941032552116461
-0.0000580644856727416
-0.00003505235434292162
-0.00005489864439276707
-0.00003096934599214807
-0.000052046344326299586
-0.00002713639348188177
-0.00004948604142673645
-0.00002353042559975726
-0.00004719805943837281
-0.000020130051458787706
-0.00004516444583761807
-0.00001691541774457692
-0.000043368839893234824
-0.000013868076810178425
-0.00004179635150858373
-0.000010970865543794503
-0.00004043345047341702
-8.207791456259837e-6
-0.00003926784768755749
-5.563794830394554e-6
-0.00003828733308740956
-3.0161653291940683e-6
-0.000037412335623755364
-3.883066673071132e-6
-0.00005420586791900891
-0.00018718464798818965
-0.00044429541317332106
-0.0008661530969607982
-0.0014924470880682424
-0.0023614053832912442
-0.0035099976661591994
-0.004973218571680586
-0.006784313657237373
-0.00897396413011799
-0.011570569371644482
-0.014599364980838312
-0.01808277233771055
-0.02203948003570159
-0.026484873169037717
-0.03143011244183955
-0.03688265834722549
-0.042845383791665866
-0.04931720778837106
-0.05629227504204978
-0.0637607095751216
-0.07170788832821519
-0.08011531751214553
-0.08896001754638921
-0.09821551474743592
-0.10785134306762621
-0.11783413233675016
-0.12812721985582906
-0.13869180540847428
-0.14948665451030071
-0.16046928139707545
-0.17159571717822925
-0.18282167631773263
-0.19410235825006994
-0.20539355134276477
-0.21665143629905667
-0.2278335844873599
-0.23889873563755143
-0.2498076543920117
-0.2605228627865173
-0.2710093290479894
-0.2812341460556088
-0.29116703854965387
-0.30077999083481055
-0.3100475712616172
-0.3189465243983879
-0.32745592349438724
-0.3355567528259467
-0.3432319085845886
-0.35046580493100066
-0.3572442503851451
-0.36355411544169064
-0.3693831144593009
-0.3747195730529861
-0.3795521444916326
-0.38386971149338034
-0.38766106152156304
-0.3909149505458236
-0.3936197541069562
-0.3957637109797072
-0.3973345575822561
-0.3983199585337232
-0.3987071222807597
-0.3984834147060977
-0.3976359451569744
-0.39615234989776144
-0.39402033130674236
-0.39122859118126024
-0.38776630257883227
-0.3836241694219866
-0.3787938106366326
-0.37326892225178576
-0.3670445568898212
-0.36011836716126855
-0.3524897694405649
-0.3441612519414339
-0.3351374189839153
-0.3254263525853583
-0.3150385408718519
-0.30398828719766813
-0.2922925328162746
-0.27997231143517776
-0.2670514807865599
-0.2535582223555578
-0.23952369838490614
-0.22498359577908125
-0.2099767239504538
-0.1945465983921488
-0.1787399905814946
-0.16260854058749366
-0.14620726337052445
-0.1295961716699775
-0.1128387343967602
-0.09600348210039783
-0.07916240423222687
-0.06239250141483968
-0.045774101087762524
-0.029392315567736686
-0.013335251991666628
0.0023046654448711434
0.017432613711003284
0.03195022105104567
0.04575762844614402
0.05875253797273669
0.07083242016246619
0.08189377175773806
0.09183445611310179
0.10055316494423626
0.10795186277712293
0.11393543137715838
0.11841417466992885
0.12130361099170892
0.12252698299304249
0.12201515207987229
0.11970904833259277
0.11555961266098488
0.10953011351248047
0.10159607395096175
0.09174737367056772
0.07998808960388391
0.06633829342733776
0.05083372623062151
0.033527195182687944
0.014487998158382873
-0.006197177589139338
-0.028425161593422284
-0.05207598684858372
-0.07701419131273647
-0.10308915252447043
-0.13013681662057325
-0.1579807019118184
-0.18643403899908736
-0.21530140795884045
-0.24438121257169515
-0.27346785107204824
-0.30235438343179427
-0.3308350728153932
-0.3587080487108535
-0.3857780074342552
-0.41185863775219606
-0.436775245349143
-0.4603667012547355
-0.4824877647544109
-0.503010343143527
-0.5218253315567918
-0.5388430330803576
-0.5539944065241545
-0.5672305793506475
-0.5785234831864172
-0.587864483720752
-0.5952644727413046
-0.6007517227143111
-0.6043715776384255
-0.6061837013871922
-0.6062615561764095
-0.6046892445370201
-0.6015609788260111
-0.5969777156402386
-0.5910468047448815
-0.5838785870491137
-0.5755863742079895
-0.5662831363282526
-0.5560819146606466
-0.5450926735893628
-0.5334231984534188
-0.5211761373722927
-0.5084503922354507
-0.49533833588991655
-0.48192767138595133
-0.46829878203410713
-0.45452701355620456
-0.4406800986545447
-0.42682080781361015
-0.4130043845054062
-0.39928151059201594
-0.38569569035137113
-0.37228648281582893
-0.3590867795470345
-0.3461262660431197
-0.33342854711321784
-0.32101481048769365
-0.3089007628725057
-0.29710047956293817
-0.2856231225941724
-0.2744769695877413
-0.26366589222775777
-0.2531935653565027
-0.24305968909453454
-0.23326438530336088
-0.22380415009362198
-0.2146764493484151
-0.20587539035996183
-0.19739653141464056
-0.18923226213403135
-0.1813768444608243
-0.17382149124131782
-0.166559657580695
-0.15958180654091267
-0.15288097098980738
-0.1464471941972683
-0.14027338317606677
-0.13434941059249847
-0.1286682813203111
-0.12321988055563898
-0.11799747597778969
-0.11299109534571004
-0.10819438734895533
-0.10359761030975909
-0.09919487555831381
-0.09497672719766062
-0.0909377926751753
-0.0870689318973583
-0.08336532060929412
-0.07981814547732048
-0.07642314693519095
-0.07317183517779072
-0.07006052029146945
-0.06708102241444869
-0.06423021823869088
-0.0615002168838936
-0.058888453231883284
-0.056387299323427474
-0.05399473647029438
-0.05170337019868102
-0.04951171467556712
-0.04741257738424011
-0.045404991098165245
-0.043481932575399666
-0.041642939114290296
-0.03988112358118997
-0.038196514491511756
-0.03658232763479313
-0.03503907064016003
-0.03356002932408267
-0.03214617982797429
-0.030790845576689575
-0.029495462321481012
-0.0282533592556764
-0.02706642466001819
-0.025927962271617894
-0.024840307713419527
-0.02379670864340294
-0.022799944765721863
-0.021843177592409672
-0.020929629581466724
-0.02005234651676527
-0.01921499420755313
-0.01841047352484706
-0.01764289613186341
-0.016904989100424306
-0.016201314331356204
-0.015524396404691602
-0.0148792536967768
-0.014258179687032111
-0.013666657294782218
-0.013096720262036654
-0.01255432592603523
-0.01203121951452888
-0.011533844447349974
-0.01105362840833051
-0.01059751434169162
-0.010156582994379248
-0.009738292046085149
-0.009333345440289452
-0.008949732572380902
-0.008577750132785975
-0.008225937986970095
-0.007884154431625516
-0.007561510342455966
-0.007247393684178814
-0.006951508686615859
-0.006662740139513829
-0.006391409799702526
-0.00612586542762484
-0.005877072340334579
-0.0056328062969583145
-0.005404704105272162
-0.0051799333270565505
-0.004970832132074971
-0.004763922357777956
-0.004572275397895917
-0.004381728398669151
-0.004206119886764862
-0.004030561801045426
-0.0038696958192290976
-0.003707866495104624
-0.003560556853619891
-0.003411300110586689
-0.0032764610871009975
-0.003138715816799768
-0.0030153536991121953
-0.0028881457307003773
-0.00277535109243555
-0.0026577857559412104
-0.0025547264011090915
-0.002445981727380113
-0.002351896245526291
-0.0022512167472071797
-0.0021654086263820727
-0.00207209960798897
-0.001993931856216806
-0.0019073542085529301
-0.0018362444405863004
-0.0017558098758982663
-0.0016912258238493474
-0.0016163925130754967
-0.0015578479254976108
-0.0014881165041019113
-0.0014351673986766347
-0.0013700773061048797
-0.001322318547036616
-0.0012614446735468685
-0.0012185068442786033
-0.0011614564564536563
-0.0011230030032406326
-0.0010694129245352633
-0.0010351375479793056
-0.0009846715717968095
-0.0009542958448420742
-0.0009066423603087453
-0.0008799135527577559
-0.0008347833642920309
-0.0008114724584519197
-0.0007685967819776937
-0.0007484966611251556
-0.0007076252823985464
-0.0006905490791095258
-0.0006514486586683742
-0.0006372282491528465
-0.0005996807621086069
-0.0005881653938753868
-0.0005519666924350205
-0.0005430217357431077
-0.0005079802235760779
-0.0005014860346392612
-0.0004674214428254277
-0.0004632723314381164
-0.00043001458796464924
-0.0004281178798027226
-0.00039550606322365104
-0.00039578125039622735
-0.00036366262071948504
-0.00036604059222814894
-0.000334269692003866
-0.0003386920384788635
-0.0003071298578044356
-0.00031354824560698974
-0.0002820614442049523
-0.00029043705226448793
-0.0002588972351580568
-0.00026920024944310494
-0.0002374832900282789
-0.0002496924533856879
-0.0002176778586898139
-0.0002317800702442545
-0.0001993503859660662
-0.0002153403469949617
-0.00018238059760551805
-0.00020026050043597566
-0.00016665766032118582
-0.00018643691819706274
-0.00015207941092795072
-0.00017377442465274498
-0.00013855164839198883
-0.0001621856086382494
-0.00012598748282820972
-0.0001515902050649908
-0.00011430673774287434
-0.00014191452818934134
-0.00010343540061957793
-0.00013309095173142779
-0.00009330511769394044
-0.0001250574305529573
-0.00008385272961964969
-0.00011775706276832459
-0.00007501984411178947
-0.00011113768751892703
-0.00006675244308004585
-0.00010515151545463431
-0.00005900052098224362
-0.00009975478984905586
-0.00005171775232424074
-0.00009490747584521545
-0.00004486118478929742
-0.00009057297505385432
-0.000038390957419568177
-0.00008671786365747643
-0.00003227004050106682
-0.00008331165212871515
-0.000026463995415046573
-0.00008032656558410909
-0.000020940754557919883
-0.00007773734059360934
-0.00001567041292966488
-0.00007552100794273432
-0.000010624781754572311
-0.00007365467797284258
-5.760991879979864e-6
-0.00007198666293041485
4.052668525769973e-6
0.000056729110132417887
0.00019581706956879488
0.0004643086086656417
0.0009042030816367729
0.0015556220459351936
0.002457217571305432
0.003644780366284367
0.005152246475366052
0.007009553664406293
0.009244338706357273
0.011879109729076779
0.014933669426045786
0.018421662098612988
0.022353750025459126
0.02673360511102664
0.031561858650865415
0.036831611580666106
0.0425331621444662
0.04864910253901679
0.055159804264138704
0.06203815372233196
0.06925574405290058
0.07677728152222922
0.08456740005033878
0.0925847489661162
0.10078931770303898
0.10913619888110558
0.11758329086890602
0.12608472238256876
0.1345987932737783
0.14308105008026395
0.15149233159385747
0.15979149870487255
0.16794346950241723
0.17591162863896667
0.183665763249645
0.19117420264713564
0.19841159643684175
0.2053508599444639
0.2119707648146807
0.21824778519488625
0.22416349519448772
0.22969642302404494
0.23482926689973208
0.23954086832287552
0.24381326785469035
0.24762390514114532
0.2509525390198068
0.2537737721038123
0.25606385683169947
0.25779362779950504
0.2589352073734195
0.25945541050173776
0.2593223507618423
0.25849936073508156
0.2569514821633263
0.2546399208088191
0.2515283834844231
0.24757806094258983
0.24275375164810567
0.23701934196026533
0.23034363459174148
0.22269627553841914
0.21405318817055047
0.20439288493692426
0.19370140015900408
0.1819689250180144
0.16919413668418012
0.15538110949761053
0.14054295639881026
0.12469899703132198
0.1078776580972689
0.09011391688080873
0.07145144573025039
0.05194039105593965
0.03163878689875786
0.010610766894608764
-0.011072694994320613
-0.03333501681344417
-0.05609386343029737
-0.07926169395121445
-0.10274613458228536
-0.126449727818161
-0.15027076642802933
-0.17410216923327185
-0.19783275867715092
-0.22134524435815825
-0.24451797936512812
-0.2672221001068957
-0.2893238546285204
-0.31068101639004675
-0.33114593170918327
-0.35056138590429037
-0.36876455727086627
-0.3855825567257173
-0.400837493688047
-0.4143419267830931
-0.4259052358563559
-0.43532920542421905
-0.4424158525731947
-0.44696331367972114
-0.4487751991132491
-0.4476568678552391
-0.4434262694357237
-0.4359105750346781
-0.4249583316591785
-0.4104362808518383
-0.3922425005617581
-0.370303096556842
-0.34458585844406403
-0.3150963709076427
-0.2818915800932931
-0.24507476176313328
-0.20480830387410567
-0.1613069089895537
-0.1148488711908768
-0.06576690378394733
-0.014457246046055899
0.03863238469571766
0.09299636072246417
0.148086352481816
0.20330780458360687
0.2580382670765977
0.3116266443674755
0.3634142040679007
0.41273603092819816
0.4589438261524663
0.5014085658564342
0.539543802225902
0.5728081779096753
0.6007276693808193
0.6228964353757147
0.6389963868808198
0.6487949212050479
0.6521604150231557
0.6490557433582497
0.639548769515098
0.6238011344504882
0.6020734911678679
0.574709774249318
0.5421376699084431
0.504849292752365
0.4633980422508455
0.41837717200560987
0.37041461980804896
0.3201512379748844
0.26823531326898775
0.21530218864352552
0.16197000465265782
0.10882211640980836
0.05640515830240621
0.005215142829810431
-0.044301606738368096
-0.09175836811814492
-0.13682423011789813
-0.17923022736943908
-0.21876315212740063
-0.25526850061505885
-0.28864262667849194
-0.3188332861626133
-0.34583097636678284
-0.3696678949096347
-0.39040926371659457
-0.4081514224088717
-0.4230137909862607
-0.43513664822917364
-0.444674196653464
-0.45179238371338065
-0.45666334039859213
-0.4594634244775668
-0.4603691397939289
-0.45955543806924576
-0.45719310378102684
-0.4534472518530382
-0.4484760850589173
-0.4424294670043234
-0.4354489196468069
-0.42766612647711894
-0.41920402772081766
-0.41017510780552485
-0.40068345529262034
-0.3908227023327189
-0.3806789368327345
-0.370328182179042
-0.3598400741043803
-0.3492747911860951
-0.33868743399326656
-0.3281243374379334
-0.31762811253758677
-0.30723328888774765
-0.29697199861258716
-0.2868689104375279
-0.27694755087383166
-0.2672245006959745
-0.2577163604045335
-0.24843318582699325
-0.23938611396738652
-0.23058001757738944
-0.22202181425444337
-0.21371232079684363
-0.2056552734443367
-0.19784836221126942
-0.19029299398961894
-0.18298448529724423
-0.17592260300056856
-0.16910089139978315
-0.16251802787869468
-0.15616625723658942
-0.1500436018811215
-0.14414137299502186
-0.13845727711159606
-0.13298197019774244
-0.12771310470439076
-0.12264088903829878
-0.11776312152769479
-0.11306971408568595
-0.1085587620231964
-0.10421998699939047
-0.1000518942732472
-0.09604408628539791
-0.0921955617937952
-0.0884958476371567
-0.08494449723649035
-0.08153098424583209
-0.07825546113379733
-0.07510735451144117
-0.07208744793886501
-0.06918511471086072
-0.06640179266421978
-0.06372678608866073
-0.06116220414333903
-0.058697259320016695
-0.05633474511048114
-0.05406375407223346
-0.05188777462896491
-0.049795747250398294
-0.047791864727006944
-0.045864880257304286
-0.04401970021662938
-0.042244853042075724
-0.0405459684190858
-0.03891131074027089
-0.0373472437794534
-0.03584172716799437
-0.03440187101309819
-0.033015288267261536
-0.031689849397143324
-0.030412777697363252
-0.02919272003939919
-0.02801646609022129
-0.026893457370427726
-0.02581000497256571
-0.02477636565479888
-0.023778325982884988
-0.02282698099693073
-0.021907545719137764
-0.021031979066565155
-0.02018487635435232
-0.019379088602945745
-0.018598542006214323
-0.01785701062122019
-0.017137700740157795
-0.016455343166208218
-0.015792372017496933
-0.015164511398130546
-0.014553369350210624
-0.013975702753347627
-0.013412237899339513
-0.0128808069093466
-0.012361196730003339
-0.011872360266177131
-0.01139308544589458
-0.010943494660839728
-0.010501314910763958
-0.010087890031053167
-0.009679821783162448
-0.009299730757226416
-0.008923026596023087
-0.008573665418623993
-0.00822579512439447
-0.007904769715590896
-0.00758340279889668
-0.007288512321539953
-0.006991501938622355
-0.00672072344375704
-0.006446091584389685
-0.006197565885856067
-0.0059434897364517274
-0.005715508418007173
-0.005480307809712089
-0.00527130127552496
-0.005053427129519677
-0.004861953618733854
-0.004659977311420715
-0.004484712798782783
-0.004297316374482877
-0.00413704528821044
-0.0039630124492005606
-0.003816619140705975
-0.0036548269554247245
-0.0035212878609459206
-0.003370699129337553
-0.0032490755707786706
-0.003108731796189998
-0.002998163365075045
-0.0028671782839703244
-0.0027668767681885047
-0.002644430390143441
-0.002553674195603772
-0.00243900731408329
-0.002357136344539393
-0.0022495454790141182
-0.00217595643598279
-0.0020747891721128644
-0.0020089312421721515
-0.0019135819347781632
-0.0018549528332059105
-0.0017648586445710233
-0.0017130009876108595
-0.0016276382327272685
-0.0015821362111355568
-0.0015010169846192054
-0.0014614933163392694
-0.0013841623784958813
-0.0013502755171130817
-0.0012763074159674163
-0.0012477489958650644
-0.0011767454075331698
-0.0011532379074295739
-0.0010848251768246853
-0.0010661197821744486
-0.0009999466445148762
-0.0009858212966938815
-0.0009215567681085545
-0.0009118143845418534
-0.0008491458048878275
-0.0008436126569804038
-0.0007822438737383305
-0.0007807681096476084
-0.0007204177898503589
-0.0007228680930880386
-0.0006632681521383087
-0.0006695325251648989
-0.0006104266631780421
-0.0006204113255678704
-0.0005615536614982239
-0.0005751820553597567
-0.0005163358496868704
-0.0005335477452074439
-0.0004744842038676401
-0.0004952348969313419
-0.00043573204872051166
-0.00045999164332459713
-0.00039983328388784036
-0.0004275860550312055
-0.0003665607521682534
-0.00039780458300335683
-0.00033570473574243766
-0.00037045062484682476
-0.0003070715718950349
-0.0003453432046935121
-0.0002804823764625736
-0.0003223157583737017
-0.0002557718700247239
-0.00030121501618847636
-0.00023278729500771442
-0.00028189997465858616
-0.0002113874174488217
-0.000264240948512056
-0.00019144160738739815
-0.00024811869922180293
-0.00017282899185890087
-0.00023342363385970853
-0.00015543767299422653
-0.00022005506652421426
-0.00013916400765108273
-0.0002079205401426647
-0.0001239119435830978
-0.00019693520109862663
-0.00010959240527864222
-0.00018702122360788416
-0.0000961227286620992
-0.00017810728163002493
-0.00008342613875729236
-0.0001701280625527917
-0.00007143126863903463
-0.00016302381946789067
-0.00006007171444183106
-0.00015673995974486215
-0.00004928562316590158
-0.00015122666746277712
-0.000039015312761604415
-0.00014643855327875239
-0.00002920691435084484
-0.0001423342763412045
-0.000019809564521586767
-0.00013887243159040866
-0.000010744817870049928
-0.00013577098950464777