7.593883817436562e-7
4.556160035076949e-6
0.00001561464353096932
0.000036859949998211994
0.00007196807627045465
0.0001241295113805614
0.00019678917098969325
0.00029311665396695796
0.0004163796707694198
0.0005696385484290524
0.0007559723740046728
0.000978275970200733
0.001239411767343443
0.0015420628483698486
0.0018888420481428404
0.0022821794840081257
0.002724404890892523
0.003217658280687663
0.0037639546128512506
0.004365111076415807
0.005022799689030879
0.0057384872153794075
0.006513479308052998
0.007348870458948242
0.008245582066851049
0.009204320596914947
0.010225611131246598
0.011309762352709793
0.012456896539718043
0.013666920243346765
0.014939551246917931
0.016274293961522177
0.01767046354907955
0.019127165181516217
0.020643315307942407
0.022217624047437306
0.023848613460129148
0.025534602497689022
0.02727372210809904
0.0290639023624053
0.030902884273185088
0.03278820894861705
0.03471722611792157
0.03668708542056931
0.03869474178440554
0.04073694921606487
0.04281026334048826
0.04491103829037715
0.047035426859375715
0.049179381265298014
0.05133865146625998
0.05350879067058565
0.05568515239575322
0.057862901602452714
0.06003701103110437
0.06220227874569084
0.0643533241650276
0.06648461262393329
0.06859045134164476
0.070665021365523
0.0727023735116198
0.0746964677794233
0.0766411690890957
0.0785302939777042
0.08035760577298717
0.08211686813258487
0.08380183915859761
0.08540633114486818
0.08692420306398115
0.08834942575702477
0.08967607221808219
0.09089838739889708
0.09201077576816179
0.09300787490352602
0.09388453989881464
0.09463591996400467
0.09525743937194862
0.09574487636405767
0.09609434044429266
0.09630235297072381
0.09636582069054912
0.09628211745785346
0.09604905392899458
0.09566495985432044
0.0951286497882226
0.09443950532767029
0.09359743651100297
0.09260296319768697
0.09145717152501635
0.09016179333974794
0.0887191566696712
0.08713226175823927
0.08540472404279886
0.0835408449763858
0.08154554558061804
0.07942442996964309
0.07718370728867632
0.0748302458102287
0.07237148111264503
0.0698154589176364
0.06717072781507337
0.06444636972989501
0.06165187640580424
0.058797167528489666
0.05589245149704635
0.05294823269201602
0.04997515864398437
0.04698401952768856
0.043985585451412776
0.040990602724006696
0.03800962635908786
0.03505301872363703
0.03213078320929098
0.029252571292781006
0.026427523472101814
0.02366429040872831
0.02097088657406109
0.018354729991518517
0.01582251264456932
0.013380261527452792
0.011033227925208978
0.00878597027499231
0.006642262243618519
0.004605195639761069
0.0026771051428226126
0.0008596875528751254
-0.0008460605893317972
-0.0024397124586351426
-0.003921465087133007
-0.005292003077143533
-0.006552549202201296
-0.007704727565727682
-0.00875061459801642
-0.009692605748732796
-0.010533469456467551
-0.011276219900106337
-0.011924174886852087
-0.012480835527099051
-0.01294994746014097
-0.013335386925166797
-0.013641223650126018
-0.013871611943751784
-0.014030853113226787
-0.014123290017116019
-0.014153367077361182
-0.014125527148948719
-0.014044267906170794
-0.01391404069060332
-0.01373930301877113
-0.013524419978248695
-0.013273713530772061
-0.012991367763009467
-0.012681476307112463
-0.012347953132121696
-0.011994579646619354
-0.011624922678425938
-0.011242382662437966
-0.01085012005865428
-0.010451105565382974
-0.010048055605908691
-0.009643484898434347
-0.009239650962272104
-0.008838608776612978
-0.008442163658499384
-0.00805192726962835
-0.007669277790753291
-0.007295416250078915
-0.006931332695127498
-0.0065778617250048625
-0.00623565332652431
-0.005905226563909606
-0.005586943856762243
-0.005281061962944352
-0.004987708676355358
-0.004706930477054496
-0.004438670864577694
-0.004182814297381093
-0.003939165611946113
-0.003707490098555384
-0.0034874936614536153
-0.0032788590612598447
-0.003081226634050594
-0.0028942268657355477
-0.00271746160543326
-0.0025505332256861384
-0.0023930263418837773
-0.002244533860950446
-0.0021046392612593004
-0.0019729398501550817
-0.0018490296762625849
-0.001732520311754275
-0.0016230244691709844
-0.0015201746055228391
-0.001423607305408756
-0.0013329799771194914
-0.0012479560480763696
-0.0011682199927280767
-0.001093463368790499
-0.0010233983860519697
-0.0009577447949169918
-0.000896242176257568
-0.0008386376787121988
-0.0007846971835193938
-0.0007341938745370171
-0.0006869184090316251
-0.0006426682946187229
-0.0006012571772969644
-0.000562504992337764
-0.0005262464642530082
-0.0004923219937785289
-0.0004605854506128574
-0.000430895755685809
-0.00040312403603776564
-0.00037714586016059375
-0.000352847814922236
-0.0003301203515744393
-0.000308863836812358
-0.000288981967758496
-0.0002703873427860082
-0.00025299540514855267
-0.00023672957382102415
-0.00022151567725323682
-0.00020728667998457914
-0.00019397757008237444
-0.00018152971348535483
-0.0001698861609367449
-0.00015899565876510517
-0.00014880834342591434
-0.00013927943463886195
-0.0001303652879495711
-0.00012202679370596234
-0.00011422576030520182
-0.00010692804034514381
-0.00010010021938604487
-0.00009371248871008756
-0.00008773561648811227
-0.00008214358486887938
-0.0000769108223900408
-0.00007201462157106231
-0.00006743261323817096
-0.00006314497938240997
-0.00005913215178056581
-0.00005537683358673795
-0.000051861906222719394
-0.00004857227198129217
-0.00004549295464446527
-0.00004261077426760765
-0.000039912628366352834
-0.000037387009021229916
-0.00003502245275380651
-0.0000328089091338346
-0.00003073634865411807
-0.000028795991120862225
-0.00002697906194989762
-0.00002527788776796789
-0.000023684792590350145
-0.000022193067258631474
-0.000020795997926530138
-0.00001948771520059441
-0.000018262348268067968
-0.000017114758882460557
-0.000016039815322114473
-0.000015033015667860965
-0.000014089876591573412
-0.000013206449706312923
-0.000012378820948251249
-0.000011603523140386347
-0.000010877142460809318
-0.000010196629740530066
-9.559011208776633e-6
-8.96160044108003e-6
-8.401811245724514e-6
-7.877271587388096e-6
-7.38573713331232e-6
-6.925107890297579e-6
-6.493441569154516e-6
-6.0888730989394145e-6
-5.709727588516606e-6
-5.3543423077531e-6
-5.0212796497648715e-6
-4.709050588767721e-6
-4.416428658635152e-6
-4.142073323282302e-6
-3.884946602079097e-6
-3.6438342000016802e-6
-3.4178670326871735e-6
-3.205937365347874e-6
-3.007328118444028e-6
-2.821020656525842e-6
-2.646435394835698e-6
-2.482627248662248e-6
-2.3291417233343367e-6
-2.1850933822571914e-6
-2.0501422803651992e-6
-1.923450137850315e-6
-1.804782676510011e-6
-1.6933374848899428e-6
-1.5889785486663585e-6
-1.49092905632737e-6
-1.3991451793911704e-6
-1.3128662970457832e-6
-1.2321358818706413e-6
-1.156200809144962e-6
-1.0851880487336208e-6
-1.018343864400435e-6
-9.55875902727812e-7
-8.970221820939439e-7
-8.420691086701656e-7
-7.902391910614948e-7
-7.418965139098503e-7
-6.962410886403401e-7
-6.53714376127679e-7
-6.134870958541339e-7
-5.760785173878209e-7
-5.406233879172282e-7
-5.077199159718729e-7
-4.764602386613103e-7
-4.475233061848033e-7
-4.199519837839229e-7
-3.9450841652278077e-7
-3.7017944795239607e-7
-3.478135120939804e-7
-3.263345325147164e-7
-3.0668096107649807e-7
-2.877066960245612e-7
-2.7044457121249e-7
-2.5367109138726755e-7
-2.385184793925084e-7
-2.236781578155408e-7
-2.103874006237073e-7
-1.972444848828207e-7
-1.8559807037954004e-7
-1.739447938450169e-7
-1.6375173166356468e-7
-1.5340489799106123e-7
-1.444975393888564e-7
-1.3529551996178465e-7
-1.2752676847108995e-7
-1.19326865155664e-7
-1.1256772790925528e-7
-1.052438520143911e-7
-9.938129189866031e-8
-9.28219248891914e-8
-8.775697608276544e-8
-8.186337282504458e-8
-7.750948943499801e-8
-7.219409814754476e-8
-6.847570376036679e-8
-6.366077300108194e-8
-6.051199092870673e-8
-5.612834192359219e-8
-5.349188251824704e-8
-4.947782612808228e-8
-4.730401283656772e-8
-4.360439370397225e-8
-4.185030948559219e-8
-3.8415660518999985e-8
-3.704440403718779e-8
-3.3830198255611795e-8
-3.2810232868951674e-8
-2.9776220648530044e-8
-2.9080807392893307e-8
-2.6190428246747572e-8
-2.579713330475546e-8
-2.3016991635895722e-8
-2.2907258450445836e-8
-2.0206656479779214e-8
-2.036543615913171e-8
-1.7715956546391752e-8
-1.813138895802257e-8
-1.5506519975971677e-8
-1.6169661675696466e-8
-1.3544458492053077e-8
-1.4449050965795606e-8
-1.1799830744639917e-8
-1.2942103990055627e-8
-1.0246167469729635e-8
-1.162467818646135e-8
-8.860054959603338e-9
-1.0475553133336911e-8
-7.620766541736345e-9
-9.476088106931772e-9
-6.509938721393476e-9
-8.609923686568858e-9
-5.511284306711133e-9
-7.862717650589787e-9
-4.610340896074282e-9
-7.221911322555251e-9
-3.7942472301462675e-9
-6.676527777281408e-9
-3.0515466233907e-9
-6.21699156118751e-9
-2.3720122592713578e-9
-5.834971525124343e-9
-1.7464935283431809e-9
-5.523240446875543e-9
-1.1667531864507443e-9
-5.27534140831112e-9
-6.23658798038595e-10
-5.072044312131052e-9
1.1251165426352547e-6
6.7502895586963365e-6
0.000023123788005420256
0.0000545531866844431
0.00010643226223307811
0.000183401268697689
0.00029043584725098033
0.0004320531015666765
0.0006128593970675127
0.0008370881780649145
0.001108931456676063
0.0014322288782930106
0.0018106913553279
0.0022476723460855145
0.002746330732928751
0.0033094519917826063
0.003939574628155611
0.004638844096018412
0.0054091170471119
0.006251838098580599
0.007168131101202727
0.008158692594411961
0.00922387641697715
0.010363599621367939
0.011577424833235126
0.012864475268693387
0.014223517757854553
0.01565288371719529
0.01715055448036589
0.018714084905378844
0.020340691583231416
0.02202717546167568
0.02377001271308818
0.025565272569579266
0.02740871025463232
0.029295676343354615
0.031221211300285632
0.03317994322588854
0.03516618422495866
0.03717381438745298
0.03919638136455123
0.04122696975627329
0.04325830671077058
0.04528261735188461
0.04729174068525315
0.04927697303561352
0.0512291997591503
0.05313872962305115
0.05499544854321649
0.0567886482419475
0.058507208306169345
0.060139422231847095
0.06167321350594005
0.06309596134695794
0.06439475535803241
0.0655562220688123
0.06656682118564576
0.06741267266211078
0.06807989592176071
0.06855443586640594
0.06882244487830842
0.06887010509596733
0.06868405165466507
0.06825118780347701
0.06755914676179374
0.06659609580644205
0.06535123327039329
0.06381457751305947
0.061977494884365256
0.059832469393162835
0.05737365682382944
0.05459663083790599
0.051498957803282855
0.04807991493148485
0.0443410797266232
0.040286015508598554
0.03592086866627556
0.031254016449801775
0.026296664320515112
0.02106245005508191
0.015568032263266017
0.00983264343113981
0.0038786589507025754
-0.0022689104099151394
-0.00858188191000758
-0.0150294812478566
-0.021577853944349957
-0.02819073392583336
-0.034829020631357795
-0.04145155321578126
-0.048014771670299994
-0.05447361394182714
-0.06078127663505984
-0.0668902481702283
-0.0727521770577906
-0.07831904460782459
-0.08354313535914869
-0.08837833732780134
-0.09278019020305338
-0.09670728069938338
-0.10012132157462036
-0.10298858714239759
-0.10527995375068787
-0.10697230032438512
-0.10804842367911847
-0.10849831634907223
-0.10831886329398005
-0.10751490913774545
-0.10609865070544365
-0.10409042134515775
-0.1015177181797145
-0.09841566269964634
-0.09482564117058691
-0.09079544492568965
-0.08637755199012868
-0.08162900085357117
-0.07660939303330488
-0.07138060161833264
-0.06600461860400597
-0.06054323460663461
-0.05505588217833146
-0.049599437709411116
-0.044226215894337624
-0.038984034341454796
-0.03391449249017464
-0.029053404056358385
-0.02442944878388621
-0.020065023037638147
-0.015975292612803612
-0.012169447451168248
-0.00865011974103325
-0.005414967252764553
-0.002456365742741227
0.00023680111906468313
0.0026793015987471623
0.00488770403548051
0.006880524937754235
0.008676455047562958
0.010294614522179434
0.011752967336483032
0.013068764297495556
0.014257210337405499
0.015332127202588041
0.01630488732300619
0.017185280032382684
0.01798068119777572
0.018697069913734418
0.01933837332321402
0.01990756095916166
0.02040609275275595
0.020835016540073196
0.021194452701789167
0.021484633288085597
0.02170537393748079
0.021857014405400978
0.021939850682593992
0.02195495980179072
0.021903586283731135
0.021787853684148435
0.021610115480674208
0.021373568980709703
0.02108158981660861
0.020738269987827698
0.02034775764603475
0.01991474134187153
0.019443814441617382
0.018939924096162287
0.01840777456241842
0.017852254086149516
0.017277885514704456
0.016689238839896862
0.01609043213323181
0.015485532960822045
0.01487810856939027
0.014271616202936982
0.013668998817392603
0.013073062505304798
0.012486112674986238
0.011910316081504899
0.011347372064074324
0.010798856752143898
0.010265924263998054
0.009749631180548928
0.009250663267882634
0.008769639026328645
0.008306858282235421
0.007862584347175858
0.007436811585006119
0.007029526350558309
0.00664049129647493
0.006269485755637265
0.005916105079323813
0.005579981475153533
0.005260597063720734
0.004957486397662032
0.004670062205289669
0.004397800922578137
0.004140080282245647
0.003896349214618087
0.003665976564009254
0.0034484066824162587
0.0032430186316090626
0.003049268724862315
0.0028665596204427947
0.002694370978580906
0.0025321378800723772
0.0023793706694198915
0.00223554215225644
0.002100197596618971
0.001972850179339123
0.0018530820236122866
0.001740447379413211
0.0016345654880056645
0.0015350309976609193
0.0014414993665836722
0.001353604033557176
0.0012710349981654228
0.001193462286794674
0.0011206082854202575
0.001052177063313303
0.000987920976179715
0.00092757543341266
0.0008709202399213979
0.0008177194158696768
0.0007677777004576674
0.0007208850584820324
0.0006768687291471289
0.0006355420776360246
0.0005967525371322369
0.0005603344866715802
0.0005261534035893947
0.0004940624714372174
0.00046394323188449167
0.000435665648324815
0.0004091255207355505
0.0003842077516058788
0.00036082076423804967
0.00033886273726659055
0.0003182532460588371
0.0002989022506932003
0.000280739161111279
0.0002636843807840237
0.0002476759791729444
0.0002326436094327196
0.0002185329556227838
0.00020528185840987189
0.00019284269001909794
0.00018116053556446686
0.00017019363547918768
0.00015989348371794746
0.0001502234643839392
0.00014114074087004657
0.00013261320189052438
0.0001246030265724612
0.00011708204512742049
0.00011001687526915614
0.00010338279261533496
0.00009715034445081072
0.00009129781524797905
0.00008579923307777162
0.00008063550714967146
0.00007578375093058479
0.00007122716068100614
0.0000669455871421549
0.00006292421625225683
0.00005914532995621427
0.000055595842394145466
0.0000522601973246987
0.000049126806931666936
0.000046182040232539853
0.00004341560471011681
0.00004081558696839802
0.00003837281093254695
0.00003607689872747366
0.00003391963301994459
0.00003189201187339992
0.00002998663707317603
0.00002819574322775646
0.00002651262783959641
0.000024930640033774755
0.000023443663505199533
0.000022046055837272176
0.000020732189423404273
0.00001949733807052713
0.000018336275789040407
0.000017245112978209136
0.000016218947197038756
0.000015254656769331655
0.00001434759255368942
0.000013495342119000449
0.000012693445955229042
0.000011940151130935517
0.000011231129862496787
0.000010565246781898556
9.93825277516966e-6
9.349595402909157e-6
8.79505514264379e-6
8.274634547409957e-6
7.784097799120787e-6
7.3239804690971884e-6
6.8899872839143405e-6
6.48317041416333e-6
6.09913421034352e-6
5.739435896100012e-6
5.399540135208387e-6
5.08150261167004e-6
4.780609990182237e-6
4.499414355998353e-6
4.232986795987699e-6
3.984377796887198e-6
3.7484058211828213e-6
3.5286257703518e-6
3.3195662934951547e-6
3.1252966852821536e-6
2.940018124797274e-6
2.768328161663082e-6
2.604062175190406e-6
2.4523633831773105e-6
2.306662080184389e-6
2.1726684124843967e-6
2.0433667988673323e-6
1.9250592046035138e-6
1.810241971194281e-6
1.705837533223991e-6
1.6038096500609843e-6
1.5117339558516786e-6
1.4209950563019286e-6
1.3398580416330837e-6
1.2590793321264024e-6
1.1876540362974606e-6
1.115658340534925e-6
1.052861877831039e-6
9.886056670381297e-7
9.334828748859559e-7
8.760406135398552e-7
8.27749213126056e-7
7.762994791231823e-7
7.340972088103523e-7
6.879103855904127e-7
6.51143593262129e-7
6.095709648614008e-7
5.776646429537437e-7
5.401287781615959e-7
5.125775609079115e-7
4.785639407183301e-7
4.549244084029667e-7
4.2397369894171585e-7
4.038574194420667e-7
3.7555883679864404e-7
3.5862638314371585e-7
3.3261184259523025e-7
3.18567367786768e-7
2.9450620695283235e-7
2.830928437475872e-7
2.606870714190384e-7
2.516828258979163e-7
2.3066314463992346e-7
2.238770597790107e-7
2.0399885848089813e-7
1.9926817865434636e-7
1.8030854533103738e-7
1.7749569732451122e-7
1.5925036097635977e-7
1.5824060073190547e-7
1.405212483406592e-7
1.4122055077780884e-7
1.2385244606361542e-7
1.2618580186056203e-7
1.0900567828940025e-7
1.1291537636400271e-7
9.576945814113188e-8
1.0121378891585052e-7
8.39561422304176e-8
9.090820949522602e-8
7.33990358864181e-8
8.184591077176591e-8
6.395007653066967e-8
7.389189014034224e-8
5.547766096547014e-8
6.692696941092078e-8
4.7864633988581666e-8
6.08459969291567e-8
4.100676988729424e-8
5.555627001941753e-8
3.4811136518022147e-8
5.0976040845985094e-8
2.919470740034673e-8
4.703349029148535e-8
2.4083448615369898e-8
4.366554375805492e-8
1.9411036773484338e-8
4.0816942581382724e-8
1.51179231875907e-8
3.843937168969838e-8
1.115071384363681e-8
3.6490757304053485e-8
7.460968674418632e-9
3.4933066751022226e-8
3.993983842531917e-9
3.364570982437035e-8
1.2931938888768576e-6
7.758892487075589e-6
0.000026592011412150303
0.00006277605672026852
0.00012257359966241131
0.00021141735566407362
0.0003351649904593031
0.0004991873817288363
0.0007089933974894162
0.0009696916173431945
0.0012863578796625194
0.0016636618257242215
0.0021061022407670668
0.002617719338048009
0.0032022536285014097
0.003862908468661489
0.004602463258058099
0.005423069505157078
0.006326338658653482
0.007313164251068146
0.008383799551582425
0.009537703157414788
0.010773618491310085
0.012089442337652696
0.013482315523045308
0.014948514131474227
0.016483557892510343
0.01808212265299135
0.01973816993131495
0.021444877154951202
0.02319478871279014
0.02497975802974711
0.026791117655564595
0.028619625015176755
0.03045564707605588
0.03228910011765598
0.03410964372556951
0.0359066045520535
0.037669175027126175
0.039386312009736704
0.04104693766047912
0.042639806024253275
0.044153706710296906
0.04557729546843924
0.04689930519418706
0.04810833997133894
0.04919310186764556
0.05014215116642754
0.05094416084374472
0.05158764830401538
0.052061271827069926
0.05235354069115534
0.05245316891145324
0.05234877097306936
0.05202928769850887
0.05148367387981104
0.05070140910548441
0.049672181448306964
0.048386492659714786
0.046835338866701735
0.045010914860029866
0.04290628864222608
0.040516203784369126
0.0378367398092569
0.034866205017731536
0.03160476928976342
0.028055432707744493
0.024223611726865737
0.02011816180804085
0.015750892496472893
0.01113761575948997
0.006297560934353808
0.0012544153364204683
-0.003964392963653293
-0.00932669856062801
-0.01479648078995661
-0.020332947243306705
-0.025891610973996407
-0.03142348618402577
-0.03687638493094432
-0.042194248973090605
-0.04731868080452232
-0.05218842349127485
-0.05674112791973
-0.06091297668479628
-0.06464067369076755
-0.06786118960163104
-0.07051394230995114
-0.07254062130981359
-0.07388750928706694
-0.0745053225476099
-0.07435160660522969
-0.07339051133454655
-0.07159517876164516
-0.06894735703519203
-0.06543968870483448
-0.061075059218250974
-0.05586869093117212
-0.049847121893676856
-0.04305001661475977
-0.03552868127887557
-0.027347518297505147
-0.0185820059168988
-0.009319750335317564
0.0003421090712535941
0.010296259507423085
0.020428379366373154
0.030616874606660557
0.04073655817317938
0.050658678701315275
0.06025500651160875
0.0693980219291633
0.0779652493734692
0.08583943081435022
0.09291290887959282
0.09908758251472456
0.10427911602011336
0.10841646534263104
0.11144568883296911
0.11332884902926772
0.1140472271089929
0.11359944922549199
0.11200396126571856
0.10929629960063901
0.10553076250557195
0.10077683657585755
0.09512009758580478
0.0886579048019964
0.08149966400603365
0.07376199756224645
0.06556858963781802
0.057045113589292554
0.048318937831661475
0.039514129093772984
0.03075131426187813
0.022143069032497992
0.013794200856927556
0.005797776713503806
-0.0017639810948824335
-0.008822867958139463
-0.015323099815427878
-0.021223640963347192
-0.0264959301571603
-0.031125429886764037
-0.03510880120367616
-0.03845483140659113
-0.041181253373664795
-0.0433152616245717
-0.04489020138734238
-0.04594589350958733
-0.04652540694024111
-0.04667538563397893
-0.046443074431421386
-0.04587678807355736
-0.04502329890730809
-0.0439285247441423
-0.04263532258240652
-0.04118441245392323
-0.03961256666035273
-0.03795374076619265
-0.03623760976885473
-0.03449084936143094
-0.03273595068400632
-0.030992584330491513
-0.02927662144113038
-0.027601515882555945
-0.025977466754512048
-0.024412765638450153
-0.02291304898340572
-0.02148257244638969
-0.020123516737714557
-0.018837166173741565
-0.017623245422854112
-0.016480992188972938
-0.015408513329433434
-0.014403751118224253
-0.013463854945121517
-0.012586046837971862
-0.011767009661576993
-0.011003661002556519
-0.01029256111080716
-0.009630605570556734
-0.00901445688380001
-0.008441166285087169
-0.007907632500900314
-0.007411162205750591
-0.00694895860875122
-0.006518628827852301
-0.006117703911619112
-0.005744100106246347
-0.005395670923170004
-0.005070628069023289
-0.004767125322912273
-0.00448364385845549
-0.004218607048261314
-0.003970734054799379
-0.0037386842210211297
-0.0035213821356060776
-0.0033176899768225165
-0.0031267067371929893
-0.0029474667326993384
-0.0027792152742736696
-0.0026211314966930253
-0.002472582462785479
-0.0023328684822412917
-0.002201457401737108
-0.0020777506435938277
-0.001961299255733477
-0.0018515889899885611
-0.0017482395403086172
-0.0016508070869794135
-0.0015589680297857314
-0.001472337537180044
-0.0013906389788712285
-0.0013135371314427968
-0.001240794423162808
-0.001172117556594689
-0.0011073015972751616
-0.001046088877382027
-0.0009883018847791393
-0.0009337134063097868
-0.0008821691052350497
-0.0008334679539762618
-0.0007874753192946154
-0.0007440128162511088
-0.0007029626636466257
-0.0006641661614459513
-0.0006275200230859781
-0.0005928827471185764
-0.0005601635806814914
-0.0005292361157197713
-0.0005000204893189734
-0.0004724035921019326
-0.0004463150639038926
-0.0004216535524691544
-0.0003983570222491746
-0.000376334544984698
-0.0003555314010186751
-0.00033586592757560543
-0.0003172898530663733
-0.00029972976543908645
-0.000283143090558611
-0.00026746377593849413
-0.00025265429113963475
-0.0002386551562943599
-0.00022543331513361658
-0.00021293516169882111
-0.00020113161440369967
-0.00018997432124316576
-0.000179437735694542
-0.00016947820697518878
-0.00016007333671174705
-0.00015118368055090512
-0.0001427896476299738
-0.00013485555721354827
-0.00012736432470592164
-0.00012028363514465441
-0.00011359864459809867
-0.00010728004667978295
-0.00010131500306443923
-0.00009567689417049711
-0.00009035468004873619
-0.00008532413813130911
-0.0000805758436015497
-0.00007608770893545852
-0.00007185176381693976
-0.00006784781891086112
-0.00006406921632539062
-0.00006049745127152854
-0.000057127053828627906
-0.00005394100953264938
-0.00005093492799657335
-0.000048093108357398814
-0.00004541214493769611
-0.000042877490466840024
-0.000040486641950323904
-0.00003822605898284454
-0.00003609407122619544
-0.00003407801078756421
-0.00003217697987741594
-0.000030379060664419074
-0.000028684077032949784
-0.000027080747982250148
-0.000025569577166138798
-0.00002413981589127097
-0.000022792613502038286
-0.00002151765637355324
-0.000020316713057482204
-0.000019179814170947126
-0.00001810932731341625
-0.000017095542329151254
-0.00001614141222663587
-0.000015237405844225393
-0.000014387053758285727
-0.00001358092690814326
-0.000012823131335847216
-0.00001210426767638395
-0.000011429019580137528
-0.000010787947107906576
-0.000010186319485938436
-9.614587832324729e-6
-9.078619659686088e-6
-8.56869028721643e-6
-8.091282390236621e-6
-7.636430009347197e-6
-7.211253060001341e-6
-6.805478267381051e-6
-6.4268891934102455e-6
-6.064840090391265e-6
-5.727808592580961e-6
-5.4047108561791505e-6
-5.104753771049469e-6
-4.816347891917137e-6
-4.549469694713163e-6
-4.29195576411877e-6
-4.054596234389963e-6
-3.824583807970014e-6
-3.613571396558655e-6
-3.4080351347588225e-6
-3.220544927102722e-6
-3.036784780916557e-6
-2.8703012539399093e-6
-2.7059073786865953e-6
-2.5581909673478005e-6
-2.411011914107824e-6
-2.2800695623528514e-6
-2.1481839934021847e-6
-2.032242430012332e-6
-1.9139342801566374e-6
-1.8114165157503852e-6
-1.7051519667241306e-6
-1.6146569610131146e-6
-1.5190648489557905e-6
-1.4393474052182707e-6
-1.353201306024057e-6
-1.2831565293618017e-6
-1.2053581582048394e-6
-1.1440062662046729e-6
-1.0735719552743914e-6
-1.0200449408322647e-6
-9.560924044315946e-7
-9.096220419736417e-7
-8.51359250887187e-7
-8.112673333224344e-7
-7.579818929997112e-7
-7.23670038553225e-7
-6.747204986395407e-7
-6.456628854892925e-7
-6.004703644048826e-7
-5.762055095230744e-7
-5.342463705407381e-7
-5.143709724976923e-7
-4.7517041359781214e-7
-4.5933376044216963e-7
-4.224598607342953e-7
-4.103583533694422e-7
-3.7541659676638874e-7
-3.667898125700689e-7
-3.3341867635530967e-7
-3.280445743715376e-7
-2.9591092493859946e-7
-2.936031889920887e-7
-2.623985593405621e-7
-2.630031249168971e-7
-2.3244003776524478e-7
-2.3583253278976223e-7
-2.0564181561736094e-7
-2.1172494496689675e-7
-1.8165254196731244e-7
-1.9035432263965322e-7
-1.6015831832771375e-7
-1.7143048930740397e-7
-1.4087919074927124e-7
-1.5469582472178668e-7
-1.235652153759072e-7
-1.3992103414888612e-7
-1.0799278514881658e-7
-1.269024334579211e-7
-9.396221486041639e-8
-1.1545925797675466e-7
-8.129471946776818e-8
-1.0543143020623006e-7
-6.98301038948434e-8
-9.667675551714019e-8
-5.9425056581917044e-8
-8.906952332904658e-8
-4.995102811160382e-8
-8.2498423081649e-8
-4.129217438608376e-8
-7.686559571899219e-8
-3.334455099368888e-8
-7.208446892917553e-8
-2.6014441807134716e-8
-6.807916585075027e-8
-1.921722972689903e-8
-6.478308522749281e-8
-1.287576679289818e-8
-6.213601849298126e-8
-6.901349732993623e-9
-5.993329436481031e-8
-8.265590365547852e-7
-4.9593195646273926e-6
-0.000017005836693399115
-0.000040172997884983345
-0.0000785049053800455
-0.00013553828684369549
-0.0002151043119859918
-0.00032074607465192506
-0.00045611000557900034
-0.00062459828632667
-0.0008295874823599723
-0.0010741838743777514
-0.0013613493700418528
-0.0016937119692951245
-0.00207363538189076
-0.0025030656254825586
-0.002983565062949517
-0.0035161884223041387
-0.004101494951900268
-0.0047394529056756195
-0.005429439480164114
-0.006170175347815355
-0.006959719055833767
-0.0077954339546466534
-0.008673981128765535
-0.009591320859398705
-0.010542705798630595
-0.01152271843560887
-0.012525264139782081
-0.013543645343946132
-0.01457055233302471
-0.015598174185515276
-0.01661818381411627
-0.017621885189744873
-0.01860018808030805
-0.01954379071243121
-0.020443138842009437
-0.02128864270995751
-0.022070614459855045
-0.022779518014514003
-0.02340587841565302
-0.0239405631214715
-0.024374656694756473
-0.024699772099908795
-0.024907884432015116
-0.024991671241753687
-0.024944299821873177
-0.024759796495144426
-0.024432783423775292
-0.023958878165952425
-0.023334377942650208
-0.02255669241969916
-0.021623975610552133
-0.020535596403934583
-0.019291720354569115
-0.017893823506746318
-0.016344227702711826
-0.01464666323217973
-0.012805761507502523
-0.010827670607754167
-0.008719507901795247
-0.006490029472849753
-0.0041490424659491945
-0.001708124808671817
0.0008200070520626456
0.003420737344063365
0.006078237036660692
0.00877467717020659
0.011490982781976555
0.014206041105443849
0.01689754142246106
0.01954120297256927
0.02211172105096017
0.024582041268316254
0.026924431860453846
0.029109829552733345
0.03110905431000109
0.03289224672251602
0.034430233585069955
0.03569406680718524
0.03665653577954466
0.03729180295939987
0.037577041874628486
0.037492144984786736
0.03702144501923194
0.03615344764270191
0.03488257042606641
0.03320882872472933
0.031139504143912984
0.02868869086911037
0.025878788632152216
0.022739803727580464
0.019310555779069573
0.015637628503297914
0.011776190392343198
0.0077885097402807316
0.003744320338686324
-0.00028114442424291493
-0.004207258327620446
-0.00795043510816326
-0.011424657657108345
-0.014544292315765046
-0.017224916216641625
-0.019386355630282744
-0.020953619295341563
-0.021859944733158818
-0.022047598489310885
-0.021470683143011513
-0.020095552018903964
-0.017903136137446787
-0.014888748439405639
-0.011063737699082452
-0.006454525041938027
-0.0011034759877559832
0.004932889101438618
0.011583806196085822
0.018766827945642033
0.026388407353971643
0.034347065476727584
0.04253444073555118
0.05083881758525447
0.05914637207431721
0.06734477217025782
0.07532433209806143
0.0829813986047106
0.0902191545903606
0.09695055262391125
0.10309857468481506
0.10859855310762118
0.1133977830111307
0.11745716460641328
0.12075016001432162
0.12326378153825458
0.12499696821010875
0.1259610174798252
0.1261775170168724
0.1256783636537443
0.12450341758844764
0.12270027058714585
0.12032179417520378
0.11742581298962884
0.11407270173768742
0.11032509627540693
0.10624566378348174
0.10189695126449812
0.09733941674342017
0.09263147875845253
0.08782785890193126
0.08297986095448086
0.07813404037294756
0.07333271082517752
0.06861292664199843
0.06400718952346754
0.059542707121060676
0.05524225491513085
0.05112365906801491
0.04720075866674819
0.043483054188105864
0.03997671339937253
0.036684327645873545
0.03360590968024668
0.030738707044213144
0.02807815001275648
0.02561768238688673
0.023349630264623156
0.021265023155825166
0.019354367109670558
0.017607441097744227
0.01601396932427941
0.014563387817813573
0.013245419436009601
0.01204981283009328
0.010966829388701353
0.009986961130502642
0.009101341810357436
0.008301452256436912
0.007579468664814139
0.006927964035923343
0.006340205977887463
0.005809861894047632
0.005331257031169779
0.004899089491207954
0.004508657322069122
0.00415558768804202
0.003836039863110089
0.003546451278463978
0.0032837215441743925
0.0030449767379562087
0.002827738160451611
0.0026297051827299444
0.002448911335296785
0.0022835252971080047
0.0021319961054768856
0.0019928713919871266
0.0018649329364303392
0.001747030976848093
0.0016382109591034251
0.0015375626255288693
0.0014443385729019122
0.0013578168044774852
0.0012774115750748833
0.0012025481312309936
0.0011327662448123992
0.0010676059594981982
0.0010067041664991777
0.0009496902798605309
0.00089627619952904
0.0008461609371132391
0.0007991143065268313
0.0007548896294377024
0.000713301495334528
0.0006741457692210078
0.0006372717576791945
0.0006025088356460713
0.0005697333497848365
0.00053880125797704
0.0005096100964469759
0.0004820370905923834
0.00045599650717941605
0.0004313827549577173
0.0004081234248487387
0.0003861269575760465
0.00036533166251498617
0.00034565756603380135
0.0003270516900291221
0.0003094437377691615
0.00029278788987058523
0.00027702202154933115
0.00026210626014638616
0.00024798545484443506
0.00023462472670480512
0.0002219749336834786
0.00021000542929298796
0.0001986722975734187
0.0001879485116757766
0.00017779473339618306
0.0001681870572620575
0.00015909018255764941
0.00015048291301841065
0.0001423335295447752
0.00013462320023221116
0.00012732339688950587
0.00012041736246442003
0.00011387942374606327
0.00010769464930660039
0.00010183992826836464
0.0000963019394980468
0.00009105987916630203
0.00008610184953000825
0.00008140912724717342
0.00007697107419233628
0.00007277084750840712
0.00006879892315690482
0.0000650401612324228
0.00006148602284882197
0.00005812291211944886
0.00005494316080110681
0.000051934574534617846
0.000049090253337262856
0.000046399276812101406
0.00004385542166276746
0.000041448926025555
0.000039174160746429224
0.000037022421205903786
0.000034988597587602745
0.00003306494902551099
0.0000312468183104212
0.000029527346120688802
0.00002790226590493498
0.000026365527824643906
0.000024913198885604532
0.000023539973191134446
0.000022242201159123214
0.000021015260791557015
0.000019855740840264994
0.000018759651301546076
0.000017723776356713678
0.000016744711754347494
0.000015819398198044727
0.000014944976634036216
0.000014118508335582686
0.000013337644295899359
0.000012599531450613439
0.000011902301465673113
0.00001124315528128873
0.000010620677687457578
0.0000100320953773763
9.476424243162283e-6
8.950887609325604e-6
8.454914173138326e-6
7.985697076172157e-6
7.543063271571374e-6
7.124150000232909e-6
6.729170110292897e-6
6.355180730872391e-6
6.002771163756072e-6
5.668894848282246e-6
5.35451199733064e-6
5.056448579103058e-6
4.776031025953105e-6
4.509935510422908e-6
4.2598550346288184e-6
4.022290480732876e-6
3.7993046915974314e-6
3.587200255656993e-6
3.38841356184887e-6
3.1990238405839245e-6
3.0218500377532284e-6
2.8527228304824444e-6
2.6948523408000062e-6
2.543795917277198e-6
2.4031671381910772e-6
2.268223483043198e-6
2.142995939023596e-6
2.022414955622056e-6
1.910947233547608e-6
1.8031655036970432e-6
1.7039924240063794e-6
1.6076129608464172e-6
1.5194280639184965e-6
1.4332022366624701e-6
1.3548401312239281e-6
1.277652427025608e-6
1.2080747609463847e-6
1.1389275029925403e-6
1.0772084324491463e-6
1.015210204454414e-6
9.60525506326568e-7
9.048785487763874e-7
8.564944654252305e-7
8.06485848253166e-7
7.637494030113348e-7
7.187399167296593e-7
6.810707902018286e-7
6.404892789060281e-7
6.07371309540053e-7
5.707050844309446e-7
5.416808565331498e-7
5.084700717505418e-7
4.831333392150044e-7
4.5296557140355904e-7
4.3095691045582575e-7
4.0346174744864034e-7
3.844630139296152e-7
3.593068938151734e-7
3.4303803065449853e-7
3.1991965435526434e-7
3.061338572781322e-7
2.847819974567387e-7
2.7326284721409753e-7
2.534308818242651e-7
2.439889978729462e-7
2.2545434667312476e-7
2.1792488163149277e-7
2.0048426311870279e-7
1.9472387061268323e-7
1.781921943551341e-7
1.74078600532083e-7
1.5828489121257313e-7
1.5571344462046983e-7
1.4050132364089073e-7
1.3938451928019146e-7
1.2460762680271702e-7
1.2487316239949365e-7
1.1039598007081568e-7
1.1198479320985119e-7
9.76802863674763e-8
1.005470370179939e-7
8.629514123720249e-8
9.040589759483214e-8
7.609228553984423e-8
8.142449461301807e-8
6.693912198479778e-8
7.348074837921974e-8
5.871746743033199e-8
6.646598025126475e-8
5.132181981836868e-8
6.02842638746574e-8
4.465711099213434e-8
5.484973150329918e-8
3.863883969368701e-8
5.008679042015413e-8
3.3191623885922115e-8
4.592783582596804e-8
2.824739091636998e-8
4.231394851229974e-8
2.3744928125273882e-8
3.9192054693859746e-8
1.9629313680570062e-8
3.651529509099247e-8
1.5851899841305148e-8
3.4243443391130596e-8
1.2367508944382143e-8
3.2339961347443864e-8
9.136173650294953e-9
3.0773518468471285e-8
6.121643125224264e-9
2.9515414656015685e-8
3.2815423563912583e-9
2.8468337746840774e-8