4.001075995034986e-8
3.2008250117259383e-7
1.6500585890531095e-6
5.199882190083529e-6
0.00001268895919861982
0.00002628065728485595
0.000048628642531500556
0.00008283639975948996
0.00013246981614987817
0.00020153084763282128
0.0002944569105829506
0.0004160980871766508
0.0005717091921222919
0.0007669269689641602
0.0010077571701426612
0.0013005502778134182
0.0016519848456046215
0.002069041108385954
0.00255898147178122
0.0031293217962170116
0.003787809816640347
0.004542394138303267
0.005401201357087127
0.00637250296343607
0.007464691938642188
0.008686247851005524
0.010045713686402532
0.011551659441519209
0.013212659887422807
0.015037256919962412
0.017033938845560096
0.01921110164369209
0.021577030209046597
0.02413985852730807
0.026907553122126896
0.02988787196265733
0.03308835017107934
0.036516257294097486
0.04017858515627884
0.04408200296682174
0.04823284708633151
0.052637073332577396
0.05730024839071658
0.062227498650174455
0.06742350304994298
0.07289243783671576
0.07863797080537001
0.08466320151794042
0.09097065716897973
0.09756222803530185
0.10443916554762311
0.11160201303047032
0.11905060696526122
0.126784003398229
0.13480048379837403
0.14309747782411994
0.15167157557165048
0.16051844766336593
0.16963286600832428
0.1790086223757291
0.18863856001429594
0.19851449197610818
0.20862724603730703
0.21896658402317462
0.22952126241841236
0.24027895380289838
0.2512263253250102
0.2623489630876475
0.27363147028202545
0.28505739497377125
0.296609349168947
0.308268939960693
0.32001691014993067
0.3318330721584206
0.34369647009600224
0.3555853152754365
0.3674771688652333
0.3793488773185089
0.39117677404813095
0.40293661267808684
0.41460378560468447
0.4261532527656243
0.43755977458031586
0.4487978339653917
0.4598418810309664
0.4706662463787939
0.4812453950864022
0.49155382989102553
0.5015663523921065
0.5112579554896145
0.5206040903039326
0.5295805480986983
0.5381637320461642
0.5463305296934137
0.5540585892643707
0.5613261843911458
0.5681124950207573
0.5743974665173335
0.5801620953406074
0.5853882846560382
0.5900591347257005
0.5941587968190871
0.5976727677082527
0.6005877429816219
0.602891914216
0.6045748218359615
0.6056276525388208
0.6060430907280037
0.6058156127182294
0.6049413346448997
0.6034182990210422
0.6012463160431925
0.5984272373611101
0.5949647870186147
0.5908648169706049
0.5861351236442234
0.5807856798951764
0.5748284334262287
0.5682775105490041
0.5611489934492135
0.5534610922558483
0.5452338992993053
0.5364895274426548
0.5272518408631324
0.5175465591634352
0.5074009656037192
0.4968439779710756
0.4859058364090654
0.4746181432288333
0.4630135334293418
0.4511256865499541
0.4389889836809136
0.42663849518375413
0.41410962861054496
0.4014380968445875
0.38865956207827407
0.37580958983791
0.36292329515240057
0.3500352890924186
0.3371793344705206
0.3243882928195646
0.3116937981643442
0.29912621345990476
0.28671433176324496
0.2744853516091734
0.26246461484578876
0.2506756098454266
0.23913975403324725
0.22787643201742847
0.21690282838393948
0.20623400488925736
0.1958827856788867
0.18585987402174253
0.17617378825475308
0.16683101474748788
0.15783598921397307
0.1491912793036787
0.14089760303111637
0.1329540320857403
0.12535803739125992
0.11810570316486396
0.11119178915214663
0.10460994563579189
0.09835278257372917
0.092412076935839
0.08677884050578379
0.08144351276485307
0.07639602113099803
0.0716259547383472
0.06712261302412902
0.06287515784675904
0.058872648311345054
0.05510417049713404
0.0515588580551795
0.04822600024917963
0.04509504908371262
0.04215570736363285
0.03939792391621502
0.036811963971847286
0.03438839447887237
0.032118139369725504
0.029992457110108613
0.028002983422902833
0.026141703146770463
0.024400982826823493
0.022773538758138066
0.02125246158786449
0.01983118214898126
0.018503489908429507
0.01726349790234093
0.01610565654818002
0.015024718706255056
0.014015750076108785
0.013074095149435937
0.012195385146283483
0.01137550540111033
0.010610601568841563
0.009897048801584462
0.009231456768853567
0.008610640836026872
0.008031626294436926
0.0074916216402092515
0.00698802229397238
0.006518385995368107
0.006080436203803165
0.005672039564520804
0.005291209116046917
0.0049360837434108485
0.004604931270118126
0.004296129788600253
0.004008170680662355
0.0037396417008836104
0.003489229946191514
0.003255706561752666
0.003037929664905168
0.0028348305427019988
0.0026454165257478813
0.0024687585501542283
0.0023039939712162735
0.0021503153687227835
0.0020069732876214054
0.0018732661733637987
0.001748543025806746
0.0016321943598233222
0.0015236547589929604
0.001422394765544175
0.0013279233214075162
0.0012397805003210517
0.0011575398252157627
0.0010808017637719692
0.0010091959126404424
0.0009423751857490708
0.0008800178573820818
0.0008218223800172994
0.0007675092796937064
0.0007168165470791615
0.0006695013797948135
0.0006253360967702697
0.0005841097232341909
0.0005456243842226393
0.0005096967287773912
0.0004761547637709595
0.00044483911447800774
0.00041560026469984155
0.0003882996512975125
0.0003628072809887587
0.0003390026566693951
0.00031677274525010457
0.00029601273365750303
0.0002766243257295411
0.0002585163256948366
0.0002416032454849225
0.00022580571325420056
0.00021104937554307577
0.00019726512803079022
0.00018438829982382203
0.0001723587031465217
0.00016112008967003906
0.00015062001524603573
0.00014080956066450014
0.00013164300683161478
0.000123077814680086
0.00011507410538932264
0.00010759489639076969
0.00010060538033215773
0.00009407341625203788
0.00008796860000047858
0.00008226301171982359
0.00007693006935589075
0.00007194553559732046
0.00006728614493896898
0.0000629308752242427
0.00005885933745732359
0.000055053319073331934
0.000051494924333156496
0.00004816839843881817
0.000045058004881038907
0.00004215014153503038
0.00003943093975890937
0.0000368886856654058
0.000034511124088501134
0.00003228820034357138
0.00003020905037230816
0.000028265080503157042
0.000026446623147422576
0.00002474637435787578
0.00002315569237060346
0.000021668415158526063
0.000020276776883875207
0.000018975630164913368
0.000017757953110002085
0.000016619503678710984
0.00001555388739722544
0.000014557674024351906
0.000013624993280908231
0.000012753147033462298
0.000011936697397895188
0.000011173610861475315
0.000010458799918633221
9.790838974406354e-6
9.16491722730213e-6
8.580169860827592e-6
8.031996179146512e-6
7.520053523062284e-6
7.039890667086868e-6
6.5916561105106585e-6
6.170992438084627e-6
5.7785151714455375e-6
5.40990914871266e-6
5.066238995771638e-6
4.743183570858771e-6
4.442244362535678e-6
4.159048641155351e-6
3.895527743579052e-6
3.6472137424727647e-6
3.416465667950431e-6
3.198678209347908e-6
2.9966404956199373e-6
2.805568552621591e-6
2.6286883450864426e-6
2.460996374362853e-6
2.3061663337022807e-6
2.1589343133917147e-6
2.0234366636853315e-6
1.8941077235190118e-6
1.7755653942797426e-6
1.6619000694438013e-6
1.5582340324121634e-6
1.4582702928337054e-6
1.3676623013372637e-6
1.2796806225401976e-6
1.200540666773389e-6
1.1230334975532313e-6
1.0539713788704557e-6
9.856164480663024e-7
9.254169468254144e-7
8.650539189120815e-7
8.126551040385273e-7
7.592651587009192e-7
7.137394385058551e-7
6.664274029452058e-7
6.269649742322059e-7
5.849436829127507e-7
5.508380738817031e-7
5.13414673750126e-7
4.8405011840963e-7
4.5061407139225834e-7
4.2545448640760523e-7
3.954670543509298e-7
3.740464161886481e-7
3.4703144005933687e-7
3.28945390303695e-7
3.0448119710991236e-7
2.893797190780123e-7
2.6709201513550806e-7
2.546730538559392e-7
2.342286766968787e-7
2.2423258173729695e-7
2.0533400100608962e-7
1.9753869386211048e-7
1.7991916514443947e-7
1.7413594192743322e-7
1.5755522979987578e-7
1.5362512201403004e-7
1.378657163875671e-7
1.356563431401969e-7
1.205201054368162e-7
1.1992295818101347e-7
1.052281413503233e-7
1.061562518002623e-7
9.173484086868398e-8
9.412078619702847e-8
7.981611995254523e-8
8.361032843006e-8
6.927495908717431e-8
7.444428124607321e-8
5.993804141601652e-8
6.646456157081516e-8
5.165280534478211e-8
5.95328626417196e-8
4.428485555814385e-8
5.35282607717991e-8
3.771569516218012e-8
4.834511792674876e-8
3.18407305351136e-8
4.389124773619512e-8
2.6567522051184186e-8
4.008630849817805e-8
2.18142441989148e-8
3.686039963736944e-8
1.750833327326831e-8
3.4152834132420924e-8
1.3585296126487723e-8
3.191106388751292e-8
9.987658213879972e-9
3.0089724458495716e-8
6.6638875466964316e-9
2.8648615305307557e-8
3.5579972416046316e-9
2.7475615201222295e-8
-7.458042006619958e-8
-5.966347918665463e-7
-3.074825485942343e-6
-9.686723332698016e-6
-0.000023628732466641117
-0.00004891568692194562
-0.00009046179187928818
-0.00015399959330843083
-0.0002460950665794747
-0.00037409176365606797
-0.0005460975979639508
-0.0007709352323653352
-0.0010581103947927238
-0.0014177629835440749
-0.0018606198691532095
-0.0023979453993645842
-0.0030414794064365677
-0.003803387776462103
-0.004696185650488063
-0.0057326900666643385
-0.006925928256809519
-0.008289095496116334
-0.009835448596140123
-0.011578273062907466
-0.013530762127018725
-0.015705998024055152
-0.01811681695764034
-0.020775809629091122
-0.023695172205312472
-0.026886731008296937
-0.030361778728096197
-0.03413112738839748
-0.0382049276913244
-0.04259275307808449
-0.047303398340876865
-0.05234499601262867
-0.05772478848951707
-0.06344927644001744
-0.06952395699390829
-0.07595350273900552
-0.08274145740991756
-0.08989044368944009
-0.09740180755850204
-0.10527585377124221
-0.11351143075074609
-0.12210619432019455
-0.13105612670642636
-0.14035583174930102
-0.14999798399433084
-0.15997366187598325
-0.1702717257062229
-0.18087919884945663
-0.19178057627080505
-0.2029582670983537
-0.21439183794835256
-0.2260585331757047
-0.23793245920475922
-0.2499852009732503
-0.2621849548368095
-0.274497261080489
-0.2868840935821072
-0.2993047287116027
-0.3117147998021148
-0.3240673221870324
-0.33631171957416894
-0.3483950232391305
-0.36026087550766434
-0.3718509180502668
-0.3831037747087723
-0.39395663926537045
-0.40434423572488404
-0.41420060984268414
-0.4234580597970798
-0.43204912838106857
-0.43990549114704663
-0.44696013804340284
-0.45314620025168745
-0.4583993020028176
-0.4626563023305733
-0.465857790795279
-0.46794671712768393
-0.46887099948763733
-0.46858201411302836
-0.46703728207124245
-0.4641987927510811
-0.4600357348454234
-0.4545226314837863
-0.44764208292855456
-0.43938269655657675
-0.42974181165288816
-0.4187232133594697
-0.4063398132018582
-0.3926111417595452
-0.37756596168442363
-0.3612395389059187
-0.34367616795150296
-0.3249262262458148
-0.30504859509010096
-0.2841075067607514
-0.26217484939743
-0.23932682300628377
-0.21564612354424906
-0.1912184322366682
-0.1661344837690939
-0.14048642376371429
-0.11436977812217489
-0.08787972578024264
-0.06111300030056052
-0.0341641383697042
-0.00712735965024635
0.019907135345875394
0.04685124698020886
0.0736225444868918
0.10014223806097274
0.12633852167255305
0.15214435972247445
0.17750051587777896
0.2023530845899886
0.2266561323453174
0.2503689254185273
0.27345814174194627
0.29589478503172767
0.31765597492495656
0.3387215929129485
0.35907572155875844
0.37870313256321053
0.3975905125706087
0.4157229649997107
0.43308521445312054
0.4496583343281551
0.4654211463510341
0.48034738864294874
0.4944075071819826
0.5075664338865434
0.519785898382143
0.5310228948975809
0.5412325348674983
0.5503671613623639
0.5583796384913162
0.5652229502894174
0.5708537121749658
0.5752319988172185
0.5783247952575719
0.5801057600182296
0.5805583271540776
0.5796751367914406
0.5774605554705501
0.5739295884968877
0.569109688352609
0.5630390788250811
0.5557678424934255
0.547355705718915
0.537872506569787
0.5273955851392682
0.51600980981755
0.5038047717960616
0.490874579533458
0.4773150655198359
0.4632235480861037
0.4486962298388714
0.4338280840201558
0.4187105716576623
0.4034317520347961
0.3880743852304479
0.37271630762158015
0.357428931088254
0.34227787548466443
0.3273218334447693
0.3126134178554201
0.2981983349031604
0.28411638656269006
0.2704008832961021
0.25707973706449067
0.24417504561683478
0.2317042166602158
0.2196796638494657
0.20810991344491456
0.19699936411440758
0.18634934024081917
0.17615788052118503
0.1664207146241669
0.15713105738472935
0.14828049631464502
0.13985877793365625
0.13185460207917316
0.12425539426260772
0.11704800874858777
0.1102184859006937
0.10375266987666702
0.09763595308881312
0.09185381651119935
0.0863915650637397
0.08123479940091334
0.07636914666046732
0.07178067260418464
0.06745561211712156
0.06338073003129661
0.05954305530215244
0.05593019801376972
0.052530090501690524
0.0493312670891002
0.04632261470868786
0.04349362096445822
0.04083413611640555
0.03833459417153728
0.03598578747952775
0.033779064762287446
0.03170611905005538
0.029759165874700278
0.02793074485536338
0.026213880705147054
0.024601898449632377
0.023088569421576395
0.021667939851773236
0.020334463638876258
0.019082843879528157
0.01790815388650117
0.016805691108589486
0.01577108761926601
0.014800175806259551
0.013889089350100492
0.013034140026927057
0.0122319100360762
0.011479139248446934
0.010772809612126132
0.010110042187534468
0.009488174255646437
0.008904665502397803
0.00835716836839323
0.007843442776459587
0.0073614201908938255
0.006909126319023489
0.006484739288974824
0.006086519795903627
0.005712863757550854
0.005362239417204617
0.005033234793500748
0.004724501294016483
0.004434796238074723
0.004162932576008249
0.0039078167297995105
0.003668404054647447
0.003443732210872309
0.003232882043403868
0.0030350066699065285
0.002849297492222585
0.002675009159570532
0.002511430461031368
0.0023579052976093516
0.0022138082403126507
0.0020785616208248473
0.0019516155720545336
0.0018324613246774762
0.0017206155789549868
0.0016156300714259635
0.0015170801572106716
0.0014245706895867462
0.0013377287211421337
0.001256205717322116
0.0011796743130607977
0.001107826859828781
0.0010403762021209558
0.0009770505359576601
0.000917598196984224
0.0008617787859886615
0.000809371987724879
0.0007601648964169999
0.0007139649115045777
0.0006705831735565799
0.0006298516095953955
0.0005916023666042892
0.0005556891061156136
0.0005219622987210725
0.0004902948949031954
0.00046055331868699665
0.0004326276702325714
0.0004063982312409658
0.00038177038265963507
0.0003586364075377854
0.0003369153373826003
0.0003165098103490326
0.00029735108910454347
0.00027935070335867706
0.0002624509145666832
0.00024657084026072276
0.00023166267363257511
0.00021765195480834574
0.00020449988912017218
0.00019213739452098952
0.0001805338995023512
0.00016962475959267603
0.00015938695429871123
0.00014975942614627125
0.00014072613801364728
0.00013222884644348968
0.00012425802355031329
0.00011675753252798042
0.00010972396567770319
0.00010310264130492913
0.00009689595920788692
0.00009105008790358989
0.00008557299214095205
0.00008041112420321443
0.00007557783539970002
0.00007101932674142789
0.00006675421667578129
0.00006272794410812914
0.00005896433080629464
0.00005540756115061051
0.00005208664806320764
0.00004894404191013214
0.00004601398382653267
0.000043236717987607584
0.000040651797851124355
0.00003819679250344286
0.00003591669666260873
0.000033745933707684
0.000031735113479089346
0.000029815036964540585
0.00002804214604754215
0.000026343132637829155
0.000024780531678385973
0.00002327642490668824
0.00002189974483770626
0.000020567443966706522
0.00001935520134025981
0.000018174299094608647
0.000017107557254703855
0.000016060020418621853
0.000015122090547690602
0.000014191977952332512
0.000013368156267055949
0.00001254137051933633
0.000011818706260220997
0.000011082774414676437
0.000010449865558139286
9.793745514083856e-6
9.24055903644075e-6
8.654469056051103e-6
8.172182169691388e-6
7.647449751870735e-6
7.228310494047656e-6
6.757239216716208e-6
6.394443422052313e-6
5.970195516709322e-6
5.657778668804639e-6
5.274270523964237e-6
5.007012620237633e-6
4.658823278652516e-6
4.432164961235394e-6
4.11445432900864e-6
3.924423485883114e-6
3.6328600855741934e-6
3.476007042296056e-6
3.2067044193298823e-6
3.0800452633927706e-6
2.829504847842463e-6
2.7304718555151155e-6
2.495532571534656e-6
2.4219305300131943e-6
2.199724229352981e-6
2.1496925832617266e-6
1.93760360133318e-6
1.9095833763567196e-6
1.705212887944314e-6
1.6979177344069528e-6
1.4990515835894767e-6
1.5114431065893926e-6
1.3160231767073447e-6
1.3472893013495138e-6
1.1533873854755767e-6
1.2029241872112031e-6
1.008718597506493e-6
1.0761143397986587e-6
8.798683829111026e-7
9.648907565070583e-7
7.649331510024715e-7
8.675180541979087e-7
6.622249987716591e-7
7.824679583301039e-7
5.702463904699345e-7
7.083952781323899e-7
4.876673430931606e-7
6.441173376219248e-7
4.1330569824719227e-7
5.885951251162798e-7
3.461090693539768e-7
5.409173288695951e-7
2.851394305416812e-7
5.002858824756006e-7
2.2955910211914932e-7
4.660034448739239e-7
1.786184664671249e-7
4.374620570156539e-7
1.3164496641824438e-7
4.141334854366181e-7
8.803164290340274e-8
3.955443465201551e-7
4.710051158826312e-8
3.8025260876464615e-7
-1.517851554725828e-7
-1.2142645569839824e-6
-6.257610546360995e-6
-0.000019712650772943316
-0.00004808203576071097
-0.00009953033318219656
-0.0001840460343607448
-0.00031327109477876356
-0.0005005258045390721
-0.0007606834400211903
-0.0011101331573767257
-0.0015666583358042428
-0.0021493568248324075
-0.0028785090365698626
-0.0037754617816897745
-0.004862481158455565
-0.006162602665499333
-0.007699468400904413
-0.009497145497875984
-0.011579950100238812
-0.013972236502575008
-0.01669821255533238
-0.019781702462206778
-0.023245959877288933
-0.02711340780890098
-0.03140545677331137
-0.03614222558526071
-0.04134237260756444
-0.047022801400575624
-0.053198513455044595
-0.059882302803931635
-0.06708463874649812
-0.07481335365430189
-0.08307356411378193
-0.0918673562697886
-0.1011937534906695
-0.11104840358891732
-0.1214236004253723
-0.13230797707382608
-0.1436865875985631
-0.15554060955529997
-0.16784749043575256
-0.1805806617882103
-0.1937097526048813
-0.2072003159441646
-0.22101410911266597
-0.23510883229874704
-0.2494384732054114
-0.26395305631203286
-0.2785990481489046
-0.2933191158455478
-0.308052588941723
-0.3227352271641761
-0.3372997357560677
-0.35167554498287484
-0.36578937831887465
-0.37956504970476
-0.39292408708873683
-0.40578555730730587
-0.4180667506983614
-0.4296830468195849
-0.4405486682614501
-0.45057660240065744
-0.45967943336406614
-0.4677693349686944
-0.47475898848721365
-0.4805616595014096
-0.48509220553316873
-0.4882672447770827
-0.4900062519703371
-0.49023182022023004
-0.48887083614774096
-0.48585482783321465
-0.48112120182702556
-0.4746136611621256
-0.4662834777861156
-0.45608995512062167
-0.4440017002484098
-0.42999709602687386
-0.414065528358569
-0.39620782384452374
-0.376437379223203
-0.3547805126926198
-0.3312774360314532
-0.30598246213497166
-0.2789647567902027
-0.25030834317543665
-0.22011257136668783
-0.18849186413684724
-0.15557584950327127
-0.12150880229416854
-0.08644939911501648
-0.05056982693615416
-0.014055140207355874
0.02289797013638042
0.060082213063162346
0.09728124974034519
0.13427109325418246
0.17082193958865557
0.20669987674837828
0.24166893094700365
0.27549301193245224
0.30793809520233634
0.33877431638073596
0.3677781997037411
0.39473480494916224
0.41943990572097806
0.441702086227276
0.4613447686880149
0.4782081532989077
0.4921509922293585
0.5030522652180889
0.5108125999232894
0.5153555804591798
0.5166287235996389
0.5146043317218768
0.5092799547010518
0.500678724422152
0.48884926390096783
0.4738654766238614
0.4558259041375479
0.43485298450194554
0.4110918998830622
0.38470935561032593
0.35589199090230605
0.32484475461489976
0.2917889678027977
0.25696037942280314
0.2206069674622949
0.18298674982505872
0.1443653972355925
0.10501386057932476
0.06520585549539365
0.025215360470799586
-0.014685967469683044
-0.054231359116279146
-0.09316150753245651
-0.1312271037890687
-0.1681912866237068
-0.2038320110039725
-0.2379442183114373
-0.27034186551930933
-0.3008596369017896
-0.32935445071522185
-0.3557065412514921
-0.37982028653526234
-0.40162453667238024
-0.4210726709546145
-0.4381421289365114
-0.4528336963052968
-0.46517029168305735
-0.4751955768849285
-0.4829721427089422
-0.4885796186980372
-0.492112465282129
-0.4936778046566127
-0.4933930531351437
-0.49138370204017606
-0.4877810121798687
-0.4827199457198532
-0.4763371024691063
-0.46876895177095856
-0.46015013094954765
-0.45061206424139855
-0.4402816810432877
-0.42928044942376514
-0.41772351662819196
-0.40571913650033536
-0.3933681934892126
-0.38076397052221445
-0.36799199254554005
-0.355130064168981
-0.34224835819159277
-0.32940964819180724
-0.3166695682659257
-0.3040769709271637
-0.29167429250860877
-0.27949797744434235
-0.2675788958671558
-0.25594278834061657
-0.2446106953181138
-0.2335993893508959
-0.22292178839462962
-0.21258735401203335
-0.20260247097740908
-0.1929707993464509
-0.1836936110312347
-0.17477009067072138
-0.16619762585974174
-0.15797205671191872
-0.15008792050004868
-0.14253865299602989
-0.13531679079405687
-0.12841412933772903
-0.12182188753623635
-0.11553082821569066
-0.10953139015177317
-0.10381377683243341
-0.09836806099765857
-0.09318424732250766
-0.08825235419251298
-0.08356245540213277
-0.07910474336131318
-0.07486955427708057
-0.07084741638979061
-0.06702906245651151
-0.06340546601930311
-0.05996784439137292
-0.05670768540460836
-0.05361674353937994
-0.05068705910697607
-0.047910949673833705
-0.045281023211948775
-0.0427901665524097
-0.040431553681367936
-0.03819863261328537
-0.03608512971583331
-0.03408503611125498
-0.03219260867836201
-0.030402356860563227
-0.02870904080178138
-0.027107659262528682
-0.02559344519510771
-0.024161855324534517
-0.022808563349926623
-0.021529451640057207
-0.020320602153197892
-0.019178290613037708
-0.018098975162924337
-0.017079293331098477
-0.016116048374732364
-0.01520620929776701
-0.01434689479295821
-0.013535376548423593
-0.01276906065461316
-0.012045494416779323
-0.011362345062782728
-0.01071741026795063
-0.010108593970995191
-0.009533920818846357
-0.008991508869816369
-0.00847958816954224
-0.007996470098443639
-0.007540570300225877
-0.00711037440558472
-0.006704465548917963
-0.006321486180005571
-0.005960170419233008
-0.005619301645434055
-0.005297749962795304
-0.004994425229307248
-0.004708319930714593
-0.004438457288611484
-0.0041839398648265014
-0.003943892359700113
-0.00371751630095263
-0.0035040271126423194
-0.0033027152767081654
-0.0031128772207841826
-0.002933883373253267
-0.00276510238656493
-0.002605976547250192
-0.002455938811544836
-0.002314496070967944
-0.0021811384399624783
-0.0020554309236567284
-0.0019369143512534789
-0.0018252060409772385
-0.0017198917261853055
-0.001620635864670081
-0.0015270638539972038
-0.0014388826868314791
-0.0013557526953404996
-0.001277419316509698
-0.0012035735469904133
-0.0011339956449952283
-0.0010684034110148833
-0.0010066087236408538
-0.0009483526916769897
-0.0008934759962268779
-0.0008417398843460821
-0.0007930113689774137
-0.0007470689529473978
-0.0007038038259189167
-0.0006630091179897083
-0.00062459832768379
-0.0005883768084673939
-0.000554278760777266
-0.0005221195523848099
-0.0004918527171866884
-0.0004633015999753256
-0.00043643791771052343
-0.00041109110144411373
-0.00038725010243844613
-0.0003647486737062981
-0.0003435922367871579
-0.000323617209018459
-0.0003048448900739527
-0.00028711279225377204
-0.0002704576624548018
-0.00025471660975616173
-0.00023994154757200442
-0.00022596774159899233
-0.00021286213383674488
-0.00020045674668454685
-0.00018883354756258407
-0.00017781994728625298
-0.000167513065472277
-0.00015773434697211337
-0.00014859631713312686
-0.00013991310546591714
-0.00013181301779408247
-0.00012410151146847892
-0.00011692317027856895
-0.00011007340357075979
-0.00010371368938829106
-0.00009762798419525286
-0.00009199539825104929
-0.00008658698934112662
-0.0000816003593372602
-0.00007679217039933348
-0.00007237949976403528
-0.00006810305505185283
-0.00006420050007365401
-0.00006039495793526329
-0.000056945920550229886
-0.00005355721263168586
-0.000050511533098667286
-0.00004749160102218403
-0.000044804841803259423
-0.000042110956327124616
-0.00003974376583024524
-0.000037337923963398066
-0.00003525547272983655
-0.00003310385991412647
-0.00003127533819434916
-0.00002934785108063086
-0.000027746025917409252
-0.000026015847401565646
-0.000024616667088706505
-0.00002305988823781131
-0.00002184213333316703
-0.000020437418812963013
-0.00001938239330683091
-0.00001811068076964744
-0.000017201936424307877
-0.000016046171504904227
-0.000015269265937428924
-0.000014214164836704678
-0.000013556447188282112
-0.000012588285800740759
-0.00001203870624828262
-0.000011145131506859661
-0.000010694073887000272
-9.86393537844273e-6
-9.50307022905307e-6
-8.726270147445022e-6
-8.448423199807312e-6
-7.71578299392239e-6
-7.514822631199662e-6
-6.817960630480146e-6
-6.688695820027249e-6
-6.019921246957356e-6
-5.958015236544904e-6
-5.310229368244829e-6
-5.312122888594382e-6
-4.678733290278007e-6
-4.741577754847078e-6
-4.1164163047903494e-6
-4.238016908870343e-6
-3.615270358582854e-6
-3.794037075012014e-6
-3.1681800341854233e-6
-3.4030854875369575e-6
-2.7688205169270386e-6
-3.059364824024227e-6
-2.4115666070191616e-6
-2.75774890883247e-6
-2.091414014920198e-6
-2.4937085610809365e-6
-1.8039063335305135e-6
-2.263244580329258e-6
-1.5450729492530846e-6
-2.062829146176884e-6
-1.3113721140717017e-6
-1.8893540051985233e-6
-1.0996403180346764e-6
-1.7400841305352985e-6
-9.070493457872027e-7
-1.6126176796315375e-6
-7.310655345494235e-7
-1.5048494708567675e-6
-5.694136817876001e-7
-1.414938650945891e-6
-4.2004764746931946e-7
-1.3412812639467235e-6
-2.81113952780985e-7
-1.2824328662510923e-6
-1.505203783069553e-7
-1.2338337302061023e-6