6.191264940672405e-10
6.191287989540866e-9
5.0692058806287956e-8
2.1488133511259868e-7
6.567072690771624e-7
1.6333457615719196e-6
3.5264931554480587e-6
6.865268233970746e-6
0.000012349474225041633
0.000020871367709564204
0.00003353698245655178
0.00005168602155247449
0.0000769109295061284
0.00011107435050644399
0.0001563255720022702
0.0002151150541824771
0.0002902078858836702
0.00038469493938177347
0.0005020030343142842
0.0006459023311328899
0.0008205129789748486
0.0010303084349884085
0.001280118470270269
0.0015751281875307122
0.0019208773666493507
0.0023232550421074917
0.0027884952757530586
0.0033231672376429528
0.003934167586528217
0.004628706061864282
0.005414294721235406
0.006298729087122529
0.007290074526624093
0.008396642997353874
0.009626976854815127
0.010989821206055865
0.012494105396698835
0.01414891091377085
0.015963450747441106
0.017947032697484724
0.02010903674039712
0.022458873504562132
0.025005959722307285
0.027759671567656886
0.030729318257459504
0.033924089913500766
0.03735302941764087
0.041024974484786605
0.04494852798932657
0.04913199402855716
0.05358334712877939
0.058310162243365424
0.06331958351402867
0.06861824837750653
0.07421225688781312
0.08010709038504601
0.0863075827555797
0.09281783442252027
0.09964118730293174
0.10678013518300918
0.11423630448956898
0.12201036238183112
0.130102005751099
0.1385098685621413
0.14723152169309023
0.15626338116159758
0.1656007214825879
0.17523758639116052
0.18516681830164577
0.19537997297228943
0.20586736737848005
0.21661799944747548
0.22761961621043722
0.23885863927945733
0.2503202545357982
0.26198834345746497
0.2738455948766321
0.2858734416474407
0.29805219422910356
0.31036098158397946
0.32277790559794295
0.3352799846039749
0.3478433270298489
0.36044307563762656
0.3730535983749326
0.3856484313732748
0.398200484832295
0.4106819830621934
0.42306468336814457
0.43531981193896757
0.4474182940885959
0.4593306855173405
0.47102741282647953
0.4824787004983107
0.49365482120869086
0.5045260196488244
0.5150627726824791
0.5252357117242442
0.5350158930945937
0.5443747209555488
0.5532842282093429
0.5617170018931902
0.5696464745933845
0.5770468536888202
0.5838934225126695
0.5901624739382602
0.5958316194697576
0.6008797264668613
0.6052872320886777
0.6090360820859309
0.6121100452047752
0.6144946501042439
0.6161774946236781
0.6171481761960956
0.6173985894761547
0.6169228447974875
0.6157175472063043
0.613781697192238
0.6111169442752886
0.6077274644882784
0.6036201823301295
0.5988046202552765
0.593293083938399
0.5871004801935548
0.5802444619130726
0.5727452121948851
0.5646255468085233
0.5559106636563258
0.5466282020158426
0.5368079576866583
0.5264818995134882
0.5156838517036546
0.5044494693520701
0.4928158906243637
0.4808216744018238
0.46850642654953456
0.45591070460326905
0.4430756243566515
0.43004273881664773
0.41685363382425206
0.4035497911523487
0.3901721845140219
0.37676113922399607
0.36335594218591893
0.34999471234885193
0.33671403942952155
0.32354887982696395
0.3105322383682724
0.29769510297765284
0.28506618139477724
0.2726718847007598
0.26053612693945605
0.24868036298885388
0.23712345391248435
0.22588175937202032
0.21496906618614903
0.20439673038284661
0.19417366170168895
0.18430650626214315
0.17479967627595455
0.1656555616724517
0.15687459243469848
0.14845546654255207
0.1403952321125658
0.1326895195461062
0.1253326317672234
0.1183177701293305
0.11163712307818567
0.10528207771412239
0.0992432996929117
0.09351092491429157
0.08807462600308236
0.08292378104127794
0.07804752424704323
0.07343489075137327
0.06907485093955548
0.06495643187908232
0.06106873614318812
0.0574010416061969
0.05394280644994496
0.05068374970367194
0.04761384460950809
0.04472338257929538
0.042002957255144274
0.039443514579252464
0.03703632982216763
0.03477304630275408
0.032645647452316226
0.03064648645534379
0.028768255138000746
0.02700400648390354
0.025347121829257958
0.02379132788251777
0.022330663408449625
0.020959492072372618
0.019672469521506433
0.018464553098488042
0.017330969990621385
0.01626722462011172
0.01526906833361573
0.014332505079178312
0.013453762948752475
0.01262929859181715
0.011855770798775587
0.011130043974501964
0.010449163856028341
0.00981036027091801
0.00921102501338961
0.008648714037493784
0.00812112746699671
0.007626111317263664
0.007161639581509075
0.0067258155340398015
0.006316855815188643
0.005933091338731289
0.005572953286892991
0.0052349736235378355
0.0049177729066094125
0.004620060393855852
0.0043406235810031085
0.00407832787656743
0.0038321077784655173
0.0036009660875209906
0.0033839666419623695
0.003180233034525388
0.0029889428325402196
0.0028093257602891165
0.0026406593415400238
0.002482266506471305
0.002333512603136503
0.0021938023864015626
0.0020625783546384946
0.0019393170764312778
0.0018235288186059277
0.001714753164741711
0.0016125599103294281
0.0015165439252307904
0.0014263273012622684
0.0013415534085679326
0.0012618902902247072
0.0011870238599707564
0.0011166625475363915
0.0010505295822440727
0.0009883689017049747
0.0009299364624532229
0.0008750074334525807
0.0008233664711225135
0.0007748162278175659
0.0007291665243285385
0.0006862442121797299
0.0006458811719290691
0.0006079255768355278
0.0005722286400254951
0.0005386573358649319
0.0005070798132866183
0.0004773796401235566
0.00044943979358821363
0.00042315850194002094
0.0003984317162549204
0.0003751706331674706
0.000353282544642843
0.00033269013521560874
0.0003133105984520797
0.0002950768121601246
0.0002779146015766527
0.00026176590650650973
0.000246564061955433
0.00023225908213498654
0.00021879081924411833
0.00020611650081106856
0.0001941816165716761
0.00018294985777064446
0.00017237157054053658
0.000162416258624063
0.00015303842927834077
0.0001442128344675086
0.00013589752204611318
0.00012807200488825974
0.00012069731587830154
0.00011375730975702087
0.00010721550520935288
0.00010105974049672403
0.00009525556960491413
0.00008979451008144677
0.00008464374272058051
0.00007979820851508634
0.00007522634263097606
0.00007092629710571558
0.00006686741981063319
0.00006305090058386897
0.00005944668440576548
0.00005605886113656711
0.000052857679143912615
0.00004985002283383783
0.000047006168352856114
0.00004433571877534683
0.000041808717149437034
0.00003943743665171573
0.000037191438028213056
0.000035085641380348646
0.00003308888484357717
0.000031218736063415546
0.000029443076610320602
0.000027782144789560904
0.000026202635666963556
0.000024727502788653233
0.000023322026621352012
0.00002201194120478798
0.000020760884128541454
0.0000195974552784984
0.000018483418991877098
0.000017450346080514876
0.00001645789333548882
0.000015540727119408612
0.00001465615671337593
0.000013842088185806541
0.000013053235978650574
0.000012330909704239442
0.000011626972605642024
0.000010986321668726309
0.000010357701903059776
9.789801942439564e-6
9.227969215453607e-6
8.72490932076255e-6
8.222278794608097e-6
7.777047299139322e-6
7.3268715326771e-6
6.933254974584822e-6
6.529528197898613e-6
6.182021922783186e-6
5.819395212993128e-6
5.513124270330578e-6
5.186830357721248e-6
4.917479504962146e-6
4.623266092117114e-6
4.387017858071226e-6
4.121088463445429e-6
3.914568345763987e-6
3.673529798184333e-6
3.4937577779767103e-6
3.274573591175897e-6
3.1189212444445694e-6
2.9188701888675646e-6
2.7850227585096125e-6
2.60166202838457e-6
2.487584892987317e-6
2.3187173348451296e-6
2.2226263792128964e-6
2.0662713093038693e-6
1.986606758107495e-6
1.8409739516337669e-6
1.7763772783341814e-6
1.6398437597097047e-6
1.589137330129243e-6
1.4602266368023999e-6
1.422395783567733e-6
1.2997594126697758e-6
1.2739366754530027e-6
1.1563374547132786e-6
1.1417887503668412e-6
1.0280859048605245e-6
1.024198420205894e-6
9.133341302385686e-7
9.1960575427113e-7
8.105930252003963e-7
8.26623159250592e-7
7.185348400152789e-7
7.440164450054821e-7
6.35975253599265e-7
6.706880074361032e-7
5.618574334128414e-7
6.056618907248804e-7
4.952378615211761e-7
5.480705191173835e-7
4.3527372631022145e-7
4.971429093016926e-7
3.8121170281774916e-7
4.5219419988076504e-7
3.323779681798613e-7
4.12616349776621e-7
2.881693092397918e-7
3.778698754688384e-7
2.4804520250373347e-7
3.474765117346846e-7
2.115207556925929e-7
3.2101269404121447e-7
1.7816041392370893e-7
2.981037708235491e-7
1.4757234545428087e-7
2.784188668099886e-7
1.1940342869714008e-7
2.616663224563495e-7
9.333477334048916e-8
2.4758964820643236e-7
6.907769754865175e-8
2.3596380251616502e-7
4.6369068117221106e-8
2.2658346033075873e-7
2.489999840875553e-8
2.1871829909731478e-7
-1.1625334418768016e-9
-1.1624721159285059e-8
-9.514191057583839e-8
-4.031867860453037e-7
-1.2318019513447477e-6
-3.0625914777400637e-6
-6.609501723616618e-6
-0.000012860931886129795
-0.000023121880996946573
-0.000039053287091424805
-0.00006270927323514507
-0.00009657224582711711
-0.00014358407446597875
-0.0002071759178236565
-0.0002912918900745248
-0.0004004128154803966
-0.0005395708013038575
-0.0007143663820241969
-0.0009309723870997878
-0.001196144296397986
-0.0015172118746180677
-0.0019020830511569562
-0.00235922199822105
-0.00289764746606789
-0.003526896285149047
-0.004257017782793509
-0.005098522023999066
-0.006062372617874063
-0.007159919271152598
-0.00840289184192855
-0.00980331684002707
-0.011373515878570543
-0.013126005505853269
-0.015073503154558559
-0.017228809071161137
-0.019604822449696115
-0.022214403259710386
-0.025070400552577463
-0.02818549079371603
-0.03157221951119462
-0.03524281151050756
-0.03920922633082237
-0.043482934702647455
-0.04807498793577917
-0.052995754404352016
-0.05825500322589052
-0.06386159459348852
-0.06982357904186015
-0.0761478361651078
-0.0828401924164328
-0.08990500411048262
-0.09734529897210023
-0.1051623011939484
-0.1133556046559876
-0.12192264000278609
-0.13085889037798612
-0.14015730279903796
-0.149808560161292
-0.15980044142796113
-0.17011816633772756
-0.1807437109156421
-0.1916562435468388
-0.20283140386588505
-0.21424185039239255
-0.22585651175118718
-0.2376412666107446
-0.24955817615634632
-0.261566316296029
-0.27362099905793386
-0.2856747746102722
-0.297676646539725
-0.3095732569552595
-0.3213080963418696
-0.3328228789025809
-0.34405674206044085
-0.35494781158215954
-0.36543237934696826
-0.37544664939052597
-0.3849258761059471
-0.3938062741085447
-0.40202409357585256
-0.4095176697933664
-0.4162264087852294
-0.42209294739066416
-0.4270620212595125
-0.4310827037254091
-0.43410712968837617
-0.43609278125647666
-0.43700104452984573
-0.43679951137722056
-0.43546035083465656
-0.43296259867523634
-0.42929033018528484
-0.42443491173251313
-0.4183929665489335
-0.4111685651162356
-0.40277098027969405
-0.3932167963254289
-0.38252745483574613
-0.37073126665176726
-0.3578607562535849
-0.34395456734813623
-0.3290546221064984
-0.3132079206645891
-0.29646354283693677
-0.2788743546769241
-0.2604938943604186
-0.24137801483789262
-0.22158171188008347
-0.20116074982699417
-0.1801685070471306
-0.1586576501025768
-0.13667708791674288
-0.11427377549923705
-0.09148987951508639
-0.06836480181980303
-0.04493266099183531
-0.021224622718586602
0.002733211770471431
0.026917103078115658
0.05130732213258595
0.07588505470331297
0.1006335893675316
0.1255348767418585
0.1505703390636171
0.17571721636316776
0.2009491689322277
0.22623262814385986
0.2515274421394973
0.2767835126978728
0.3019417791096849
0.3269314401690283
0.35167155932407923
0.3760691248160691
0.40002147959465517
0.42341535995840707
0.4461302130526266
0.46803819173413214
0.48900824702839973
0.5089068788859751
0.5276027213724993
0.5449676991405102
0.5608817027044873
0.5752337182068221
0.5879261510973932
0.5988755042599234
0.60801596106386
0.6152992816168498
0.6206973855988546
0.6242012923668361
0.6258226156691625
0.6255915503375167
0.6235573625092583
0.6197855823942312
0.6143577079013214
0.6073678689691483
0.5989220373063993
0.5891344699385034
0.578126729122851
0.5660241954260502
0.5529551610774517
0.5390476426885794
0.5244287383847505
0.5092218888358563
0.4935466049388233
0.47751624317654645
0.4612381338701753
0.4448118673184295
0.4283297934559876
0.4118757660234173
0.39552594681800246
0.37934792742670564
0.3634017538828276
0.3477393362239839
0.3324056079644143
0.31743813787466973
0.3028683478826159
0.28872125369049084
0.27501667950308684
0.2617690698689649
0.2489886560733184
0.23668129762592013
0.224849570619591
0.21349261157500257
0.2026071111098988
0.19218714442504053
0.18222506371397082
0.1727113082203014
0.16363519599762272
0.15498471242446035
0.1467472065833514
0.13890916084883095
0.13145679981239772
0.1243758455850419
0.1176520483767257
0.11127093297136345
0.10521826023993604
0.09947977026657812
0.09404158360663924
0.08888994608928659
0.08401157780758339
0.07939342392765783
0.07502295841381491
0.07088794439529782
0.06697669861569136
0.06327786414499828
0.0597806405781599
0.056474571188237906
0.05334974302594909
0.05039659001701326
0.0476060663508425
0.044969466539537165
0.04247857482969612
0.040125502858558856
0.03790281727351371
0.035803395331533545
0.033820532454039376
0.03194781590656435
0.030179213638553647
0.028508966038599197
0.026931657097073132
0.025442124144935456
0.024035512118259716
0.022707201146087413
0.02145284448067
0.02026831378972343
0.019149721135154403
0.018093381842633868
0.01709582075638153
0.016153752596140644
0.015264072580544054
0.014423854234428114
0.013630324353115113
0.012880878287359381
0.012173039111103552
0.011504490485679962
0.01087301979125088
0.010276568752218376
0.00971316019503247
0.009180966703381616
0.008678220571115941
0.008203300845271494
0.007754625951116237
0.007330759574450184
0.006930285342956189
0.006551932097320089
0.006194429919574419
0.005856655443037598
0.005537468422123491
0.005235877835968563
0.004950858095832812
0.004681536805237901
0.004426989598832666
0.004186450533439637
0.003959084446501795
0.003744221068396599
0.0035411036775423285
0.0033491481455443393
0.0031676665491272614
0.0029961524866745862
0.0028339781837963133
0.002680707552343352
0.002535765196881319
0.0023987788265397952
0.0022692184326629145
0.002146769809519178
0.0020309420293374704
0.0019214739805754515
0.001817908114141715
0.0017200320705213108
0.0016274165074982054
0.0015398940580045818
0.0014570588789935093
0.001378785363008115
0.0013046868632154752
0.001234676773931048
0.0011683836932680626
0.0011057576911538763
0.0010464389629303349
0.000990412320110883
0.0009373261681183027
0.0008871984844668805
0.0008396827193531181
0.0007948287694409417
0.000752292150873429
0.0007121537359345313
0.0006740682823945493
0.0006381469755016585
0.0006040411159793171
0.0005718918024962734
0.0005413442782020517
0.0005125694020442324
0.0004852038332281414
0.0004594482721116802
0.0004349283183106028
0.0004118748176524887
0.00038989986447428613
0.0003692649689789931
0.0003495662844166722
0.0003310967122808471
0.00031343402001605215
0.0002969034309781157
0.00028106185517290985
0.00026626796931222753
0.0002520553101511482
0.00023881733906236922
0.00022606164302696734
0.00021421799902789695
0.00020276539087585375
0.00019217164388874735
0.00018188439245582093
0.00017241144757838326
0.0001631662393444721
0.00015469871115556663
0.00014638510945031225
0.0001388198716677695
0.0001313389406721747
0.00012458383189821315
0.00011784690791372624
0.00011181957657190777
0.0001057471705154933
0.00010037404456672799
0.00009489486134551874
0.00009011022797463474
0.00008516029001013665
0.00008090547518048698
0.00007642733916193848
0.00007264997446404628
0.0000685920305415422
0.00006524539998004444
0.00006156124526262927
0.00005860370103674428
0.00005525157854520064
0.00005264602104900038
0.000049588317947267364
0.000047301730618394276
0.00004450452823290979
0.00004250756360836872
0.000039940234878140944
0.000038206844686949265
0.00003584169271623667
0.000034348798880985795
0.00003216073301846984
0.00003088793389897901
0.000028854178825196057
0.000027783487926581315
0.00002588332208902475
0.000024998935689102558
0.000023213456338157752
0.000022501546522635785
0.00002081345779216282
0.000020261989091299784
0.00001865541130376601
0.000018253977594115827
0.000016714274890689685
0.000016453955458182346
0.000014967579919707218
0.000014840811832753509
0.00001339516231131062
0.00001339562853569022
0.00001197892231166771
0.000012101452808583348
0.00001070260894147425
0.000010943094653492079
9.551627184852177e-6
9.906944734567655e-6
8.512865174600852e-6
8.980811822144504e-6
7.574539260404311e-6
8.153776971624625e-6
6.726055199217123e-6
7.4160632506068385e-6
5.95788385726589e-6
6.758918923082105e-6
5.26144952985485e-6
6.174512895731811e-6
4.629029894703034e-6
5.655841242415052e-6
4.05366646991192e-6
5.196643354996597e-6
3.5290839810921267e-6
4.791327144256033e-6
3.0496178043168176e-6
4.434901484797198e-6
2.6101493718066005e-6
4.122916676867405e-6
2.206047397268439e-6
3.8514102619899816e-6
1.8331160311576622e-6
3.6168594345598368e-6
1.4875471068919189e-6
3.4161377815995066e-6
1.1658780752714782e-6
3.2464768028715042e-6
8.649531679949832e-7
3.1054301672934904e-6
5.818755788692713e-7
2.990734469085691e-6
3.1311503324667243e-7
2.893433068556008e-6
1.5702640417326654e-9
1.57014653258488e-8
1.2839264092145246e-7
5.437160443628207e-7
1.6599122926971872e-6
4.123413689710637e-6
8.890130760586942e-6
0.000017279100088618066
0.000031025983422870544
0.0000523302494166413
0.0000839007446082811
0.0001289936265749144
0.00019144939110288288
0.00027571943383263324
0.00038689442262478574
0.000530717710602712
0.0007136056803135816
0.0009426464542006583
0.0012256135703356639
0.0015709484767432436
0.0019877694714746626
0.002485836225086951
0.003075556204041033
0.003767928883257889
0.004574551834554019
0.005507541393981606
0.006579540311341914
0.0078036105686397446
0.009193244151367706
0.010762222724385123
0.012524632982986
0.014494687276478119
0.016686745436729364
0.01911509045927464
0.021793959910765593
0.024737271561998942
0.027958669507540886
0.03147119613163933
0.03528736078183689
0.03941875635474188
0.043876161403683216
0.04866910152247086
0.05380599867065426
0.059293678910976276
0.0651375850483293
0.07134123272158341
0.07790650383352164
0.08483305227516201
0.09211869594749586
0.09975877150658524
0.10774664212287001
0.11607299778595206
0.1247264945500085
0.1336929934559522
0.142956345144963
0.15249755666313303
0.16229573319311472
0.17232715813267285
0.18256640136431346
0.19298529415442928
0.2035542108151786
0.2142409162095129
0.22501202481180885
0.23583169507014096
0.2466632668540417
0.25746777397002146
0.26820575819745673
0.27883556954821836
0.28931535325079116
0.29960110782694316
0.3096488414161976
0.31941236141459217
0.3288455993289663
0.33790011334602604
0.3465275869548704
0.35467703755118934
0.3622975031649852
0.36933496536253957
0.37573524949276554
0.3814406871477487
0.3863932665569106
0.39053107646904983
0.39379175243615744
0.3961087577592889
0.39741517629432416
0.3976398950024545
0.3967117931011327
0.39455589353588255
0.39109799124457506
0.38626083722836796
0.37996923574218017
0.3721463150374973
0.3627191052764083
0.3516149351522362
0.3387674800744702
0.32411330421257084
0.3075983423975897
0.28917458267181506
0.2688069152937416
0.246469921311333
0.22215498784971208
0.1958671335211479
0.16763225120853364
0.1374938622424278
0.10552030783997872
0.07180128345156475
0.03645476122467696
-0.0003768819509295113
-0.038520461055560055
-0.07777647699413122
-0.11791350210642583
-0.15867352576018018
-0.19976739809358554
-0.24088124657359603
-0.2816732184727294
-0.3217811457186186
-0.36082076117753503
-0.39839470688258133
-0.434092290108552
-0.4674998019989826
-0.49820172350261904
-0.5257921476937972
-0.5498771478849838
-0.5700868883210263
-0.586078645063553
-0.5975489718495473
-0.6042366525210987
-0.6059341031527266
-0.602489381020642
-0.5938159030990738
-0.5798925946371852
-0.560771038978603
-0.5365729629498216
-0.5074941360349526
-0.47379867615412363
-0.4358193837626724
-0.3939487839845773
-0.3486360637128422
-0.30037527287558313
-0.24969953970221037
-0.19716733119703334
-0.14335504292909515
-0.08884255748877806
-0.03420554136028929
0.019998341077639693
0.07323609648897583
0.12501130400896585
0.17486866570648965
0.2224031349636712
0.26726168093210906
0.3091492219974807
0.3478274259455431
0.38311751069097594
0.41489635589533425
0.44309663564553686
0.46770085210684176
0.48873952149378647
0.5062839138292906
0.5204431049379407
0.531356220495397
0.5391891134440073
0.5441268005823423
0.5463703724031417
0.5461301280063049
0.5436231259886258
0.5390673196219636
0.5326799593788281
0.5246728446351703
0.5152516222416538
0.5046121267709759
0.4929405004534504
0.48041049913825673
0.4671842885581945
0.45341054436805533
0.4392257509586789
0.4247529115119234
0.4101031772886565
0.39537499587851194
0.3806559194739672
0.3660220455344946
0.3515398822287079
0.3372659670507672
0.3232486992258097
0.3095280526261299
0.2961373140046344
0.2831028335396686
0.27044563200567817
0.2581811539950385
0.24632072584200604
0.234871292855756
0.22383672324394416
0.21321752210122927
0.20301198550639327
0.19321589142378975
0.1838235135204961
0.1748272934969757
0.16621872692078749
0.15798802368343706
0.15012487907078328
0.1426181297527232
0.13545642306364383
0.12862787572872242
0.12212065338267133
0.11592263852561406
0.11002193100948349
0.1044065307735061
0.09906476860264665
0.09398500819657025
0.08915601509345085
0.08456668168746576
0.0802063408969631
0.07606451691505868
0.07213118902577742
0.06839657017833276
0.06485132532378249
0.06148637934895048
0.0582930934234372
0.055263103403234044
0.05238845692600379
0.0496614830851748
0.04707489237397206
0.044621678221257774
0.04229518134621791
0.04008902362002411
0.03799713793300442
0.03601373478820699
0.03413329839062141
0.03235058637238308
0.030660592471541705
0.02905857982995843
0.027540010327386913
0.02610061196636057
0.02473627465488548
0.02344315229886238
0.02221752457829481
0.021055934487403432
0.019955015421614448
0.018911665048723623
0.017922836803001205
0.01698575112515615
0.016097650249282273
0.015256048021982741
0.01445844665461198
0.01370262651368072
0.012986323301758236
0.012307559407778841
0.011664279763760197
0.011054726545682717
0.01047703174086815
0.009929637204623708
0.009410841746684192
0.008919268773186323
0.008453365472926758
0.008011920510623475
0.007593512650521193
0.0071970812160081915
0.006821321236163589
0.006465309650198362
0.006127843794916378
0.005808126608777261
0.005505045004753585
0.005217917611571317
0.004945709283092837
0.004687845226332406
0.0044433575874712194
0.004211770133764482
0.00399217253179826
0.0037841800955215384
0.003586931019532287
0.0034001260693619856
0.0032229436652114305
0.003055164770294188
0.0028960003345527754
0.0027453070438252995
0.0026023212109769185
0.0024669714806841566
0.0023385128229054647
0.0022169427419991877
0.002101528552136674
0.001992334132125021
0.0018886331628950581
0.0017905539848917453
0.0016973709485497027
0.0016092754812958986
0.0015255371333060064
0.001446409550427091
0.0013711521940938747
0.001300080540380016
0.001232438810072415
0.0011686043791829012
0.0011078011710450339
0.0010504689713265924
0.0009958064036718992
0.0009443165983288662
0.0008951678967885738
0.0008489281246078414
0.0008047303386067515
0.0007632088187359858
0.0007234562842020434
0.000686175630395268
0.0006504140995837534
0.0006169457667763987
0.0005847671415298938
0.0005547264439120749
0.0005257640452521449
0.0004988056829192001
0.0004727300064083988
0.0004485440543049077
0.00042505895774007146
0.0004033672636625074
0.0003822065459141892
0.00036275949907755255
0.000343683827100495
0.0003262574587479719
0.00030905160917607
0.0002934449912017477
0.00027791537244999375
0.00026394828259857254
0.0002499207105218993
0.00023743153852041148
0.00022474923771634544
0.0002135931061030809
0.0002021149145373819
0.00019216199338019583
0.00018176075001399014
0.0001728947443368771
0.00016345583961433692
0.0001555726345411153
0.00014699270764576366
0.00013999915155857488
0.00013218491960315188
0.0001259977356795549
0.00011886493905951428
0.00011340974756275145
0.0001068822045767614
0.0001020926474028183
0.00009610140032028596
0.00009191835792855101
0.00008640090571656296
0.00008277179387650758
0.00007767140087454459
0.0000745495432779978
0.0000698146151608564
0.00006715868187354302
0.00006274220457789202
0.00006051570990463292
0.00005637474226872516
0.00005454559652262223
0.00005064081163491585
0.00004918092108505811
0.0000454761916094817
0.000044361102118779535
0.000040823124966067244
0.00004003170602465302
0.000036629661600279564
0.00003614382491235044
0.000032849067892255155
0.00003265351862997403
0.000029439296583371686
0.000029521313467574876
0.00002636250964611726
0.00002671175127703505
0.00002358464978621102
0.000024192985257037287
0.000021075055366115078
0.000021936416892904338
0.00001880611499010196
0.000019916369707549596
0.000016752955235624644
0.00001810979537118151
0.000014893162242302056
0.000016496012046072994
0.000013206529449008995
0.000015056466883401982
0.000011674831037942883
0.000013774524788713867
0.000010281619688233918
0.000012635276822938533
9.012041768024641e-6
0.000011625370119590907
7.852673809830725e-6
0.000010732853541278168
6.7913735433682655e-6
9.947041125629887e-6
5.8171467888865475e-6
9.25838691471235e-6
4.920026419754726e-6
8.65837534209746e-6
4.090963956065347e-6
8.139421107956863e-6
3.3217324966456623e-6
7.694780088623605e-6
2.6048372537008693e-6
7.318469362209064e-6
1.933435895800028e-6
7.005192223529414e-6
1.3012359162228355e-6
6.750031160317075e-6
7.005003474020283e-7
6.5330522827913055e-6