0.00038438966500703914
0.001537364798990274
0.0034549725692573957
0.006132557533274482
0.009562427006430823
0.013735451460127633
0.018639922663046326
0.02426245172003996
0.030587259300541774
0.037596786400393024
0.045271206847641715
0.05358888232527483
0.06252601781689443
0.07205702018075211
0.08215425978135792
0.09278836468845113
0.10392806900066448
0.11554046198121067
0.1275909112394473
0.14004327901535787
0.15285991170411933
0.16600183092114537
0.17942878199802303
0.19309940414081628
0.20697133055818917
0.22100133945537795
0.23514549799576503
0.24935929386908653
0.26359781474671945
0.2778158586933187
0.29196814044427843
0.30600937802065614
0.3198945172336994
0.33357879154097214
0.347017956779552
0.36016832156039147
0.372986985372431
0.38543183759253347
0.39746179372493023
0.40903676228707947
0.42011787591507227
0.4306674268030771
0.4406490915238331
0.45002783715246497
0.4587701407043028
0.46684386936088146
0.4742184972029377
0.48086496389981204
0.48675589273621395
0.4918654325963122
0.4961694820281799
0.49964551928357726
0.5022728372818244
0.5040323658556871
0.5049069219837026
0.5048810273029204
0.5039411769523976
0.5020756539538067
0.49927481857059913
0.495530919467375
0.49083840378805105
0.4851937232379174
0.4785956632805429
0.4710451405964564
0.4625455480526848
0.4531025385243272
0.4427243807549291
0.43142172341382246
0.4192079557798804
0.406098945263622
0.3921133961340378
0.3772725536538602
0.36160055392720986
0.3451240883426683
0.3278727381100298
0.3098785938990388
0.29117656976593925
0.27180397467725387
0.25180080224272267
0.23120925311280724
0.21007399909806102
0.18844165803992105
0.16636103329633764
0.1438825453566328
0.1210584500419238
0.09794223357805747
0.07458881490915656
0.051053912874977014
0.02739423950569808
0.0036668491430176388
-0.020070669712153707
-0.04376085317243828
-0.06734616412908788
-0.09076964930896059
-0.11397472894423538
-0.1369058438126293
-0.15950822745021187
-0.18172853671545552
-0.20351460349962003
-0.22481604444604833
-0.24558399111027923
-0.26577167651075634
-0.2853341444943021
-0.304228812531858
-0.32241516243034934
-0.3398552800245037
-0.35651353019896925
-0.3723570747610628
-0.3873555349458172
-0.40148148877754675
-0.4147101238682276
-0.4270197150729063
-0.4383912695854631
-0.4488089848248546
-0.458259886770718
-0.4667342669918763
-0.4742253140631398
-0.4807295276785385
-0.48624634204814765
-0.4907785143002583
-0.494331738108677
-0.4969150031746047
-0.4985401970230993
-0.49922243226346175
-0.4989796344673429
-0.49783283405328344
-0.4958057383114945
-0.4929249850372415
-0.4892196970051888
-0.4847216948328639
-0.47946503252569045
-0.4734861675472295
-0.4668234765821351
-0.45951738161642325
-0.4516098460389901
-0.443144456956654
-0.4341659034310444
-0.4247200174788799
-0.41485323874590624
-0.4046126196774499
-0.3940452841242758
-0.38319840570642766
-0.3721186712623986
-0.3608522448567099
-0.34944424990158995
-0.33793873378603717
-0.3263781841279899
-0.3148035098942012
-0.30325360697058495
-0.2917653704598677
-0.2803733223716101
-0.26910966654854335
-0.2580039870441401
-0.2470833523320667
-0.2363720875475455
-0.22589192910835929
-0.21566186836481285
-0.2056983524445418
-0.19601519188731054
-0.18662379922996145
-0.17753314957306637
-0.16875004565947174
-0.16027911836315797
-0.1521231059385548
-0.14428288112053445
-0.13675773266684726
-0.1295454068233575
-0.12264238087107354
-0.1160439087044983
-0.10974427836386508
-0.10373685393022769
-0.09801431153038674
-0.09256867226539044
-0.08739151356954458
-0.08247399016555886
-0.07780701970971514
-0.07338129063526536
-0.06918742260981585
-0.06521596152405405
-0.061457516404783155
-0.05790274274274863
-0.05454245818872987
-0.051367615954540355
-0.04836940194744149
-0.045539200206626954
-0.04286867419146162
-0.04034972621906827
-0.037974565498857867
-0.0357356633933655
-0.03362581055695736
-0.031638069615306415
-0.029765823475861472
-0.028002726758813427
-0.026342747041013786
-0.02478011610571184
-0.02330936558655098
-0.021925278855306846
-0.020622922263990717
-0.019397598270498955
-0.01824487324233022
-0.017160532234070835
-0.016140604117947155
-0.015181318274657865
-0.014279127652631212
-0.013430667512504347
-0.012632776885297799
-0.011882459417103324
-0.011176903592287107
-0.010513445654457604
-0.009889588879908135
-0.009302968499503225
-0.008751370245736158
-0.008232697163937572
-0.007744987609829413
-0.0072863838140568215
-0.006855149472773623
-0.0064496399140780425
-0.0060683193993031756
-0.005709732731174523
-0.005372522365922428
-0.0050554012990073624
-0.004757170076199537
-0.004476690792068597
-0.004212904080424036
-0.003964804062312612
-0.003731455391637651
-0.0035119689922931104
-0.00330551923257993
-0.0031113202946829173
-0.0029286435510906096
-0.0027567944134196565
-0.0025951299849735314
-0.0024430362395976655
-0.002299946026466961
-0.002165316432965118
-0.0020386472205472864
-0.0019194582284148465
-0.0018073083226929272
-0.0017017726998012216
-0.001602462435120535
-0.001509001546359345
-0.0014210472322942925
-0.0013382665570550384
-0.001260357474374315
-0.0011870249935259497
-0.0011180030898022108
-0.0010530302118202726
-0.0009918721846602849
-0.000934296916395473
-0.0008800984064868347
-0.0008290705066783086
-0.0007810321538810663
-0.000735800037002249
-0.0006932151806928481
-0.0006531143652351408
-0.0006153581952103458
-0.0005798011142445382
-0.0005463211009179492
-0.0005147881139452419
-0.00048509556654367314
-0.0004571270304839308
-0.00043078964970510303
-0.00040597892358926733
-0.00038261423091396187
-0.0003606015036517558
-0.0003398710434362368
-0.00032033788713279964
-0.00030194210992237733
-0.0002846066727908291
-0.00026828041916751035
-0.0002528931822978418
-0.0002384016961745982
-0.00022474172743436126
-0.00021187713616345173
-0.00019974878244361709
-0.00018832698856840782
-0.0001775569545911389
-0.00016741489063637157
-0.0001578496587017791
-0.00014884286217947757
-0.0001403464126608909
-0.00013234688357362573
-0.00012479868074978932
-0.00011769298834365094
-0.00011098620036135722
-0.00010467380984323405
-0.00009871373531458467
-0.00009310552871337606
-0.0000878082057076877
-0.00008282517413003395
-0.00007811615019559643
-0.00007368823740902388
-0.0000695014817866183
-0.00006556656144708613
-0.00006184350286373546
-0.00005834647378729918
-0.000055035149180028076
-0.00005192713489885161
-0.000048981436143485894
-0.000046219076611231904
-0.00004359808385476072
-0.000041142908586774116
-0.0000388103001194954
-0.0000366281733222774
-0.000034551703109351816
-0.000032612332450404335
-0.0000307633674822439
-0.000029039869140249423
-0.00002739297967777976
-0.00002586149316569531
-0.00002439408976926747
-0.000023033436788125296
-0.00002172544872514483
-0.00002051683097463199
-0.000019350421240410716
-0.000018277152704798765
-0.00001723646543595911
-0.00001628373518174773
-0.000015354671737556468
-0.000014509333725452335
-0.000013679354144696157
-0.00001292974095912618
-0.000012187687876237338
-0.00001152344563872825
-0.000010859388088026246
-0.000010271330133546482
-9.67642495927096e-6
-9.156402137971204e-6
-8.622770997850107e-6
-8.163556709013005e-6
-7.684176885236484e-6
-7.279365170021565e-6
-6.847972610822523e-6
-6.491887823348154e-6
-6.102891017352295e-6
-5.790507763188816e-6
-5.438911207571096e-6
-5.165783389763902e-6
-4.84711955908168e-6
-4.6093175084083474e-6
-4.31958634985805e-6
-4.1136411262393395e-6
-3.84925622389051e-6
-3.6721102901112766e-6
-3.429850935464318e-6
-3.2788144877467946e-6
-3.055782975977012e-6
-2.928495304147628e-6
-2.7220788631235713e-6
-2.6164741820579116e-6
-2.424310996779544e-6
-2.338588255920887e-6
-2.158537118452196e-6
-2.0911333521121955e-6
-1.9212465169691506e-6
-1.8708133508649268e-6
-1.7093122234480763e-6
-1.6746951941920302e-6
-1.5199485207221795e-6
-1.500168907392539e-6
-1.3506731718879773e-6
-1.344912071863062e-6
-1.1992738375868608e-6
-1.2068582514174224e-6
-1.0637782132518252e-6
-1.0841689313141865e-6
-9.424274699475143e-7
-9.752085746460606e-7
-8.336526285618036e-7
-8.785224536684579e-7
-7.360535389013352e-7
-7.928169417528088e-7
-6.483801735711367e-7
-7.169419965123217e-7
-5.695159768056102e-7
-6.498755880703696e-7
-4.984630400840777e-7
-5.907098583286326e-7
-4.3432889864860137e-7
-5.386388195151703e-7
-3.7631477020487186e-7
-4.929474206153953e-7
-3.237050722105401e-7
-4.5300183266192064e-7
-2.758580778235637e-7
-4.182408183105322e-7
-2.3219757928272023e-7
-3.881680641333259e-7
-1.9220545089341402e-7
-3.6234537499564436e-7
-1.5541500486548498e-7
-3.4038663105280356e-7
-1.2140505730836683e-7
-3.2195242592322383e-7
-8.979459638797233e-8
-3.067451390389887e-7
-6.02366378551001e-8
-2.944936354515669e-7
-3.232568192000182e-8
-2.8424679501713435e-7
0.0001493855597107619
0.0005973763862206561
0.0013405692766438391
0.002374960219810671
0.0036939103670396455
0.005289550846058178
0.007151734890666203
0.009268873590924705
0.01162720251760702
0.014211417148026978
0.017004060810897156
0.019986082695158957
0.023136272349959814
0.026431800451897615
0.029847669072705058
0.033357272107474564
0.03693185303124829
0.040541110866907266
0.04415267054710995
0.047732752914834156
0.05124567039707957
0.054654572159565686
0.05792098049462779
0.061005613308815695
0.06386797494169025
0.06646724735003834
0.06876194386764059
0.07071084847486717
0.072272733697442
0.07340731568454265
0.07407502989071434
0.07423796018120087
0.07385966011711469
0.07290600873862568
0.0713450628253005
0.06914779160484011
0.06628794721009575
0.06274263565611761
0.05849219881827647
0.05352058892028398
0.04781526470007485
0.041367349762548224
0.03417155644004799
0.026226122540216338
0.01753278669627497
0.00809651105841646
-0.0020744602166489832
-0.012969074764033419
-0.02457329462622418
-0.03687074308282436
-0.049842372781983314
-0.06346726067008031
-0.07772209022339158
-0.09258207204409231
-0.10802021609391446
-0.12400836105964784
-0.14051622179882947
-0.15751251804965571
-0.17496379245597835
-0.19283563759793168
-0.2110912900534998
-0.22969296328317115
-0.24860023258050637
-0.26777148950431934
-0.28716214084288605
-0.306726207587302
-0.32641436779343225
-0.3461757289818694
-0.36595574950847537
-0.3856982170217439
-0.40534308494111676
-0.42482869028690756
-0.4440895403135482
-0.4630587997489509
-0.48166605687947034
-0.49984010239977295
-0.5175066940952685
-0.5345916371390484
-0.5510185524878545
-0.5667122524271032
-0.5815965012345948
-0.5955976617484215
-0.6086424197921406
-0.62066165976865
-0.6315881091387957
-0.6413603858934782
-0.6499205082255641
-0.6572180461944747
-0.6632074362005367
-0.6678521644687124
-0.6711218267161334
-0.6729962725877844
-0.6734623578141358
-0.67251798600413
-0.6701685127954997
-0.6664306335505351
-0.6613284153864213
-0.6548969952856476
-0.6471782353343043
-0.6382242145751656
-0.628092524280361
-0.6168495576648308
-0.6045654846631972
-0.5913173654991232
-0.5771838672582152
-0.562248249242901
-0.5465929054924622
-0.5303022905708399
-0.5134573917074327
-0.4961386816314302
-0.47842063956706804
-0.4603748311174067
-0.4420646070062876
-0.4235484166199848
-0.40487481475458253
-0.3860861125136463
-0.3672138124516558
-0.3482826848563199
-0.32930672727389254
-0.3102937224977532
-0.29124177667559636
-0.272144365469025
-0.2529874449644098
-0.23375492539075376
-0.21442627414172613
-0.1949822781214689
-0.17540297736880292
-0.15567349967760583
-0.13578209162747426
-0.1157257499755938
-0.09550807314457968
-0.07514439203299003
-0.05465916691522363
-0.03409035060257287
-0.013486113531760404
0.007091741084561178
0.027571830319527882
0.04787077215244687
0.06789797729410753
0.08755411996104062
0.10673647913786617
0.12533805378500523
0.1432531450806283
0.1603767767837443
0.17661015054066923
0.19186000722054555
0.20604360112350806
0.21908768579631382
0.2309327340358362
0.24153133693029508
0.25085152208983297
0.2588744889617337
0.2655970159529248
0.27102858599653795
0.2751929934276427
0.2781250145032119
0.2798714056369813
0.28048732916996877
0.280036967710302
0.278589924385254
0.27622166787125724
0.27301009774630197
0.2690359939245511
0.2643798863133684
0.2591226263477382
0.253342641201503
0.24711668797447656
0.2405175183452291
0.23361482753532392
0.2264733128873882
0.2191537949646311
0.21171162579529798
0.20419793913876
0.1966583502410885
0.18913428441851468
0.1816619072792906
0.1742734820246699
0.1669964736653965
0.15985489231909888
0.15286852366033102
0.14605422500528484
0.13942524445455637
0.13299244651328346
0.1267636923287179
0.1207449806252711
0.1149398700844321
0.10935052879265243
0.10397718672768393
0.09881909252586109
0.09387398919149119
0.08913898089586525
0.08461002860749932
0.08028273210130613
0.07615184450850912
0.07221197605753323
0.06845712787477276
0.06488132450403258
0.061478167934282915
0.05824140591556393
0.05516450737987848
0.05224117319584593
0.04946493406354375
0.04682960978257496
0.04432893046875581
0.04195694975972808
0.03970768990814474
0.03757551368551185
0.03555479360960079
0.033640246674371724
0.03182662769940746
0.030109030435339055
0.028482604796369607
0.026942827376125533
0.025485242147082816
0.024105702972375975
0.022800137226440483
0.02156476250055294
0.020395872514119832
0.019290029878939224
0.018243873623283263
0.01725428959556105
0.01631823890772617
0.01543290731518433
0.014595553896404151
0.013803640535854303
0.013054700186493578
0.012346447400940578
0.011676665569168914
0.011043299283711436
0.010444360001375422
0.009878000887696069
0.009342440416975772
0.00883602021435626
0.008357146180319299
0.007904329733413429
0.007476146121073195
0.007071259360078094
0.006688397474111656
0.006326361329910645
0.005984016622614265
0.005660286711665397
0.005354161256582967
0.00506467306718106
0.00479092337549543
0.004532042626847833
0.004287232457692928
0.004055710268966599
0.0038367680638965495
0.0036297005599903675
0.0034338811270773757
0.003248673109474395
0.0030735231908998743
0.0029078555136021083
0.002751182884890017
0.0026029831937170104
0.0024628289632406646
0.0023302454776914193
0.002204859277287645
0.00208623731772318
0.0019740550982990826
0.001867916084262684
0.0017675402551681286
0.001672562924683009
0.0015827445967521129
0.00149774821838647
0.0014173713343662562
0.0013413007056998312
0.001269367861137466
0.0012012799064421932
0.0011368996835356313
0.0010759514828241592
0.001018327137895395
0.0009637652354333877
0.0009121845966773306
0.0008633354541109824
0.0008171619002012064
0.000773423370522565
0.000732087775444147
0.000692921490616893
0.0006559150310837501
0.0006208396043809383
0.0005877073375500624
0.0005562922936726546
0.0005266274224726775
0.0004984877773357751
0.0004719265297975221
0.00044671795027353696
0.0004229350065570757
0.00040034948777894477
0.0003790538966701247
0.00035881590121890415
0.0003397474328761437
0.0003216104425488516
0.00030453633127700756
0.0002882797668338549
0.000272991801454086
0.0002584182708203704
0.0002447301957171188
0.0002316630355312574
0.00021940822890192672
0.00020768930791314588
0.000196718707534388
0.00018620646365251117
0.0001763867135727468
0.00016695439953337579
0.0001581661942518876
0.00014970030987273517
0.00014183691446632588
0.0001342358048097565
0.0001272017329181821
0.00012037433543037263
0.00011408416712286732
0.00010794889122444246
0.00010232621730140202
0.00009680994248613239
0.00009178642028855609
0.00008682360011968087
0.00008233810993211519
0.0000778699705152829
0.00007386786141242319
0.00006984168429854277
0.00006627410020945214
0.00006264258089604287
0.00005946585818896909
0.00005618653167377694
0.00005336166060416845
0.000050396387475072254
0.00004788853121000527
0.00004520303724870772
0.000042981101575473355
0.000040544565513151366
0.000038580814755689734
0.00003636549906570432
0.00003463521275054706
0.000032616132542712795
0.00003109729863479824
0.000029251925080558246
0.000027924966367451642
0.00002623296050093836
0.000025080490005839775
0.0000235234638789137
0.000022530066725946996
0.000021091369011267494
0.00002024340785943347
0.000018907931197851562
0.00001819337286718409
0.00001694738064274019
0.00001635564162169636
0.000015186612199289775
0.000014708421223049435
0.000013604907331894643
0.00001323218310273814
0.000012183685304583
0.000011909428222802249
0.000010906280407606238
0.000010724476219006631
9.75774219273193e-6
9.663277219167862e-6
8.724656881253452e-6
8.71324292622014e-6
7.794987116259867e-6
7.86309543665182e-6
6.957928415546714e-6
7.102732119997006e-6
6.2037806797941126e-6
6.423104204880657e-6
5.523832897530699e-6
5.816108438631328e-6
4.910259903502294e-6
5.27448981011903e-6
4.356029803111564e-6
4.791754549395612e-6
3.8548209190542416e-6
4.362092298121795e-6
3.4009473789262894e-6
3.980306230170845e-6
2.989292440417045e-6
3.641750686102235e-6
2.615248475808067e-6
3.342275279565385e-6
2.2746632514245242e-6
3.0781746386288353e-6
1.963791556707598e-6
2.8461437626583473e-6
1.6792520547680938e-6
2.643237993399179e-6
1.417988200817581e-6
2.4668370299342488e-6
1.1772333773595091e-6
2.314613081005403e-6
9.54479363148107e-7
2.184502033837426e-6
7.474481024984387e-7
2.0746779733673474e-6
5.540658153350477e-7
1.9835290685412555e-6
3.724317607814285e-7
1.9095683273265455e-6
2.0024720582185088e-7
1.8470413347797748e-6
0.00037991162334746135
0.0015192739670561537
0.0034105887416726486
0.006045065962866039
0.009408308491057999
0.013483407974276142
0.01824901359793797
0.023681087299124312
0.029751936000513065
0.036431386165993146
0.043686391046575075
0.051481849059066664
0.059780630776896306
0.06854412945084662
0.07773261748756932
0.08730556609085878
0.09722225787982346
0.1074418895539464
0.11792436788592911
0.1286301995381321
0.13952139398570124
0.1505611437318292
0.16171475563669552
0.17294913137256243
0.18423365111905393
0.19553947716154568
0.20684032193981733
0.21811161565519416
0.2293311035357196
0.24047793876999662
0.25153306959593474
0.26247833875087295
0.2732966368579463
0.28397110564751343
0.2944850472485369
0.30482133794291355
0.3149620910949635
0.32488838943008197
0.33457970125989767
0.34401403190677554
0.35316708871775637
0.3620129373869434
0.3705229023153508
0.37866679341933657
0.3864115168110381
0.39372291503178813
0.4005640511712938
0.40689768313920754
0.4126841743068779
0.417884602701761
0.42245824448905867
0.4263663033303385
0.42956891013774035
0.43202944689958134
0.43371100707906246
0.43458128191269807
0.4346084300544144
0.43376649225958247
0.43203062572921597
0.4293830146533502
0.42580743362947415
0.42129562627116346
0.4158411727158493
0.40944631603398424
0.4021151209873677
0.39386073790925213
0.3846978532816586
0.3746503925029111
0.36374327701437853
0.35201057994218043
0.3394866185174039
0.3262145885369988
0.31223703334798064
0.29760499261418777
0.28236789855182026
0.2665832796858421
0.2503061397073535
0.2335992560343665
0.2165220953373983
0.19914173864958992
0.18152137965280715
0.16373189256301723
0.14583994497321381
0.12792020255824973
0.11004306891106286
0.0922874941192411
0.07472833181112618
0.05744968962679868
0.040531871538814865
0.024065180581897497
0.008136395779117718
-0.007157085129065663
-0.021721296785586167
-0.03545134986679581
-0.04824607510524326
-0.059993582500234253
-0.07058655364102988
-0.0799078353877251
-0.08784641366256174
-0.09428313671172252
-0.09910736901735034
-0.10220290285052118
-0.10346524580797883
-0.10278773255138245
-0.10007934647182991
-0.09525098954711744
-0.08823368151547971
-0.07896488888680962
-0.06740688839423772
-0.05353300157292249
-0.03734585881130203
-0.01886333994890738
0.0018635620954535433
0.024765323823309773
0.04973674497871244
0.07665228754323963
0.10534994969707692
0.13564756467977956
0.16732794465327386
0.200156271406432
0.23386666352042687
0.2681806761170287
0.3027953068153968
0.3374024699168171
0.3716782887968791
0.4053032381499506
0.43795239526797686
0.46931577977127825
0.49908908524281237
0.5269936233580906
0.5527669652975145
0.5761818494783149
0.5970361580401227
0.6151701969805233
0.6304555304541593
0.6428101921885265
0.6521860907458925
0.6585819411644926
0.6620292057860461
0.6626028035361202
0.6604058144430892
0.6555782777749963
0.648281110272916
0.6387034930042589
0.6270465897710475
0.6135301118624693
0.5983764518591657
0.5818169963478832
0.5640772156606755
0.5453831835933124
0.5259480127090918
0.5059788722929235
0.4856649719881323
0.4651851866128339
0.4446976091123315
0.42434773058578756
0.4042594383156339
0.3845435855644438
0.36529021828947766
0.3465773105252966
0.32846396577461223
0.3109990852371477
0.29421529712584904
0.27813735340390816
0.262776577190265
0.24813883297458647
0.23421933316620058
0.22101008246039153
0.20849493674193892
0.1966564738287829
0.18547124309202936
0.17491605622048131
0.16496340013428734
0.15558717064896413
0.14675824394782502
0.13844969375508587
0.13063252928487093
0.12328044490365918
0.11636573750466302
0.10986363929328012
0.10374842748159711
0.09799738822843802
0.0925871285946517
0.08749721480669685
0.08270669219882835
0.07819743526918078
0.07395087695431461
0.06995110230900967
0.06618178454173403
0.0626290490732429
0.059278610606176646
0.05611843000668048
0.053136044354021555
0.05032103557452734
0.0476625438622859
0.0451515642025434
0.04277863264909311
0.040535964692766865
0.038415303488082066
0.03640991232499086
0.03451257388071844
0.032717447732941184
0.031018209958124265
0.029409785580484175
0.02788661825644788
0.026444286712308446
0.025077894773926315
0.02378358015102193
0.022557015642012807
0.021394818029769936
0.02029315187888204
0.019249045791599643
0.018259090791998497
0.017320670728742483
0.016430747799062118
0.015587013462752035
0.014786754182689385
0.014027928829426342
0.013308108204643686
0.012625484555005157
0.011977878898777003
0.011363687930455113
0.010780953589623605
0.010228252324300765
0.009703821720111798
0.00920639679990627
0.00873438887988021
0.008286673309242832
0.007861816036857008
0.00745881694298272
0.007076379885837949
0.0067136155446209074
0.0063693509767167875
0.0060427956740522724
0.0057328868975110485
0.005438922451827837
0.005159938276240937
0.004895311260283886
0.004644165763245183
0.004405949628414315
0.0041798664744321975
0.0039654279177609
0.003761908632542859
0.003568877655479362
0.0033856733488815947
0.003211916543029229
0.003047002656408767
0.002890599325266065
0.0027421530393879926
0.0026013738191751298
0.0024677538138526017
0.0023410415086120256
0.0022207698080816316
0.0021067221903998444
0.0019984678614922715
0.0018958222215594116
0.0017983867254201516
0.001706005984531049
0.0016183100054651082
0.0015351702235609488
0.0014562418182477842
0.0013814209539019051
0.0013103848857997466
0.00124305267771933
0.0011791208142896347
0.001118529669710326
0.0010609923345703046
0.0010064691243072607
0.0009546873078668717
0.0009056259737795563
0.0008590243160371555
0.0008148792129454932
0.0007729396825847748
0.0007332195790924849
0.0006954757768292972
0.0006597384493560035
0.0006257704766596692
0.0005936178409785929
0.0005630476763381873
0.0005341213994236245
0.0005066087316644395
0.00048058627886862196
0.0004558247543678268
0.00043241582867907774
0.0004101296691207091
0.0003890730026014448
0.00036901395941618795
0.0003500744234269063
0.00033201903159674824
0.00031498503319011905
0.00029873214037004
0.0002834132787763268
0.0002687818175289418
0.000255006771517059
0.0002418337537647921
0.00022944838051506527
0.0002175870905925867
0.00020645271263440492
0.00019577108034603814
0.00018576294425783573
0.00017614207914229196
0.0001671479660631181
0.00015848083772847574
0.00015039981524311751
0.00014259006518959575
0.00013533136023534777
0.00012829223122153095
0.00012177421863998795
0.00011542759114637612
0.00010957688138334568
0.0001038524057486401
0.00009860302489393823
0.00009343734014280106
0.00008872999118523859
0.00008406602068374484
0.00007984741994748915
0.00007563373833396872
0.00007185601692150811
0.00006804627896466916
0.00006466644659276276
0.00006121887402774148
0.00005819833400211721
0.00005507525193622111
0.00005237936659026238
0.00004954678681522751
0.000047144487333514913
0.000044571733185470335
0.00004243516753487243
0.00004009453512318305
0.000038198752543767206
0.00003606520603097373
0.000034387872187120034
0.000032438768751386906
0.000030959912347726284
0.000029174754975685395
0.00002787653780701486
0.000026236751502762537
0.000025103263098801395
0.00002359199306544911
0.0000226090666966953
0.000021210996679036674
0.00002036604370904315
0.000019067231932368095
0.000018349094262966468
0.000017136824384037278
0.000016535641411110182
0.000015398288644353337
0.000014905379079929213
0.000013832288498683296
0.000013440044415031396
0.000012421420795208686
0.000012123213302036789
0.000011150021370725829
0.000010940115614275795
0.000010003989223176278
9.877470581626952e-6
8.970630136224874e-6
8.923337429040229e-6
8.038514427685574e-6
8.066981191539405e-6
7.19734970616847e-6
7.298752713896136e-6
6.4378661064510996e-6
6.609979698082411e-6
5.751713301913579e-6
5.992870206725311e-6
5.131367368041249e-6
5.440423717522168e-6
4.570047015127939e-6
4.946353688638207e-6
4.061638874054896e-6
4.505015650598454e-6
3.6006289724002277e-6
4.111344415676843e-6
3.182042412717421e-6
3.760795789719348e-6
2.8013877173281573e-6
3.4492959276975917e-6
2.454607810141486e-6
3.173194289389337e-6
2.138035666494391e-6
2.9292234274362006e-6
1.8483532078498586e-6
2.714460132596069e-6
1.5825563736662295e-6
2.5262932059618013e-6
1.3379211766398543e-6
2.3623926103651713e-6
1.111975689435076e-6
2.2206828108088918e-6
9.024721837125639e-7
2.0993183057006743e-6
7.073634165624343e-7
1.9966621231377994e-6
5.247810206174057e-7
1.911264884611229e-6
3.5300767613540557e-7
1.8417824882795237e-6
1.899366186691348e-7
1.7828040112922928e-6
-0.00031565037002776657
-0.0012619955001876718
-0.0028268608443920897
-0.004996017273406749
-0.007746244259054544
-0.011050437073120652
-0.014874605375778402
-0.019180827140443547
-0.023925880029742004
-0.02906325338224633
-0.0345427827866273
-0.040312055000386614
-0.04631679131714791
-0.052501751714674395
-0.058811715392407614
-0.06519189977732708
-0.0715894133190895
-0.07795316181297833
-0.0842356522853715
-0.0903923406779157
-0.0963836673714682
-0.10217380075666056
-0.10773279483415692
-0.11303470075822757
-0.1180597594487238
-0.12279188553662448
-0.12722084287234148
-0.13133914791261286
-0.1351442192992738
-0.13863479362831627
-0.1418130848669192
-0.1446808461557405
-0.1472416124208956
-0.14949656903348502
-0.15144697400300847
-0.15309000167458217
-0.1544214444948536
-0.15543168484855413
-0.15610875968025686
-0.15643457783265738
-0.15638839715128147
-0.15594335410622448
-0.15507035917659687
-0.1537349486247775
-0.15190155842064326
-0.14953065396529733
-0.14658330371042616
-0.14301849922675414
-0.13879792298620663
-0.1338833434080289
-0.12824145979985083
-0.1218412463891796
-0.11465876069577513
-0.10667431549314052
-0.09787715195130156
-0.08826233540537817
-0.077835217365846
-0.06660797576900206
-0.054603816489005405
-0.04185310790490609
-0.028397300140405014
-0.014284635065379383
0.0004262111600024915
0.015670829139665363
0.031375677978875555
0.04746315085720575
0.06384836243321211
0.08044449961916934
0.09715971140760418
0.11390263509466778
0.13057928460082718
0.14709861791397535
0.16336930705424488
0.17930519872650816
0.19482184841790567
0.2098417279389142
0.2242904216547907
0.23810145510063313
0.25121208487979957
0.2635676624034054
0.27511699918846483
0.28581623590556016
0.2956238267187221
0.3045039496056023
0.31242121902776865
0.31934373978423936
0.32523771712468996
0.33007031332876874
0.33380436909533556
0.3364012608608073
0.33781596965421584
0.33800015177956405
0.3368977871916194
0.3344486638066511
0.33058480606800567
0.3252345342665901
0.3183198174317628
0.30976100656261174
0.29947517841112903
0.2873815600429245
0.2734008368415913
0.2574611910074174
0.23949844448442115
0.21946253251603118
0.19731824740662707
0.17305186786056703
0.14667217095692617
0.11821684781748251
0.08775336860888622
0.05538474552732695
0.0212497798993278
-0.014472304088504907
-0.05156271856437106
-0.089760077932814
-0.12876282047569695
-0.16822818357181896
-0.2077765519180837
-0.2469927270564592
-0.2854324078865268
-0.32262584711963704
-0.35808644413231355
-0.39131662474195655
-0.4218182438377128
-0.44910022198256133
-0.47269014097693146
-0.4921428554252277
-0.5070523617348469
-0.5170603269356142
-0.5218670799030276
-0.5212388277711911
-0.515016523443965
-0.5031205355227929
-0.48555624449962176
-0.462415138586885
-0.4338763076213059
-0.4002033572599986
-0.36174148118667854
-0.31891016888467916
-0.2721961651008694
-0.22214258954512114
-0.1693387165571343
-0.11440669606058372
-0.05798957109375972
-0.000737160811168397
0.05670603101806895
0.11371412217106618
0.1696904642417949
0.22407869877696807
0.2763706432894369
0.3261141058251369
0.3729173251524148
0.416453124908561
0.45645977530409876
0.4927416351795447
0.5251668240161688
0.5536649512006148
0.5782223530342474
0.5988777781228146
0.6157161160924189
0.6288629843335937
0.6384778651960804
0.6447484542264091
0.6478839777524634
0.6481099730949478
0.6456623401582126
0.6407829913541024
0.6337149567999061
0.6246991168635802
0.6139704733058449
0.6017559934301133
0.5882720024370298
0.5737230395475579
0.558300226431093
0.5421809621286006
0.5255280732098697
0.508490146593541
0.4912012573634317
0.4737817436307716
0.4563383243401729
0.43896514518920515
0.4217441292774613
0.40474615708762757
0.38803152828243415
0.3716511742152035
0.3556471434329171
0.3400537774393952
0.3248981620987548
0.31020122409356815
0.29597811405442054
0.28223920169533007
0.26899037405071424
0.25623392200094924
0.2439687491629679
0.23219115233756307
0.2208949443678554
0.21007213699969488
0.19971298546425334
0.18980658536377024
0.1803408487926946
0.1713030280230557
0.16267963344498984
0.15445689672744625
0.14662064033771602
0.13915669200770178
0.13205071452534406
0.12528858212170813
0.11885617791199454
0.1127397414704429
0.10692563993080843
0.10140069469898039
0.09615193091761291
0.09116689005613905
0.08643336126697825
0.08193968553552616
0.07767447142856998
0.07362689559764285
0.06978640454840777
0.066143015559275
0.06268700537521361
0.0594092150219514
0.05630072572715615
0.05335317065914834
0.05055839788626287
0.04790879173244424
0.04539692217952002
0.043015878285383106
0.04075890310467006
0.0386197414477925
0.03659225911424384
0.034670807169715274
0.03284982405317041
0.031124218494065443
0.029488952850813852
0.02793944678412618
0.02647113999902733
0.025079918819248304
0.023761656333723007
0.022512664076215893
0.02132920741698198
0.02020798463316038
0.01914561522659474
0.01813914877698621
0.01718552371016654
0.016282108446068196
0.015426127982337907
0.014615239990596555
0.013846926409214621
0.013119107302339027
0.012429494480181102
0.011776246106197947
0.011157279174570107
0.010570968046902907
0.01001541241326741
0.00948918314738918
0.00899054216432622
0.008518239206069873
0.008070679779707112
0.007646776727084049
0.007245062183714323
0.006864598041980379
0.0065040276092330745
0.006162549351638896
0.0058389036480175705
0.005532414498886655
0.005241906469631029
0.004966819369708436
0.004706050153215353
0.004459145910616023
0.004225065153433061
0.0040034548245322646
0.0037933250186469305
0.0035944161040260885
0.003405780539824853
0.0032272466161585986
0.0030579006007587155
0.0028976540483668977
0.0027456190562995023
0.002601786570271855
0.002465287036694351
0.002336187641017091
0.0022136301253227607
0.002097755437753438
0.0019877099232657415
0.001883706442322791
0.0017848895489193308
0.001691542756023991
0.0016028026769970482
0.0015190227721357957
0.001439325754111077
0.0013641348540208717
0.001292553065361335
0.0012250737183668308
0.0011607743620016063
0.001100219241325206
0.0010424547860766228
0.0009881174446220433
0.0009362168600299494
0.0008874634334393822
0.0008408243238331458
0.0007970860893956804
0.0007551676367173913
0.0007159343342838844
0.0006782509642636812
0.0006430648088461349
0.0006091805086022148
0.0005776308143820915
0.0005471540310730395
0.0005188723927611118
0.0004914514597065715
0.00046610742838241185
0.00044142645488256583
0.00041872365778054945
0.000396498846031679
0.00037617150776594714
0.00035614784212936073
0.0003379576647477288
0.0003199059432740453
0.0003036393059652391
0.0002873534745797061
0.00027281892483807524
0.00025811368324909676
0.0002451396845928173
0.00023184833836298308
0.00022028125234257103
0.00020825378343993636
0.00019795605912950126
0.00018705739166916915
0.00017790594347213192
0.00016801438829237392
0.00015989914088085816
0.00015090499519220603
0.0001437275805787654
0.00013553187244925242
0.00012920446365862653
0.00012171782122526867
0.00011616208357994821
0.00010930371840928858
0.00010444987509580855
0.00009814666835240543
0.0000939326621479006
0.00008811834096138837
0.00008448908286296372
0.000079103480213338
0.00007601018057153656
0.00007099856694756703
0.00006839813605622364
0.00006371061614193043
0.0000615651283236757
0.000057156099953921435
0.00005543231867098981
0.00005125997827023946
0.00004992893021931418
0.000045954832014491334
0.00004499142992071699
0.00004118008093161219
0.000040562787941766496
0.000036881284073251055
0.00003659181697147309
0.00003300951034531737
0.00003303257737701508
0.00002952077466719576
0.00002984384442264058
0.00002637553012811398
0.000026988629684130257
0.00002353821295543902
0.000024433751158580505
0.000020976834009176425
0.00002214944727985674
0.000018662610302995924
0.000020109031888111516
0.000016569636156918586
0.000018288582914166855
0.000014674585185033464
0.000016666664775600564
0.000012956445563152638
0.00001522407779338555
0.000011396278578797692
0.000013943634488675824
9.97700533558454e-6
0.000012809958027388105
8.683211721218065e-6
0.000011809302472099481
7.5009752008334115e-6
0.000010929390522305044
6.41770766969859e-6
0.00001015926913610539
5.4220142096425415e-6
9.489179116251562e-6
4.503567304729112e-6
8.910439310331727e-6
3.6529911604081455e-6
8.415342731028687e-6
2.861759454106991e-6
7.99706194484391e-6
2.1221012562521904e-6
7.64956313987105e-6
1.4268841019727907e-6
7.367265191298641e-6
7.674292611581721e-7
7.128199435144891e-6