0.0005105149315836816
0.0020417156527249318
0.0045865827699119515
0.008136865484007452
0.012678955247683992
0.018196759137511214
0.024669705853554824
0.032074380451277196
0.040383308326429994
0.04956607835311032
0.05958852859014124
0.07041358009656379
0.08200068059362839
0.0943064431425457
0.10728428150645289
0.12088490094627741
0.13505609238645416
0.14974310211975306
0.16488856862036744
0.1804327878986288
0.19631378586341183
0.21246749046294308
0.2288279373795496
0.24532735640425946
0.26189651059461966
0.2784647014507844
0.29496024241091
0.311310384870566
0.3274419266333032
0.34328105848501195
0.3587541073636409
0.37378730101639385
0.3883076444521909
0.4022425981418231
0.41552108489928896
0.42807307509467796
0.43983071952981256
0.4507278331884676
0.4607011479588116
0.4696896845521162
0.4776361171377385
0.4844860212963061
0.49018934089363314
0.49469949846037975
0.49797495313663526
0.499978158930902
0.5006772015785058
0.5000445900237901
0.4980589598423714
0.49470368430674755
0.48996863288412695
0.4838485906120325
0.4763450622563096
0.467464492515141
0.45722010968435856
0.44562994428162084
0.4327187102644014
0.4185156256222431
0.4030563338324817
0.3863805361779828
0.36853396053069837
0.34956582084957416
0.3295308438195361
0.30848657541988245
0.28649547779083495
0.2636221053728682
0.2399352842608769
0.21550518095403914
0.1904055743793681
0.16471083888340646
0.13849831540488464
0.11184522742942188
0.08483115306706523
0.05753488892376032
0.030037019808718046
0.0024167415431919598
-0.025245479634427928
-0.05287111779323997
-0.08038084988257903
-0.10769779506451604
-0.13474471342047223
-0.1614472704244579
-0.18773118700185495
-0.2135255259112128
-0.2387598080400613
-0.2633673165595538
-0.28728219279521416
-0.3104427522098887
-0.3327885707509737
-0.35426380436321125
-0.3748142738209587
-0.3943907770134519
-0.41294617739501427
-0.43043869615554337
-0.4468290069738943
-0.4620834936992382
-0.4761713523046711
-0.4890677989515366
-0.5007511788875885
-0.5112061095798859
-0.5204205955232857
-0.5283890911634372
-0.5351096198175945
-0.54058674103718
-0.544828670865838
-0.547850138037873
-0.5496695017382073
-0.5503114809609313
-0.5498042653798415
-0.5481821030916008
-0.545482401073009
-0.5417481593771756
-0.5370250608399536
-0.5313637453010708
-0.5248168941305503
-0.5174413462193774
-0.5092951910650774
-0.500439738174158
-0.4909366414713036
-0.4808497435970103
-0.4702422622549537
-0.4591785385360316
-0.4477213204417733
-0.4359334480029942
-0.4238752692125838
-0.4116062934305227
-0.3991827700338243
-0.3866593356987598
-0.37408677711392596
-0.36151368855294636
-0.3489844287440456
-0.3365407946427056
-0.32422017106672807
-0.3120572167248287
-0.3000821953272359
-0.2883226622419757
-0.2768019586714705
-0.26554088259746483
-0.2545563237143206
-0.24386290066634747
-0.23347171352898022
-0.22339193026752116
-0.21362963500385776
-0.2041893493618409
-0.19507295771569422
-0.18628115280089566
-0.17781242280675788
-0.16966441459764017
-0.16183297124185245
-0.15431340987704445
-0.1470996016264305
-0.14018516423791014
-0.13356257909442448
-0.12722430112647673
-0.12116190970469844
-0.11536713997209323
-0.10983106585070393
-0.1045450579477184
-0.09949999781189017
-0.0946871680601555
-0.09009749750357361
-0.08572238924960998
-0.08155299650043026
-0.07758099423055195
-0.07379788544537201
-0.07019572171400046
-0.06676643954473188
-0.06350253464497305
-0.060396427883223386
-0.05744109770687272
-0.054629474958326874
-0.051955037443666474
-0.04941123267968497
-0.04699203819432994
-0.044691411115984764
-0.04250381741226744
-0.04042370709919042
-0.03844601529311481
-0.03656566171651369
-0.034778026148935846
-0.033078470835836996
-0.03146279267583327
-0.02992676709564672
-0.028466579098858392
-0.027078387148956065
-0.02575873502481584
-0.024504134250619067
-0.02331145855100054
-0.02217754337700764
-0.021099564625144174
-0.02007465382888045
-0.019100262697058026
-0.018173792567578256
-0.01729294622867126
-0.01645537026271878
-0.01565899553609637
-0.014901691094539217
-0.014181594641463872
-0.013496776680240118
-0.012845562245306068
-0.01222620401990294
-0.011637196537490454
-0.01107695703498088
-0.010544133302794169
-0.010037291062688367
-0.009555216612355559
-0.009096609543070708
-0.008660381298307393
-0.008245352069251038
-0.007850546365938132
-0.007474892947951957
-0.007117518490627672
-0.006777449423790675
-0.006453904764278834
-0.006145998747292906
-0.0058530338896057126
-0.005574203305896744
-0.0053088850643485805
-0.005056343084193598
-0.004816023846798387
-0.004587254770531856
-0.004369544345802636
-0.004162276879258769
-0.00396501713049728
-0.0037772003095018778
-0.003598442305862507
-0.0034282238112421618
-0.003266207248897465
-0.0031119138768174468
-0.00296504854614182
-0.002825168620402473
-0.0026920177161212323
-0.0025651852492725325
-0.002444450339946244
-0.0023294307686930428
-0.002219938259727073
-0.002115615597142425
-0.002016304537786951
-0.0019216698003815592
-0.0018315809000031594
-0.0017457216818083788
-0.0016639874141387422
-0.0015860784927431155
-0.0015119141789754046
-0.0014412090500100334
-0.0013739048225859646
-0.0013097280695815562
-0.0012486416284173938
-0.0011903820443540073
-0.0011349321261692551
-0.0010820365114983797
-0.0010316970009355793
-0.0009836645704697365
-0.0009379591889158811
-0.000894336526818404
-0.0008528340413178445
-0.0008132105495759162
-0.0007755204500555355
-0.0007395242413426017
-0.0007052928396069837
-0.000672587030400535
-0.0006414939390484317
-0.0006117733033194797
-0.0005835282569559566
-0.0005565162047528172
-0.0005308561896667805
-0.0005063020384967213
-0.0004829887003620008
-0.0004606652105076363
-0.0004394825127379132
-0.0004191836605334559
-0.0003999357686504373
-0.00038147473434577936
-0.00036398410419263757
-0.00034719145336945814
-0.00033129710321441524
-0.00031601914281372294
-0.0003015750913713949
-0.000287672383279947
-0.00027454623747540655
-0.00026189225431030665
-0.0002499639322061061
-0.00023844384146139155
-0.0002276044172215759
-0.00021711398130719344
-0.0002072646403620027
-0.00019770922130019452
-0.00018876031505151174
-0.0001800539736996562
-0.00017192416414867328
-0.00016398884481495102
-0.00015660433044645527
-0.00014936912266232244
-0.00014266293776708065
-0.0001360634077853082
-0.00012997478816721263
-0.00012395237348200447
-0.00011842618218695014
-0.00011292764302462829
-0.00010791385035029003
-0.00010289077267191632
-0.00009834398527428935
-0.0000937523303586009
-0.00008963136477748523
-0.00008543106092988591
-0.00008169855730846517
-0.00007785312967916327
-0.00007447520186235004
-0.00007095143673538666
-0.00006789735530234964
-0.00006466499557671959
-0.00006190690069102013
-0.000058938369583098646
-0.000056451010852264534
-0.00005372116114114533
-0.00005148166194141595
-0.00004896754832876326
-0.000046955192295906466
-0.00004463586468677305
-0.00004283190230113204
-0.00004068821802433
-0.00003907569140880285
-0.00003709014457678659
-0.000035653728812309865
-0.000033810295200706764
-0.0000325361546243115
-0.0000308201505942107
-0.00002969580869022374
-0.000028093762826950746
-0.000027107984460264207
-0.000025607520717511204
-0.000024750205568564184
-0.0000233399368273567
-0.000022602023006495426
-0.000021271454056897377
-0.00002064483096708163
-0.00001938427001393321
-0.000018861699623591073
-0.000017662177504305547
-0.00001723722326967591
-0.000016090419642138865
-0.00001575738239350954
-0.000014655558224771505
-0.000014409418395146146
-0.000013345354141621417
-0.000013181719776351319
-0.000012148658701026656
-0.000012063718741893147
-0.000011055314868565743
-0.000011045797253010571
-0.000010056067496330456
-0.000010119201659441386
-9.142481716895377e-6
-9.275965120948797e-6
-8.30686874691007e-6
-8.508837103461405e-6
-7.542218419364121e-6
-7.811219297432068e-6
-6.842137823129045e-6
-7.177107373156033e-6
-6.200795490152971e-6
-6.601038033975639e-6
-5.612870619695738e-6
-6.0780408885722395e-6
-5.073506876290871e-6
-5.603594696278843e-6
-4.578270344202767e-6
-5.173587593011357e-6
-4.123111255223655e-6
-4.784280929484261e-6
-3.7043291446571384e-6
-4.432276397920505e-6
-3.3185411210583704e-6
-4.114486146416674e-6
-2.9626529656292087e-6
-3.828105610695294e-6
-2.6338328007705616e-6
-3.570588818928127e-6
-2.3294870934062954e-6
-3.3396259439363157e-6
-2.0472387796723907e-6
-3.1331229033947943e-6
-1.784907314789569e-6
-2.9491828200078516e-6
-1.5404904735336633e-6
-2.786089179208139e-6
-1.3121477388310542e-6
-2.6422905292623167e-6
-1.0981851354192291e-6
-2.5163865878756833e-6
-8.970413716023949e-7
-2.407115628969722e-6
-7.072751686852708e-7
-2.313343019659461e-6
-5.275535369197552e-7
-2.2340497654547806e-6
-3.5663264330559603e-7
-2.168255407352574e-6
-1.9281043915772674e-7
-2.110739159381747e-6
0.00015418374599358614
0.0006161021974602186
0.0013729095915850616
0.002409631377763625
0.0037017968191371473
0.005220952594908843
0.0069313624599007815
0.0087933557762863
0.010761631470043824
0.012787721082054504
0.014819217183119883
0.016801687936671677
0.01867856453813552
0.02039259084174373
0.02188623431831491
0.023102652379845896
0.023986543625379914
0.024484565675698372
0.024546571990883146
0.02412539767204219
0.023178450317810014
0.02166678048462491
0.019557019544105284
0.01681966489295723
0.013431385084894398
0.009372472085815833
0.004629562984682214
-0.0008077616149586966
-0.006943761750191539
-0.013780787341397467
-0.021315466434718152
-0.02954377259675389
-0.03845649880838733
-0.04804509814814217
-0.058296319148912354
-0.06919877067903475
-0.08073660221624694
-0.09289675268967758
-0.10566158105097027
-0.11901678065799058
-0.1329429003644058
-0.1474239381669935
-0.1624377368794385
-0.17796530807174615
-0.19398013306331163
-0.21045830362468265
-0.227366801016586
-0.2446745658524132
-0.2623398578689092
-0.2803223771650011
-0.2985698198150797
-0.3170311625187899
-0.3356425218646815
-0.35434168423488216
-0.3730533513451683
-0.39170495111732123
-0.41021131459630217
-0.42849174866059214
-0.4464541473443735
-0.46401325224388884
-0.4810741626348644
-0.4975516619356924
-0.5133530619943998
-0.5283984391360284
-0.5426027318061116
-0.5558967095524868
-0.568208240106151
-0.5794838085036167
-0.5896688779856284
-0.5987297824161473
-0.6066331228745584
-0.6133678726130523
-0.6189237762215252
-0.6233135312763707
-0.6265501885551039
-0.628669307463213
-0.6297053933490826
-0.6297139637762901
-0.6287471014699383
-0.6268754137537453
-0.624162825091352
-0.6206884598126724
-0.616520843906358
-0.6117397882834247
-0.6064102125454469
-0.6006041492925365
-0.594374440332593
-0.5877770188674116
-0.5808447581028475
-0.5736102137557175
-0.5660799218669471
-0.5582577929642547
-0.5501201527010682
-0.5416399619392566
-0.5327628600289015
-0.5234323304646057
-0.5135669307244749
-0.5030864211032334
-0.49189024024496253
-0.47988446376716254
-0.46696141611548536
-0.4530271396057603
-0.4379818439102597
-0.421747377977594
-0.40424804914217816
-0.3854374478258886
-0.36527906943080235
-0.3437717950682828
-0.3209297653300496
-0.29680590421675396
-0.27147064421480244
-0.24503309734230047
-0.2176184976458753
-0.18938693514882046
-0.1605097087820932
-0.13118587556437852
-0.10161801448324317
-0.0720271221142811
-0.042628498155876667
-0.013645672556286351
0.01471281419528983
0.04223976898018747
0.06875099066030954
0.09407137230137944
0.11805450305619744
0.1405682071082389
0.16151190539239582
0.18080154016405545
0.19838475950811593
0.21422539524723264
0.22831673179238318
0.24066584722405823
0.2513053391866959
0.26027789293458825
0.2676468615444815
0.27348140229547835
0.27786626623187816
0.2808877707009009
0.2826430722061369
0.28322714655239034
0.2827417257925378
0.281283361889868
0.2789521232845039
0.27584073863839287
0.2720430823158994
0.2676443384680584
0.2627292610020844
0.25737326521554205
0.2516504247597516
0.2456253844734382
0.2393610497970583
0.23291121496397726
0.2263279039402885
0.21965461732843455
0.21293329338195285
0.2061980904217701
0.1994819481389681
0.19281083684668757
0.18620991070292534
0.17969816875025243
0.17329420150586472
0.16701122046654654
0.1608624071580942
0.15485627726581638
0.14900164666093763
0.14330330363277152
0.13776660985653147
0.13239345963716495
0.12718653561875476
0.1221455378703529
0.11727111475015944
0.112561347431047
0.1080153760774895
0.10363012734299254
0.09940365518771264
0.09533210023664304
0.09141276338923734
0.08764128690367842
0.08401447759216499
0.08052770023413133
0.07717746572855862
0.07395902803695374
0.0708687512515042
0.06790190179191985
0.06505480699130918
0.06232283476057981
0.05970235501806558
0.0571888995145064
0.05477893624740278
0.0524682026203438
0.050253301892527975
0.04813020333337993
0.046095668755717245
0.044145913821568156
0.04227787178772051
0.04048801062108646
0.03877344023824938
0.03713088059459282
0.035557617918046895
0.034050619444365514
0.03260734341890067
0.031224996657623724
0.029901202414179248
0.02863339744917703
0.02741936122542074
0.026256749666961846
0.025143488544952557
0.024077441602057065
0.023056670421244218
0.022079235078707928
0.02114332224294246
0.02024717700088378
0.019389100409236075
0.018567511615805755
0.017780815576655395
0.017027595065225262
0.016306348774869472
0.015615813275234062
0.014954571235456217
0.014321503850972816
0.013715268446356448
0.013134882357557266
0.012579068702455792
0.012046973164071035
0.011537376248874829
0.011049544878186318
0.010582308987642805
0.010135050296795383
0.009706640635358126
0.009296570727051704
0.008903747158891423
0.008527764485827052
0.00816755728376661
0.007822819359103774
0.007492506845461269
0.007176408786348747
0.006873496746572081
0.0065836515305138545
0.00630585427983764
0.006040074595035756
0.00578529758101071
0.0055415791559888395
0.005307902983682727
0.005084409284907328
0.0048700750570070195
0.004665123249916821
0.00446851911971651
0.004280567194410736
0.0041002160362228505
0.003927851004960133
0.0037623991117905872
0.0036043261919184457
0.003452532918190995
0.003307565620508602
0.003168293891564182
0.0030353449398393337
0.0029075525573590416
0.002785625569890365
0.002668357247377659
0.0025565391183019668
0.002448919185624864
0.002346373106500351
0.0022475988275591128
0.002153557896699169
0.00206289334930192
0.001976654718869126
0.001893425188904116
0.0018143447050032856
0.0017379315520845097
0.0016654188461633136
0.0015952548013635972
0.0015287687950769782
0.0014643336530554359
0.0014033784417054784
0.0013441951159995525
0.0012883161985884537
0.001233947106874196
0.0011827279331546958
0.0011327716867506853
0.0010858304956692314
0.0010399188668626766
0.0009969057904385117
0.0009547009331560052
0.0009152953443143483
0.0008764872486515558
0.0008403953322698962
0.0008046994912083051
0.0007716520194136939
0.0007388072912513177
0.0007085575855110972
0.000678324234462319
0.0006506462998819738
0.000622804200655487
0.0005974910163167242
0.0005718380080720882
0.0005486999617677809
0.0005250503391300055
0.0005039137935216408
0.00048209692329415137
0.00046280290282446705
0.00044266195534632636
0.00042506494370096796
0.00040645572978154174
0.0003904225686347513
0.0003732124723443323
0.000358621353094608
0.0003426883531159691
0.0003294278932084938
0.00031465966467562786
0.00030262806258924687
0.00028892115282815414
0.0002780254139117473
0.00026528448600117796
0.00025543971425750697
0.0002435768525081851
0.00023470560255085636
0.0002236396746162719
0.000215671358361038
0.0002053274290220268
0.0001981977732481964
0.00018850656627233896
0.0001821571166853274
0.00017305451927675204
0.00016743218681423665
0.00015885879461986652
0.00015391544111447754
0.00014581613913480478
0.00014150819883752396
0.00013383177580085859
0.00013011991002026703
0.00012281870283991327
0.0001196674846110367
0.00011269705127862449
0.00011007467806206722
0.00010339349500699437
0.00010127152712870005
0.00009484071043637467
0.00009319383289288593
0.00008697688042832359
0.00008578268667985328
0.00007974523959375041
0.00007898403509969863
0.0000730936568073324
0.00007274828113993814
0.0000669742523634425
0.00006702991844494968
0.00006134304677358954
0.00006178719577778099
0.00005615963854695251
0.00005698180915879302
0.00005138690828826364
0.000052578620051103646
0.000046990747713922505
0.00004854539594070561
0.00004293981027848664
0.00004485257343945693
0.00003920528285781616
0.00004147304005191731
0.000035760675850102896
0.000038381934848234954
0.000032581630603455425
0.00003555646495528442
0.00002964574261440034
0.00003297573762189523
0.000026932399359541895
0.000030620606183714276
0.000024422631077907184
0.00002847352889022996
0.000022098974247373602
0.000026518438971243906
0.00001994534534087268
0.000024740626092336494
0.000017946925620384882
0.000023126627174720956
0.000016090055108625925
0.00002166412669781042
0.000014362134794667626
0.00002034186504527919
0.000012751537415183485
0.00001914955456054372
0.000011247524566201309
0.00001807780261383862
9.840171172421232e-6
0.00001711804110555668
8.520295672007551e-6
0.0000162624618646482
7.27939579655616e-6
0.000015503957539724934
6.109589510691671e-6
0.000014836067409376209
5.003560690758202e-6
0.000014252927872940953
3.95450891389957e-6
0.000013749226936456399
2.9561023778083117e-6
0.000013320156789914928
2.0023870217333958e-6
0.000012960992475532248
1.084705315896086e-6
0.00001264291252395073
-0.0006372299307890087
-0.002548436079828275
-0.005723905070387311
-0.010152181217180051
-0.01581438359186677
-0.022688076267928126
-0.0307446004895695
-0.03995110980612903
-0.0502691054793222
-0.06165559105854869
-0.07406235178814832
-0.08743648511690187
-0.10172028794905848
-0.11685124320739929
-0.1327624873211262
-0.1493822695719724
-0.16663502000047298
-0.18444027242612157
-0.2027143782262626
-0.2213688731629644
-0.24031289706746528
-0.2594509796107567
-0.27868623324713027
-0.2979175285120806
-0.31704352791530427
-0.33595921363700804
-0.3545608228563572
-0.3727416778414575
-0.3903980686232078
-0.4074243175164321
-0.4237196350178803
-0.43918233024588654
-0.4537176443851604
-0.4672309999349199
-0.47963679825772776
-0.4908505893412985
-0.5007988113565438
-0.5094097635839032
-0.5166242700026901
-0.5223853534556387
-0.5266498227979942
-0.5293765752270899
-0.5305391344500793
-0.5301125458538178
-0.5280869254181175
-0.5244529520026189
-0.5192165155159735
-0.5123828441761666
-0.5039723581166943
-0.4940034903500596
-0.4825098530757715
-0.46952181551391864
-0.4550850728461982
-0.4392410323818969
-0.4220468416826632
-0.4035546109852049
-0.3838329136202754
-0.3629448443741886
-0.340970959725641
-0.31798614675721504
-0.2940839305291238
-0.269352112519034
-0.24389834263032265
-0.2178244828845369
-0.19125332347577298
-0.1643016357714752
-0.1371079035505836
-0.10980404589136397
-0.08254403275511138
-0.05547427914973272
-0.028763015637338952
-0.0025693778638003887
0.022926593386008845
0.04755611857765014
0.07113116701730789
0.09347780209726239
0.11440525898600976
0.13374035781870566
0.15129625132768731
0.1669077558537434
0.180399819504348
0.19162357912924302
0.2004245674877631
0.20667926479659954
0.21026303320890785
0.21108689876777909
0.20906517685243522
0.2041521968308562
0.19630956410404676
0.18554252541787425
0.17186680097130957
0.15534428242368248
0.13604936225759776
0.11410366061015154
0.08964178268705866
0.06284479120806767
0.03390534542145946
0.003059684270627284
-0.029447845447641046
-0.06333444308125226
-0.0983148354919334
-0.1340725869339795
-0.17029635786548245
-0.206652729216838
-0.2428223580911681
-0.2784740115462321
-0.3133001066715546
-0.34699152153972
-0.379271931648345
-0.40987291222100575
-0.4385664955463254
-0.4651401219322597
-0.48942695323058766
-0.5112803664480964
-0.5306017505499065
-0.5473144374319202
-0.561388941740404
-0.5728164415779925
-0.5816316441823635
-0.5878861140674663
-0.5916691163200615
-0.5930812062318909
-0.5922534902193959
-0.5893219233377458
-0.5844454318852854
-0.5777813206362648
-0.5695026371952499
-0.559774992273337
-0.548773441140481
-0.5366608970213542
-0.5236046884975492
-0.5097566249040243
-0.49526928354974536
-0.48027768572698687
-0.4649152882382893
-0.44929715857435615
-0.4335355963127063
-0.41772465711174095
-0.40195530886960645
-0.3863011417538445
-0.3708329652754404
-0.35560554829150776
-0.34067157869060033
-0.3260692955223401
-0.3118357556892008
-0.29799524358634694
-0.2845718135112491
-0.27157838574430987
-0.25902855565969696
-0.2469263061757443
-0.23527709281759693
-0.22407811956127793
-0.21332872270512768
-0.20302117004967424
-0.193150375575769
-0.18370519102417004
-0.17467748871638997
-0.1660539206157551
-0.15782440899880792
-0.14997435176531335
-0.14249256090258408
-0.13536389487635944
-0.12857668364228905
-0.12211576998002008
-0.11596945776201667
-0.11012294453232879
-0.10456482725966468
-0.09928090861892121
-0.0942602918237599
-0.08948954314102679
-0.08495840479586768
-0.0806542963595098
-0.07656767225905932
-0.0726868448784131
-0.06900301093672606
-0.06550537945805385
-0.06218588922545135
-0.059034625200694114
-0.05604424741229577
-0.053205679930025264
-0.0505122698911466
-0.047955733733515
-0.04553006358501351
-0.04322771611232365
-0.04104328217432069
-0.03896990433216863
-0.037002724476768126
-0.03513551675180658
-0.03336392679104285
-0.03168230751413186
-0.030086762636414417
-0.028572173500159368
-0.027135058630089495
-0.025770780448820876
-0.02447623183959237
-0.02324721225965045
-0.02208095152348245
-0.02097364546788477
-0.019922826478467277
-0.018925049472664754
-0.01797811805314944
-0.017078912157239123
-0.01622547812678265
-0.015414989927259372
-0.014645710869389827
-0.013915080825017075
-0.0132215568196996
-0.012562819169454951
-0.01193749767871763
-0.011343490090551788
-0.010779580171984347
-0.010243862313027933
-0.009735257354762397
-0.009252037591478657
-0.00879324579605067
-0.008357315273975102
-0.007943397164103872
-0.007550070564577996
-0.007176582833324101
-0.006821645157806189
-0.006484590242999187
-0.0061642490290936955
-0.00586002983886657
-0.0055708722627803966
-0.005296251535955751
-0.005035205908395941
-0.0047872697373065425
-0.004551570943995245
-0.00432769603579022
-0.004114854519647614
-0.0039126788112730584
-0.0037204527313819927
-0.003537849013903323
-0.003364219254613527
-0.0031992714962497094
-0.0030424192319623393
-0.002893401320667449
-0.002751687872057722
-0.0026170445286643027
-0.002488993274215604
-0.0023673229112211544
-0.0022516030411972657
-0.0021416423662417765
-0.0020370542889831538
-0.0019376644730124096
-0.001843126703729987
-0.001753280953561257
-0.0016678183321627118
-0.0015865907206027928
-0.001509323822028361
-0.0014358792485597326
-0.0013660148635159304
-0.0012996000285122082
-0.0012364226041359653
-0.001176357892334771
-0.0011192218351867831
-0.001064894015950571
-0.0010132167681700462
-0.0009640724290812188
-0.0009173282402665815
-0.0008728678789499958
-0.0008305822016721104
-0.0007903549090934416
-0.0007520993545535197
-0.0007156980293541771
-0.0006810858276113538
-0.0006481428684894133
-0.0006168247804883592
-0.0005870082065299249
-0.0005586688439341771
-0.0005316788020617107
-0.0005060333119754622
-0.0004815989297836901
-0.00045839000884270427
-0.00043626656054968234
-0.0004152617648529674
-0.0003952281163636459
-0.0003762174374346057
-0.00035807374549542796
-0.00034086742593635955
-0.0003244330623343083
-0.00030885962598206754
-0.00029397130760413907
-0.00027987578556277977
-0.0002663858882363962
-0.0002536282174603706
-0.0002414032544584972
-0.00022985683499835615
-0.00021877608541990816
-0.00020832647806606674
-0.00019828074960964075
-0.00018882450293375726
-0.00017971501498083463
-0.00017115860476900823
-0.00016289598099958786
-0.00015515485564712822
-0.00014765821473713167
-0.00014065593230915439
-0.00013385206667325874
-0.00012751951705564893
-0.00012134215214943707
-0.00011561685426297365
-0.00011000597889315013
-0.00010483144721960029
-0.00009973270903281476
-0.00009505788101815641
-0.00009042204111884299
-0.00008620076035181789
-0.000081983198971811
-0.00007817374910778158
-0.0000743340205281254
-0.00007089870376217176
-0.00006740013320376169
-0.0000643048899807332
-0.00006111420920897738
-0.0000583282753646619
-0.000055415293499453654
-0.0000529108894834582
-0.00005024819469812769
-0.000048000246405100325
-0.00004556293659329384
-0.000043548822094128555
-0.000041314261048810624
-0.00003951358276620729
-0.0000374611791734802
-0.00003585555735880844
-0.000033966564961445004
-0.00003253945232056466
-0.00003079678887073098
-0.000029533302373632318
-0.000027921385446119716
-0.00002680815515934475
-0.000025312753289862607
-0.000024337785855707617
-0.000022945883581260063
-0.0000220984390974375
-0.000020798114468968558
-0.00002006859549740967
-0.000018848908543671462
-0.000018228760508254444
-0.000017079652326729184
-0.000016561273216775087
-0.000015473474116986406
-0.000015050133961420646
-0.000014015079173296808
-0.00001368084719898012
-0.00001269060085001198
-0.000012440280636222952
-0.000011487465751188827
-0.000011316536713612814
-0.000010394271704628778
-0.000010298836832129617
-9.400677031543097e-6
-9.377416410478883e-6
-8.497300774106195e-6
-8.54343004552025e-6
-7.675631344590794e-6
-7.788865049724363e-6
-6.92794525852034e-6
-7.106464261109501e-6
-6.247232225558619e-6
-6.48965521838294e-6
-5.627127989954613e-6
-5.932486507993012e-6
-5.0618535594297874e-6
-5.429570047595969e-6
-4.546159154981443e-6
-4.976028816765618e-6
-4.075274798223552e-6
-4.567449244495292e-6
-3.6448644267853164e-6
-4.199838916960137e-6
-3.2509848905911116e-6
-3.869587335398152e-6
-2.890048803802679e-6
-3.573431030360647e-6
-2.5587899494004673e-6
-3.308421762967748e-6
-2.2542334714551095e-6
-3.071897846199583e-6
-1.9736671578426576e-6
-2.8614580893418163e-6
-1.714616354949609e-6
-2.6749379502462103e-6
-1.474821364129888e-6
-2.5103888998684826e-6
-1.2522157651280447e-6
-2.366058620743637e-6
-1.0449085063470043e-6
-2.240373685588194e-6
-8.511652638602968e-7
-2.1319242118689776e-6
-6.693938936381733e-7
-2.0394492207372813e-6
-4.981293128984391e-7
-1.96182280029596e-6
-3.360125019844946e-7
-1.8979796460217625e-6
-1.812766186200584e-7
-1.8429114069654012e-6
-0.00010405690385869596
-0.00041502854589725796
-0.000908757162930867
-0.001557243818921532
-0.002315053550555316
-0.003130035904842254
-0.003937597734117808
-0.0046675259570509615
-0.005241512649598547
-0.005578441523554717
-0.005593887754723044
-0.005204424526663107
-0.004328574929796014
-0.0028901800190564053
-0.0008204953702678306
0.0019395664989337604
0.00543642926698931
0.009703038043882084
0.014755135883282276
0.020592222469073183
0.027193258713478562
0.034519731843391556
0.04251086089894878
0.05108904199494834
0.060154531820694274
0.0695934535117073
0.07927182305235203
0.08904618329426892
0.0987567214382401
0.10824048227938912
0.1173232177131878
0.12583502633796365
0.13360049239067723
0.14045652222437927
0.1462402830276568
0.15080896962638515
0.15402505251071774
0.15577771885377653
0.15596498966147931
0.1545166388459887
0.1513728390937232
0.14650846692555355
0.13990807694643145
0.1315916359140962
0.12158578878845096
0.1099512109857423
0.09675029490477581
0.08207644275822218
0.06601844463113524
0.04869213059000676
0.03020180879229673
0.010674735780793298
-0.009779979452474045
-0.031033654205071304
-0.05298128372667208
-0.07550022760167216
-0.09849532489485567
-0.12185379130316727
-0.14549203387871562
-0.16930673933914128
-0.19322337283636565
-0.21714362365724513
-0.24099571742627865
-0.2646785565491785
-0.2881140960517145
-0.3111886535085953
-0.33380768014685086
-0.355834805604055
-0.3771493687038326
-0.3975837990433635
-0.4169842521168025
-0.4351469102815484
-0.451881995078824
-0.4669494964108515
-0.4801267148224999
-0.49114380491985987
-0.49975483883288524
-0.5056733863566242
-0.508646897454949
-0.5083923486615405
-0.5046735296693684
-0.49723657737619587
-0.4858895341939025
-0.47043738449875444
-0.450763047436189
-0.42676134459754966
-0.3984204174325314
-0.36575391166533516
-0.3288816917304074
-0.2879594521800808
-0.24325756540512022
-0.19508735203188773
-0.14387697311352718
-0.0900937403679259
-0.0343161782419218
0.02284794479080558
0.08069388793816978
0.13850604584818507
0.1954945372131507
0.25088472050153854
0.3038574586680335
0.3536406583267172
0.3994519352525884
0.44059019261925353
0.4763788989612856
0.5062553193351812
0.5297123706254679
0.5463830528980329
0.5559789807206905
0.5583679132705247
0.5535076122389382
0.5415151254618503
0.5225955219826801
0.4971026204339225
0.46546322471381507
0.42823009071970114
0.38600329290566116
0.33947714514623173
0.28936103598600255
0.2364225580493631
0.1814104027886
0.125096009789208
0.06820087896656658
0.011438658790359577
-0.044551389928036485
-0.09916064664373557
-0.15187061533339488
-0.2022071043414374
-0.2497925982000003
-0.2942986759192692
-0.3354918891989424
-0.3731852423649369
-0.40727862142502236
-0.4377104068657079
-0.4644936563438155
-0.48766892644697374
-0.5073373501533899
-0.5236155723699916
-0.5366666599845239
-0.5466577911370565
-0.5537896717394424
-0.5582573340746256
-0.5602784736873133
-0.5600574612320486
-0.5578127979748941
-0.5537442532600139
-0.5480594825335281
-0.5409440780659688
-0.5325873000899728
-0.5231547634948233
-0.512813189901267
-0.5017054341810495
-0.48997415874070455
-0.4777389157406044
-0.4651186605241488
-0.4522106349302162
-0.43911166329023077
-0.42589861905218857
-0.4126484760009919
-0.3994201777172318
-0.3862734436736373
-0.3732518949083848
-0.3604006368933288
-0.34775052340505336
-0.3353345547239646
-0.32317318465326184
-0.3112895839192911
-0.2996959130394972
-0.2884075075025521
-0.2774300525318272
-0.26677274968622283
-0.25643633941124844
-0.2464253090534988
-0.23673671629675078
-0.2273714970529963
-0.21832404817229323
-0.20959269092345592
-0.20116997532877762
-0.1930523514847115
-0.1852311609407538
-0.17770156430259149
-0.17045418756406727
-0.16348335053134105
-0.15677933815214376
-0.1503359704587833
-0.14414347085724796
-0.13819541461546014
-0.13248216787096706
-0.12699724823193131
-0.12173130998988717
-0.11667794718070607
-0.11182820217959899
-0.10717583858416793
-0.10271235203512581
-0.09843173752767392
-0.09432598294794833
-0.09038935287115579
-0.08661434693232134
-0.08299551981082229
-0.07952588816065308
-0.0762003042907618
-0.07301229696295711
-0.06995701423304558
-0.06702848498004155
-0.06422214445995095
-0.0615325049546197
-0.05895527578759407
-0.056485432975684834
-0.05411894375047466
-0.05185122655927337
-0.04967848851350268
-0.04759656851723479
-0.04560189451218739
-0.043690703917175125
-0.04185962604620809
-0.04010527541938438
-0.03842446328817578
-0.0368141607338358
-0.03527134183155392
-0.03379331478644003
-0.032377197900371024
-0.031020618312457407
-0.029720820591689314
-0.028475733951455823
-0.027282711971236325
-0.02613997044674801
-0.02504495543750157
-0.023996155203361513
-0.022991092477868798
-0.022028515223335658
-0.021106007738049038
-0.02022256625170814
-0.01937582217762949
-0.01856500986362844
-0.017787793997772486
-0.017043638137235195
-0.016330226960673013
-0.015647245518135244
-0.014992385690815777
-0.01436554744995992
-0.013764417530967025
-0.013189105350089587
-0.012637280525765066
-0.012109257495669766
-0.011602677109339217
-0.011118055411975362
-0.010652993092002903
-0.01020820536071808
-0.009781241555003343
-0.009373014546999433
-0.008981011280541512
-0.008606341690003794
-0.008246419375297041
-0.007902551614007113
-0.007572067754112676
-0.007256473552084327
-0.006953003183872596
-0.0066633628590655105
-0.00638468060221315
-0.006118865870763761
-0.00586292944920221
-0.005618987648101506
-0.005383922767452402
-0.005160062378159931
-0.004944148848869298
-0.004738726214798208
-0.004540385217051966
-0.004351892356281178
-0.004169674756720651
-0.0039967281828504585
-0.0038293038139716983
-0.003670634280732724
-0.0035167821043485953
-0.003371225196877372
-0.003229824280583984
-0.0030963117875361513
-0.0029663330248552253
-0.002843885022835989
-0.0027243835372422454
-0.002612101130674814
-0.002502209304777829
-0.0023992679678680644
-0.002298189049985342
-0.002203832519170144
-0.002110834754900144
-0.002024369427391358
-0.0019387806755535968
-0.001859570473470934
-0.001780773266282369
-0.001708234924300033
-0.0016356619328632847
-0.001569260678413691
-0.0015023905519117677
-0.0014416361430331843
-0.001379989690678241
-0.0013244327829306018
-0.001267569467986828
-0.0012167982827336091
-0.001164313005460401
-0.0011179502756626868
-0.0010694704192962398
-0.0010271705884735544
-0.0009823533077774357
-0.0009437999625568804
-0.0009023296926397953
-0.0008672332089646794
-0.0008288193788914062
-0.0007969147648697224
-0.0007612896964258374
-0.0007323346151389199
-0.0006992515927991623
-0.0006730245505911057
-0.0006422560485904098
-0.0006185547355048878
-0.0005898907871782224
-0.0005685305558601232
-0.0005417772558865849
-0.0005225897302996866
-0.0004975678564424007
-0.0004803996562598386
-0.00045694340184788154
-0.0004416549764529294
-0.00041961078376220504
-0.00040607534442477407
-0.00038530083148628167
-0.00037340337554464363
-0.0003537663463461044
-0.0003434027649476072
-0.00032478029872406305
-0.00031585656241848146
-0.00029813417298751903
-0.0002905655865957865
-0.0002736364470307589
-0.0002673469721911939
-0.0002511111986410426
-0.0002460328346988344
-0.0002303968252938028
-0.00022646904677954823
-0.00021134486889581817
-0.00020851411282180127
-0.00019381893692064258
-0.0001920381387782089
-0.00017769371259899094
-0.0001769218842735992
-0.00016285404506292023
-0.00016305589459840225
-0.00014919411505929595
-0.0001503397017990233
-0.00013661666852000983
-0.00013868109446884275
-0.00012503231296601947
-0.00012799544463644257
-0.0001143588716632393
-0.00011820509224027354
-0.00010452078955071061
-0.00010923877805631093
-0.00009544858888930453
-0.0001010311256188006
-0.00008707836849074494
-0.0000935221633571743
-0.00007935134405079517
-0.0000866568881466429
-0.00007221342581869219
-0.00008038486298442644
-0.00006561483060372557
-0.00007465984945823392
-0.00005950972561350883
-0.00006943946921907725
-0.00005385590105332644
-0.00006468489466297235
-0.00004861446879772006
-0.000060360563648381744
-0.000043749585967436754
-0.000056433918576152025
-0.000039228199917752354
-0.000052875166678854784
-0.00003501981543556049
-0.000049657061397754525
-0.00003109627894770961
-0.00004675469973429451
-0.000027431580985179188
-0.00004414533836744246
-0.00002400167385606972
-0.00004180822404592253
-0.00002078430440149953
-0.00003972443847957467
-0.000017758859695289395
-0.000037876756517375716
-0.000014906224989667272
-0.00003624951537900663
-0.000012208652067633822
-0.00003482849533594086
-9.649639391925983e-6
-0.00003360081060901033
-7.213818322036757e-6
-0.00003255479482444619
-4.8867329504018126e-6
-0.000031678973665935425
-2.647319980113026e-6
-0.000030903045986563053