0.005393007457224595
0.010774801845438494
0.016117065722816962
0.021413328770844252
0.026638589870559923
0.0317834379263183
0.03682481790414522
0.04175229981373997
0.04654399848454196
0.05118913226399695
0.05566671515637398
0.05996601203823662
0.06406687318723117
0.0679589270500023
0.07162291872651676
0.07504914591698039
0.07821939913563176
0.08112497088916769
0.08374892485506849
0.08608390459312099
0.08811453679404403
0.08983519865758767
0.09123241094547263
0.09230267656366992
0.09303475474065895
0.09342764939455146
0.09347268297375426
0.09317168763541814
0.09251881992015885
0.09151898813756533
0.09016936918913687
0.08847809020521794
0.08644542747525111
0.08408274806431212
0.08139338823422974
0.0783918504637594
0.0750843747938064
0.07148837754068804
0.06761274332656017
0.06347748317250383
0.059093787235743676
0.05448387150369587
0.04966084124706785
0.04464868707279165
0.03946201682218941
0.034126153382327606
0.02865679842920576
0.023080176417251658
0.017412697561224908
0.011681085170707138
0.0059021080129305495
0.0001026219526679636
-0.005700556266209312
-0.011480767065963637
-0.017221419472812725
-0.022896346469399958
-0.02848942738849501
-0.03397526056699624
-0.039338421904721144
-0.04455453604297332
-0.04960909613162179
-0.05447901492829923
-0.05915093096884233
-0.06360332009789758
-0.06782421360536524
-0.07179394865449673
-0.07550222439998844
-0.0789315664322653
-0.08207364735771448
-0.08491353564416124
-0.08744520770922908
-0.08965664551337586
-0.0915444681966207
-0.0930999357274638
-0.09432263012089873
-0.09520741492167029
-0.09575709974525638
-0.09597039795346489
-0.09585351437599263
-0.09540913675554646
-0.09464689548742033
-0.09357341856251257
-0.09220162405196462
-0.09054186330348139
-0.08861002124453803
-0.08641976807163508
-0.08398945832910555
-0.08133550658309825
-0.07847809241407278
-0.07543566980149943
-0.07222950031379544
-0.06887929847326746
-0.0654066283626406
-0.06183167772576447
-0.058175563138733226
-0.05445821409951682
-0.050699638560678134
-0.04691888531487788
-0.043134325345378845
-0.039363647382237965
-0.03562321197649558
-0.03192902239934981
-0.02829520867963435
-0.024735905291828335
-0.021262922767384833
-0.017888455885721178
-0.014622001809829754
-0.011473818311753493
-0.008451150157486343
-0.005562356204125053
-0.002812509832399433
-0.00020811586293342576
0.0022478445033652706
0.004550682232715271
0.006699436381308789
0.008691199260657992
0.010526956044054906
0.012205534309059617
0.013729770033152861
0.015100147191713324
0.0163212154336564
0.01739498458417353
0.018327524231669282
0.019122177788067216
0.019786280710732438
0.020324258297881315
0.020744406335083253
0.02105193517896379
0.02125576340305271
0.02136156739587965
0.02137854455954887
0.021312522512018803
0.021172653422491965
0.020964630271363645
0.020697278154672035
0.02037591749671207
0.0200088219427175
0.0196007605979552
0.019159295778174042
0.018688528847592478
0.01819521483363744
0.017682729667011173
0.017156982572647684
0.016620616696663464
0.016078704214179375
0.015533187512362812
0.014988345980889018
0.014445481044245844
0.013908147465092799
0.013377082457925876
0.012855197894271982
0.012342751340569705
0.011842098699188933
0.011353103161527713
0.010877650489244686
0.010415290446387416
0.009967519104205097
0.009533646225672817
0.009114850683219149
0.008710266449348221
0.0083208184918278
0.00794551942631448
0.00758509415338221
0.007238478816159035
0.006906243027984478
0.0065872825209301305
0.006282048140411656
0.00598942344483959
0.0057097697676581705
0.005441980013205524
0.005186349053962516
0.004941795044162565
0.004708564269658081
0.0044856114518861
0.004273147931689031
0.004070172646599754
0.0038768722337688805
0.0036922946195456865
0.003516609290417603
0.003348915723616268
0.0031893717141491737
0.0030371291883939206
0.0028923381016536286
0.0027542025048059716
0.002622867149133026
0.002497587011932663
0.002378503370140815
0.0022649203286350503
0.002156976756042716
0.002054023694722309
0.0019561981944157046
0.0018628958120637897
0.0017742520338389649
0.0016897043934092258
0.0016093868417964923
0.0015327763225462616
0.0014600051326182605
0.001390587090849845
0.00132465263206186
0.0012617499903990492
0.0012020074830763063
0.0011450054021976972
0.0010908696738711043
0.0010392104107979593
0.000990150876489405
0.0009433288963611857
0.0008988648149940195
0.0008564221959138145
0.0008161182316932369
0.000777640382407964
0.0007411024832625294
0.0007062141793448368
0.0006730857727348489
0.0006414475071451078
0.0006114060054857206
0.000582710642821237
0.0005554642454708333
0.0005294339650009545
0.000504718740497805
0.0004811022506144912
0.00045867948104195316
0.00043724948651236296
0.0004169032551134786
0.0003974541581675932
0.0003789891613057743
0.00036133497783179697
0.0003445745428529656
0.0003285470156212191
0.00031333130696991273
0.00029877819870550466
0.0002849625956284878
0.0002717461457983284
0.00025919977606012116
0.0002471953063718219
0.00023579972155250624
0.00022489437629052075
0.00021454235536209456
0.00020463396382404235
0.00019522843281862047
0.00018622448219068492
0.0001776775388223422
0.00016949424686516933
0.00016172627997230007
0.00015428775785113167
0.00014722665245115704
0.00014046414894187533
0.00013404456855253043
0.00012789578768061257
0.00012205852635627794
0.00011646701128212388
0.00011115840853554332
0.0001060729851984766
0.0001012443976428063
0.00009661867230024857
0.00009222599644439591
0.00008801790182195756
0.00008402114300241064
0.00008019252828437011
0.00007655541120587477
0.00007307167157155677
0.00006976128837902087
0.00006659103020842208
0.0000635775224142112
0.000060692260675121565
0.00005794853162995458
0.000055322416301127065
0.00005282387122513234
0.000050433439924488355
0.00004815775080784542
0.00004598170506810754
0.00004390859802429124
0.00004192760092076021
0.000040038663802274987
0.000038235156858734764
0.00003651366517506402
0.00003487170267762573
0.00003330246203759199
0.00003180756107645782
0.000030376764559595066
0.000029015769276979648
0.00002771086829209278
0.000026471826969990063
0.000025281414300472422
0.000024153468052808256
0.000023067171918679543
0.000022040453875288443
0.000021048841951732487
0.00002011438592803158
0.00001920887836818737
0.00001835853611599981
0.00001753132671828332
0.000016757692937232502
0.000016001677675543954
0.000015298022049430964
0.00001460673426880976
0.000013966939856925926
0.000013334491497352469
0.000012752998881178462
0.000012174027159030488
0.000011645783797661421
0.000011115402827124504
0.000010635817131288623
0.000010149574016608184
9.714473697284105e-6
9.268308675520506e-6
8.873902964247378e-6
8.464113213688342e-6
8.106958593857937e-6
7.730165365124472e-6
7.407134482334741e-6
7.060253238199107e-6
6.768506696860002e-6
6.448719976319031e-6
6.185680752164457e-6
5.890413506766905e-6
5.653743731161113e-6
5.380640897599054e-6
5.168220795685827e-6
4.915126898334725e-6
4.725035682275639e-6
4.4899762725863566e-6
4.320474807650399e-6
4.101639569979065e-6
3.95115465339056e-6
3.7468820220151016e-6
3.6139921245637096e-6
3.422755268026859e-6
3.3061776070268408e-6
3.126571653514993e-6
3.025150473986832e-6
2.8558808614861744e-6
2.7685768177207773e-6
2.608448662217572e-6
2.534329200061734e-6
2.3822375870736863e-6
2.320468236889916e-6
2.1753893503489417e-6
2.1252258487661207e-6
1.9862088550911142e-6
1.9469900242664016e-6
1.8131496442048021e-6
1.7842909585278604e-6
1.654800658629674e-6
1.6357884410388953e-6
1.5098741859435235e-6
1.5002603779028046e-6
1.3771948907961748e-6
1.376592347180273e-6
1.2556898288666003e-6
1.2637680936056038e-6
1.1443793543190094e-6
1.1608608733032454e-6
1.0423688395472454e-6
1.067025577786047e-6
9.488411323197824e-7
9.81491560506905e-7
8.630496866221926e-7
9.035561082681341e-7
7.84312304428874e-7
8.325784947525134e-7
7.12005431091511e-7
7.679745650898381e-7
6.4555895887192e-7
7.092118066781921e-7
5.844514891572308e-7
6.558048574800401e-7
5.282060118082736e-7
6.073114159137219e-7
4.7638596752249977e-7
5.633285166615713e-7
4.285916563044051e-7
5.2348913807772e-7
3.844569593355974e-7
4.87459112024808e-7
3.436463494407654e-7
4.549343106356175e-7
3.0585216370397894e-7
4.256380823210517e-7
2.707921103266845e-7
3.9931891932601155e-7
2.3820699550473292e-7
3.7574833325232916e-7
2.078586456911801e-7
3.547189192279666e-7
1.7952800844743165e-7
3.360425961142935e-7
1.5301341784427127e-7
3.195490044945113e-7
1.2812900756523366e-7
3.0508404779189284e-7
1.0470325939431362e-7
2.925085674668028e-7
8.257767367405916e-8
2.816971350760449e-7
6.160553715619182e-8
2.7253683163512497e-7
4.164981047237691e-8
2.6491833188843925e-7
2.2519197334238253e-8
2.5823542858796114e-7
0.00311370408271795
0.006209444241382805
0.009241943073744041
0.012201011301488724
0.015046852932891892
0.017764955954809942
0.020319068098846406
0.0226936736740945
0.02485512577083596
0.026788278285706187
0.028462017758901666
0.029862563185405918
0.0309616349174047
0.0317477098790336
0.03219584630277778
0.03229764643068315
0.03203213119085985
0.031394882871700516
0.03036957009663632
0.0289565774717218
0.02714490573499673
0.02494048701977318
0.022338266518209807
0.019350325515006424
0.015978009508087622
0.012239925184502537
0.00814402767175537
0.0037155170886950294
-0.0010311583399515096
-0.006064508416694285
-0.011364081510657754
-0.016892793684989603
-0.02262504903186584
-0.02851922406473035
-0.034545743693804844
-0.04065976348244312
-0.046829083829005934
-0.05300708549485002
-0.059160341754945146
-0.06524188037583069
-0.07121834264644748
-0.07704366770856189
-0.08268564728751934
-0.08810015343613073
-0.09325694493623014
-0.09811458302785155
-0.10264535526214186
-0.10681104150352716
-0.11058682946606854
-0.11393810247893199
-0.11684322587316881
-0.11927152822153096
-0.12120483930007027
-0.12261682933416096
-0.12349317928012786
-0.1238124305614245
-0.1235646691334397
-0.12273402328108923
-0.1213157456117543
-0.11930047905832379
-0.11668962520001923
-0.11348147716691664
-0.10968476683169551
-0.10530673540614793
-0.10036475441946839
-0.09487636872946165
-0.08886888689991863
-0.08237138786503401
-0.07542217846682912
-0.06806270827339933
-0.06034280196419917
-0.052316384051500193
-0.044044419726725084
-0.035592321092663005
-0.02703057955253359
-0.01843371496929806
-0.009878659427198027
-0.0014451237188573534
0.006788106477907518
0.014741479168756483
0.022340191470623383
0.029511221763100746
0.03619027001904226
0.04231752229250002
0.04784554487625609
0.05273377063839876
0.05695683938270772
0.0604978104232693
0.06335646797002388
0.06554131945255652
0.06707747801392956
0.06799759684414151
0.06834909050152115
0.0681842657598145
0.06756682513007838
0.06656155923412492
0.06524025537210365
0.0636713863707089
0.061925687581705434
0.06006628761120475
0.058154288438144734
0.05623972114286683
0.054367450426345755
0.0525692073408621
0.050870045906196745
0.04928152726146069
0.047808806799787336
0.046444856720517416
0.04517809564852757
0.04398738102865818
0.04284995155646627
0.04173683251506744
0.040620777998307656
0.03947172952181305
0.03826443543865526
0.03697368191092242
0.03558132501405619
0.03407114853257757
0.03243514602411031
0.03066801442122205
0.028772636160613308
0.02675435300153719
0.024625692136114218
0.022400652970835763
0.020098777116143753
0.017739710627985836
0.015346731882789037
0.012941828028635688
0.010548775569048433
0.008188909157921767
0.005883812693696891
0.0036518819678045228
0.0015106450802048032
-0.0005258536735029111
-0.0024451146453510803
-0.004238009688501332
-0.005897249281946192
-0.0074184915804654215
-0.008799240613384383
-0.010039329212430902
-0.011140262056729902
-0.012105169196192929
-0.012938591109349874
-0.01364599459345636
-0.014233979585207102
-0.014709439024496309
-0.01508015234590202
-0.015353659082060487
-0.015538193443144681
-0.015641330083315325
-0.015671208464498158
-0.015634999396187538
-0.015540366438243329
-0.015393793800182399
-0.015202233918010764
-0.014971330895369743
-0.014707207516528941
-0.014414613294010822
-0.014098809573039215
-0.013763667071186052
-0.013413613615042343
-0.013051702532175167
-0.01268159338548816
-0.01230560950986281
-0.011926727526506543
-0.011546639582079805
-0.011167732248565928
-0.010791166557514864
-0.010418831048046329
-0.010051450461720818
-0.009690501200587981
-0.009336357546631754
-0.00899016067910934
-0.008652009504677954
-0.008322776730256604
-0.008002349828749566
-0.00769138954731309
-0.007389625183344817
-0.007097552403409722
-0.006814785852245049
-0.006541694333387863
-0.0062778128057467625
-0.006023413892420936
-0.0057779805173275205
-0.005541713414974167
-0.005314065005051739
-0.0050951831140999505
-0.004884506159945937
-0.004682143700652393
-0.004487532586900283
-0.00430075525166938
-0.004121256166489778
-0.003949099000996575
-0.0037837424772431314
-0.003625237676509555
-0.0034730622078665793
-0.003327259037635863
-0.0031873277653794406
-0.003053306405972898
-0.0029247184859816987
-0.0028015992344463786
-0.0026834971666129903
-0.002570446139163429
-0.0024620200713932664
-0.002358252300457213
-0.00225874209639228
-0.0021635227176893734
-0.0020722184001623345
-0.0019848624667832162
-0.0019011035068141823
-0.001820974839309097
-0.00174414864695714
-0.0016706580301145502
-0.0016001979166750397
-0.001532800875745061
-0.001468183687698983
-0.001406378016014292
-0.0013471215888209167
-0.0012904447535037691
-0.0012361052927790553
-0.0011841318095553708
-0.001134301275767842
-0.0010866401171268033
-0.0010409436681812045
-0.0009972357484591564
-0.0009553292755757376
-0.0009152450431978267
-0.0008768128234388137
-0.000840049977158629
-0.0008048024562292809
-0.0007710837956180705
-0.0007387555076278472
-0.0007078269223475154
-0.0006781745478248271
-0.0006498031445065076
-0.0006226037058140108
-0.0005965760701431335
-0.0005716252591369444
-0.0005477458477579501
-0.0005248564807513542
-0.0005029461372869488
-0.0004819467302889542
-0.0004618413179574639
-0.0004425747750461959
-0.0004241239187791316
-0.0004064463264213421
-0.0003895122572232758
-0.0003732917771416864
-0.0003577482713351722
-0.0003428641245785861
-0.00032859553093449455
-0.0003149370664434071
-0.0003018374139891043
-0.00028930325523480256
-0.000277275436416791
-0.0002657726993440468
-0.0002547277216103366
-0.0002441712987838197
-0.00023402759926337808
-0.00022433950465571315
-0.00021502232269979146
-0.0002061310917103172
-0.00019757189488027192
-0.0001894120351344737
-0.00018154799372898864
-0.00017405948298235694
-0.0001668329889330206
-0.000159960815107224
-0.00015331904175961675
-0.0001470127826359488
-0.000140907282151236
-0.0001351207199917102
-0.00012950705460820953
-0.00012419782420280178
-0.00011903522877743318
-0.00011416449519722143
-0.00010941556839148821
-0.00010494773188510842
-0.00010057815342017051
-0.00009648057957237894
-0.00009245885148333808
-0.00008870162419606778
-0.00008499883373271495
-0.00008155452896244665
-0.0000781441318106832
-0.00007498761102593054
-0.00007184523233699093
-0.000068953452515119
-0.00006605670519125754
-0.00006340854580959241
-0.00006073686356584619
-0.00005831296779603606
-0.000055847452433934856
-0.00005363008170826806
-0.0000513533632497829
-0.00004932626419824511
-0.00004722237253109302
-0.00004537065529476404
-0.00004342490281440886
-0.0000417349292794845
-0.00003993380276939146
-0.00003839308476430277
-0.000036724146765301995
-0.0000353212522105545
-0.000033773050433754615
-0.00003249751792012332
-0.000031059502029164566
-0.000029901762440915443
-0.000028564207543697092
-0.000027515512215248775
-0.000026269449186749284
-0.000025321804279315707
-0.000024158955385105566
-0.000023305061760676605
-0.000022217781469912755
-0.000021450979742735803
-0.00002043220062639774
-0.00001974642059222588
-0.000018789603460615062
-0.000018179318332302287
-0.0000172784065027864
-0.00001673859048955239
-0.00001588796757624338
-0.000015414057641114722
-0.000014608508812735276
-0.000014196369170216147
-0.000013431045585885058
-0.000013076935862847785
-0.000012347321578296241
-0.000012047867198101924
-0.000011349749030090486
-0.000011101914544470381
-0.000010431354119703905
-0.000010232418784448529
-9.585726564346302e-6
-9.433262031536105e-6
-8.80697370702486e-6
-8.69882375230411e-6
-8.089678156507905e-6
-8.023940247453404e-6
-7.428858871154743e-6
-7.403867447256261e-6
-6.819935546423532e-6
-6.834247010370736e-6
-6.258696071402076e-6
-6.311074840561232e-6
-5.741266084782863e-6
-5.830672205571766e-6
-5.264081769419412e-6
-5.3896599464908e-6
-4.8238643752380405e-6
-4.984933943188762e-6
-4.417596973546605e-6
-4.613642813265108e-6
-4.042503160632713e-6
-4.273167827696981e-6
-3.6960272394285907e-6
-3.961103846087747e-6
-3.375816275240348e-6
-3.675242415859705e-6
-3.079703684936129e-6
-3.413555878488066e-6
-2.805693766177495e-6
-3.174183061990106e-6
-2.551948043217054e-6
-2.9554155940341775e-6
-2.3167720424402433e-6
-2.7556863007456465e-6
-2.0986036567125684e-6
-2.5735573195882746e-6
-1.8960022881655701e-6
-2.4077104241521266e-6
-1.7076388876877138e-6
-2.2569371653046904e-6
-1.5322866599146716e-6
-2.120130495499646e-6
-1.368812724159677e-6
-1.996276704003751e-6
-1.216170223796052e-6
-1.8844480676308112e-6
-1.0733913296067866e-6
-1.7837960895215975e-6
-9.395805625317359e-7
-1.6935458042086065e-6
-8.1390867830647e-7
-1.6129894970728084e-6
-6.956071748252646e-7
-1.5414820767954338e-6
-5.839630684072139e-7
-1.4784360267882022e-6
-4.783144476692168e-7
-1.423317328150021e-6
-3.7804558296846914e-7
-1.3756411465104216e-6
-2.825831544398555e-7
-1.3349678447534493e-6
-1.9138797283738648e-7
-1.3008630453367507e-6
-1.0366026935340745e-7
-1.2705840762259175e-6
-0.006113426297215377
-0.012175925547403236
-0.018059893064192284
-0.02373931629687941
-0.02910631972662769
-0.034129320381090796
-0.038717842040540726
-0.0428472724169319
-0.046444546162303105
-0.049498291762940586
-0.05195443103719971
-0.053818897274095986
-0.055057953300966356
-0.05569709874572572
-0.05572323464764998
-0.055181803419347135
-0.054079116681345955
-0.05247896069038269
-0.05040412364624144
-0.04793324536443203
-0.04510106674458114
-0.04199603183195954
-0.0386591272408792
-0.035182568816594574
-0.031607339812462464
-0.028023162850013605
-0.02446499980721843
-0.02101439422441336
-0.017695275411382945
-0.014576643073090177
-0.011668036492876906
-0.009023418498716525
-0.006636643893417723
-0.0045462873098962835
-0.002731391490140166
-0.001216880139866954
0.00003019542530496317
0.0009951034359911425
0.001718522132976223
0.002191353436228942
0.002457018798583794
0.002507177773758709
0.0023831008996182423
0.002072832155107325
0.0016114818983495268
0.0009803436523637282
0.00020589290961516992
-0.0007386832388211859
-0.0018360728401889635
-0.003120504856239559
-0.004582297898731836
-0.006260401601413468
-0.008149363283286753
-0.010288493388439648
-0.012671767788045437
-0.015333424032050567
-0.01826135214508681
-0.021478973566339543
-0.024962676755615674
-0.028719862244063792
-0.03271094946686716
-0.03692349014786617
-0.04129920999053574
-0.045804099261086244
-0.05036085899702186
-0.054914871811820566
-0.05937230007017406
-0.0636618210682601
-0.06767847958088485
-0.07134104063381483
-0.07454154042442218
-0.0771980711705071
-0.07920981707953204
-0.08050504748604517
-0.08100128688601684
-0.08064826585449635
-0.07939277612584306
-0.07721632483410179
-0.07410418449892223
-0.07007752300905853
-0.06516618490089521
-0.05943512955548806
-0.05296057596970922
-0.04585067066880805
-0.03822478526102245
-0.030228443765597118
-0.022015764236991475
-0.013758789149795714
-0.005633286707289692
0.00217726720400819
0.009492092235784629
0.016134140345067487
0.021936080112038906
0.026745978363659578
0.03042811526488403
0.03287294094825546
0.03399193031301699
0.03373150419278178
0.032061196800975696
0.028991346194131584
0.024554022839475675
0.01882445553146366
0.011894446684620905
0.0038976849751261883
-0.005024277796715408
-0.014692502393379988
-0.024931674985261432
-0.03553592729685527
-0.04631605013167815
-0.05706019204571342
-0.06758623427132206
-0.07769700523681683
-0.08723665742482078
-0.0960402667691642
-0.10399307334694062
-0.11097466673196242
-0.1169200938401728
-0.12175920777983695
-0.12547885916206145
-0.12805833636404626
-0.12953208074648323
-0.12992240453557635
-0.1293023519182697
-0.12772700349512206
-0.12529621227587132
-0.12208578027952065
-0.11820982715982085
-0.11375297661597673
-0.1088320858287847
-0.10353035031942147
-0.09795806734844016
-0.09218930810874715
-0.0863213403014523
-0.08041426980324082
-0.07454872949883
-0.06876868765226486
-0.06313703066112172
-0.05768158438787084
-0.05244827430098712
-0.047450307448020354
-0.042718673104976165
-0.03825437711249119
-0.0340761356819435
-0.030175527742375516
-0.026561821431374304
-0.023219902074447966
-0.020152246303612315
-0.017339484296167385
-0.014779595822611822
-0.01245096965718012
-0.010348938151328611
-0.008451201303546908
-0.006751843135904461
-0.005228991692217077
-0.0038764743275354428
-0.0026735878825211996
-0.0016145541302868536
-0.0006802769851324503
0.00013424323806160822
0.0008462859907768051
0.0014598856190359626
0.0019904580922182405
0.0024410229534056085
0.0028251939122887746
0.0031450153281365827
0.003412425408842321
0.0036285853831192192
0.003803918908412221
0.003938822176318344
0.004042377570971533
0.004114342391423625
0.004162629001781487
0.004186478523339433
0.004192793841956664
0.004180412491853972
0.004155373081364244
0.00411620869168489
0.004068221652794247
0.004009725177257696
0.0039453960443742225
0.003873397942544385
0.003797876549817903
0.003716903251134393
0.0036341723611916085
0.0035477085695182573
0.0034608216481102883
0.003371525226863091
0.003282800257726311
0.0031926765796915953
0.0031038526634656234
0.003014394937701633
0.002926757891142092
0.0028390593431194665
0.0027535418120700874
0.0026683848510742243
0.002585645687084252
0.002503572434404948
0.0024240593448110687
0.0023454271859709003
0.0022694259918394095
0.002194451171963033
0.0021221244002469584
0.0020509161225780092
0.0019823331506077513
0.0019149201710306775
0.0018500807043068466
0.0017864320111509542
0.001725284318349345
0.0016653251712531042
0.001607780207578753
0.001551404537800055
0.0014973468506607154
0.0014444268197515808
0.0013937229416879947
0.0013441162805753486
0.0012966211612829668
0.0012501767804290855
0.0012057386927159586
0.0011623009461678643
0.001120765204056597
0.0010801771067143649
0.0010413888591917029
0.0010034944906409406
0.0009673007988579588
0.0009319470769721727
0.0008981984352781239
0.0008652363994040382
0.00083378782551441
0.0008030735432238449
0.0007737853351237966
0.0007451805145045929
0.0007179187509291651
0.0006912911301916053
0.0006659279732466459
0.0006411515367928958
0.0006175653833634427
0.0005945204469739666
0.0005725959666768943
0.0005511691623422372
0.0005307972467782705
0.0005108814339256049
0.0004919590832587394
0.0004734532046948556
0.0004558833660188783
0.00043869226365909105
0.0004223836361074452
0.00040641783892407404
0.0003912846549037949
0.00037646014837191725
0.0003624219401356868
0.0003486599241222728
0.0003356412814764006
0.0003228679215230147
0.00031079824562328407
0.0002989444236079314
0.000287757680299446
0.00027675874571502163
0.0002663932224270916
0.0002561887480495852
0.0002465868150421983
0.00023712035895330768
0.0002282282373583049
0.00021944711149323443
0.00021121464858526182
0.00020306969585162323
0.0001954501492996426
0.00018789552986734126
0.00018084536080819138
0.0001738383474582547
0.00016731702290148087
0.0001608178051931039
0.00015478761045694469
0.00014875910983072274
0.00014318496928177626
0.00013759266242129004
0.00013244197057662784
0.0001272537233159609
0.00012249618485439824
0.00011768209391484576
0.00011328957270287047
0.00010882181762181168
0.00010476819461017441
0.0001006208969504575
0.00009688193622362258
0.00009303102807306839
0.00008958425057833292
0.00008600735079950636
0.00008283191745085421
0.0000795082149185129
0.00007658481453844388
0.00007349495884996553
0.00007080570573768402
0.00006793170524714348
0.00006546004071970694
0.00006278516631400088
0.00006051576968561425
0.0000580244650256809
0.000055943167389551726
0.000053620965034486355
0.00005171467122176367
0.00004954811393054178
0.000047804728329961634
0.00004578129577653192
0.00004418965324240246
0.00004229769347007614
0.00004084749608717504
0.000039076161341998027
0.00003775791807088717
0.000036097104795188244
0.000034902076820408696
0.0000333423702228497
0.00003226251874099344
0.00003079514057643095
0.000029823079467267374
0.000028439839226856733
0.000027568790639507146
0.00002626204043154414
0.000025485793178463818
0.000024248385229238597
0.000023561257188789502
0.000022386504382184994
0.00002178330706149486
0.000020664946024985773
0.000020140951710885322
0.000019073108710042855
0.000018624020495768192
0.000017601178948728295
0.000017223102597314793
0.000016240073231025465
0.000015929491800456214
0.000014981384623958652
0.000014735134507165196
0.000013817332773920643
0.000013632581931413723
0.000012740717166849112
0.000012614945485485218
0.000011744875052016281
0.000011675855390476534
0.000010823640850970567
0.000010809422573805388
9.971309328878377e-6
0.000010010202875259067
9.182601463520112e-6
9.2731640736637e-6
8.452632374354843e-6
8.593655885424687e-6
7.776882350865434e-6
7.967381380455203e-6
7.15116899961358e-6
7.390370256985653e-6
6.5716221208738454e-6
6.858955580091557e-6
6.034660414461341e-6
6.369750430678887e-6
5.536969490284913e-6
5.919627472891971e-6
5.075481786800488e-6
5.505699751835319e-6
4.647357857590934e-6
5.125302615224724e-6
4.249969328540056e-6
4.775977214191928e-6
3.880882306936263e-6
4.455455494303043e-6
3.5378432146995523e-6
4.161645770367103e-6
3.2187645505514777e-6
3.892619855360346e-6
2.921712876190515e-6
3.646601058371026e-6
2.644896008118832e-6
3.4219525329235393e-6
2.386652633124357e-6
3.2171674253937354e-6
2.1454423570446743e-6
3.0308590443130906e-6
1.919836215759945e-6
2.8617522744701293e-6
1.7085077218414897e-6
2.708675367533928e-6
1.5102253553795499e-6
2.5705522722900106e-6
1.32384463222416e-6
2.4463954636644035e-6
1.148301273567291e-6
2.335300175919171e-6
9.826052723354807e-7
2.2364383489919697e-6
8.258342616040424e-7
2.1490523164538366e-6
6.771287553654903e-7
2.0724508135193e-6
5.356865206572443e-7
2.0060040343688066e-6
4.007580783591686e-7
1.949138115367303e-6
2.7163566862741914e-7
1.9012797673489531e-6
1.4723450728193359e-7
1.858563909270461e-6
0.0026703800568167583
0.005319953907478681
0.007896623144647312
0.010388710941846867
0.012750920868906048
0.014967038545569262
0.016996749868258595
0.018823448916703338
0.020411139452669445
0.02174475168447533
0.02279293157441466
0.023543617868911546
0.023970792387185955
0.024066677573710702
0.023811402282422494
0.023202584289759614
0.02222728639951403
0.020889448471228214
0.01918373709185298
0.017121122422640963
0.014704358048956027
0.011951891760938855
0.008874792682274858
0.005499112434049991
0.0018441275218295389
-0.0020567833334847025
-0.006176676299404525
-0.01047561474845708
-0.014920045538133234
-0.019464799863305394
-0.024071329464641952
-0.028691111837675438
-0.033282724517605444
-0.037796617375108955
-0.042190962701360794
-0.046417743341241435
-0.05043728692675739
-0.05420561309024529
-0.0576875498297725
-0.06084529211330893
-0.06365001041500132
-0.0660715969911418
-0.06808870812154069
-0.06967970740405711
-0.07083112557857342
-0.07152984256122849
-0.07176999077506815
-0.07154643928695188
-0.07086019868786854
-0.06971327503339754
-0.06811265168577184
-0.06606656684171956
-0.06358715143083989
-0.060688156155612204
-0.05738632007470188
-0.05370053822118307
-0.04965202967499053
-0.04526490101862455
-0.04056518018463225
-0.03558269662106002
-0.030349048676549088
-0.024900686360780935
-0.019275882683454273
-0.01351886467748805
-0.007675859212225893
-0.001800068615531256
0.004053142108892958
0.009820686801842846
0.015437365716221976
0.02083004605000528
0.02592399309648747
0.03063716113236676
0.03488714523659726
0.038585976958100565
0.04164752476861992
0.043983171677727285
0.04550937918146249
0.04614455968849456
0.04581636703072469
0.04445997015225941
0.042024463052803496
0.03847261594990994
0.033785643532614096
0.027964385197017515
0.021031576204521153
0.013034323923844349
0.00404303468328193
-0.0058449620690121966
-0.016510537852015283
-0.027808071741955973
-0.03957505343152128
-0.05162625349766599
-0.06376784257195747
-0.07579016974857683
-0.08748598857464897
-0.09864141106569586
-0.10905740783161609
-0.11853840204743481
-0.12691589406252804
-0.13403418362565625
-0.13977482597147606
-0.14403914786798266
-0.14677230421301551
-0.14794257104692649
-0.14756402433990323
-0.14567299691196414
-0.14234878445698157
-0.1376880590540243
-0.13182343149901798
-0.12489692890262329
-0.11707661148590477
-0.10853037033844555
-0.09944103648678101
-0.08998170163489026
-0.08032983391474761
-0.0706450836640318
-0.06108284712311089
-0.0517751498269774
-0.04284392759698053
-0.03438516617269128
-0.026481966504756323
-0.01919174520998239
-0.01255898102888925
-0.0066050087175435574
-0.0013402452202735434
0.003244032578092085
0.0071641997320786525
0.010451150076478965
0.013139713208957085
0.015274720600969426
0.016901405977395333
0.018071099628901778
0.018832594561657805
0.019237758282355473
0.019333767717049446
0.019168801756105584
0.018784997757462032
0.01822429060724902
0.017521924716718755
0.01671243997603146
0.015823580285644245
0.01488238990953905
0.013909384034564124
0.012924703567828775
0.011942446000653098
0.010976825050076584
0.010036593941788054
0.009131162071867083
0.0082650728957317
0.007444038457824925
0.006669457926614697
0.005944339679279365
0.005267863527438594
0.004641167713182784
0.0040619685883909375
0.0035301959662808525
0.0030426895830252838
0.0025986708457825967
0.002194537161253731
0.0018291615142721376
0.00149880492329416
0.0012022378273121095
0.0009357885462064588
0.0006982824205239213
0.00048624099664625563
0.0002986364691788357
0.00013225290819183057
-0.000013745073993458067
-0.00014228103031815794
-0.0002539836558074667
-0.0003514803972155308
-0.0004351988564885598
-0.0005074828633847741
-0.0005685761207887857
-0.000620560466009738
-0.0006635187251606518
-0.0006992966403590123
-0.0007278411745311798
-0.0007507889600148199
-0.0007679756882364976
-0.0007808549888303541
-0.0007891740512645904
-0.000794227621059138
-0.000795694626241918
-0.0007947325269083875
-0.0007909694502327546
-0.0007854444910217271
-0.0007777496865185945
-0.000768822079762922
-0.0007582297729056081
-0.0007468216615801756
-0.0007341517872507183
-0.0007209926551945111
-0.0007068921428242448
-0.0006925562523445815
-0.0006775329187885972
-0.000662469929654422
-0.0006469201035876566
-0.0006314799536368429
-0.0006157108624328558
-0.0006001638832914827
-0.0005844117135789695
-0.0005689648266297587
-0.0005534092412966112
-0.0005382189595878398
-0.0005229947354926258
-0.0005081775748911842
-0.0004933839142499682
-0.000479024717038365
-0.00046473268656338707
-0.00045089126843306384
-0.00043714973716688104
-0.00042386619133286693
-0.00041070656807843346
-0.0003980054976678399
-0.000385445510156753
-0.00037333940423500965
-0.00036138611352683057
-0.00034987803982606955
-0.0003385302457861575
-0.0003276160010020225
-0.0003168661625505952
-0.0003065359879585593
-0.0002963717536277739
-0.0002866117040119481
-0.00027701713608350867
-0.0002678101732854319
-0.0002587667224508421
-0.00025009358695514286
-0.00024158086960082063
-0.0002334207746114563
-0.0002254171919188167
-0.00021774837569378457
-0.00021023160382784765
-0.00020303176724833027
-0.00019597914618700414
-0.0001892257978055142
-0.00018261463691313597
-0.000176285364850887
-0.00017009318183231677
-0.00016416586381712563
-0.0001583705692373005
-0.00015282353591710741
-0.0001474035743776198
-0.00014221573098420392
-0.00013715018742911658
-0.00013230110641079487
-0.00012756978211054442
-0.00012303976776911844
-0.00011862323534982671
-0.00011439336844750321
-0.00011027300638232901
-0.00010632517173163307
-0.00010248318562517302
-0.00009880008643784992
-0.00009521951615479214
-0.0000917846779124107
-0.00008844939675725252
-0.00008524716069530962
-0.00008214186587931429
-0.00007915737818201206
-0.00007626757646298095
-0.00007348677022135986
-0.00007079875756150912
-0.00006820833188217248
-0.00006570917079347771
-0.00006329656589018761
-0.00006097405930255817
-0.000058727429986260555
-0.00005657009393597663
-0.000054478281445500846
-0.00005247531592617341
-0.00005052781868570562
-0.00004866907888396415
-0.00004685602306892087
-0.00004513198883832229
-0.00004344409821541156
-0.000041845844463830816
-0.000040274410739922286
-0.00003879357856282146
-0.00003733043206643043
-0.00003595919917602478
-0.0000345966801528129
-0.00003332773276461515
-0.00003205866341834236
-0.00003088516915522946
-0.000029702826473581756
-0.00002861840726593127
-0.00002751649638212925
-0.000026515203417532987
-0.00002548783308903529
-0.000024564122163283684
-0.000023605779596632884
-0.00002275448761338007
-0.00002186001561981223
-0.00002107633827745465
-0.000020240913389498845
-0.00001952038399047018
-0.00001873949445538285
-0.000018077963225942475
-0.000017347390033529886
-0.000016741005443369552
-0.000016056801914322533
-0.00001550199235434972
-0.000014860466911925119
-0.000014353923371372691
-0.000013751622246980836
-0.00001329028239618398
-0.000012723972793980232
-0.000012305006156505908
-0.000011771661598493615
-0.000011392454037859217
-0.000010889239654111326
-0.000010547381234272298
-0.000010071639704634344
-9.764911482700157e-6
-9.314150513738106e-6
-9.040512950446262e-6
-8.612393104164136e-6
-8.369974877842673e-6
-7.962298106848063e-6
-7.749386066967012e-6
-7.360084785620407e-6
-7.175114118729184e-6
-6.802240992702251e-6
-6.6437864569847705e-6
-6.28550533615852e-6
-6.152273006906682e-6
-5.806848977257497e-6
-5.697668300501572e-6
-5.3634603565797e-6
-5.277277575835771e-6
-4.952729650136278e-6
-4.888600450919738e-6
-4.5722345986656234e-6
-4.529318419231508e-6
-4.219727201141397e-6
-4.19728166775365e-6
-3.893121535722068e-6
-3.890497213188451e-6
-3.5904823735914925e-6
-3.607117988108975e-6
-3.310014699402368e-6
-3.345432761274222e-6
-3.0500531917594103e-6
-3.103855861294311e-6
-2.809052757304296e-6
-2.8809189907757135e-6
-2.5855810915133837e-6
-2.6752624770745755e-6
-2.3783092247142497e-6
-2.485627421435449e-6
-2.18600428922496e-6
-2.3108485270299565e-6
-2.007523340467002e-6
-2.149848077875565e-6
-1.841806056736106e-6
-2.0016284454973042e-6
-1.6878690827343177e-6
-1.865267749583059e-6
-1.5447998230260836e-6
-1.739912969874658e-6
-1.4117519554692313e-6
-1.6247761972452423e-6
-1.2879401279027778e-6
-1.5191296930191339e-6
-1.1726358604457692e-6
-1.4223009186806347e-6
-1.0651627115170483e-6
-1.3336690837197936e-6
-9.648924043990313e-7
-1.2526618262122382e-6
-8.71242105391515e-7
-1.178750626728911e-6
-7.836701257464772e-7
-1.1114490535150496e-6
-7.016728478314284e-7
-1.0503085090579707e-6
-6.247823088877045e-7
-9.949163962327682e-7
-5.525634089596871e-7
-9.448933118802869e-7
-4.846108029961026e-7
-8.998904293413476e-7
-4.2054740464917325e-7
-8.595873397480484e-7
-3.600214861563135e-7
-8.236909750421128e-7
-3.02705197491849e-7
-7.91932114850934e-7
-2.482922768166896e-7
-7.640655910449415e-7
-1.9649704907421452e-7
-7.398667304577643e-7
-1.4705174823235334e-7
-7.191311828310564e-7
-9.970319693193864e-8
-7.016534508861685e-7
-5.405906314819462e-8
-6.860177515415936e-7
-0.003945401812395298
-0.007886743343215272
-0.011813098446987264
-0.01571950944443054
-0.01959218715050041
-0.023419191117410337
-0.02718081572292235
-0.030856662622324046
-0.03441930761510186
-0.03783930090536807
-0.04108133847980991
-0.04410785371185028
-0.046877233657730236
-0.04934642171503807
-0.05147076577478864
-0.05320594182880653
-0.05450898474106388
-0.055339771931808994
-0.05566273018666505
-0.0554480617183017
-0.05467357203533762
-0.05332577511996316
-0.051401268058121265
-0.04890782377709595
-0.045864762166525276
-0.04230413545527086
-0.03826962010451102
-0.03381792562995648
-0.02901585431624966
-0.023942116202587703
-0.01868236159254168
-0.013331651862891312
-0.007987440337366468
-0.0027530130472942786
0.0022714509225659303
0.006984112071223293
0.011292085560176154
0.0151049857274051
0.018346917676947017
0.020948011726006407
0.022857504827385165
0.024033022370115457
0.024454532643171063
0.0241112374086485
0.023016290194855543
0.02119126443976207
0.018681646066275114
0.015538937986043916
0.011837045187687287
0.007652133076722912
0.00308010316750794
-0.0017856529265607864
-0.006835442297120497
-0.011967481345023944
-0.017067485751257747
-0.022034719354627138
-0.026759722301282603
-0.03115208106027028
-0.03511604264825426
-0.0385798840406524
-0.04146918022522767
-0.04373763346510644
-0.0453377986719914
-0.046253212585582106
-0.04646644424239059
-0.04599235719685854
-0.044843457746151526
-0.0430641438656403
-0.040693472947317566
-0.037800303723513055
-0.034443787700406944
-0.0307093854158657
-0.026667574530783087
-0.02241079614967132
-0.018011028908415425
-0.01355776394946325
-0.009115177576946958
-0.004761216483019198
-0.0005450813026711635
0.003472588013104861
0.0072613375299190805
0.010779783582389218
0.01401599105185531
0.016945794299152182
0.019571842522893967
0.021881911032672622
0.023886780536450516
0.025579214109654275
0.026971008533420496
0.028053324433500153
0.02883329019945794
0.029296254540381043
0.02944222093362804
0.02925035519492913
0.02871530320572854
0.02781397620351008
0.026541514813154636
0.024880061171195164
0.02283385920157695
0.020399482665522186
0.01759938896768618
0.014452969967145327
0.011007867570259119
0.007311281016922305
0.0034385297701349377
-0.0005357270485638638
-0.004511859567626157
-0.008394162852811547
-0.012067918030562563
-0.015428110227671628
-0.018358542840734546
-0.020759859765775362
-0.02252979378622028
-0.02358991865863774
-0.02386601943054579
-0.0233131362442543
-0.021895151131614065
-0.019607979949723846
-0.01645773318123147
-0.012482283077357431
-0.0077276918918971925
-0.002268725983317732
0.003816439254488342
0.01042595649853725
0.017461091941233995
0.024805345212236988
0.03235239273043231
0.03998381852303471
0.04759789721993661
0.055085381526309825
0.06235889452201648
0.06932649514774382
0.07592156110151498
0.08207412449678306
0.087741219945281
0.09287620256671456
0.09745958679870789
0.10146670564624383
0.10489906976677492
0.10775079912086483
0.11004049878512824
0.11177690515875226
0.1129912214883588
0.11370238991477966
0.11394977270127894
0.11375840774206167
0.11317187375870225
0.11221782547975194
0.11094084973288332
0.10936851716014748
0.10754402310249322
0.10549294053245552
0.10325544313086078
0.10085390073264464
0.09832449821908859
0.09568577980200335
0.0929695018703715
0.09019020452915841
0.08737516527969656
0.0845350538386007
0.08169288321371117
0.07885578558558969
0.07604288567372558
0.07325822034116487
0.0705174846849995
0.06782210529533685
0.06518483155371921
0.06260496171056612
0.06009277022155144
0.057645876685529895
0.05527251486392429
0.05296902688413812
0.05074199116508161
0.04858681801320773
0.04650876247143935
0.04450259237691053
0.04257251858908408
0.04071290266926239
0.038927141432391434
0.03720937849839149
0.0355623830652864
0.03398022756766291
0.032465202269927204
0.031011420034910597
0.02962080908344808
0.02828760529272691
0.027013465488869064
0.025792807643333252
0.02462708653934774
0.02351094263607875
0.022445681003216037
0.021426190369810343
0.02045366499735987
0.01952325644697167
0.018636076623484165
0.017787546017652808
0.016978714590933128
0.01620527160781911
0.015468219389775262
0.014763511317708235
0.014092111795524286
0.013450230518480084
0.012838800305844588
0.012254277273633077
0.011697566524592605
0.011165359407590792
0.010658535410461759
0.010174009228599517
0.009712635606573561
0.009271540443468092
0.008851553777524682
0.008450000626383817
0.008067685821577983
0.007702121696937513
0.007354087047638722
0.007021270159317024
0.00670442278746379
0.006401398337703294
0.0061129204524586365
0.005836997419255113
0.005574323699447442
0.005323052847591644
0.005083849122440583
0.004855002363031228
0.004637145679573256
0.004428696842662676
0.004230256956855867
0.004040363979451829
0.003859586247705824
0.0036865747493961478
0.0035218643852581166
0.003364212577697753
0.003214120208508515
0.003070445069602251
0.0029336535181411017
0.0028026981560315026
0.002678010373322298
0.0025586324936845393
0.0024449605552184428
0.0023361219590928434
0.002232477045906272
0.002133234069271716
0.0020387173581922265
0.0019482121811281584
0.0018620065597929494
0.001779459308919809
0.001700821856695166
0.0016255234363712844
0.0015537785931462682
0.0014850841748004762
0.0014196175444885313
0.0013569406615820563
0.0012971933871816458
0.0012400005761566233
0.0011854642362804978
0.0011332701756779416
0.0010834821594731265
0.001035845258259871
0.0009903845642844056
0.0009469029642806969
0.0009053863933798389
0.0008656943392692176
0.0008277730386890608
0.0007915375852601327
0.0007568939137637596
0.0007238119413668471
0.0006921566259333015
0.0006619521281067814
0.0006330216816611408
0.000605443308232611
0.0005789976861752246
0.0005538165097370479
0.0005296369854456831
0.0005066444753144198
0.00048453170738803266
0.000463537891472124
0.00044331017151568
0.0004241419623967385
0.0004056336221271148
0.00038813330383194976
0.0003711932686498745
0.00035521711807795406
0.0003397075926034377
0.00032512462459873497
0.0003109198979077676
0.0002976107335164871
0.0002845960931876407
0.00027245192093183535
0.00026052266833035103
0.0002494443065002574
0.000238504855721675
0.00022840189921203237
0.0002183649619979753
0.00020915500489375344
0.0001999408496094354
0.000191548779732675
0.00018308455360872478
0.0001754419096798851
0.00016766102474146402
0.00016070541435509548
0.0001535469871607981
0.00014722155363624067
0.00014062989494454463
0.00013488283553080564
0.0001288069877768193
0.00012359111284362373
0.00011798442449475573
0.00011325675974989895
0.00010807650299888458
0.00010379792204336334
0.00009900493835162828
0.00009513983512616382
0.00009069821666255379
0.0000872142022166037
0.00008309099970658625
0.00007995862929799752
0.00007612358473670581
0.00007331610649374609
0.00006974141032416827
0.00006723454149316834
0.00006389460971710436
0.00006166632698748742
0.000058537599589990226
0.00005656795331094851
0.00005362870706579784
0.0000518996511924704
0.00004912983081983546
0.00004762506549828334
0.0000450061296848862
0.000043710961282467364
0.000041225739635421946
0.00004012695380928964
0.000037759516017278436
0.000036845259862655723
0.000034580797902848174
0.0000338404755286233
0.00003166519285002427
0.00003108936994563691
0.000028990381858388306
0.000028570696845567746
0.000026535940108167958
0.0000262650279962441
0.000024283171282123733
0.000024154592860003402
0.00002221496188777442
0.00002222313856434606
0.000020315643270656615
0.00002045579990962865
0.00001857086708834001
0.000018838979417868027
0.000016967491043201572
0.0000173602427775041
0.00001549347824712714
0.00001600821515295212
0.0000141377997477658
0.000014772493506918521
0.000012890346537948065
0.000013643564815739607
0.000011741853785434724
0.000012612728549229997
0.000010683826003130987
0.000011672029974367692
9.708473668891547e-6
0.00001081419736456033
8.808648805175705e-6
0.000010032582211791232
7.9777921750882e-6
9.32110778586045e-6
7.2098828172430875e-6
8.674224778678776e-6
6.4993914872641406e-6
8.086861013830038e-6
5.841236693767375e-6
7.554387228470906e-6
5.230748021178485e-6
7.07257775362612e-6
4.663630254905304e-6
6.6375788991866916e-6
4.135929823731802e-6
6.2458753968912225e-6
3.6440054574326203e-6
5.8942649956423345e-6
3.184501446651881e-6
5.5798340582165304e-6
2.754322971106864e-6
5.299932471139609e-6
2.3506122957973064e-6
5.052151569974474e-6
1.970727038368242e-6
4.834306757541725e-6
1.6122222998494367e-6
4.644420267945276e-6
1.2728343542673403e-6
4.48070345760056e-6
9.504605074802981e-7
4.341541429017363e-6
6.431299619898603e-7
4.225354793592716e-6
3.480183153379009e-7
4.122853090381793e-6