0.0002368358358299161
0.0009473118317471701
0.0021307762944098043
0.00378645391161731
0.005913049757665812
0.008508995141809972
0.011572240490424525
0.015100374875243265
0.019090483020188224
0.023539207328637745
0.028442635518263797
0.03379632785729439
0.039595223879473604
0.045833646355708996
0.05250522306462776
0.05960287526727408
0.06711875382535021
0.07504421844826745
0.08336978904224482
0.09208512119864423
0.10117897430138885
0.1106391880320827
0.12045266877579433
0.13060537110769632
0.14108230360679905
0.1518675183147152
0.16294413635477897
0.17429434726396872
0.1858994539739662
0.1977398828007374
0.20979524650982204
0.22204436469553962
0.23446534292875368
0.24703560233875607
0.25973197229198464
0.2725307272434114
0.2854076900456075
0.29833827357412257
0.3112975916160578
0.3242605023883371
0.3372017239857038
0.35009587668708597
0.36291760013127156
0.37564159123016433
0.38824272056401643
0.40069606278137077
0.4129770101468457
0.42506129250257146
0.4369250864485831
0.44854502227343107
0.4598982878953678
0.4709626206505327
0.48171640587215725
0.4921386520642272
0.5022090848430735
0.5119081048231802
0.5212168785717733
0.5301172794649238
0.5385919782593078
0.5466243681713764
0.5541986585555467
0.5612997863988848
0.5679135172750468
0.574026346178103
0.5796256102429637
0.5846993822087921
0.5892365992287292
0.5932269521418886
0.5966610339733737
0.5995302275712007
0.6018268761519722
0.6035441707898033
0.6046763437189164
0.6052185557938737
0.6051671114090125
0.6045193445754771
0.6032738524690529
0.6014303773788939
0.5989900542348352
0.5959552845260812
0.5923299918221797
0.5881194829396332
0.5833307045471652
0.5779720864426277
0.5720537918887512
0.5655875379101867
0.5585868321033972
0.5510667654351098
0.5430442289699728
0.5345376757965314
0.5255673124488341
0.5161548283011727
0.5063235583762684
0.4960981807301484
0.48550484966889773
0.47457086405344323
0.46332477238829517
0.4517960172634522
0.4400150159496356
0.42801278797646936
0.4158210164066438
0.4034716665234525
0.39099703364039395
0.37842936093102153
0.3658008794746622
0.3531434325558564
0.34048851291368215
0.3278668997335771
0.31530869718173515
0.3028429892623522
0.290497883101883
0.2783001862084832
0.2662754578647424
0.2544477132116194
0.2428394864596842
0.23147156642893796
0.22036307576084474
0.20953124265052636
0.19899150035188679
0.18875729936578153
0.1788402308573058
0.1692498822019267
0.1599939863057819
0.15107832115744152
0.14250688462067834
0.13428183581193476
0.12640369216504127
0.11887130758617774
0.11168208604331757
0.10483198910539586
0.09831575849719801
0.09212694422861191
0.086258127784374
0.08070096176722903
0.07544638570530991
0.0704846688880372
0.06580561198603976
0.061398586279324686
0.05725271606993447
0.05335690943015434
0.049700018386044396
0.04627085830248836
0.04305834471556039
0.04005150025283278
0.037239568580641765
0.03461200917069433
0.03215858999867318
0.029869371452560516
0.02773478015734108
0.025745583895758106
0.02389294928888641
0.02216840983344459
0.020563910221610707
0.019071769578026147
0.017684715045092426
0.016395842114776907
0.015198639820985214
0.01408694978128895
0.01305498499315684
0.012097288886299847
0.011208749363553875
0.010384558855310012
0.009620224910526247
0.008911531964777364
0.008254549490121301
0.00764559594971571
0.007081245264632961
0.006558293234346902
0.006073762874721534
0.005624873433191991
0.005209044991534091
0.004823870092490813
0.004467117877962186
0.00413670826411218
0.0038307157939789383
0.0035473462445016514
0.003284940306078532
0.003041952471675059
0.002816954609002732
0.002608616963880085
0.00241571165874405
0.0022370956355525213
0.002071714093409079
0.0019185851971946042
0.0017768034541245504
0.0016455260203927452
0.0015239760091260216
0.0014114302366841748
0.0013072224509519238
0.001210732370136515
0.0011213888193370933
0.0010386599267127065
0.0009620561568402928
0.0008911215412918876
0.0008254365987833281
0.0007646104890383382
0.0007082838116738722
0.0006561215834565828
0.0006078159099724266
0.000563079696827915
0.0005216491902168775
0.00048327834221165313
0.0004477412182496408
0.0004148269453803838
0.00038434198638815915
0.0003561056077261817
0.0003299520214448941
0.00030572631659662726
0.00028328647134959043
0.0002624996979413083
0.00024324432833678172
0.00022540652841173374
0.00020888206127749637
0.0001935733313478089
0.00017939103002896035
0.0001662514747323972
0.00015407814203760735
0.0001427992706168248
0.0001323492872448665
0.00012266664605637784
0.00011369515292939933
0.00010538201654686135
0.00009767907673434662
0.00009054104550106385
0.00008392664488532702
0.00007779701853782033
0.00007211678454357415
0.00006685260022349977
0.00006197413526361381
0.000057452774282917856
0.00005326251542938329
0.00004937879691802988
0.00004577932605226023
0.000042443017406499887
0.00003935075701379715
0.0000364844411707041
0.000033827680298226586
0.00003136492850495261
0.000029082131393746497
0.000026965937547444946
0.000025004294310130113
0.000023185733277475218
0.000021499917842374297
0.000019936995586949362
0.000018488101148128037
0.000017144769134660608
0.000015899395636882537
0.000014744705944864705
0.00001367417780076065
0.000012681558776380329
0.000011761254151684332
0.00001090788933032369
0.000010116665019885107
9.382960533025698e-6
8.70265874807725e-6
8.071786559350924e-6
7.486811911101756e-6
6.944318038317137e-6
6.441274688082404e-6
5.974743128741164e-6
5.5421235097293965e-6
5.140887919435026e-6
4.768805673919859e-6
4.423701981943387e-6
4.103662806445529e-6
3.8068169378122123e-6
3.5315219344267442e-6
3.2761676327213015e-6
3.0393445389706462e-6
2.819667008003529e-6
2.615925336776394e-6
2.426927027171471e-6
2.2516337165578873e-6
2.089019109062077e-6
1.9381917679214543e-6
1.7982684544779239e-6
1.6684837046643872e-6
1.5480774541053214e-6
1.4363922258690291e-6
1.3327740497294933e-6
1.236657995149816e-6
1.1474815120557914e-6
1.0647589583096294e-6
9.880065980026435e-7
9.168066900213068e-7
8.50743485032895e-7
7.894573589763159e-7
7.325912492161904e-7
6.798352411767658e-7
6.308829730822964e-7
5.854670094515841e-7
5.433248340315636e-7
5.042252727189016e-7
4.6794377117222193e-7
4.3428006218500127e-7
4.03042509115135e-7
3.7405713984112743e-7
3.471609114750026e-7
3.222021685908625e-7
2.990427612631156e-7
2.7754991564616957e-7
2.5760721031925014e-7
2.390977810779334e-7
2.2192423536167156e-7
2.059830427164603e-7
1.911935401451617e-7
1.7746329335357557e-7
1.6472641633321838e-7
1.528996194759674e-7
1.4193014516527974e-7
1.3174214016916412e-7
1.222945883215159e-7
1.1351757021827969e-7
1.053806554565513e-7
9.781852774152491e-8
9.081038637309573e-8
8.429433349478351e-8
7.82584201306222e-8
7.264310199034896e-8
6.744466033793919e-8
6.260493710369925e-8
5.8127962686035255e-8
5.395607800344743e-8
5.0100706728044775e-8
4.650386418876277e-8
4.318412479163053e-8
4.008240270895417e-8
3.722428543255132e-8
3.454884260807876e-8
3.208863326334995e-8
2.9780165402834267e-8
2.7663017484030886e-8
2.5670428048490216e-8
2.3849129535990728e-8
2.2128386032762654e-8
2.056230049449403e-8
1.9075450095370505e-8
1.7729605747770454e-8
1.644392781044656e-8
1.5288232350741986e-8
1.4175508139881235e-8
1.318407445538686e-8
1.2219959722409707e-8
1.1370524688360926e-8
1.0534008119113898e-8
9.80743402970907e-9
9.080369844419283e-9
8.46021463276096e-9
7.826922065814438e-9
7.29906853989529e-9
6.7459851005985585e-9
6.298323801608882e-9
5.813707123067075e-9
5.4358630625036e-9
5.009532563820238e-9
4.692630534202036e-9
4.315746232033623e-9
4.052207871559871e-9
3.7170778658250958e-9
3.5004501071083004e-9
3.200364994690443e-9
3.0251707576608564e-9
2.754259918254348e-9
2.615870550783683e-9
2.368978246016883e-9
2.2635048157469316e-9
2.036081614530384e-9
1.9602825442989576e-9
1.748291881831421e-9
1.6994930556645389e-9
1.4993301944647111e-9
1.4753579591751144e-9
1.2837779972936082e-9
1.2829021114267198e-9
1.0969577421100457e-9
1.1178425579654953e-9
9.348293051677509e-10
9.764951347629332e-10
7.939027232016799e-10
8.556917031531937e-10
6.711597004129127e-10
7.527091485606733e-10
5.639892111986206e-10
6.65209259849923e-10
4.701299381326985e-10
5.911865046824659e-10
3.876203343226738e-10
5.289228350756435e-10
3.1475720516713966e-10
4.7694931669878e-10
2.500579673322608e-10
4.340126223263366e-10
1.9223074610469058e-10
3.990470631395232e-10
1.401446073506468e-10
3.711492232093409e-10
9.280529823943742e-11
3.495408076476323e-10
4.920348731202303e-11
3.3251298397557624e-10
-0.0004990872642289065
-0.0019960735946242115
-0.004485315614070961
-0.007960165899915524
-0.01240962174354216
-0.017820618400347342
-0.0241763569512135
-0.03145762010659253
-0.03964168406716439
-0.04870326458335598
-0.05861370569116235
-0.06934175601842889
-0.08085291343817932
-0.09311012423987454
-0.10607322276379673
-0.11969960239939582
-0.13394371321475754
-0.1487577309586162
-0.16409108669024397
-0.17989114615942747
-0.19610275141209196
-0.2126689140471051
-0.2295303530037851
-0.2466261996951239
-0.26389352024048485
-0.2812680277681963
-0.2986835820969022
-0.31607290440218533
-0.3333670532423255
-0.3504961391579177
-0.36738878305092687
-0.38397283274566424
-0.40017481761598767
-0.4159206748300083
-0.43113522175050495
-0.4457429051622843
-0.4596673188574557
-0.4728319929457974
-0.4851599865457119
-0.49657473471816943
-0.506999743982019
-0.5163595104311232
-0.5245793382885593
-0.5315863342146709
-0.5373093567648076
-0.5416800797318644
-0.5446330647500836
-0.546106872721249
-0.5460442353792261
-0.5443931810722475
-0.5411072667264987
-0.5361466751903946
-0.5294784592750555
-0.5210775645228374
-0.5109270334210699
-0.49901891054947006
-0.48535435773094704
-0.469944407164976
-0.45280994573344613
-0.4339822936976446
-0.41350302610678286
-0.39142436705576744
-0.36780882548311994
-0.3427294053533646
-0.31626904023750785
-0.2885206268365198
-0.2595862472370307
-0.22957703726571893
-0.19861218831968394
-0.16681866476020937
-0.13432998070666596
-0.10128578411464823
-0.06783040977613644
-0.03411235343237203
-0.0002826113828433003
0.0335059236299514
0.06710031364316862
0.1003482157366227
0.13309988760725106
0.1652088108757031
0.19653380024451067
0.2269395461026178
0.2562987627342152
0.28449257664175703
0.3114126363331772
0.3369612638850946
0.3610534371804081
0.3836166151631797
0.4045924949025732
0.42393641867814263
0.4416188071911468
0.4576240645192069
0.4719516016519046
0.48461418029357195
0.4956384742182317
0.5050628401052778
0.5129374209533827
0.5193214012386904
0.524282732352046
0.5278950112725503
0.5302369889340389
0.5313892883014104
0.5314339215175821
0.5304511118491053
0.528519071758168
0.5257111934394396
0.5220963119989876
0.5177364722273177
0.5126878178423171
0.506999035589363
0.5007128895760268
0.49386531216455415
0.4864874721631589
0.4786053592690467
0.47024217087036574
0.4614181552850307
0.4521530511812877
0.4424659340729444
0.4323774552332805
0.42190947646444465
0.41108692291853394
0.3999370758535854
0.38849095232852365
0.37678222688896784
0.3648481516420941
0.3527281677430158
0.34046445733516006
0.3281003648237063
0.3156807140714451
0.3032501806503661
0.29085351250393027
0.2785339820462745
0.2663336248424766
0.254291866128473
0.24244585304356492
0.2308293073421074
0.219472985082096
0.20840376722889417
0.19764524566237676
0.18721703294510325
0.1771354496677499
0.16741301631990177
0.15805920494742923
0.1490800689066403
0.1404790195463281
0.13225655088149132
0.12441100639190979
0.11693836204357388
0.10983295617094112
0.10308730290422778
0.09669276696145822
0.09063938829775686
0.08491649181951784
0.07951251169614944
0.07441553265109975
0.06961310830836315
0.06509273554405062
0.060841665409270315
0.05684731514474731
0.05309707283958082
0.04957865342037406
0.046279899602902706
0.043189088822922515
0.04029473356176953
0.03758584612770333
0.03505174139410092
0.032682265846170434
0.030467605402198915
0.028398484423476734
0.026465980768175922
0.0246616996664384
0.022977597599252532
0.021406135159861683
0.019940110824532443
0.018572796207201873
0.01729778033217585
0.01610909006593473
0.015001045127304146
0.013968365954847193
0.013006039398257757
0.012109415846999465
0.01127408533037816
0.010495965382981753
0.009771187129102537
0.009096175081720542
0.008467542687670594
0.00788216503701251
0.007337083286186012
0.006829571082492118
0.0063570472559906855
0.005917136628769254
0.005507590361511886
0.005126341712757962
0.004771433438090978
0.0044410689810290595
0.004133546346717657
0.0038473051411260853
0.00358086637103923
0.003332875695098026
0.0031020486370247247
0.002887210370520135
0.0026872458678605955
0.002501136506138705
0.0023279147098258304
0.002166697637021219
0.0020166459109744865
0.001876994620198279
0.0017470157673842063
0.0016260467967084957
0.0015134564217311136
0.00140867087403269
0.0013111428019398302
0.001220375418816416
0.0011358941920824458
0.0010572690553985352
0.000984088633039709
0.0009159806669064805
0.0008525885450206937
0.0007935900831158736
0.000738676146867104
0.0006875679167376173
0.0006399974138034736
0.0005957233665991735
0.0005545134676284832
0.0005161589523351758
0.0004804584294843688
0.00044723127370825314
0.00041630288746793043
0.0003875170015806761
0.0003607222387024949
0.0003357834097881456
0.0003125692608785545
0.00029096284592354375
0.0002708503511462026
0.00025213061735374054
0.00023470494573670964
0.00021848583750916833
0.00020338769463140477
0.00018933483800329508
0.00017625302496246327
0.0001640768029042292
0.00015274177242426089
0.00014219132866481098
0.00013236960504348075
0.00012322765120240727
0.00011471699819676798
0.00010679531744790615
0.00009942055392268513
0.0000925561073308884
0.00008616548415619669
0.00008021703889773094
0.00007467910103957138
0.00006952431083589616
0.00006472518056321321
0.000060258056950976214
0.000056099080627031655
0.00005222780381395106
0.00004862351475025592
0.000045268537265006146
0.000042144890737542476
0.00003923729549133612
0.000036530140690043136
0.000034010218518490854
0.000031663975168703436
0.00002947999368078066
0.00002744650568390286
0.000025553642244989207
0.000023791185158520853
0.000022150603009328407
0.00002062302384236429
0.000019201071882374844
0.000017877044704800668
0.000016644564491751684
0.000015496944974331514
0.000014428670265669616
0.00001343393709146334
0.000012507973568242426
0.000011645744415091304
0.00001084311958332237
0.000010095731724829707
9.400004445216903e-6
8.75215168120679e-6
8.149073916262796e-6
7.587491822494333e-6
7.06471625708949e-6
6.5779094581646475e-6
6.124735406460146e-6
5.702741717035382e-6
5.309895291445806e-6
4.944080763080318e-6
4.60352481778927e-6
4.286406614808385e-6
3.991175105929402e-6
3.7162681144569197e-6
3.4603237630440966e-6
3.222007002403309e-6
3.000117115304501e-6
2.793519028359047e-6
2.6011480769392412e-6
2.422046224146844e-6
2.2552632346761716e-6
2.099997724706994e-6
1.9553950925662868e-6
1.820793819639122e-6
1.6954179367413471e-6
1.5787313454971176e-6
1.4700220636226258e-6
1.3688668449217463e-6
1.2746047739581894e-6
1.1869152042889546e-6
1.10517636504051e-6
1.0291619124395194e-6
9.582788562354745e-7
8.923873522192522e-7
8.309139990647682e-7
7.738003211309261e-7
7.204832148500224e-7
6.709812542488589e-7
6.247336593492524e-7
5.818326830102727e-7
5.417122608255858e-7
5.045362554134118e-7
4.6972602639600563e-7
4.3751572900883665e-7
4.0730725175691996e-7
3.794044608710671e-7
3.531834487711951e-7
3.290180539675895e-7
3.0625152652273183e-7
2.853293279214401e-7
2.655552921549486e-7
2.474478929596739e-7
2.3026526408097504e-7
2.1460174062199905e-7
1.996627245860991e-7
1.8612168387775782e-7
1.731243932473593e-7
1.6142735684162456e-7
1.501097955330401e-7
1.400160075981059e-7
1.301504054832742e-7
1.2145125618924775e-7
1.1284011389149695e-7
1.0535516120463816e-7
9.782649910839126e-8
9.13997754326333e-8
8.480411962407186e-8
7.930099486632208e-8
7.350825109657721e-8
6.88122227316568e-8
6.370900690427481e-8
5.97199387994652e-8
5.5207424893983476e-8
5.1838930698806386e-8
4.783078755355422e-8
4.5008736867130794e-8
4.1429227153626415e-8
3.909013664659333e-8
3.5872848505460384e-8
3.396226791391246e-8
3.104890995781627e-8
2.9520569489796406e-8
2.685977189277763e-8
2.5674379853900946e-8
2.3220608415144655e-8
2.234518211708268e-8
2.0057784351856167e-8
1.9464915237239587e-8
1.7307416869796648e-8
1.6974543392172127e-8
1.491403617638953e-8
1.4823134074521227e-8
1.2829575711965075e-8
1.2966358640689286e-8
1.1012276313813516e-8
1.1365873637480293e-8
9.425811845187554e-9
9.988657590899084e-9
8.038750973340282e-9
8.805895318656406e-9
6.823273972612224e-9
7.792848826894066e-9
5.755620019536518e-9
6.928156101646964e-9
4.815035406395941e-9
6.193328074486282e-9
3.983242541447854e-9
5.572417084172186e-9
3.244534417423722e-9
5.051806831905408e-9
2.5848944181107377e-9
4.619793156148071e-9
1.9922273597989286e-9
4.26646473916799e-9
1.4558142033083852e-9
3.983084311789096e-9
9.659477920322722e-10
3.762426994499129e-9
5.131013522425393e-10
3.586999263304232e-9