-1.6173944097055382e-11
-1.1392097453451616e-9
-8.83502191353969e-9
-3.692538871765176e-8
-1.1280026888033641e-7
-2.8111045200690825e-7
-6.092721402667836e-7
-1.191609503797044e-6
-2.1553305222480717e-6
-3.664933165842778e-6
-5.928953312884009e-6
-9.204476936466513e-6
-0.00001380479176776405
-0.000020103765854637267
-0.00002854436106615304
-0.000039642502209784824
-0.000053996213996852644
-0.00007228844434100434
-0.00009529638861544507
-0.0001238925832827051
-0.00015905382221149863
-0.00020185974667902913
-0.00025350068438677586
-0.00031527297115257515
-0.0003885850929200948
-0.0004749491103261707
-0.0005759846754553312
-0.0006934061939673674
-0.0008290246090997484
-0.0009847302960440997
-0.0011624929103103278
-0.0013643404046643694
-0.0015923576558111337
-0.001848662346215674
-0.002135403429400176
-0.002454734848006202
-0.0028088150998910556
-0.003199779810670124
-0.003629743674228175
-0.004100772740158373
-0.004614889817710633
-0.005174046997260793
-0.005780135262467864
-0.006434957300286696
-0.0071402416299662045
-0.007897615251109966
-0.00870862214972302
-0.00957469487204485
-0.010497176876624204
-0.011477291766728407
-0.012516168666315537
-0.013614807627957495
-0.014774107031600552
-0.015994823611261606
-0.017277600799538096
-0.018622921874360574
-0.020031138189259057
-0.021502414128896277
-0.02303675428542367
-0.024633939251831678
-0.026293551070304955
-0.028014899437433714
-0.029797045227363032
-0.0316387174945181
-0.03353833562395264
-0.03549391863043325
-0.03750310752440609
-0.03956306978442657
-0.04167052477274659
-0.04382164775775115
-0.04601210247695716
-0.04823695044946663
-0.05049069577074795
-0.05276720634150845
-0.05505977634023178
-0.05736106605224058
-0.05966318688866198
-0.06195766546149996
-0.06423555432202507
-0.06648742371162811
-0.0687034984196661
-0.070873677414273
-0.07298769367330517
-0.07503515809599719
-0.0770057353855329
-0.07888920489997259
-0.08067564235684233
-0.08235548732595117
-0.08391971838963877
-0.08535991546615788
-0.08666841564356084
-0.08783835887509257
-0.0888638132604019
-0.08973979494687935
-0.09046235502146255
-0.091028568355481
-0.0914365789634911
-0.09168555735421278
-0.09177570637354913
-0.09170819144906871
-0.09148511358812059
-0.09110942077058047
-0.09058485802188744
-0.08991587034658731
-0.08910754103399642
-0.08816549654136985
-0.08709584326179985
-0.08590508276071084
-0.08460005449234298
-0.08318786634865528
-0.08167584703017709
-0.08007149290154231
-0.07838242990593643
-0.07661637424408864
-0.0747811008167246
-0.07288441306703676
-0.07093411357039489
-0.06893797789715166
-0.06690372328631267
-0.06483898247989153
-0.06275126806987581
-0.06064794438043611
-0.058536187380896776
-0.05642295508276391
-0.05431494509301046
-0.05221856592619509
-0.050139895718529406
-0.04808465786144226
-0.046058184810077035
-0.044065401400215094
-0.04211079711064074
-0.040198419518436834
-0.03833185711471064
-0.036514243958926114
-0.03474825361420415
-0.03303611459145583
-0.03137961454656239
-0.029780124888624762
-0.02823861332802183
-0.026755675245573332
-0.02533155210779678
-0.023966166895057525
-0.022659145787650853
-0.021409855062265098
-0.020217423695594976
-0.01908077953346452
-0.017998670920472075
-0.01696970048766916
-0.015992344466853974
-0.015064983013779188
-0.014185916403250428
-0.013353391323340588
-0.01256561360847898
-0.011820770360428192
-0.011117039231108187
-0.010452606532634906
-0.009825673325398273
-0.009234469877596643
-0.008677258958917982
-0.008152347116783226
-0.007658085641590556
-0.007192879163894959
-0.006755184765177515
-0.006343518388756316
-0.005956452540238527
-0.005592620963449283
-0.0052507153233193075
-0.004929488540894127
-0.004627750790513266
-0.0043443718253351905
-0.004078276558591125
-0.0038284466498107383
-0.0035939158818552894
-0.0033737712221582434
-0.0031671481559493032
-0.0029732313882881293
-0.0027912502505106664
-0.002620479168215981
-0.002460233222531654
-0.0023098684762429384
-0.0021687777433867838
-0.002036390839634626
-0.001912170592072006
-0.0017956130597990656
-0.0016862437995055419
-0.0015836180870337654
-0.00148731744251291
-0.0013969498723884843
-0.0013121466495243192
-0.0012325625870961622
-0.0011578730634142992
-0.0010877743333996257
-0.0010219807842663528
-0.0009602252864488389
-0.0009022566641870846
-0.0008478400852881545
-0.0007967547296513912
-0.0007487942157533171
-0.0007037644499160508
-0.0006614840866184153
-0.0006217825415979404
-0.0005845004827964092
-0.0005494879910128505
-0.0005166050783304697
-0.00048571998086378816
-0.000456709701770396
-0.000429458421570305
-0.00040385806323015716
-0.00037980680650375506
-0.000357209673038105
-0.00033597713214378495
-0.00031602570436236097
-0.0002972766469990304
-0.0002796565750886288
-0.0002630962158823335
-0.000247531046635297
-0.0002329001080324768
-0.00021914665868516273
-0.0002062170381945571
-0.00019406133868300217
-0.00018263230883304652
-0.00017188604318940637
-0.00016178091907323455
-0.00015227830477162002
-0.0001433415217173135
-0.00013493657304089677
-0.00012703112382272068
-0.00011959525181861478
-0.00011260043894512768
-0.00010602034630592995
-0.00009982981036055855
-0.00009400564468110466
-0.00008852563448946506
-0.00008336936786220227
-0.00007851722250099604
-0.00007395122938499365
-0.00006965404576892116
-0.00006560985455894532
-0.00006180331761534883
-0.00005822051440424344
-0.0000548478697169262
-0.00005167313542763941
-0.000048684286738549554
-0.00004587055115626849
-0.00004322126732206184
-0.00004072696561253707
-0.00003837818353006357
-0.000036166602632417376
-0.00003408381433500972
-0.000032122518189067314
-0.00003027523178614735
-0.000028535555732548572
-0.000026896821149625823
-0.000025353427040888683
-0.00002389941864468222
-0.000022529903258186943
-0.000021239552429658656
-0.0000200241026926982
-0.00001887877427520291
-0.00001779986361317876
-0.00001678307090892669
-0.00001582519173362281
-0.000014922345383159292
-0.000014071773349422555
-0.000013269959999611214
-0.00001251454619800755
-0.000011802333368780253
-0.000011131321089864524
-0.000010498585090470536
-9.902448211195061e-6
-9.340222338474648e-6
-8.810522739030588e-6
-8.310863332483314e-6
-7.84012506685251e-6
-7.395993285486992e-6
-6.977591509653137e-6
-6.5827489584542346e-6
-6.210811857771266e-6
-5.859728416596443e-6
-5.529050588471749e-6
-5.216822995661244e-6
-4.92278893033121e-6
-4.645068847250285e-6
-4.383585312955538e-6
-4.136515750307078e-6
-3.903952030209255e-6
-3.684111148778995e-6
-3.4772462074818046e-6
-3.2815976271335996e-6
-3.097573389844146e-6
-2.9234222411616206e-6
-2.7597022708205386e-6
-2.6046563178710824e-6
-2.458989256346922e-6
-2.320924496158183e-6
-2.191311714590626e-6
-2.068341931260674e-6
-1.9530088977437823e-6
-1.843458711144699e-6
-1.7408296436933288e-6
-1.6432106441424426e-6
-1.5518860677461294e-6
-1.4648756813009463e-6
-1.3836125507882753e-6
-1.3060353164521878e-6
-1.2337294104640715e-6
-1.1645403912680234e-6
-1.1002107126670596e-6
-1.0384807935200151e-6
-9.812557476876833e-7
-9.261586052988817e-7
-8.752637490817763e-7
-8.260642949391358e-7
-7.808114768738563e-7
-7.368556123619847e-7
-6.966333453316576e-7
-6.573388723358129e-7
-6.216037973662393e-7
-5.864523538349075e-7
-5.547216679059858e-7
-5.232515716611032e-7
-4.950963144502264e-7
-4.6689621055789856e-7
-4.4193530767460575e-7
-4.1663852847107564e-7
-3.945335076427267e-7
-3.7181306370107275e-7
-3.522633676619894e-7
-3.318274977986185e-7
-3.145663240371216e-7
-2.9615454130137186e-7
-2.8094515333442415e-7
-2.6432472946485123e-7
-2.5095718179240367e-7
-2.359200222609649e-7
-2.242082567065129e-7
-2.1056811946364227e-7
-2.0034738820099948e-7
-1.8793740989403798e-7
-1.7906198970017838e-7
-1.6773248133320615e-7
-1.6007364715379063e-7
-1.4969013260146713e-7
-1.431343603108178e-7
-1.3357582604465847e-7
-1.2802320054937095e-7
-1.1918053574085265e-7
-1.1454333984720407e-7
-1.0631794259973253e-7
-1.0251940884702153e-7
-9.482194171379834e-8
-9.179514762875449e-8
-8.454442438553936e-8
-8.223131721002596e-8
-7.535330565703247e-8
-7.370384022851796e-8
-6.713076793423943e-8
-6.610214770791788e-8
-5.977169848456486e-8
-5.932770793208991e-8
-5.3182300024841096e-8
-5.32927186884613e-8
-4.727885203613421e-8
-4.7918942331634577e-8
-4.198660979069337e-8
-4.313666914104362e-8
-3.723882145548088e-8
-3.888379519096585e-8
-3.2975854504028944e-8
-3.510500070382536e-8
-2.9144417273543378e-8
-3.175102064480491e-8
-2.5696864876263798e-8
-2.8777993217980735e-8
-2.2590580648063375e-8
-2.6146882258986744e-8
-1.9787425586245446e-8
-2.382296075510653e-8
-1.7253245662625736e-8
-2.1775352993834677e-8
-1.4957434587843306e-8
-1.9976626433552362e-8
-1.2872541110510986e-8
-1.8402427602723015e-8
-1.0973921327885403e-8
-1.703116122792135e-8
-9.239426316400868e-9
-1.5843701230001497e-8
-7.649123987876157e-9
-1.482313596016278e-8
-6.1850498129986435e-9
-1.3954541355467326e-8
-4.83098474951404e-9
-1.322477926042441e-8
-3.5722548971120894e-9
-1.2622310337518201e-8
-2.3954976243886402e-9
-1.213659649511297e-8
-1.2849906239614722e-9
-1.1730003819806611e-8
-4.98339654904978e-12
-4.4896054755643453e-10
-3.570897990596746e-9
-1.5363562675538505e-8
-4.894410359852436e-8
-1.2790492064187628e-7
-2.926325381086921e-7
-6.063955145716314e-7
-1.166139974603599e-6
-2.1119184338165807e-6
-3.6434151778235274e-6
-6.032763812790576e-6
-9.647391730666779e-6
-0.000014965408663896405
-0.000022604401747260787
-0.00003333743435007229
-0.00004812622601824905
-0.00006813451332842326
-0.00009476280373719081
-0.00012965468359053473
-0.0001747293625330092
-0.00023217584002363425
-0.00030447914647653877
-0.00039439748299916616
-0.0005049787523270226
-0.0006395171281323788
-0.0008015582901650619
-0.0009948343529652835
-0.0012232589890614506
-0.0014908428925883015
-0.0018016831515794045
-0.0021598647563127933
-0.002569451362127746
-0.003034380922029561
-0.0035584665118595423
-0.004145295202321066
-0.004798247265233238
-0.0055204064730828145
-0.0063146035818460265
-0.007183343438810194
-0.008128874491465675
-0.0091531339819786
-0.010257840149404427
-0.011444452297806064
-0.012714277310783858
-0.01406843743013594
-0.015507978542429714
-0.017033835771647746
-0.018646928236865132
-0.020348111327788267
-0.022138241406899177
-0.024018103853752828
-0.02598843140661225
-0.02804979859850342
-0.030202579083631952
-0.03244680000486064
-0.03478202700856634
-0.037207176800726396
-0.039720324252141406
-0.0423184786041481
-0.04499731583932408
-0.047750934267728556
-0.05057152753812297
-0.053449148575617327
-0.056371353607042575
-0.05932301830966597
-0.06228599895513743
-0.0652390583209804
-0.0681576029359989
-0.07101378461430796
-0.07377637817262896
-0.07641112260622196
-0.0788807969081952
-0.08114584887617604
-0.08316470463425132
-0.08489470109001418
-0.08629262731820352
-0.08731593073396489
-0.08792343968972459
-0.08807675987161266
-0.08774107570043817
-0.08688660266236725
-0.08548932205743155
-0.08353231949214605
-0.08100628566172612
-0.0779105628031198
-0.07425325346849705
-0.07005182278805792
-0.0653327015857499
-0.06013135290499528
-0.05449133101501951
-0.04846380706596824
-0.04210613855548713
-0.035480944543363646
-0.028654331561475305
-0.021694692406665533
-0.014670802915704452
-0.0076505697081796055
-0.0006992401846843873
0.006121669896586957
0.01275583176879871
0.019152808227842984
0.025269018820530367
0.031067969834200536
0.036520669080013946
0.04160537419733055
0.046307498115607915
0.050618961949772834
0.054537715394541865
0.05806684570981539
0.0612138842022365
0.06398984692588063
0.06640850201799389
0.0684855000336486
0.07023774251215642
0.0716827109148672
0.07283801914951235
0.07372098732875323
0.07434839865611699
0.07473630578539724
0.07489996176846335
0.07485380596982616
0.07461150930437285
0.07418606896950579
0.07358990151170801
0.0728349790002691
0.07193291457836083
0.07089509001012148
0.06973269902076695
0.06845683876276541
0.06707849822749902
0.06560860686357455
0.06405797283057227
0.0624372965063788
0.06075707372311603
0.05902758906181107
0.05725880258964016
0.05546033876194472
0.053641373371868944
0.051810630751925484
0.0499762829995169
0.04814596327255978
0.04632668394008619
0.04452486885931979
0.04274629232443787
0.040996129331300306
0.03927891374874049
0.037598603104148275
0.03595855240712389
0.03436158885506026
0.032809996983439574
0.03130559859022371
0.029849745013077036
0.028443398132027262
0.027087126214536104
0.025781182747269343
0.024525503146809197
0.02331977914056576
0.022163454509927245
0.021055793631364277
0.01999587517761493
0.01898265416272556
0.018014953124247703
0.01709151756417645
0.016211004563606052
0.015372031886974438
0.014573164257117157
0.013812956619530945
0.013089938460864642
0.01240265184682882
0.011749634231934048
0.011129451921018472
0.010540681821631516
0.009981940962645963
0.009451867605960902
0.008949147407632542
0.008472494251019829
0.008020673571229044
0.007592483208764696
0.0071867743495924894
0.006802432635011611
0.006438397101858921
0.006093641725978093
0.005767192685587566
0.005458110464395755
0.005165505706206354
0.004888521960367413
0.004626350349910128
0.004378213006780146
0.004143376736083771
0.003921137160893876
0.0037108315336714117
0.003511823588687128
0.0033235156254569583
0.0031453340511535845
0.0029767408404106736
0.0028172197374793707
0.002666287180822828
0.0025234791266324974
0.0023883615138493956
0.0022605176643953444
0.0021395583545742417
0.002025109744258628
0.0019168231125230512
0.001814363265341009
0.0017174179880345836
0.001625686880299903
0.001538890573329138
0.0014567599400356652
0.0013790451218473152
0.0013055050627184088
0.0012359163876403925
0.0011700632095389392
0.0011077458996240146
0.00104877111727811
0.0009929605111297418
0.0009401409229466555
0.0008901530571930275
0.0008428418106005256
0.0007980649478609937
0.0007556835091571495
0.0007155705295168646
0.0006776014770245336
0.0006416630536772409
0.0006076436171329767
0.0005754421013487046
0.0005449583751147954
0.0005161023211474108
0.0004887840848270934
0.0004629233509151543
0.0004384394359749345
0.00041526080272279793
0.0003933149494517221
0.0003725382027281332
0.0003528653566381319
0.00033423978624909145
0.0003166027883348563
0.000299904059322629
0.0002840906883291657
0.00026911804525885205
0.0002549383752504105
0.00024151214447396143
0.00022879618386872628
0.00021675554200873716
0.0002053511242809831
0.00019455210450510638
0.00018432300369245388
0.00017463671439184943
0.00016546096124342793
0.0001567719944993686
0.0001485403721821135
0.00014074538163446219
0.00013336008099053314
0.00012636651083844104
0.00011973992920437363
0.00011346487846435484
0.00010751854551797031
0.0001018877527626438
0.00009655137084960163
0.00009149830655500374
0.00008670889228175087
0.00008217394766117761
0.00007787506494727169
0.00007380482635709912
0.00006994590015701205
0.00006629250031416967
0.00006282820309140054
0.00005954874087933497
0.000056438443889370076
0.00005349446529305232
0.00005070174755277389
0.0000480587815350277
0.00004555099073816673
0.00004317813369350631
0.00004092599310844427
0.000038795537241798504
0.000036772794080780256
0.00003485989469146755
0.000033043005313677966
0.00003132538313824848
0.000029693231386230792
0.00002815090610288348
0.000026684550963443923
0.000025299602558332287
0.00002398205235608424
0.000022738407539971464
0.00002155441772507166
0.00002043765864104424
0.00001937355072921152
0.000018370743551686885
0.00001741424288350208
0.00001651378453494364
0.00001565387496390928
0.000014845355493888424
0.00001407214927891667
0.000013346228941320868
0.000012650849959123689
0.000011999148831524189
0.000011373628187828152
0.000010788627275350619
0.000010225809543362648
9.700762354145209e-6
9.194221701923135e-6
8.723074740621287e-6
8.267039538266094e-6
7.844361334413916e-6
7.433646822256904e-6
7.054564103333579e-6
6.684511719477654e-6
6.34465221687553e-6
6.011075408026134e-6
5.706516669157281e-6
5.405652305982105e-6
5.132875892015365e-6
4.861340498469562e-6
4.617190608257888e-6
4.371941260149767e-6
4.153587987942425e-6
3.9318870620594205e-6
3.736793252964651e-6
3.5361770697979095e-6
3.3620687293612544e-6
3.180318933840268e-6
3.0251585575968293e-6
2.860277093064921e-6
2.722239875628002e-6
2.5724258041235107e-6
2.449878360544612e-6
2.3135075351191643e-6
2.2049884569039185e-6
2.080595035626136e-6
1.984798108957511e-6
1.871058010581476e-6
1.786816666113958e-6
1.6825328105514974e-6
1.608806225579589e-6
1.5128947486601906e-6
1.4487558537947628e-6
1.3602346047992466e-6
1.304858648556738e-6
1.222835815116502e-6
1.1754909106538847e-6
1.0991555978823694e-6
1.0591933414540288e-6
9.87806635672777e-7
9.54654834344641e-7
8.875418181518472e-7
8.606969158925036e-7
7.972396510252492e-7
7.762607788314779e-7
7.158915331566478e-7
7.003947033136919e-7
6.42590423962555e-7
6.322436479383905e-7
5.765203330480581e-7
5.710392228696628e-7
5.169473018259284e-7
5.160909906117171e-7
4.6321079120135163e-7
4.6677864944235096e-7
4.147164844557277e-7
4.2254486700550433e-7
3.7092931867881365e-7
3.8288913894037037e-7
3.3136777757012874e-7
3.473617625610405e-7
2.955978921693083e-7
3.1555891690282816e-7
2.632290736432971e-7
2.8711813910873983e-7
2.3390912112092885e-7
2.617141267180159e-7
2.0732083453066983e-7
2.3905513402810974e-7
1.831779856080491e-7
2.1887939477057296e-7
1.6122243939309416e-7
2.009523087938832e-7
1.4122108258449958e-7
1.850637732403163e-7
1.2296340697084895e-7
1.710256950767171e-7
1.0625903275234493e-7
1.5866979818198353e-7
9.09356714750265e-8
1.478458499407451e-7
7.683742784325232e-8
1.3841980784425275e-7
6.382288034991343e-8
1.3027220923540439e-7
5.1763398096023625e-8
1.2329687207735069e-7
4.054233443140493e-8
1.1739972088498861e-7
3.0053166583242315e-8
1.1249732746290712e-7
2.0198212494118425e-8
1.085124680493168e-7
1.0857776028056206e-8
1.0513553654834477e-7