1.4598441991076683e-9
1.459850593591113e-8
1.1946487594575738e-7
5.062061679127543e-7
1.5463719072444835e-6
3.844190989058322e-6
8.295096788566453e-6
0.000016138114138207258
0.00002900848302250861
0.00004898610396025271
0.00007864213203263383
0.00012108141990243384
0.00017998201922674308
0.00025963002581571345
0.0003649507759934745
0.0005015346489003868
0.0006756587626188752
0.0008943023899198031
0.0011651580491219566
0.0014966353100790062
0.0018978603279353077
0.002378666986182009
0.0029495841433014518
0.003621813294968866
0.004407203098114555
0.005318213039279732
0.00636787516510196
0.007569743612801992
0.008937843900192255
0.010486608593393815
0.012230814976845878
0.014185507583072184
0.016365925553646708
0.018787413213194656
0.021465338923420636
0.024414995323515095
0.027651511947086146
0.031189747146911407
0.035044197162864804
0.03922888207159308
0.043757254333787445
0.0486420813278552
0.05389535663641803
0.05952818180542128
0.0655506837213798
0.07197189815383173
0.07879969649914752
0.08604067339297296
0.09370008583666933
0.1017817467021675
0.11028797881693882
0.11921951554821962
0.12857547183602713
0.13835325229492354
0.14854854052381963
0.15915521439876215
0.17016535436117955
0.18156916492376363
0.19335500217544288
0.20550930012341992
0.21801661747775364
0.23085956742161773
0.24401888393359827
0.257473353970838
0.2711999041614014
0.2851735351698678
0.29936743046271225
0.31375289367934234
0.328299482174399
0.3429749493430905
0.3577454065579854
0.37257527336748236
0.3874274720469827
0.40226338918947546
0.4170431071948655
0.43172538083973105
0.4462679095126444
0.460627331795416
0.4747595410706103
0.48861969995268134
0.5021626000737603
0.515342696423902
0.5281145097590023
0.5404326786683096
0.5522524003119088
0.5635294955289726
0.5742208807466476
0.5842846389498448
0.5936805129253717
0.6023699727684684
0.6103167184898715
0.617486733277009
0.6238487822165182
0.629374440017804
0.6340385723749337
0.637819327374002
0.6406985867994895
0.642661911814488
0.6436989530192666
0.6438033428158529
0.6429730547822324
0.6412102369081231
0.6385215123830467
0.6349177492250996
0.6304142956436438
0.6250306824122801
0.6187907867107959
0.611722464298826
0.603857636755484
0.5952318518441678
0.5858842911898922
0.5758572600249656
0.5651961162929032
0.5539486957359598
0.5421651693776409
0.5298974164679069
0.5171988246604073
0.5041236306559701
0.49072668477767595
0.4770627856175079
0.4631864363492312
0.44915120353732757
0.4350094948237443
0.4208119720297447
0.40660737795114366
0.3924420296239767
0.3783597160391298
0.36440128964733653
0.3506046480000639
0.3370044317403761
0.3236320932233027
0.31051569921120603
0.2976800802248805
0.2851467275910356
0.27293401003748136
0.26105714873141583
0.24952848321983864
0.23835750506173242
0.22755115370985424
0.21711388906637602
0.20704799885676994
0.19735369229934305
0.18802940319481817
0.17907189009409766
0.17047652291368495
0.16223737874173205
0.15434750358953914
0.14679899668040558
0.1395832424529284
0.13269097942555716
0.12611250047950512
0.11983770497874978
0.11385626756102471
0.10815767407018322
0.10273136058573777
0.09756673494842949
0.09265328865364214
0.08798060643389534
0.08353845405596026
0.0793167786965728
0.07530577574852937
0.07149588271316293
0.06787782795463669
0.06444262064080855
0.06118158408265963
0.05808634396666678
0.05514884854908809
0.05236135709731847
0.04971644882597758
0.04720701314147116
0.044826248839874946
0.042567657451889854
0.04042503388911107
0.03839246392805751
0.03646430719960352
0.034635199635234926
0.03290002944582968
0.03125394518019572
0.029692325131774132
0.028210791525437394
0.026805173619704564
0.025471528437934703
0.02420609769407426
0.02300533541355626
0.021865858697113782
0.02078448252985112
0.019758164305263958
0.01878404609352067
0.01785939277208919
0.016981642012323814
0.016148335800211498
0.015357178400614634
0.014605960998454065
0.013892627909747025
0.01321519402744688
0.012571819565630095
0.011960719953144048
0.011380249420287415
0.010828802945724277
0.010304909022530775
0.009807123228218797
0.009334130538151507
0.008884630053968877
0.008457447266446639
0.008051409443328671
0.007665468280239183
0.007298565414290746
0.006949765940351398
0.006618113481321826
0.006302775087711047
0.006002885258776563
0.005717702785874712
0.005446443080425126
0.005188447565849762
0.004943003628289435
0.004709527208154036
0.004487369647475967
0.004276014180223407
0.004074868905921845
0.003883477928041272
0.0037012996368794614
0.0035279332976309737
0.0033628817763420994
0.003205794433852197
0.0030562133767402305
0.0029138335703451645
0.0027782316418684325
0.002649144185302582
0.00252617808607584
0.002409108053118919
0.0022975673734699333
0.0021913657720777674
0.002090159440464448
0.0019937903933935825
0.0019019345478291383
0.0018144638174934493
0.0017310709467905454
0.0016516556597510204
0.0015759248781027381
0.0015038043203736981
0.0014350126536935525
0.0013695000221311709
0.0013069945978752939
0.0012474696054592057
0.001190660649482359
0.0011365628934730428
0.0010849174480250673
0.001035740459928781
0.0009887767462633537
0.000944062651365771
0.0009013450087753344
0.0008606797308810064
0.0008218140713840336
0.000784823025380653
0.0007494527498851302
0.0007157969709711736
0.0006835992985887737
0.000652971962528529
0.0006236546299344122
0.0005957779236193858
0.0005690762159831815
0.0005436985219475794
0.0005193726010811514
0.0004962659635137222
0.00047409846255830817
0.0004530563058070749
0.0004328501630387616
0.0004136852366937055
0.0003952617439390204
0.00037780427131525523
0.00036100131505813454
0.00034509732435173654
0.0003297677999204177
0.00031527761948725206
0.00030128800076551854
0.00028808490191329343
0.0002753139508582169
0.0002632829232809306
0.0002516205251647864
0.00024065717168831393
0.0002300032834422195
0.00022001282213776908
0.0002102765224819599
0.00020117288543209709
0.0001922715166430754
0.00018397653575101617
0.00017583492795404326
0.0001682775991676586
0.0001608273689810675
0.0001539431871907434
0.00014712210337525678
0.00014085246102561987
0.0001346038705406847
0.00012889551370907324
0.00012316782224775915
0.00011797235856917854
0.00011271856023636388
0.00010799201362352736
0.00010316926496164732
0.00009887167257426361
0.0000944409066198095
0.00009053595399708043
0.00008646153048166336
0.00008291622115192136
0.00007916560934992905
0.0000759499656067463
0.0000724934566736843
0.00006958024852897719
0.00006639069449229151
0.00006375519411894454
0.0000608077709579422
0.00005842753019355935
0.000055699522697797795
0.00005355417142553153
0.00005102477774771592
0.00004909584118024329
0.00004674599520095928
0.000045016728288920555
0.00004282893809576877
0.000041284175456281096
0.00003924237640052543
0.00003786839631340155
0.000035957817260237994
0.00003474221842732682
0.00003294925994235972
0.00003188084982574262
0.000030192973167527406
0.00002926166684052174
0.000027667292730949277
0.00002686402127729165
0.00002535243752345615
0.00002466906511434844
0.00002323034223898723
0.00002265959109875045
0.000021284505220556513
0.000020819887772009923
0.000019499850043428866
0.00001913560758826695
0.000017862599565638175
0.000017593646919081596
0.000016360161297807494
0.00001618203685151317
0.000014981023050631005
0.0000148898437905762
0.000013714657918150343
0.000013707078966404893
0.000012551437741606123
0.000012624616035245647
0.000011482554278951118
0.00001163411603582616
0.000010499947378204574
0.000010727959032522588
9.596239517019776e-6
9.899181839988296e-6
8.764676131570885e-6
9.141421278362954e-6
7.999071207754109e-6
8.448862459933828e-6
7.29375766176485e-6
7.816191653833113e-6
6.6435420751828145e-6
7.2385533195749365e-6
6.043663393622049e-6
6.711510932015238e-6
5.4897552321087715e-6
6.231011262465595e-6
4.977811461691165e-6
5.793351804625992e-6
4.504154785075547e-6
5.395151067267623e-6
4.065408031462986e-6
5.033321478151391e-6
3.658467928630762e-6
4.705044668043916e-6
3.2804811305605085e-6
4.4077489254724696e-6
2.928822298217603e-6
4.139088628170102e-6
2.6010740515625925e-6
3.896925480502332e-6
2.2950086240535003e-6
3.679311395545698e-6
2.0085710706263936e-6
3.484472879850068e-6
1.7398638861246347e-6
3.3107967894732236e-6
1.4871329131963833e-6
3.156817336354939e-6
1.2487544211003585e-6
3.0212042386579014e-6
1.023223251701117e-6
2.9027519140848683e-6
8.091419353216847e-7
2.8003696075526245e-6
6.052105348644088e-7
2.713071161889673e-6
4.1020754331746504e-7
2.6398881842492177e-6
2.2235720120998397e-7
2.574908283647147e-6
-2.911915728286582e-9
-2.9119292942368734e-8
-2.3795039981175548e-7
-1.0071643671736393e-6
-3.0730625762766304e-6
-7.629010189924591e-6
-0.00001643611632704666
-0.00003191907925509606
-0.000057259238827558704
-0.00009647620701686363
-0.00015450166495998793
-0.00023724191917683392
-0.00035162961237697644
-0.0005056641345854596
-0.0007084388381509696
-0.0009701574258992423
-0.0013021349530118241
-0.0017167892981122736
-0.0022276148713514035
-0.002849149039190492
-0.0035969178972387666
-0.004487378014942123
-0.005537833813152216
-0.006766355213006146
-0.008191666104848392
-0.009833038495752715
-0.011710151384564833
-0.013842961962663127
-0.01625153412720596
-0.018955887447196985
-0.021975794833153456
-0.025330610631498225
-0.029039037927439566
-0.033118938563234744
-0.03758707242480264
-0.0424588945742372
-0.04774827174341832
-0.0534672751014011
-0.05962588287345545
-0.06623178121002943
-0.07329006587469454
-0.08080306760923783
-0.0887700693977892
-0.0971871757477555
-0.1060470641698609
-0.11533891895868836
-0.12504823529678608
-0.13515683663311187
-0.14564274661588267
-0.15648030470764301
-0.16764011494143996
-0.17908926731875266
-0.19079136386371803
-0.20270684468458844
-0.2147930823139364
-0.2270048026439275
-0.23929422977075032
-0.2516115850017727
-0.26390525789081487
-0.27612236238831933
-0.28820890633281965
-0.30011038295479053
-0.3117719107171685
-0.32313884021872813
-0.33415683805342267
-0.3447724924530823
-0.3549333174624802
-0.3645883440866252
-0.37368802349781144
-0.3821847931924985
-0.39003285981759134
-0.39718873194024773
-0.4036108649408422
-0.4092601542929377
-0.41409942793653975
-0.4180938976496143
-0.42121048958908375
-0.42341825744946765
-0.42468755025760596
-0.424990400127157
-0.4242995382317116
-0.42258878223384794
-0.4198319266392047
-0.41600317040706747
-0.41107592654061686
-0.40502334888040303
-0.3978171274673064
-0.38942819435142356
-0.3798255943863711
-0.3689774703385003
-0.35685011898942
-0.34340936967912206
-0.3286199445288192
-0.31244734145727426
-0.29485760299730285
-0.27581978202437163
-0.25530617362252217
-0.2332953688161609
-0.2097729114685552
-0.1847348310171186
-0.1581885574567335
-0.13015668293325292
-0.10067782599903176
-0.06981023620815603
-0.03763218366740944
-0.00424493508066304
0.030227797785743298
0.06563797443794384
0.10181511817200312
0.13856586304451693
0.17567740299768173
0.21291857358187266
0.2500447998506778
0.2868005212906289
0.3229252807683544
0.3581570178425467
0.39223869383316323
0.42492178521029716
0.45597271421133173
0.48517582443449375
0.512338916816787
0.5372950957475654
0.5599068851164528
0.5800665618377604
0.5976985943961352
0.6127583667928006
0.6252329705516269
0.6351384930006541
0.6425194353340201
0.6474449371618641
0.6500072437661669
0.6503173353654705
0.6485029133173822
0.6447038996101251
0.6390703691290307
0.6317583070495612
0.6229278134539189
0.6127393880211388
0.6013526090659711
0.5889230890327842
0.5756017113816094
0.5615322908542626
0.5468513568828092
0.5316864721189865
0.5161564876234531
0.5003704245541137
0.48442809331937586
0.46841942271025677
0.452425326548192
0.4365173647370911
0.42075874897103005
0.4052042334179162
0.389901168426374
0.374889538141031
0.3602029920412194
0.3458689678218326
0.3319096510611898
0.3183421410962318
0.3051793068950081
0.29242996984593533
0.2800996380514158
0.268190692453868
0.2567029921800529
0.24563405942524458
0.23497955557005396
0.22473346626375942
0.21488845242154794
0.20543604063444873
0.19636685549188043
0.18767082242075206
0.1793372886612893
0.17135524644097622
0.16371334984682048
0.15640016629711498
0.14940409587684936
0.1427136586983525
0.13631732227021318
0.13020383175839473
0.12436194982367213
0.11878083615716443
0.11344970306868514
0.10835825006247511
0.10349623735454473
0.09885398072882723
0.09442184414415643
0.09019079968978776
0.08615183952372393
0.08229660543684027
0.07861671954296028
0.07510448776063658
0.07175214794589142
0.06855265149598433
0.06549882696517736
0.06258424397894304
0.05980228978790809
0.05714711973924365
0.05461264369216239
0.0521935674163158
0.049884285299963055
0.04768001722232967
0.045575603524188206
0.04356674212605686
0.041648681288227345
0.03981756201084327
0.03806900368131729
0.03639955709220368
0.03480517765062999
0.03328279467855347
0.031828666436125364
0.030440071728045543
0.029113540565260734
0.027846674482992776
0.0266362462315899
0.025480155619898727
0.024375391178463126
0.02332012877339685
0.022311547726065105
0.02134807989652845
0.02042707226640802
0.01954719466943301
0.018705940348808354
0.017902201015326354
0.017133596371078044
0.01639922570528938
0.015696816836383045
0.015025664008457134
0.014383586137299127
0.0137700613526988
0.013182983842238627
0.01262200599353154
0.012085082508808761
0.011572031739955711
0.011080855096965637
0.01061152983956127
0.010162091118937148
0.009732669192460448
0.009321320722777771
0.008928324119821238
0.00855174596968985
0.008192008981464539
0.007847178629785002
0.007517818995172215
0.007201983875663933
0.006900376663513365
0.006611029310235496
0.006334783276253792
0.006069638819603277
0.005816574996190965
0.0055735507828826355
0.005341683090328576
0.005118880223470855
0.004906397905377664
0.004702084518959345
0.004507336227028094
0.004319932327676703
0.004141411696927407
0.00396947542244379
0.0038058079934552343
0.0036480231513973515
0.0034979545105013523
0.003353119274995001
0.003215504294847292
0.0030825209486645675
0.0029563140259325424
0.002834179651346587
0.002718425843784489
0.002606223867481118
0.0025000508470845524
0.00239694336222116
0.0022995541061375225
0.002204774895469995
0.0021154410450234715
0.0020282892393692553
0.0019463450646424372
0.0018661793768005802
0.001791016289707699
0.0017172497708566603
0.0016483113354831213
0.0015804066032869843
0.001517183996155627
0.001454648892190011
0.001396676773063324
0.0013390604094500114
0.0012859131615892755
0.0012328023200099787
0.0011840906282950822
0.0011351064792504328
0.0010904742137234863
0.0010452693270721174
0.0010043907044668741
0.0009626463231429018
0.0009252233207777971
0.000886646875392846
0.0008524068744916577
0.0008167297152821628
0.0007854233530039365
0.0007523986799412016
0.0007237978912824484
0.0006931988651955523
0.0006670950977718488
0.0006387131140942635
0.0006149156998747076
0.0005885588122203969
0.0005668934828318662
0.0005423849621869017
0.0005226924940215444
0.0004998695110262778
0.000482004490202624
0.00046071691003195486
0.00044454660464761375
0.0004246558842589762
0.0004100592165120857
0.00039143739500690675
0.00037830400231573396
0.000360832775978326
0.00034906215562930987
0.0003326320304029309
0.0003221327585620842
0.000306642273147679
0.00029733129278912516
0.000282686305548757
0.00027448827688408356
0.00026060131160687307
0.00025344802039472224
0.00024023766467763026
0.00023406748244112022
0.00022145783526893476
0.00021621522792991083
0.0002041353906349135
0.0001997704709105145
0.00018815407957659233
0.00018462220001530676
0.00017340699322571635
0.00017066837557569043
0.0001597957968705016
0.00015781519599435088
0.0001472300254228042
0.00014597642400166003
0.00013562643844168627
0.00013507277051258784
0.00012490842838581336
0.00012503132878879705
0.00011500547783361111
0.00011578505665550142
0.00010585266270581892
0.00010727230079618638
0.00009739019517012338
0.00009943636167027834
0.00008956300551096618
0.00009222509336072503
0.00008232035769015326
0.00008559053742469032
0.00007561549703320542
0.00007948858656558756
0.0000694053265245204
0.00007387867613830677
0.00006365010943038892
0.00006872350073186476
0.00005831319662441159
0.00006398875458940839
0.00005336077521759673
0.00005964289278248631
0.00004876163870889867
0.00005565691221939837
0.000044486974770948875
0.00005200415124345731
0.00004051017131601205
0.00004866010450877005
0.00003680663706729198
0.00004560225403427408
0.000033353636942104
0.00004280991293213445
0.000030130140840997157
0.000040264083108911916
0.000027116683830532716
0.00003794732353114375
0.000024295238295487357
0.00003584362991564538
0.00002164909537393
0.00003393832429431124
0.000019162756655114504
0.000032217952963927096
0.000016821833501485246
0.00003067019357664952
0.000014612954437794462
0.000029283768645666475
0.000012523679983137485
0.000028048367483960223
0.00001054242385983995
0.000026954573503882276
8.658380483137061e-6
0.00002599379819891955
6.861457620472753e-6
0.000025158219847775352
5.142213132855188e-6
0.000024440716709467087
3.491712170990506e-6
0.00002383414156175073
1.8961235926355483e-6
0.000023288832318060296