1.5789320552482102
1.5810004593668905
1.5844222440281723
1.5891770818847903
1.5952262469543423
1.6025254114022751
1.6110179558313493
1.6206407588127838
1.631320873415475
1.6429794582636987
1.655529909420605
1.6688809621112242
1.6829356279350811
1.6975938228642136
1.712751803675974
1.728304468035598
1.7441451143082545
1.76016747646334
1.7762656923956743
1.7923360997684448
1.808277331399074
1.8239918814863019
1.8393862671790246
1.85437236722396
1.86886760245775
1.8827960458941622
1.896088584294369
1.9086837977589663
1.9205280712408732
1.931576241760157
1.9417916337419276
1.9511464726640144
1.9596218222378914
1.9672077646483832
1.9739032215545762
1.979715903307045
1.9846620001493165
1.9887659061986447
1.9920597725942344
1.9945830168737229
1.9963817365081789
1.9975080207490146
1.9980192311616596
1.997977140994095
1.9974470988348572
1.9964970297091988
1.9951965083642607
1.9936156659359276
1.991824209767831
1.9898902885830194
1.9878795050275142
1.9858537995507595
1.9838705087012205
1.9819813320137478
1.9802314921717927
1.9786588489194803
1.9772932155198064
1.9761556782722094
1.9752581167479457
1.9746027767608925
1.9741820298749475
1.9739782322748385
1.973963743011148
1.9741010825194572
1.97434321065413
1.9746339785319027
1.9749086486664027
1.9750946145234936
1.9751121281110826
1.9748752451432232
1.9742927120483362
1.9732690824799262
1.9717057070547437
1.9695019599463601
1.9665562711724147
1.9627674002216833
1.9580354520634577
1.9522631375770696
1.9453567197751214
1.9372272071580188
1.9277911847236344
1.9169718949960917
1.9046999179759976
1.8909141042829636
1.8755620781780933
1.8586009970345825
1.8399978611224632
1.8197300828186889
1.7977855954959079
1.7741632241537626
1.7488725932987819
1.721934297919213
1.6933796166826922
1.6632504884362682
1.6315990424902906
1.5984873912212973
1.563986993804446
1.5281782801737078
1.4911498684818383
1.4529980397986848
1.4138258330204045
1.3737423934727633
1.332861972205042
1.2913031753535293
1.2491878979904174
1.206640504897551
1.1637867325452713
1.1207528358571928
1.0776644953600316
1.034645968284752
0.9918190409559389
0.9493022254512767
0.907209798976851
0.865651088222362
0.8247296366398656
0.7845426164225714
0.745180160209706
0.706724934428153
0.6692516634444191
0.6328268876952431
0.5975086960097098
0.5633466783077918
0.5303818669743201
0.4986468785863581
0.46816604981271925
0.4389557478196322
0.41102467242837304
0.38437430270174877
0.3589993269560022
0.33488818516391106
0.3120235830801911
0.2903830872455246
0.2699396791921452
0.2506623617834436
0.2325167135796753
0.21546547102048963
0.19946905030122022
0.18448607808836562
0.17047385718779423
0.15738882759013437
0.1451869613906863
0.1338241447197169
0.12325649569873165
0.11344066532225903
0.10433407901557436
0.09589516031747668
0.08808350154908659
0.08086001808306571
0.07418705676851382
0.06802849080702944
0.062349776141142545
0.057117997791901375
0.05230188474828206
0.047871818414341474
0.04379981599712057
0.04005951081447131
0.0366261130991098
0.03347637063192811
0.030588514529187785
0.027942207224120153
0.025518479382428464
0.02329967082232853
0.021269363344832936
0.01941231886370195
0.017714411721116007
0.016162567150816022
0.014744695614846
0.013449633766902665
0.012267082500864616
0.011187551815034322
0.010202303598645043
0.009303301205182355
0.008483157499076644
0.00773508950443821
0.0070528718662560075
0.006430796624138999
0.005863631985411132
0.005346587056981298
0.0048752756582360925
0.004445685705515722
0.004054147689980736
0.0036973083290879312
0.0033721032812587676
0.0030757346413351873
0.0028056474458039602
0.002559510581774718
0.0023351966426232444
0.0021307658327242985
0.0019444487551827587
0.0017746329199337337
0.0016198480764183542
0.0014787549652670675
0.0013501328447791565
0.0012328701623321651
0.0011259539611427722
0.0010284621841088303
0.0009395546844127782
0.0008584669099319132
0.000784502276424134
0.0007170270138428048
0.0006554636933172452
0.000599287047073852
0.0005480184697931603
0.0005012226511028323
0.00045850289803920947
0.0004194984432051159
0.0003838804580496222
0.0003513499208880427
0.00032163421071612007
0.0002944854375747449
0.00026967752387562356
0.00024700491531070277
0.00022628007145767635
0.0002073324888547008
0.00019000653525495502
0.00017416072788202568
0.00015966585638446906
0.00014640446891526923
0.00013426923785429194
0.0001231626144565411
0.00011299539899491682
0.00010368653151409779
0.0000951618344064033
0.00008735391248466175
0.0000802010413242044
0.00007364715459918235
0.00006764085596436355
0.00006213547553290494
0.00005708818677152426
0.00005246011726112659
0.000048215555157171026
0.00004432210207675464
0.000040749956234099335
0.00003747209753134032
0.00003446363660305018
0.00003170202403140238
0.00002916645629610959
0.00002683810255379801
0.000024699559951659183
0.000022735092661108965
0.00002093013022591799
0.000019271514567809595
0.00001774703604549985
0.000016345684993391365
0.000015057221002354976
0.000013872426244194385
0.000012782704177677278
0.0000117803324776209
0.000010858087945142195
0.000010009497323123911
9.22848566820965e-6
8.509623712320389e-6
7.847797352376587e-6
7.238450525538926e-6
6.677273804888203e-6
6.1604420066185785e-6
5.6843201574205604e-6
5.245695255231863e-6
4.841498106320407e-6
4.469028825858383e-6
4.125693237504731e-6
3.8092218329787147e-6
3.5174195907389987e-6
3.248378220625569e-6
3.0002383963393e-6
2.7713951968087333e-6
2.560271863972047e-6
2.3655184206819403e-6
2.185796164394768e-6
2.019969495335876e-6
1.8669004410893119e-6
1.725633771021846e-6
1.5952009189007523e-6
1.4747984923643109e-6
1.3636010226055318e-6
1.260933002742409e-6
1.166089946969619e-6
1.0785041104694631e-6
9.975733866385218e-7
9.22820874876398e-7
8.537311846876425e-7
7.89904027263252e-7
7.308975303903864e-7
6.763760359987203e-7
6.25960060669853e-7
5.793684849107309e-7
5.362748212956042e-7
4.964439826871779e-7
4.5959454421075034e-7
4.255302774086083e-7
3.9400811379174314e-7
3.648646303426097e-7
3.3788944169267983e-7
3.1294681977567705e-7
2.8985425905520866e-7
2.6849940971380126e-7
2.487235760686539e-7
2.3043413865575198e-7
2.1349276024559519e-7
1.9782346770455003e-7
1.8330535304323415e-7
1.6987648113736527e-7
1.5743088516708128e-7
1.459184612606717e-7
1.3524606864694005e-7
1.253735671310082e-7
1.1621884239718009e-7
1.077501370036126e-7
9.989483063642494e-8
9.262821007302983e-8
8.588584288182507e-8
7.964892659483135e-8
7.386010244180863e-8
6.850551882493709e-8
6.353393923236392e-8
5.8935650046915335e-8
5.466472385437824e-8
5.071489666449853e-8
4.704485445923199e-8
4.3651200072458734e-8
4.04966370526283e-8
3.758014174855529e-8
3.486792442398414e-8
3.23609175381078e-8
3.002839957701808e-8
2.7872906104137785e-8
2.586640699214644e-8
2.4012742553127128e-8
2.228624978814628e-8
2.0691821790671587e-8
1.92058833006937e-8
1.7834167607588e-8
1.6554946120402588e-8
1.537461317645036e-8
1.4273078536117506e-8
1.3257246828875916e-8
1.2308485864974423e-8
1.1434083918396722e-8
1.0616710532912139e-8
9.863931448415461e-9
9.159582177592365e-9
8.51141712434317e-9
7.904319631205708e-9
7.346158712201483e-9
6.822762530623488e-9
6.342053169488622e-9
5.890713603945754e-9
5.476668056302073e-9
5.087375485980964e-9
4.730720318486613e-9
4.394868296705672e-9
4.087629729849002e-9
3.797816240503155e-9
3.5331361462299635e-9
3.2829932041474677e-9
3.0549713102183824e-9
2.839018793799305e-9
2.6425772935215464e-9
2.456097494274498e-9
2.286864809878872e-9
2.125794690044928e-9
1.9800056047606845e-9
1.8408441842017802e-9
1.7152539540149941e-9
1.5949826119324418e-9
1.4867930031443494e-9
1.3828067881557494e-9
1.2896022695473967e-9
1.1996505707921774e-9
1.1193431263473e-9
1.0414782748393765e-9
9.722595001740487e-10
9.047920485730821e-10
8.450913558949101e-10
7.865509300996684e-10
7.349988160110335e-10
6.840995463078324e-10
6.394949763800101e-10
5.951046010944892e-10
5.56385636142181e-10
5.17497427586623e-10
4.837142591664462e-10
4.494209497838949e-10
4.1971052566881725e-10
3.8917941006405154e-10
3.627408120515545e-10
3.351891650857927e-10
3.112588477108264e-10
2.8592872539054337e-10
2.6375462935793237e-10
2.398860012464746e-10
2.186994118904191e-10
1.955004021462463e-10
1.7448422048686957e-10
1.5109699765491365e-10
1.2934882038170946e-10
1.0480942057504406e-10
8.129829089116762e-11
5.449970184642427e-11
2.8171011571712685e-11
-0.3511759532413924
-0.34330016177539024
-0.33020497047207115
-0.311955740325848
-0.2886330968214187
-0.26034653086202786
-0.2272269314419896
-0.18943299862133478
-0.14714676552754707
-0.1005780890568145
-0.04996101661585894
0.00444275684940807
0.062347504545317206
0.12344086744440927
0.18738789696838523
0.253829327466166
0.32238630237560356
0.392659565431383
0.4642349836218109
0.5366836574239476
0.6095682185103926
0.6824437751537369
0.7548648310264529
0.8263868833886613
0.8965736900020022
0.9649992454681477
1.0312550293982747
1.0949520183657027
1.1557274930480455
1.2132467137021015
1.2672088564011648
1.3173479967851065
1.3634377890598306
1.4052914667708178
1.4427649690013347
1.475755771277675
1.5042042905128377
1.5280914906035437
1.5474385448564978
1.56230330182547
1.5727783321980844
1.5789864720636
1.5810775118397054
1.5792231394076282
1.5736126262908916
1.5644475594888536
1.5519369351698244
1.5362920895930603
1.5177216204225565
1.4964269049836072
1.4725972382722445
1.446406268530952
1.4180076791102612
1.3875327891666789
1.3550870270684139
1.3207488520927706
1.2845671838883626
1.246561712591767
1.2067213734176137
1.1650060372145588
1.1213460583240047
1.0756452793850078
1.0277816350522184
0.9776113619545395
0.9249706058722688
0.8696806932244228
0.8115506561109853
0.7503833859868332
0.6859789498882913
0.6181414012767663
0.5466827048197319
0.47142991937019235
0.3922294769236131
0.30895438110096
0.22150850540232295
0.12983337824308355
0.033912091203156206
-0.06622481380967013
-0.1704962839622865
-0.2787662686980624
-0.3908419661771891
-0.5064712016657188
-0.625342380066739
-0.747084090382823
-0.8712670357719469
-0.9974060564387525
-1.1249641221231355
-1.2533567484698989
-1.3819579137762372
-1.5101066064307624
-1.6371143013235314
-1.7622731549445547
-1.884864484845546
-2.0041679614659422
-2.119470410294123
-2.230075264142173
-2.335310973675813
-2.434539993470495
-2.527166145429084
-2.6126425094755747
-2.6904772193818025
-2.7602397891184127
-2.821564999892477
-2.8741573797690325
-2.9177930267290084
-2.952322136042959
-2.97766876512317
-2.9938314450216956
-3.000881011911666
-2.998959438106948
-2.9882759332729036
-2.9691041953132884
-2.9417770365956657
-2.906682303863515
-2.8642563293891463
-2.814978817950012
-2.759365471591388
-2.6979621960378504
-2.6313372991034725
-2.5600754202265437
-2.484769742396049
-2.4060160787173666
-2.324405546500057
-2.240519235230494
-2.1549217539938326
-2.068156845949167
-1.9807421332604656
-1.89316593790863
-1.8058834225683669
-1.7193147430082036
-1.6338426401088648
-1.5498119090126774
-1.4675283613370809
-1.3872594740531203
-1.3092345326458328
-1.2336462352242015
-1.1606517590644045
-1.0903750498676905
-1.0229085281294774
-0.9583157877496393
-0.8966336692785964
-0.8378751177478255
-0.7820313865912589
-0.7290748501551042
-0.6789611532224953
-0.6316318278874182
-0.5870162586807168
-0.5450340072336589
-0.5055965143087738
-0.4686090828353428
-0.4339722810684668
-0.4015835720080288
-0.37133841453202177
-0.3431315541308913
-0.316857841261811
-0.2924132155453701
-0.2696952740544657
-0.24860399029038424
-0.22904207149975203
-0.21091545682621585
-0.19413350397865398
-0.17860930981985942
-0.1642597645349002
-0.1510057341684748
-0.138772016284889
-0.12748741884635725
-0.11708464628026269
-0.10750030349735425
-0.09867473602480646
-0.09055198248896293
-0.08307958750061005
-0.07620852092499256
-0.06989297777867297
-0.0640902782573133
-0.05876066513494499
-0.05386719487415658
-0.049375539925174135
-0.04525387828394835
-0.0414727056282205
-0.0380047283534177
-0.03482468858299733
-0.031909263916432624
-0.02923690692647105
-0.026787753508799594
-0.024543477443880263
-0.022487208258827752
-0.020603400707034758
-0.018877762362721727
-0.017297137388240274
-0.015849443614795806
-0.014523569666622434
-0.013309320982803744
-0.012197329201643625
-0.011179006404067535
-0.01024646559240299
-0.00939248235057897
-0.008610425249553024
-0.007894224096403928
-0.007238309141239101
-0.0066375851057981425
-0.006087378137029736
-0.00558341485076151
-0.005121776063002799
-0.004698880144510288
-0.004311442653560804
-0.0039564633649880115
-0.0036311910217006436
-0.003333113471561853
-0.003059926845362136
-0.0028095283031620453
-0.0025799890313216427
-0.0023695491643706064
-0.0021765940716810483
-0.0019996510802696363
-0.0018373685921693255
-0.0016885142871850515
-0.0015519566748797146
-0.001426664504038198
-0.0013116904086788522
-0.0012061712929731891
-0.001109313779278589
-0.0010203953738439425
-0.0009387514671003635
-0.0008637771170932788
-0.0007949153887843338
-0.0007316596192742939
-0.0006735429142870414
-0.0006201407823824825
-0.0005710616337176149
-0.0005259496900775392
-0.00048447635400605344
-0.0004463433180596729
-0.0004112746919905516
-0.00037902024856911634
-0.00034934821315330916
-0.000322048595104544
-0.0002969265582052754
-0.00027380579644284604
-0.00025252241570824553
-0.00023292832083458582
-0.0002148855491428333
-0.0001982696423496906
-0.00018296438109751274
-0.00016886512090899669
-0.00015587388408652326
-0.00014390264347574966
-0.00013286873424820883
-0.0001226980730024961
-0.0001133208571271917
-0.00010467470985245306
-0.0000967006392762106
-0.00008934610249521346
-0.00008256120009149651
-0.00007630165451676446
-0.00007052521898448
-0.00006519456693591042
-0.000060273896955428324
-0.0000557317314783602
-0.0000515377016187203
-0.000047665254344790345
-0.000044088603043030864
-0.00004078534323422232
-0.00003773355634810134
-0.00003491433472010067
-0.00003230902746315857
-0.00002990167600511815
-0.000027676392154772208
-0.000025619705839758684
-0.00002371806650477423
-0.000021960105011600076
-0.000020334250405005425
-0.00001883090815873821
-0.00001744018512112486
-0.000016153986448624
-0.000014963842217116198
-0.000013862925490414113
-0.00001284397467032987
-0.000011901235211619884
-0.000011028472297209526
-0.00001022083874183255
-9.472973029287001e-6
-8.780795951398127e-6
-8.1396894411107e-6
-7.5462244769984275e-6
-6.996416497141333e-6
-6.4873870668189566e-6
-6.01569197002234e-6
-5.578919092950947e-6
-5.174085568181942e-6
-4.79917427218374e-6
-4.451596646269309e-6
-4.1296701450095105e-6
-3.831143582067618e-6
-3.554617800133878e-6
-3.2981305919105366e-6
-3.0605227925987247e-6
-2.8400800095038672e-6
-2.6358462664706117e-6
-2.446319942211734e-6
-2.270717023430606e-6
-2.107718804089087e-6
-1.956686731089031e-6
-1.8164595560342791e-6
-1.6865216849002253e-6
-1.5658476019062553e-6
-1.454025563079495e-6
-1.3501472299196759e-6
-1.25388847653954e-6
-1.1644422799768644e-6
-1.0815583419557608e-6
-1.0045173839318088e-6
-9.331312176757991e-7
-8.667566872503432e-7
-8.052577577203973e-7
-7.480574339669226e-7
-6.950633739770497e-7
-6.45756196323616e-7
-6.000800637439986e-7
-5.575658677957296e-7
-5.181881698266366e-7
-4.815218232314519e-7
-4.475666024530741e-7
-4.1593589083053796e-7
-3.8665027393781166e-7
-3.5935698459815844e-7
-3.340936846345993e-7
-3.105374185551498e-7
-2.887397576178817e-7
-2.6840407025531954e-7
-2.495931541981125e-7
-2.3203368516300852e-7
-2.1579741657773111e-7
-2.0063171863599284e-7
-1.866153808627559e-7
-1.73514201548772e-7
-1.6141238592771176e-7
-1.500921914282847e-7
-1.39641873538566e-7
-1.298584354240516e-7
-1.2083303456506873e-7
-1.1237592623709717e-7
-1.0458020665926757e-7
-9.726807875767453e-8
-9.053377179218829e-8
-8.421029485097635e-8
-7.839233866555182e-8
-7.292271753118706e-8
-6.78960262140229e-8
-6.316400456386685e-8
-5.8820691001393904e-8
-5.472597608483021e-8
-5.097296398075014e-8
-4.742901175453082e-8
-4.418598141770475e-8
-4.111809081739505e-8
-3.831571126118956e-8
-3.565938366034639e-8
-3.323779030630918e-8
-3.0937316448211126e-8
-2.884479948190024e-8
-2.685204148106533e-8
-2.504391481043126e-8
-2.331725534411907e-8
-2.1754880281750022e-8
-2.0258314935750436e-8
-1.8908256266625913e-8
-1.76106082573989e-8
-1.644390334813652e-8
-1.5318142591720873e-8
-1.4309666715392867e-8
-1.333231751560419e-8
-1.2460230664979594e-8
-1.1610854200145622e-8
-1.0856116386746129e-8
-1.011685572517303e-8
-9.462799146061455e-9
-8.817975744576645e-9
-8.24992326729402e-9
-7.685674823447234e-9
-7.190595005562316e-9
-6.694545150846485e-9
-6.260734477478063e-9
-5.821685113898293e-9
-5.438468296145748e-9
-5.046105377670801e-9
-4.703544386853738e-9
-4.348147603383077e-9
-4.036749585638082e-9
-3.7088956775950068e-9
-3.4193089495111502e-9
-3.1095572052425323e-9
-2.832243102605574e-9
-2.5307898857713558e-9
-2.255656229079677e-9
-1.9519430444466935e-9
-1.6679223302196818e-9
-1.3501796174477546e-9
-1.0447420675519987e-9
-6.995928866351823e-10
-3.60171393775271e-10
-3.6300796209036283
-3.616207853209963
-3.5931327408677842
-3.5610768712593543
-3.5202574116137653
-3.470987470098586
-3.413616719746763
-3.3485650303286496
-3.27629185128283
-3.19730954419674
-3.112164554044238
-3.0214406180990196
-2.9257462869585953
-2.825712066868736
-2.7219820042474723
-2.6152068649327034
-2.506038665966119
-2.3951211733873565
-2.283086788186239
-2.1705452451124234
-2.0580825347858647
-1.9462484818195336
-1.8355575553802177
-1.7264759021043603
-1.619424016434876
-1.5147637528161013
-1.4128029116814997
-1.3137827242116358
-1.217884461633907
-1.1252178521361649
-1.0358298372588988
-0.9496943296708837
-0.8667232184578261
-0.786757800188218
-0.7095820748337048
-0.634916078012493
-0.562431413800318
-0.4917465843811298
-0.42244458014114245
-0.35407014842536166
-0.28614911225015205
-0.21818734958296873
-0.1496913495635445
-0.08016849815929758
-0.009148218169790306
0.06381700923598076
0.13913071997432522
0.21715141854316639
0.2981727756248746
0.38242335026322166
0.47004886295840737
0.56111350332644
0.6555851972555432
0.7533392430482339
0.8541473615714572
0.9576842356441247
1.0635209066726066
1.1711345344257234
1.2799063974584224
1.3891348670142385
1.4980379128338053
1.605768933899694
1.7114233092203657
1.814056395916489
1.9126933434411904
2.00634830152423
2.0940364772883284
2.174793426438046
2.2476882023435563
2.3118415502115055
2.366438982137271
2.410746752074127
2.44412377843369
2.4660344264548675
2.4760583635748468
2.4738993843772454
2.4593924917146337
2.4325082360502046
2.393356538696967
2.342186257445493
2.279385488711213
2.2054763020554775
2.1211114693784894
2.0270645316619174
1.9242231102557743
1.8135746878709205
1.6961968696007774
1.5732394868928254
1.445912402428749
1.3154647847444378
1.183171290013177
1.0503095975094752
0.9181460357129339
0.787912689240547
0.6607937321884618
0.5379035737803906
0.42027527096037437
0.3088412223970732
0.20442500476315068
0.10772600692480395
0.019315832165886993
-0.060372039124715976
-0.13104052562329185
-0.1925336457370814
-0.2448292582084267
-0.2880381243758579
-0.3223915260625545
-0.34823533287800335
-0.36601352191975595
-0.3762584692753621
-0.37957188310026213
-0.37661294007530915
-0.36807841346061604
-0.35469042812997664
-0.337177567277304
-0.31626389937320737
-0.29265258609030553
-0.26701747414592975
-0.23999026260261977
-0.21215543402400563
-0.18404147068930518
-0.15611933167554187
-0.1287976467158652
-0.10242443620087745
-0.07728575525625489
-0.05360998274630133
-0.03156909727772687
-0.011284667582407515
0.0071691673030540816
0.023758895310169368
0.03848782611062833
0.05138925210805831
0.06252253905114993
0.07196683377430961
0.07981756001544059
0.08618103712756425
0.09117167536174298
0.09490766778033234
0.09750899522151786
0.09909419422166404
0.09977914636801516
0.09967481764893284
0.09888672283983986
0.09751347357396244
0.09564676901595336
0.0933705712481509
0.09076146734289006
0.08788829909480311
0.08481275658190988
0.08158931327661915
0.07826593687928735
0.07488421125052934
0.07148007904877743
0.06808406247736155
0.06472197920442806
0.061415200972119034
0.0581813068996569
0.055034340943402045
0.05198538413041277
0.04904278842631858
0.046212661905889615
0.043499068297520704
0.04090442729700957
0.03842967678187687
0.036074595334372184
0.03383792879949242
0.03171764450520331
0.02971102633815609
0.02781487091048713
0.026025556360172935
0.024339190429026547
0.022751658307978036
0.02125873171381001
0.019856100688812304
0.018539451609261317
0.01730448718351907
0.016146980098113016
0.015062784711240576
0.014047871865759455
0.01309833504884982
0.012210410841177494
0.011380481662618415
0.010605085411242518
0.009880916362521796
0.00920482678494274
0.008573827109873828
0.007985081683378883
0.00743590896903401
0.006923773092017035
0.006446284565601253
0.006001188885564733
0.005586368069081617
0.005199827246818637
0.004839697157030942
0.004504219442804283
0.004191750142201761
0.0039007442145456627
0.003629759999083805
0.003377443354862163
0.003142533017057658
0.002923844629951899
0.002720276905007675
0.0025307957477543196
0.0023544411095708126
0.0021903113506551047
0.0020375706742800054
0.0018954338245492845
0.0017631739946000365
0.0016401079257791836
0.0015256041876730818
0.0014190687217904502
0.001319953399827821
0.001227742037740209
0.0011419591481946446
0.0010621564384081252
0.000987921682549813
0.0009188657077008002
0.000854631321547759
0.0007948807843565089
0.000739304736351482
0.0006876101490184899
0.0006395292049123277
0.0005948077184125451
0.0005532139282647192
0.000514527375736865
0.00047854757695820995
0.0004450833449917103
0.0004139613150064598
0.0003850156958935835
0.0003580966265384157
0.00033306034211599513
0.0003097773442736093
0.00028812296704022413
0.00026798534765220687
0.00024925637701869404
0.00023183946128761367
0.00021564084196788163
0.0002005771412019044
0.00018656703691224556
0.00017353858717981428
0.00016142124612530059
0.00015015296484360854
0.00013967253412519094
0.00012992646111649957
0.00012086162541566436
0.00011243193206009154
0.00010459126798157674
0.00009729993310503942
0.00009051788461034095
0.00008421094889516825
0.00007834434155719782
0.00007288866375981677
0.00006781368631336872
0.00006309413461124834
0.00005870372564871828
0.00005462074619208289
0.00005082233202499203
0.00004728984439487891
0.00004400338121759924
0.00004094695713048749
0.00003810323681504635
0.00003545852418976028
0.00003299770842630148
0.00003070906795055648
0.000028579420129737747
0.000026598745827991653
0.000024755534129507075
0.00002304123322511643
0.00002144578190977012
0.00001996189256688447
0.000018580761537391373
0.000017296189926216747
0.000016100465284639893
0.000014988325894167346
0.00001395300653436856
0.000012990051808657077
0.000012093519086390026
0.000011259646327021124
0.00001048320558841814
9.761030684201216e-6
9.088514940336455e-6
8.463003888348223e-6
7.880431229710265e-6
7.3385816276755425e-6
6.833859104237832e-6
6.364424847784259e-6
5.927092520901111e-6
5.520345851805278e-6
5.14135557345869e-6
4.788881415343255e-6
4.4604056256846585e-6
4.15492382791388e-6
3.8701902987282255e-6
3.6054020016099156e-6
3.35855100441173e-6
3.1290058514748964e-6
2.914966705842314e-6
2.7159480725613457e-6
2.5303324429215116e-6
2.357758235029731e-6
2.1967679010419813e-6
2.0471048075288107e-6
1.9074519419135348e-6
1.7776413148739827e-6
1.6564795694911923e-6
1.543873351235699e-6
1.438738283032574e-6
1.34104361547213e-6
1.2498011834565519e-6
1.1650325203007686e-6
1.0858345571778544e-6
1.0122722598343015e-6
9.435179710139479e-7
8.796725076578212e-7
8.199751791667788e-7
7.645561662067105e-7
7.127143743595604e-7
6.646038030012896e-7
6.195765148692554e-7
5.778055948862765e-7
5.38690631705308e-7
5.024197617657528e-7
4.684351692183977e-7
4.369366098482704e-7
4.07404541175941e-7
3.8004742408333665e-7
3.5438019556242574e-7
3.3061755284342913e-7
3.0830557743944475e-7
2.876631172006277e-7
2.682644621928592e-7
2.5033085428155356e-7
2.3346220318322678e-7
2.1788067081061642e-7
2.0320949973828476e-7
1.8967054050431474e-7
1.7690834491602867e-7
1.651434286911039e-7
1.540398586691606e-7
1.4381597047287128e-7
1.3415375195033237e-7
1.252686658335377e-7
1.1685920176977984e-7
1.0913738713929283e-7
1.0181694699124673e-7
9.51060221450417e-8
8.873244036821536e-8
8.29000995200278e-8
7.734991452973313e-8
7.228126454154148e-8
6.744723879994212e-8
6.304249042036372e-8
5.8831460285118067e-8
5.5003926094652944e-8
5.133493693926779e-8
4.800929458571857e-8
4.481198262585041e-8
4.192276742966606e-8
3.913595478711802e-8
3.6626250521732214e-8
3.4196724435172206e-8
3.2017025138408075e-8
2.9898475975039633e-8
2.8005695106169662e-8
2.6157791017150675e-8
2.4514397207445586e-8
2.2901975961640688e-8
2.147523706900529e-8
2.0067597843660653e-8
1.8828917055818667e-8
1.7599196794183674e-8
1.6523526159848445e-8
1.5448146548369776e-8
1.4513464568864816e-8
1.3571636751308323e-8
1.2758477540581354e-8
1.1931752370088222e-8
1.12227743782998e-8
1.0494626292221904e-8
9.87420865945272e-9
9.229641109233614e-9
8.683495324491486e-9
8.108655044870144e-9
7.623438659971434e-9
7.105224833429819e-9
6.6681424203721735e-9
6.193794864851662e-9
5.792169070672193e-9
5.3488167908503e-9
4.969609049773167e-9
4.543756630630778e-9
4.173012593960185e-9
3.7499366975233635e-9
3.3721254142220593e-9
2.9351467054065297e-9
2.532354703946908e-9
2.0619426760533314e-9
1.6128905180028655e-9
1.0857791629655475e-9
5.677743617919831e-10
0.002793949152602882
-0.006269879963844694
-0.02118504048989001
-0.04171165527888336
-0.0674918693627554
-0.09808875962298201
-0.13297190938902584
-0.17154231577179072
-0.21312743929673209
-0.25700365415202897
-0.3023957529599905
-0.34849860705643687
-0.3944789849832309
-0.4394964564235036
-0.4827061695266465
-0.5232785672833676
-0.5604021294952022
-0.5933013763228602
-0.6212388493682174
-0.643530954228985
-0.6595487133208795
-0.6687311647655455
-0.670584676133715
-0.6646938174997874
-0.6507192627728444
-0.6284062467873398
-0.59758127334723
-0.5581584138598399
-0.5101351643470238
-0.45359692063160756
-0.388712364717139
-0.3157364466842511
-0.2350056315719136
-0.14693963440898983
-0.05203673466453521
0.049125632766820145
0.15589546068461024
0.2675467915039057
0.3832843465890273
0.502245590322504
0.6235057080931463
0.7460814508463535
0.8689368504785484
0.9909892080359124
1.111115926980928
1.2281629298163539
1.340952876484856
1.4482961126738887
1.549000332474746
1.6418838978661958
1.7257867318908289
1.7995855423856892
1.8622054404524253
1.9126363044012804
1.9499443622520758
1.9732886988694396
1.9819318720002184
1.9752554431713445
1.9527686518074099
1.9141218661477473
1.8591124338338472
1.7876951042824945
1.6999843936585366
1.596261298446708
1.4769718188429577
1.3427296153902064
1.1943106705127817
1.0326518746540818
0.8588421090055515
0.6741170255307842
0.4798470528808079
0.27752881358616993
0.06877066040819414
-0.1447187615199921
-0.3611468483091827
-0.5786508568531079
-0.795315598833858
-1.0091892596802816
-1.2183020632697246
-1.4206837979412916
-1.6143831509965805
-1.797486679606526
-1.968138518548
-2.124560461087699
-2.2650716321418742
-2.3881091532955434
-2.492247148078326
-2.576217175847527
-2.6389256331140047
-2.679472806962259
-2.6971674241313175
-2.6915428752295156
-2.6623674278474763
-2.609655997359221
-2.5336744686868453
-2.4349454180354115
-2.3142451481094186
-2.1726020496364375
-2.011285378744217
-1.8317954968084207
-1.635844091055212
-1.4253363056941157
-1.2023429626290139
-0.9690755078763074
-0.7278517201728752
-0.48106531889027704
-0.23114751660770108
0.019466077296218312
0.2683750451523191
0.5132468163665028
0.7518540634796409
0.9821036499273073
1.2020686096697986
1.4100104465449184
1.6044030310061257
1.7839460626790393
1.9475791599753958
2.094485371834107
2.224094919405324
2.3360788641018533
2.430343186587302
2.507013876098713
2.566423090925513
2.609087832607018
2.635690653478911
2.6470545843530644
2.644121147277664
2.6279242729334547
2.599568244581743
2.5602030205818957
2.5110042661769856
2.453151905000841
2.3878137269646262
2.316128278264017
2.239192814102479
2.1580509384886475
2.073685023074143
1.9870084281656715
1.898862012213896
1.810010357920416
1.721141681360216
1.632867260797876
1.5457239109906227
1.460175743728248
1.3766183675450256
1.2953821571984148
1.2167374276955656
1.1408985102247031
1.0680292892629237
0.9982475354554015
0.9316303508702273
0.8682183653810912
0.808020783731766
0.7510191922010407
0.6971720280709258
0.646417858121331
0.5986791905582649
0.5538651735046533
0.5118747412765845
0.4725987412494136
0.43592245373060434
0.4017271934788956
0.36989226997962
0.34029613040018564
0.31281783977522515
0.28733784008142493
0.2637390321913441
0.24190722518565613
0.22173189766167056
0.2031064056675159
0.18592849291546887
0.17010031727027028
0.15552876967470844
0.14212536965943515
0.12980644272011838
0.11849292594461412
0.10811044404289946
0.0985890575616756
0.08986326923033419
0.08187173968240292
0.07455724844670153
0.06786639573241239
0.061749536295147345
0.05616048064494416
0.05105641507969237
0.046397611543076256
0.042147343215557506
0.038271609045322154
0.03473905127068363
0.03152069822367251
0.028589887876753886
0.025922030732919463
0.02349454180372305
0.021286624122236607
0.01927921034461198
0.01745476654097461
0.0157972437634387
0.014291901191088205
0.01292526743624889
0.011684981766600272
0.010559764557947195
0.009539275128173128
0.008614090532848529
0.00777557847445587
0.007015883533459419
0.0063278136253882514
0.005704832731244906
0.005140959437050921
0.004630765248734292
0.0041692838432457555
0.003752014105917172
0.0033748388345073476
0.0030340317081389693
0.0027261843052342268
0.002448216293089924
0.002197309740502602
0.0019709218993536476
0.0017667259081383913
0.0015826256173160744
0.001416701888079506
0.0012672289889897803
0.0011326257935703396
0.0010114733453563999
0.000902470347589684
0.0008044515565336991
0.0007163470366175574
0.0006372010975186192
0.0005661348588910189
0.0005023654954749817
0.00044517171762908865
0.0003939131309941745
0.0003479982931453494
0.0003069040306479027
0.00027014577903149736
0.0002372967310149891
0.00020796020746476686
0.0001817885367366788
0.00015845723906883022
0.0001376835589779765
0.00011920227536290788
0.00010278382724885086
0.00008821158739093064
0.00007529953688792603
0.00006387086186179693
0.00005377514501556002
0.0000448681635462653
0.00003702857600335634
0.000030138815428496134
0.000024101258234067334
0.00001882012005508625
0.000014217100119427376
0.000010214198793225085
6.748836319362454e-6
3.7575208385186544e-6
1.190444656918044e-6
-1.0040601116782499e-6
-2.8654412314258592e-6
-4.435738790438317e-6
-5.746011730411212e-6
-6.83046797358493e-6
-7.71338672388443e-6
-8.42261062207644e-6
-8.976951294906453e-6
-9.399083375635015e-6
-9.703419743574228e-6
-9.9084433586065e-6
-0.000010025037936233536
-0.000010068290181466696
-0.000010046261217798047
-9.971288886932447e-6
-9.84918503922448e-6
-9.69006502293347e-6
-9.497955903601656e-6
-9.281178042520685e-6
-9.042349406263553e-6
-8.788342180695289e-6
-8.52066852920759e-6
-8.245033465391633e-6
-7.96208769484518e-6
-7.67659644258387e-6
-7.38854534859976e-6
-7.101943586652645e-6
-6.81626916193537e-6
-6.534923442055719e-6
-6.257002613223721e-6
-5.985419651822895e-6
-5.718989123109456e-6
-5.460231635774584e-6
-5.207759605979293e-6
-4.963778343412154e-6
-4.72676084707557e-6
-4.498658857466438e-6
-4.277855193777268e-6
-4.066097362738511e-6
-3.861716385888168e-6
-3.666294872658841e-6
-3.4781417180824147e-6
-3.2987059185454303e-6
-3.1262969424880347e-6
-2.96225498563091e-6
-2.804907228254352e-6
-2.65550468728529e-6
-2.5124049724461463e-6
-2.3767853908194434e-6
-2.2470431997644027e-6
-2.1242941515242937e-6
-2.0069816128574457e-6
-1.8961692995492122e-6
-1.790350990961293e-6
-1.6905457940357495e-6
-1.5953005253964045e-6
-1.5055954590532826e-6
-1.4200317793936778e-6
-1.3395554041073314e-6
-1.2628222285992938e-6
-1.1907472737217942e-6
-1.122040746121746e-6
-1.0575894374949382e-6
-9.961569165007103e-7
-9.386038009440859e-7
-8.837456755494015e-7
-8.324185694008546e-7
-7.834884604898836e-7
-7.377680167217234e-7
-6.941718031800818e-7
-6.534900849787442e-7
-6.14684097071963e-7
-5.78522460248136e-7
-5.440111065073034e-7
-5.118976246986509e-7
-4.812306574384338e-7
-4.5273726951112097e-7
-4.2550684544893227e-7
-4.002463611430375e-7
-3.760840149837194e-7
-3.5370708051814446e-7
-3.3228069887465316e-7
-3.1247279716952906e-7
-2.934836562143909e-7
-2.759621951745332e-7
-2.5914210667480457e-7
-2.436536324468595e-7
-2.2876222828167917e-7
-2.1507978761055338e-7
-2.0190196165914026e-7
-1.8982262766099308e-7
-1.7816614539227033e-7
-1.6750871361872076e-7
-1.572019932605145e-7
-1.4780484935246807e-7
-1.3869491371758028e-7
-1.30414069831901e-7
-1.2236466437009447e-7
-1.1507195858601578e-7
-1.0796182871938235e-7
-1.0154327952727423e-7
-9.526459857723671e-8
-8.961890510853233e-8
-8.407584294045087e-8
-7.911302063730273e-8
-7.422044237511291e-8
-6.986058317786571e-8
-6.554286684345845e-8
-6.171501257164743e-8
-5.7904974170341747e-8
-5.4546091482431576e-8
-5.118400578536957e-8
-4.823805082944203e-8
-4.527075580460386e-8
-4.268781632408492e-8
-4.0067888749247324e-8
-3.780339089493848e-8
-3.548838005281574e-8
-3.3502346373651454e-8
-3.145405177776612e-8
-2.9710395706356712e-8
-2.7894173411399476e-8
-2.6360013891499987e-8
-2.474409395804734e-8
-2.3389071514949883e-8
-2.1943866438451214e-8
-2.0739438762027585e-8
-1.9436818908101868e-8
-1.8355509638892075e-8
-1.71680166515384e-8
-1.618258519332819e-8
-1.5082547576183013e-8
-1.4165039968632531e-8
-1.3123546085290776e-8
-1.2244176692113328e-8
-1.122984864802427e-8
-1.0355648919886619e-8
-9.333145343401255e-9
-8.426298254172285e-9
-7.354453830738998e-9
-6.370209777240378e-9
-5.1996963907750074e-9
-4.083779539506191e-9
-2.754734149639797e-9
-1.4481850628549918e-9
-2.984783900279064
-2.963916851302527
-2.929132601878338
-2.88050856437907
-2.818107058317764
-2.742041247933159
-2.6524443041136836
-2.5495049880677
-2.4334521519988814
-2.304582985843291
-2.1632531926710357
-2.009901568901829
-1.8450419736857024
-1.6692847715600498
-1.4833283625584714
-1.2879771534398066
-1.084131184066969
-0.8728001226221539
-0.6550900610424533
-0.4322131512717255
-0.20547111072213775
0.02373962539419473
0.25394771615761547
0.4836060629796109
0.7111145819341272
0.9348231687398091
1.153056758521081
1.3641213769451128
1.5663305910536456
1.758013750861583
1.937542817330872
2.1033418301583273
2.2539130873283626
2.3878468984157726
2.5038461679040815
2.600735587465209
2.6774838109659838
2.73321136920114
2.7672097781365323
2.77894758610208
2.7680858892336393
2.734482010942375
2.6782009825629993
2.5995163914979877
2.498917414793194
2.3771063630884686
2.2350008497993743
2.073727535211268
1.8946190165634997
1.6992032910341948
1.4891950172960464
1.266480323453086
1.0331022701590524
0.7912408728921116
0.5431929207113394
0.29134747511675346
0.03816066105540271
-0.2138725802755559
-0.4622475590524208
-0.7044804844676218
-0.938139665827501
-1.1608766936774677
-1.370457597433638
-1.5647923285488972
-1.7419634549959258
-1.9002516010737693
-2.0381593010691637
-2.15443024006314
-2.2480662419632527
-2.318338646442438
-2.364797037450817
-2.3872718221397156
-2.3858741277424413
-2.3609895106057195
-2.3132693372673883
-2.243616411467692
-2.1531689720747584
-2.043279750179312
-1.9154943395911712
-1.7715256790796787
-1.613228896206775
-1.4425733931645304
-1.2616163015706974
-1.0724742339138922
-0.877297244656044
-0.6782419498719361
-0.4774474497357307
-0.27701101778561216
-0.07896691695818724
0.11473466011676244
0.30224543175143204
0.48183657744451486
0.6519131256952397
0.8110279818392778
0.9578928975486188
1.0913890074999333
1.2105743706858108
1.3146909298897766
1.403168450650182
1.475627631560721
1.531880091972891
1.5719272248462022
1.5959558161572267
1.6043322521771302
1.5975934788039714
1.5764364111004827
1.5417042850154326
1.4943715577784702
1.4355262194627016
1.3663510357346182
1.2881029608698733
1.2020921268934344
1.1096599897226103
1.0121578674732363
0.9109257251696778
0.8072721987785273
0.7024559002573204
0.5976686870185148
0.49402104147657866
0.3925298902169057
0.2941090486790253
0.19956225804145042
0.10957900623883263
0.024732766115545212
-0.05451815547943209
-0.12782779764664617
-0.1949575404728342
-0.25576974902221883
-0.3102198033172923
-0.3583474595581341
-0.4002672032016674
-0.4361585774380321
-0.46625605397365505
-0.49083941227950345
-0.5102240972485627
-0.5247524683968017
-0.5347853238290696
-0.5406945416646638
-0.5428561555842015
-0.5416446331825114
-0.5374276324900944
-0.5305619364629446
-0.5213898253032885
-0.5102365267380995
-0.4974080115679036
-0.48318972486832223
-0.4678455457680098
-0.4516175250949222
-0.4347257321645091
-0.417368725448351
-0.3997240243852864
-0.38194906688668545
-0.3641820791833534
-0.34654331496208773
-0.329136140037863
-0.31204839325044725
-0.29535354748622344
-0.2791120758857912
-0.26337259156091414
-0.24817314058993503
-0.23354225717972085
-0.2195001358010168
-0.20605956572659268
-0.1932269583030795
-0.18100314503100465
-0.16938425302066362
-0.15836236493755948
-0.1479262471849224
-0.13806187923414626
-0.12875304616955352
-0.1199817502931347
-0.11172868345704179
-0.10397353640325108
-0.09669536774990632
-0.08987282716259558
-0.08348443772787062
-0.07750874843646197
-0.0719245455696856
-0.06671094862051145
-0.061847564676200444
-0.05731454018015566
-0.05309267042550027
-0.04916341772141376
-0.045508986222148794
-0.042112315268331
-0.03895712799077933
-0.036027906945797813
-0.03330992332334359
-0.030789200534562456
-0.02845252945068188
-0.026287424348099542
-0.024282128413597094
-0.02242556540419617
-0.02070733866585746
-0.019117681007138655
-0.01764744967365313
-0.01628807624526516
-0.015031559364378099
-0.013870415922652986
-0.012797672833924956
-0.011806820355044274
-0.010891803801090479
-0.010046979524329579
-0.009267107169656322
-0.008547308596554035
-0.007883061048120955
-0.007270159126660423
-0.0067047090846540135
-0.006183093841134018
-0.005701968484536686
-0.005258228232695281
-0.0048490051549390486
-0.004471638923948192
-0.004123674709116963
-0.003802836536074546
-0.0035070262683152085
-0.0032342993739421597
-0.0029828648924709903
-0.0027510634036623112
-0.0025373678670200946
-0.0023403635908757826
-0.002158749830214082
-0.0019913215627642977
-0.0018369717339527382
-0.0016946746586398347
-0.001563488808408829
-0.0014425416712894141
-0.0013310329849167731
-0.0012282209010529923
-0.00113342557743389
-0.0010460165084045223
-0.0009654163978430626
-0.0008910895312738684
-0.000822545861663464
-0.0007593303116488898
-0.0007010270129454675
-0.0006472494396466716
-0.0005976447502880801
-0.0005518846644478481
-0.0005096698640831418
-0.0004707215358634875
-0.00043478579519916854
-0.00040162582589462826
-0.0003710262963287043
-0.0003427860361713745
-0.0003167224194849379
-0.0002926645254721737
-0.00027045746789370305
-0.00024995599318565796
-0.00023102873958840347
-0.00021355223156702978
-0.00019741505548093733
-0.00018251221414048216
-0.00016874920877657304
-0.00015603672184757718
-0.00014429459755177696
-0.00013344682473208494
-0.0001234254102669542
-0.000114165637172291
-0.00010560982695912687
-0.00009770285086212745
-0.00009039577871107448
-0.00008364162367738146
-0.00007739887641229035
-0.00007162746584467853
-0.00006629217832849553
-0.00006135881888920482
-0.00005679751592834497
-0.00005257906893947297
-0.00004867813996692246
-0.00004506977522754539
-0.000041732485038058315
-0.00003864492801461425
-0.000035788881589518614
-0.00003314607854131451
-0.00003070107053515194
-0.000028438207682870607
-0.000026344397777337484
-0.000024406220413388956
-0.000022612584758127048
-0.000020951970495353057
-0.000019414987092295665
-0.000017991734475961978
-0.00001667426683150447
-0.000015454066490433207
-0.00001432441533478022
-0.000013277975884424297
-0.000012309073391086398
-0.000011411378563719314
-0.000010580103422802237
-9.809780506242942e-6
-9.096375522144829e-6
-8.435158239296405e-6
-7.822734929494134e-6
-7.255006471877292e-6
-6.729123517274248e-6
-6.241527629064521e-6
-5.789832034584774e-6
-5.370941890843942e-6
-4.982863414026938e-6
-4.622899599705964e-6
-4.289390442762943e-6
-3.979980661664432e-6
-3.693293639206855e-6
-3.4272679015164463e-6
-3.180767326131984e-6
-2.951983310830357e-6
-2.739983710718196e-6
-2.5431778016656475e-6
-2.360806323085223e-6
-2.1914664973063684e-6
-2.034545470227581e-6
-1.8888027928114798e-6
-1.7537494683144774e-6
-1.6282854364446998e-6
-1.5120263538150258e-6
-1.4039937462511728e-6
-1.3038915687840936e-6
-1.2108468080603533e-6
-1.124637789824814e-6
-1.0444831221773607e-6
-9.702236422718633e-7
-9.011576930006706e-7
-8.371785266685469e-7
-7.7765400319109e-7
-7.225211968748758e-7
-6.712086939454854e-7
-6.236900793223922e-7
-5.794470957291411e-7
-5.38483620512613e-7
-5.003280281678377e-7
-4.65009202813035e-7
-4.3209652106683714e-7
-4.016393837310589e-7
-3.732433069348326e-7
-3.4697439686033867e-7
-3.2247010422237744e-7
-2.9981000845516873e-7
-2.786598542012298e-7
-2.591099562055965e-7
-2.408511967949238e-7
-2.2398230973745432e-7
-2.082165749261116e-7
-1.9365918859692796e-7
-1.8004344579118705e-7
-1.6747935551202663e-7
-1.5571815321573243e-7
-1.448732726596297e-7
-1.3471207982892848e-7
-1.2535026831682938e-7
-1.1656975288768145e-7
-1.0848751216211774e-7
-1.0089862458902059e-7
-9.39205409160726e-8
-8.736028782237618e-8
-8.133511306833263e-8
-7.5662922548232e-8
-7.046020306508299e-8
-6.555479720892273e-8
-6.106197232502252e-8
-5.6818674511970526e-8
-5.293857748120218e-8
-4.926699219424847e-8
-4.591569588497686e-8
-4.273770750654993e-8
-3.9842665143087116e-8
-3.70907095974057e-8
-3.458914769741139e-8
-3.220471710215565e-8
-3.0042243552172546e-8
-2.7974589377364327e-8
-2.6103984494333783e-8
-2.430898923263552e-8
-2.268915179258257e-8
-2.1128342930754298e-8
-1.9723366607149377e-8
-1.8363049846790523e-8
-1.7141408375117768e-8
-1.59518996579574e-8
-1.4885721401294118e-8
-1.3840659420080415e-8
-1.290507391683933e-8
-1.1980796492673904e-8
-1.1153337074560665e-8
-1.0328306108592932e-8
-9.588353835670046e-9
-8.842614545359167e-9
-8.170869563893886e-9
-7.485530442603358e-9
-6.863497482893952e-9
-6.220217931199928e-9
-5.629693087238537e-9
-5.0101660227735485e-9
-4.432712270360519e-9
-3.81812932743187e-9
-3.234528651459347e-9
-2.6050174009191405e-9
-1.994707386886809e-9
-1.3290003420907649e-9
-6.731979296810486e-10
-2.037583063521615
-1.9947911622709649
-1.92394011296477
-1.8260465447639447
-1.7023268403294682
-1.5543897762067382
-1.3841013049695112
-1.1936313953862676
-0.9853734572461728
-0.7619457152211913
-0.5261324775765354
-0.28086307418776413
-0.029166112266493495
0.2258640164114279
0.4811025697136745
0.7334350182675535
0.9797830080705773
1.2171490403206486
1.4426333622105354
1.653481280876845
1.8470913543915075
2.0210647231697796
2.1732049428932676
2.301569088727336
2.404459379877017
2.4804757829831283
2.528499214118284
2.5477450642504897
2.5377373100686746
2.4983619624271958
2.4298309986330118
2.332734354508484
2.2079923364244927
2.0569045745256176
1.8810895812772452
1.6825291454550257
1.4634940237953713
1.2265826131546391
0.9746323867556388
0.710752311396105
0.43822051585418414
0.16051075451055247
-0.1188221648503646
-0.39612062488168437
-0.6677483891273674
-0.930071362481208
-1.1795877460662187
-1.4129082977959178
-1.6268879546319588
-1.8186019919980723
-1.9854740858787894
-2.125244542853957
-2.236089668544574
-2.3165784658351116
-2.365778573974399
-2.3831985600673105
-2.368876614521484
-2.3233067675227552
-2.247507909862128
-2.1429338417657866
-2.0115218834131063
-1.8555884157869476
-1.6778581313243244
-1.4813484108760269
-1.26938189107495
-1.045464391695962
-0.8132847162818587
-0.5765917068990579
-0.3391858972974148
-0.10480152886242608
0.12290520587197484
0.3404636907879719
0.5445997245045855
0.7323279271602597
0.9009581423484312
1.0481692260334685
1.1720085440004946
1.2709449837023659
1.3438602203812375
1.3900801585489653
1.4093577543286797
1.4018833791586938
1.3682599874850319
1.3094940206656034
1.2269645315049633
1.1223971445015222
0.9978293338138143
0.8555705685289895
0.6981662406191961
0.5283474116990553
0.34899588314565555
0.1630869268569994
-0.026342284980003582
-0.2162538720809228
-0.40363568445743175
-0.5855637403174206
-0.7592222262701245
-0.9219648860990737
-1.0713276098813973
-1.2050866963709177
-1.321263167997344
-1.4181758428919398
-1.4944364231894811
-1.5489952099981066
-1.581125874930228
-1.5904616323997347
-1.5769686515727463
-1.5409708030030203
-1.4831111195545799
-1.4043640274131357
-1.3059852179221112
-1.1895115599301005
-1.056701103974357
-0.9095224530028436
-0.7500880982974121
-0.5806365388402157
-0.4034633503371761
-0.22090038886824015
-0.035249557477036224
0.1512362910919982
0.3364121990047639
0.5182544604510652
0.6949084564275716
0.8646935048794004
1.0261376748356286
1.1779730073896355
1.319157069869118
1.4488590509762493
1.5664693750546017
1.6715784538519949
1.7639767651412848
1.8436287912063563
1.9106664718853612
1.9653610511787543
2.0081127882092744
2.0394231697316014
2.059883347700092
2.0701486243262743
2.0709274611358115
2.0629594785579344
2.047006211157484
2.0238332251683433
1.9942031945845065
1.9588622152163369
1.9185353097691575
1.873916643010835
1.8256672485954206
1.7744086256048324
1.7207223025762082
1.6651461969891537
1.6081755636665374
1.5502614924039648
1.4918127952661833
1.4331960703059803
1.3747381349158518
1.3167271676274006
1.2594153686775824
1.2030207866589184
1.1477299661131906
1.0937001578320944
1.0410617863069698
0.9899208241149747
0.9403609741231943
0.8924460562773073
0.8462218487369684
0.8017183889712279
0.7589514548079699
0.7179247221416024
0.678630892690031
0.6410536797502381
0.6051686062333882
0.5709448099165918
0.5383455450892447
0.5073298117175605
0.47785259861853147
0.449866348696192
0.42332098251303485
0.3981652157756898
0.374346400732872
0.35181171356556434
0.33050784814638434
0.3103820908230769
0.2913818974123591
0.27345587171061064
0.256553252644983
0.2406248111639273
0.22562227054825437
0.21149913443932492
0.1982100596198802
0.18571162603232394
0.173961677984206
0.16292004521480088
0.15254786551320323
0.14280826427502813
0.13366566895185641
0.1250864531297085
0.11703825104183775
0.1094905710009569
0.10241411637283258
0.09578137219466726
0.08956593748721954
0.08374308807367137
0.07828912386326048
0.0731819102261957
0.06840024287307528
0.06392436961878176
0.05973537467288609
0.05581568221693428
0.05214846127865622
0.04871811223245423
0.045509692925697745
0.04250938897365321
0.03970396141448051
0.03708120149200893
0.034629399816016516
0.03233778619620517
0.030196020058136274
0.028194615798792115
0.026324454041319
0.024577192917937796
0.022944799626242834
0.021419948001874044
0.019995569755562125
0.018665238670321528
0.01742274084362588
0.016262445827521343
0.01517889516775549
0.014167160796728093
0.013222451145861553
0.012340457098102792
0.011516974947153745
0.010748240216344511
0.010030566745257354
0.009360668683755891
0.008735315000442934
0.008151639963401132
0.007606812383806569
0.00709833489776932
0.006623727280710591
0.006180814847085892
0.005767425195615564
0.005381666045306363
0.005021634797380939
0.004685686126699414
0.004372153772567088
0.004079608204306601
0.003806590079516299
0.0035518583011391667
0.0033141346078159853
0.0030923423373720137
0.0028853616393883417
0.002692259256644369
0.0025120538747263684
0.002343937228711079
0.002187049128418336
0.0020406901925921184
0.0019041061112071835
0.001776692303702191
0.0016577870015266369
0.001546868120705826
0.0014433547685522134
0.0013467966140919012
0.0012566834425689036
0.0011726273001294002
0.0010941797384399973
0.0010210070025938878
0.0009527146258743069
0.0008890159221938941
0.000829563607800045
0.000774111851754158
0.0007223546172372373
0.0006740815156811938
0.0006290225753345027
0.0005869981367271963
0.0005477697703416988
0.0005111844431739074
0.0004770313207676379
0.0004451804267662985
0.00041544507725385145
0.00038771524740967045
0.0003618253980965188
0.0003376827560636239
0.0003151403040731318
0.00029412017356740056
0.0002744915803677677
0.00025618952135083456
0.00023909744792375973
0.00022316145105650404
0.000208277474370222
0.00019440116486016957
0.00018143943656053074
0.00016935615747510211
0.00015806788343314594
0.0001475455451286829
0.00013771417998619006
0.0001285507767985001
0.00011998784120481844
0.00011200754921448312
0.00010454898928757672
0.00009759877003787995
0.00009110178892151765
0.00008504843362669957
0.00007938873404004731
0.00007411629125152021
0.00006918567580141545
0.00006459321285358188
0.000060297495747484915
0.000056297150717969856
0.000052554340503829104
0.00004906962701395498
0.000045808345193032605
0.000042772677247336536
0.0000399307821549103
0.000037286190464595655
0.000034809579776712105
0.00003250559471095777
0.000030347163387693026
0.000028339842918647697
0.00002645857640104148
0.000024709660214034233
0.000023069845309949573
0.000021546018693453998
0.00002011655686714928
0.00001878881012387292
0.000017542619888374686
0.000016385690860214932
0.000015299187698873527
0.000014291076609876874
0.000013343720356732544
0.000012465267580575874
0.000011639168497428654
0.000010873687076347647
0.000010153263002821697
9.486218806801373e-6
8.857896750237327e-6
8.276630089238633e-6
7.728586483063678e-6
7.2220697889069884e-6
6.744004397889138e-6
6.3026312916940526e-6
5.8855703946988835e-6
5.500972064070474e-6
5.137097112225229e-6
4.8019824514300775e-6
4.4844808930067085e-6
4.192497319485861e-6
3.915432711819102e-6
3.661044972402788e-6
3.419243874143939e-6
3.1976285020501888e-6
2.986581963182291e-6
2.793535348996712e-6
2.6093130976019034e-6
2.441171399790269e-6
2.2803470689532e-6
2.1339164170613554e-6
1.993502367210002e-6
1.8659980081436479e-6
1.743388483603744e-6
1.6323816919496518e-6
1.5253032089658236e-6
1.4286749294300308e-6
1.3351429293236324e-6
1.2510432456989515e-6
1.1693241636499344e-6
1.0961367965224478e-6
1.0247147957007735e-6
9.610259221916272e-7
8.985736262507943e-7
8.431443908747874e-7
7.884970163611524e-7
7.402391635869657e-7
6.923715084437766e-7
6.503256153848341e-7
6.083314008298989e-7
5.716472228415654e-7
5.347203134350155e-7
5.026387759836565e-7
4.700558161335023e-7
4.4189219229565956e-7
4.129961956467836e-7
3.881239985505598e-7
3.623084078654775e-7
3.4014349910025573e-7
3.168361957334044e-7
2.9682056111559957e-7
2.754672413537951e-7
2.5705181019191214e-7
2.370980556642572e-7
2.1972383314672825e-7
2.0059507767878086e-7
1.836717147502528e-7
1.6475014193411378e-7
1.4763087333493511e-7
1.2822805695750975e-7
1.101796873675764e-7
8.95035504769585e-8
6.967055506111815e-8
4.679473737273825e-8
2.4290844343124116e-8
-1.8510145857583309
-1.8054374669547701
-1.7301554922324687
-1.626622468535783
-1.4965845777280964
-1.342312148115968
-1.1664283406346612
-0.9719229270668478
-0.7620606840111382
-0.5403262264916547
-0.31036564960781604
-0.07590052769893066
0.15930889579653235
0.3915616638317005
0.6172344765413149
0.8328803132060177
1.0352295335175825
1.2212825239356273
1.3882949647626126
1.5338612394673234
1.6558861299146255
1.7526581177076692
1.8228103764938035
1.8653845014187351
1.879783710609478
1.8658280242463923
1.8237020310388494
1.7540023013604087
1.6576810998064857
1.5360861703070845
1.3909006801719992
1.2241748085863033
1.0382612999859688
0.835837820862163
0.6198370123170172
0.39345853736879005
0.1600925574280065
-0.07667918227295847
-0.31316699852093477
-0.545582979514745
-0.7701313975333068
-0.9830279734162339
-1.1805955827197883
-1.359290657941252
-1.5158015213732003
-1.6470783444154606
-1.7504302765068345
-1.8235543167323187
-1.8646263584545528
-1.8723234483432065
-1.8459030330016681
-1.7852125064240905
-1.6907504874266481
-1.5636574736024262
-1.4057531149748355
-1.2195024298983774
-1.0080240067633637
-0.7750278026368659
-0.5247911680727407
-0.2620668315447478
0.00797339570678598
0.279858364998437
0.5479026218971237
0.8063477811919454
1.0494686968992568
1.2717263951588647
1.4678841271318088
1.6331585486085167
1.7633317863420392
1.8548856947276262
1.9050950707390573
1.912129810343386
1.875115371750326
1.7941896921429503
1.6705199677580915
1.5063051625232315
1.3047428943515762
1.069973881074937
0.8069986903774616
0.5215669138322869
0.2200500608789572
-0.09071513732719268
-0.40358514660693934
-0.7112968749185326
-1.0066397282026316
-1.282653725009933
-1.5327943501870602
-1.751119839079356
-1.9324274698431794
-2.0724091739269204
-2.167740388339689
-2.216187020347774
-2.2166333478865337
-2.1691298671398616
-2.074854317950456
-1.9360981449176138
-1.7561633744713654
-1.5392939853620626
-1.2905196257123757
-1.0155456439317128
-0.7205610938031316
-0.412106259808262
-0.09686601687054429
0.21846435415501425
0.5273790348713883
0.8236780141212365
1.1016414483740435
1.356112543380768
1.5826326242513864
1.7774806081037824
1.9377612014141354
2.0613973891527535
2.147170590239763
2.194668691866018
2.2042827550366435
2.177118210844593
2.1149571859727856
2.020144042686312
1.8955251905030102
1.744321913458518
1.5700604742388875
1.3764450769235006
1.1672902137037584
0.946404847914066
0.7175366075712377
0.484275270261375
0.25001509803883937
0.01788206984361536
-0.20928297077655053
-0.42897249511869273
-0.6390089594412267
-0.837570558373212
-1.0231708466505325
-1.1946662665211973
-1.3512233229722204
-1.4923130519991945
-1.6176707969328465
-1.727282799681095
-1.821343250326092
-1.9002375098710937
-1.9645002041531299
-2.0147985339001777
-2.0518940567626114
-2.0766283865690793
-2.0898901950508497
-2.0926045484548954
-2.085705718804654
-2.070130565851732
-2.0467970480779387
-2.0166014687284917
-1.9804021259854678
-1.9390198878906473
-1.893226185634103
-1.8437462191436138
-1.7912504255043857
-1.7363595908773526
-1.6796389638675961
-1.6216046094491638
-1.5627194379489096
-1.5034002416446934
-1.444015038357968
-1.3848903516466327
-1.3263093996725743
-1.2685192963936336
-1.2117297369255489
-1.1561198993527715
-1.1018373801336299
-1.0490046596741511
-0.9977181233231853
-0.9480540182114647
-0.9000674579378428
-0.8537978451218625
-0.8092678034793311
-0.7664880728377903
-0.7254563440082652
-0.6861616537088904
-0.6485831185203441
-0.612693869103904
-0.5784596923273739
-0.545842549797541
-0.5147991442546961
-0.4852840687446497
-0.4572483164169629
-0.43064210517177764
-0.405413350436487
-0.3815102069639491
-0.35887952301706516
-0.3374691369716743
-0.3172263293186774
-0.298099907383869
-0.2800386691474455
-0.26299330508913543
-0.24691488533868547
-0.2317566036016836
-0.2174722967834967
-0.20401805226646122
-0.1913507669996953
-0.17942963613150362
-0.16821475667805438
-0.15766851267221885
-0.1477542269274916
-0.13843745542778904
-0.1296846893780554
-0.12146456949430039
-0.11374663945699455
-0.10650248902628616
-0.09970455915899994
-0.09332722142832454
-0.08734563439951232
-0.08173676563531684
-0.07647829841948364
-0.07154960164101345
-0.06693068558072338
-0.06260312415511063
-0.05854905821524498
-0.054752073964968326
-0.05119625204189215
-0.04786700537936499
-0.04475017222843046
-0.041832816286816135
-0.03910236176326974
-0.036547358231598576
-0.034156655822420855
-0.031920136960958675
-0.029827929785830855
-0.027871108683328535
-0.026040944070309564
-0.024329573434884733
-0.022729285674231568
-0.021233164183631463
-0.019834404005006936
-0.01852692836629513
-0.01730473696871538
-0.016162497261067072
-0.01509492227009815
-0.014097337795031346
-0.013165088263596946
-0.012294080947372733
-0.011480218404308708
-0.010719920742480515
-0.010009583286985752
-0.009346077856178327
-0.008726234365746146
-0.008147322025598234
-0.007606553666122752
-0.00710154771419713
-0.006629854095659382
-0.006189397804267458
-0.005778025300056074
-0.0053939304445718775
-0.005035220376925762
-0.004700324551563783
-0.004387579132441798
-0.004095619835381311
-0.0038229839359400298
-0.0035684875866125866
-0.003330844585743683
-0.00310902881010017
-0.0029019089407116565
-0.002708596623384675
-0.002528096392807683
-0.0023596401471811046
-0.002202351554455651
-0.002055567402233733
-0.0019185158097938277
-0.0017906249906394361
-0.0016712146311682783
-0.0015597925805905465
-0.0014557587918989114
-0.0013586904322558618
-0.001268057814472694
-0.0011834984003013668
-0.0011045441810919846
-0.0010308850266542594
-0.0009621070022828504
-0.0008979454969253007
-0.000838033990481283
-0.0007821473768817624
-0.000729960720611864
-0.0006812831729309613
-0.0006358262800610903
-0.0005934288741251188
-0.0005538345174953466
-0.0005169077340646266
-0.00048242019496829466
-0.0004502586405025558
-0.0004202194319126619
-0.00039220849960782046
-0.0003660439040379276
-0.0003416481317993171
-0.0003188583258847256
-0.000297611237804864
-0.0002777608037655938
-0.0002592560480250585
-0.00024196569689812462
-0.00022584931620518733
-0.00021078866949027163
-0.00019675236057481639
-0.00018363365606115123
-0.0001714088926622966
-0.0001599814970007906
-0.00014933440652394406
-0.00013938003184882567
-0.0001301069296727032
-0.0001214354645038323
-0.00011335896202057485
-0.00010580483800657634
-0.00009877045108121129
-0.00009218947706602282
-0.00008606267088632867
-0.00008032927446876077
-0.00007499288888252194
-0.00006999771323874903
-0.00006534971978356608
-0.00006099753016944418
-0.000056949078215304635
-0.000053156938376326604
-0.00004963065323366227
-0.0000463263370283767
-0.000043254837620392104
-0.00004037544559881354
-0.00003770005344225813
-0.0000351908079944545
-0.00003286042285252248
-0.00003067361892431216
-0.000028643739654578244
-0.00002673783097862774
-0.000024969702855984643
-0.000023308506221818354
-0.00002176837842162353
-0.000020320380754515995
-0.000018978859779105547
-0.000017716614756979922
-0.000016548101418176457
-0.000015447704063913226
-0.000014429903229198812
-0.00001347053240502327
-0.000012584026105496862
-0.000011747546134221749
-0.000010975421844191203
-0.000010246035613188678
-9.573562567088704e-6
-8.93750945634187e-6
-8.35185678844143e-6
-7.797149622551558e-6
-7.287140916118229e-6
-6.803336887698351e-6
-6.359236417776443e-6
-5.937237580384596e-6
-5.550564141392466e-6
-5.182443636501648e-6
-4.845808374086945e-6
-4.524659049092306e-6
-4.231624174788323e-6
-3.951426677019225e-6
-3.696382343110934e-6
-3.4518901463364377e-6
-3.2299471042152145e-6
-3.0165862460997444e-6
-2.823482210925447e-6
-2.6372637982408313e-6
-2.4692817011904154e-6
-2.306725479445039e-6
-2.1606220110683535e-6
-2.018689500720059e-6
-1.8916325386348748e-6
-1.767668414827919e-6
-1.657182089458598e-6
-1.5488626289797114e-6
-1.452778914624488e-6
-1.358066454610785e-6
-1.274482281577308e-6
-1.191584730872508e-6
-1.11882369881826e-6
-1.0461582153549843e-6
-9.827360485370179e-7
-9.188960446355893e-7
-8.634889659602614e-7
-8.072136269460497e-7
-7.586288380215827e-7
-7.087743359965685e-7
-6.659217721408183e-7
-6.214333228266517e-7
-5.832978011852073e-7
-5.431816426656841e-7
-5.08794432579035e-7
-4.720886939138969e-7
-4.4049740372386473e-7
-4.062406697920186e-7
-3.764761530712974e-7
-3.436723078318908e-7
-3.1471103099164807e-7
-2.822886590469576e-7
-2.5300862372597033e-7
-2.1977285005880217e-7
-1.889007115480378e-7
-1.5347492853186895e-7
-1.1952258724240708e-7
-8.029383732990612e-8
-4.1713484750233195e-8