-4.921134605687321e-8
-6.959679025401297e-7
-2.421409715012744e-6
-5.801095590403163e-6
-0.000011449415541641197
-0.000020021011867595336
-0.000032233488162034255
-0.00004886653557972538
-0.0000707862676660565
-0.00009893902318186675
-0.00013437657866663413
-0.00017824485160694017
-0.00023180823590343195
-0.000296432817961007
-0.00037360788071374215
-0.00046492315009717883
-0.0005720856658825247
-0.0006968907530995746
-0.0008412329084060996
-0.001007070627401448
-0.0011964306817131886
-0.0014113675828562287
-0.0016539615494431943
-0.0019262741477997316
-0.0022303412364670836
-0.0025681270446784137
-0.0029415142642652404
-0.003352259344211176
-0.003801982509719787
-0.0042921272194568994
-0.00482395309751378
-0.005398502231195911
-0.006016597744519786
-0.006678818902754473
-0.007385507365967383
-0.00813675199707339
-0.008932403828266645
-0.009772070204540058
-0.010655138356047414
-0.011580777255533112
-0.01254796862112712
-0.013555513829325653
-0.01460207035791851
-0.015686160434519994
-0.01680621048675374
-0.017960557997263534
-0.01914749148852976
-0.020365252282896016
-0.021612072855654575
-0.022886170766983207
-0.024185783750072312
-0.025509153850154974
-0.026854558235141893
-0.02822028240560313
-0.029604646309967095
-0.03100596628231205
-0.032422576558866004
-0.03385278032903552
-0.035294867201025065
-0.036747054450725194
-0.0382075014399534
-0.03967424288579908
-0.04114520177358052
-0.04261811729911013
-0.04409055847702361
-0.045559850319370244
-0.04702309107169092
-0.048477081077731146
-0.04991834723339379
-0.051343079650250235
-0.05274716727378119
-0.05412614764436994
-0.05547525742885134
-0.05678940004867869
-0.05806321392442186
-0.059291061356212274
-0.06046711551472651
-0.061585371746353895
-0.06263975188562838
-0.06362413634724484
-0.06453248150745715
-0.06535886795349877
-0.06609762396395807
-0.0667433826452367
-0.06729120247469197
-0.06773662430049913
-0.06807577897969376
-0.06830543477010811
-0.06842308260478643
-0.06842696545471814
-0.06831613377470429
-0.0680904508686547
-0.06775061426935901
-0.06729813461388426
-0.0667353226715837
-0.06606524313607602
-0.06529167101929671
-0.06441902538813883
-0.063452302196632
-0.06239699568358683
-0.061259016838984416
-0.06004461146356696
-0.0587602740243176
-0.05741267107764487
-0.05600855924910454
-0.05455472099002115
-0.05305789313009162
-0.051524719220684204
-0.04996169211859813
-0.04837512410368268
-0.046771103934543916
-0.04515548318010283
-0.04353384576627594
-0.04191150706232255
-0.04029349252827916
-0.03868454531787082
-0.037089110359428995
-0.03551134653884108
-0.03395511322264912
-0.032423984163295234
-0.030921234710218393
-0.02944985598639141
-0.02801254236791213
-0.026611705770257163
-0.02524946401783542
-0.023927655935172674
-0.022647831754360585
-0.021411270008690662
-0.02021897111402572
-0.01907167687236651
-0.017969867945543772
-0.016913786275937148
-0.015903436558041564
-0.014938611290958538
-0.01401889575259501
-0.013143694896028872
-0.012312240889871408
-0.011523620765880278
-0.010776785373640291
-0.010070576607683875
-0.00940373662874483
-0.008774933611927912
-0.008182770256816393
-0.007625807238219339
-0.007102570291367937
-0.006611570841804235
-0.006151311242016151
-0.005720302347402627
-0.005317066746375841
-0.0049401532954267465
-0.0045881383964436135
-0.004259637686534131
-0.003953305563319381
-0.0036678443414833095
-0.0034020023118660515
-0.003154580734392262
-0.002924430750462621
-0.002710458593823638
-0.002511621671600142
-0.0023269323548216077
-0.0021554535147666207
-0.0019963012158934154
-0.0018486399522224968
-0.0017116845174114886
-0.0015846951391763446
-0.0014669787514382045
-0.0013578841790368422
-0.0012568029899147177
-0.001163164841062388
-0.0010764380471851897
-0.000996125163633177
-0.0009217633729962757
-0.0008529203521827915
-0.0007891945500059991
-0.0007302113632931176
-0.0006756233562488567
-0.0006251067537935228
-0.0005783616365234257
-0.0005351087475002893
-0.0004950896840708601
-0.0004580640061605978
-0.00042380943719346273
-0.00039211925673120386
-0.0003628025164596923
-0.00033568169704173266
-0.0003105929409435785
-0.00028738395202183284
-0.00026591424430257325
-0.0002460532626286794
-0.00022768064494236046
-0.00021068454289930157
-0.00019496189441320366
-0.00018041692421748437
-0.00016696142315629283
-0.00015451341003689544
-0.00014299741421062442
-0.00013234328156307758
-0.00012248645719249195
-0.00011336691992677634
-0.00010492946227777281
-0.00009712273938902445
-0.00008989954386515738
-0.00008321595649644022
-0.00007703161398861816
-0.00007130895015486722
-0.000066013454978455
-0.00006111299620098124
-0.000056578068522757556
-0.00005238118663781902
-0.00004849712370669886
-0.00004490236790367666
-0.0000415753495851976
-0.0000384959543165137
-0.0000356457384039269
-0.00003300749217483912
-0.000030565443746153954
-0.00002830486704816929
-0.000026212273866223406
-0.000024275061731391202
-0.000022481694408088194
-0.000020821385334409315
-0.000019284266831975278
-0.000017861105272239873
-0.000016543459364897582
-0.000015323423663844386
-0.00001419377634890132
-0.000013147748065932276
-0.000012179159660983886
-0.000011282213689073143
-0.000010451622583087171
-9.682420463604627e-6
-8.970082244345481e-6
-8.31035363715836e-6
-7.699361697352928e-6
-7.1334611525814645e-6
-6.609336892307054e-6
-6.123864950796514e-6
-5.674207437052202e-6
-5.2576866835208615e-6
-4.87187310103228e-6
-4.5144711654693435e-6
-4.183400665480605e-6
-3.876693338848474e-6
-3.5925679662578717e-6
-3.3293365928604984e-6
-3.085473901485231e-6
-2.859532064787499e-6
-2.650204812842279e-6
-2.4562500585000425e-6
-2.2765490533098774e-6
-2.1100360144527786e-6
-1.9557527442367305e-6
-1.8127845645266067e-6
-1.6803107512887764e-6
-1.557546153102761e-6
-1.44378777252872e-6
-1.3383615057328004e-6
-1.240665180838293e-6
-1.1501199142999274e-6
-1.0662098943124029e-6
-9.884378969821618e-7
-9.163620894620468e-7
-8.495552888845134e-7
-7.876390398823132e-7
-7.302462437369575e-7
-6.77052748425007e-7
-6.27743003279188e-7
-5.820393892349804e-7
-5.396705865096509e-7
-5.003988549782105e-7
-4.639908316396809e-7
-4.302429581344337e-7
-3.989544457517304e-7
-3.6995103896455756e-7
-3.430599071036204e-7
-3.1813191871869086e-7
-2.9501823966230954e-7
-2.735912843680945e-7
-2.537228153115953e-7
-2.3530372872994967e-7
-2.182234654702802e-7
-2.0238877813473784e-7
-1.877042797391579e-7
-1.740903330858258e-7
-1.6146456933049383e-7
-1.4975903868110006e-7
-1.38902539614703e-7
-1.2883716321843885e-7
-1.195012838668782e-7
-1.108456259294034e-7
-1.0281677010878067e-7
-9.537286918931572e-8
-8.84675320909952e-8
-8.20653099151126e-8
-7.612582433918992e-8
-7.061914620323908e-8
-6.55100347039913e-8
-6.077332838018707e-8
-5.637816781441703e-8
-5.230352030589055e-8
-4.852225519509216e-8
-4.5016923538226735e-8
-4.176355682571576e-8
-3.8747827572718996e-8
-3.5948439755718735e-8
-3.335379432289636e-8
-3.094484077757048e-8
-2.871237869715016e-8
-2.66392307181157e-8
-2.4718315586551947e-8
-2.2934003890303867e-8
-2.1281101948785142e-8
-1.974523971745361e-8
-1.8322919472463744e-8
-1.7000777035268205e-8
-1.5776853483553797e-8
-1.4638563872909707e-8
-1.3585360327433393e-8
-1.2605234238291876e-8
-1.169895070577204e-8
-1.0854892613443027e-8
-1.0075060924536316e-8
-9.34806236723808e-9
-8.677079856507083e-9
-8.050787685531047e-9
-7.473514601989843e-9
-6.933857296758633e-9
-6.4372730274488754e-9
-5.972142340642627e-9
-5.545048387948605e-9
-5.144022726921074e-9
-4.776787331071324e-9
-4.4308954910255725e-9
-4.115236087692744e-9
-3.81675440345571e-9
-3.5455481345437442e-9
-3.2878252799218086e-9
-3.0549475420516316e-9
-2.832254473593843e-9
-2.6324401214092814e-9
-2.4398402914399754e-9
-2.2685632749364875e-9
-2.1018019336734525e-9
-1.9551735580391664e-9
-1.8105809462304468e-9
-1.6852611999492874e-9
-1.5596717039367153e-9
-1.452792725508954e-9
-1.3434728016596266e-9
-1.252574728102221e-9
-1.157162248702754e-9
-1.0801364283731326e-9
-9.965883584631612e-10
-9.316294709322515e-10
-8.581758969913564e-10
-8.037403149722774e-10
-7.388460409669003e-10
-6.936170891954311e-10
-6.359473532029588e-10
-5.988039025270857e-10
-5.471957290653338e-10
-5.171866693450325e-10
-4.706236670426798e-10
-4.4694567396630745e-10
-4.045363529043408e-10
-3.865149147391417e-10
-3.4747283906353314e-10
-3.345455603433622e-10
-2.981745453111186e-10
-2.8987710111136424e-10
-2.555560139195654e-10
-2.5151102774313094e-10
-2.1868132723738867e-10
-2.1858803082507583e-10
-1.8674353505295163e-10
-1.9036898293796277e-10
-1.5904564722311091e-10
-1.66218751816882e-10
-1.3498637402659552e-10
-1.4559086558125114e-10
-1.1404645034799266e-10
-1.2801670696086123e-10
-9.577663824640143e-11
-1.1309376837631168e-10
-7.978784524574039e-11
-1.0047693777125706e-10
-6.57438225456913e-11
-8.987093410324418e-11
-5.335183938578301e-11
-8.102346565048516e-11
-4.2358006767594504e-11
-7.371916261169631e-11
-3.2541337100480894e-11
-6.777564326688982e-11
-2.370856034680524e-11
-6.303783881778576e-11
-1.5689484695316907e-11
-5.937226167163335e-11
-8.31279200924262e-12
-5.6488699971667076e-11
1.732394403093665e-7
2.4412650445512487e-6
8.46293698570004e-6
0.000020199933102031888
0.00003965581344714155
0.000068918515421224
0.00011013830990112882
0.0001655904685839053
0.00023763035302269152
0.0003287626947533423
0.0004415781722737038
0.0005788282390824138
0.0007433453728602106
0.0009381208511580886
0.0011662105274316255
0.0014308123141308791
0.0017351591150479892
0.0020825922340362833
0.002476442982130434
0.0029200981183451565
0.0034168720403432336
0.0039700610638167145
0.004582809255071728
0.005258149991446635
0.005998870313937133
0.006807540501314115
0.007686383811591402
0.008637297086744029
0.009661734132194644
0.010760721825882157
0.011934765378655081
0.013183864397797323
0.01450744645066921
0.015904385854593694
0.0173729684917775
0.018910913213581987
0.020515366497185664
0.02218292322302362
0.023909645667238844
0.025691078171014636
0.027522282233195684
0.029397839108678957
0.0313118920525563
0.033258132419414985
0.03522984136457459
0.037219858113997396
0.039220615955683755
0.04122409504968798
0.043221850330847696
0.04520495448656164
0.04716401757511344
0.04908912793850466
0.05096986458334069
0.05279524478661292
0.054553730907899875
0.0562331938610914
0.05782091680480223
0.05930358433519106
0.06066728722229697
0.06189754873935373
0.06297933757821653
0.06389714510723227
0.06463501728379682
0.06517669889573709
0.06550569831554705
0.06560551527324555
0.06545975274075559
0.0650524415809127
0.0643682098172849
0.06339270904876874
0.062112841659333555
0.060517279660899
0.05859673515811028
0.056344543313185155
0.05375694243346043
0.050833671833103465
0.04757820881337882
0.04399831368139092
0.04010615649250981
0.035918730608930846
0.0314577975933392
0.026750092425447528
0.02182702466519052
0.01672461608566918
0.01148292206337768
0.006145676147830229
0.000759435883553267
-0.004627045056823331
-0.009963893572724541
-0.015200946138987382
-0.02028894690756881
-0.02518046190702981
-0.029831061252309863
-0.03420017510824076
-0.038252108637962974
-0.0419566946173347
-0.04529000402235219
-0.04823467770234687
-0.05078023805524441
-0.0529230353027908
-0.054666129307049206
-0.056018854328517644
-0.05699631154610884
-0.057618624742847444
-0.05791014760249267
-0.0578985358962497
-0.05761381478523536
-0.05708741879748176
-0.05635127443565293
-0.055436952679404426
-0.05437490055234732
-0.05319381562140931
-0.05192011427571866
-0.050577584378326705
-0.04918712087826485
-0.04776665567456694
-0.04633113729336634
-0.044892689666080135
-0.04346077363417474
-0.04204249776075216
-0.04064288136325171
-0.03926523337224315
-0.037911439008195276
-0.036582333834059205
-0.03527795363116329
-0.03399785313838816
-0.03274128330407394
-0.03150742979273839
-0.030295506122232592
-0.029104909346702422
-0.02793523643761995
-0.026786369892964294
-0.025658435852204103
-0.02455183987995345
-0.023467189045514078
-0.022405299037881826
-0.02136710069254568
-0.0203536361941115
-0.019365965713395022
-0.01840516509772815
-0.01747224253231298
-0.016568144641165388
-0.015693687881267897
-0.014849575480477368
-0.014036344357423097
-0.01325439224011327
-0.01250393844899964
-0.011785058834608206
-0.011097657575458969
-0.010441506958284623
-0.009816227082708724
-0.009221327619666668
-0.008656192620650009
-0.008120121897696349
-0.0076123187109280585
-0.007131929065470671
-0.00667803068971799
-0.006249669180371473
-0.00584584726339424
-0.005465557251999384
-0.0051077700455700046
-0.004771463767445224
-0.004455612291770554
-0.004159210200171037
-0.003881260844678896
-0.0036207979257578877
-0.0033768732236878533
-0.0031485751804109043
-0.0029350164883935118
-0.0027353500803068494
-0.0025487567750125902
-0.0023744590638974843
-0.002211708997523135
-0.0020598001210611946
-0.0019180557543353582
-0.0017858393837521796
-0.0016625434531845975
-0.0015475984723329578
-0.0014404624004246943
-0.0013406286869869373
-0.0012476162990672094
-0.0011609768704994516
-0.0010802853972092918
-0.001005146637095429
-0.0009351864771755295
-0.0008700576981668521
-0.0008094320017935953
-0.0007530052309811959
-0.0007004900343650991
-0.0006516206150597189
-0.0006061460017829639
-0.0005638343847378862
-0.0005244669581314738
-0.0004878418908314027
-0.0004537687023112081
-0.00042207190729898653
-0.0003925858862627284
-0.0003651582368729895
-0.0003396451005760578
-0.00031591424833394833
-0.0002938408259841016
-0.0002733101983010263
-0.0002542140774386753
-0.00023645314590785909
-0.00021993353472103246
-0.00020456924353644601
-0.00019027893743507862
-0.00017698818034408748
-0.00016462652185851803
-0.00015312955830475183
-0.00014243628336315108
-0.00013249099001705553
-0.00012324086066395234
-0.00011463772207001467
-0.00010663585296463005
-0.00009919360314804259
-0.00009227139837524762
-0.00008583323383287752
-0.00007984485811819864
-0.00007427515059312281
-0.00006909446781806182
-0.00006427591349644032
-0.00005979383245771353
-0.00005562498135208411
-0.00005174715643303332
-0.00004814027235451521
-0.00004478511197958675
-0.000041664319916557505
-0.00003876126310080453
-0.00003606094570880622
-0.000033548970511430834
-0.00003121238096505174
-0.000029038714111662583
-0.000027016775855866637
-0.000025135776836813757
-0.000023386045981086278
-0.000021758241803163617
-0.00002024400944704499
-0.000018835260187776294
-0.000017524776508018923
-0.00001630555361257099
-0.000015171356794935317
-0.00001411611926646981
-0.000013134455557892031
-0.000012221110525374233
-0.000011371432541766683
-0.00001058086894318302
-9.845402174230602e-6
-9.16108755814697e-6
-8.524455389493293e-6
-7.932087338365447e-6
-7.3809870457679045e-6
-6.8681917985780685e-6
-6.39111431725261e-6
-5.947186271433601e-6
-5.534173781795061e-6
-5.149850031379896e-6
-4.792286658316246e-6
-4.459552427405985e-6
-4.149982871694728e-6
-3.8619027981811605e-6
-3.5938758296959548e-6
-3.344448518536369e-6
-3.1123814624864306e-6
-2.896413341461563e-6
-2.6954749994875504e-6
-2.508471436155939e-6
-2.3344805703775818e-6
-2.172551601805969e-6
-2.0218896587128803e-6
-1.8816686111549338e-6
-1.7512035048193657e-6
-1.6297763977733547e-6
-1.5167972782578691e-6
-1.4116417892908784e-6
-1.3138021753723821e-6
-1.222735114690739e-6
-1.1380038057212442e-6
-1.0591351891060382e-6
-9.857539585511254e-7
-9.174477593464449e-7
-8.538945275445989e-7
-7.947344126753637e-7
-7.396914248577027e-7
-6.884512029836963e-7
-6.407777250925454e-7
-5.963958666455015e-7
-5.551041896288366e-7
-5.166615308399226e-7
-4.808965897984327e-7
-4.475973538096512e-7
-4.16618742627911e-7
-3.877738831001796e-7
-3.609405145804444e-7
-3.3595343366789167e-7
-3.1271020829685123e-7
-2.910642230454413e-7
-2.7093045260901855e-7
-2.5217825916201147e-7
-2.347377489441119e-7
-2.184918888828517e-7
-2.0338420787722247e-7
-1.893091596578084e-7
-1.762221936727108e-7
-1.64027368847578e-7
-1.5269079322885765e-7
-1.4212460031192818e-7
-1.3230439592885545e-7
-1.2314881106740997e-7
-1.1464219495603267e-7
-1.0670841088780326e-7
-9.933979680271417e-8
-9.246432833507145e-8
-8.608177609167878e-8
-8.012298903824435e-8
-7.459472867212519e-8
-6.942988473147407e-8
-6.464185353965173e-8
-6.01647633019603e-8
-5.601821976123453e-8
-5.213672201795415e-8
-4.854608053372987e-8
-4.518041469791888e-8
-4.207156278643528e-8
-3.9152641000936773e-8
-3.6461480154789605e-8
-3.3929333331182923e-8
-3.160027729662551e-8
-2.9403022652269774e-8
-2.738795150840286e-8
-2.5480563199862835e-8
-2.3737850027931605e-8
-2.208139114838484e-8
-2.057490245145508e-8
-1.91355268228076e-8
-1.783411717209744e-8
-1.6582531906945748e-8
-1.5459161488954594e-8
-1.4369881660175706e-8
-1.3401183778044864e-8
-1.245213567300415e-8
-1.1617858789810139e-8
-1.0789846707893295e-8
-1.0072562286267918e-8
-9.349014238259154e-9
-8.73363038371104e-9
-8.099995966929797e-9
-7.573438725839023e-9
-7.017205775591622e-9
-6.568279528967678e-9
-6.0784562918943345e-9
-5.697467243316848e-9
-5.264456569704893e-9
-4.943089143494885e-9
-4.558544899763862e-9
-4.2896074945655694e-9
-3.94630599950275e-9
-3.7236415508114136e-9
-3.4151963077264824e-9
-3.233595290585298e-9
-2.9543939283006754e-9
-2.809309352905196e-9
-2.554469618890733e-9
-2.4421304289050856e-9
-2.2072404542888658e-9
-2.124482580861252e-9
-1.9055862760384457e-9
-1.8498022892704356e-9
-1.6434532859577997e-9
-1.6124730404784756e-9
-1.4154424228557497e-9
-1.4075237540201725e-9
-1.2169472646075745e-9
-1.2307105774440515e-9
-1.0440063180407019e-9
-1.0784172902585235e-9
-8.931141850749521e-10
-9.47388305096752e-10
-7.612358655553561e-10
-8.349915648968796e-10
-6.457740404223579e-10
-7.387205021584109e-10
-5.443995603733739e-10
-6.566038865073565e-10
-4.551929395003317e-10
-5.868833520250429e-10
-3.7634218416985775e-10
-5.279705509771515e-10
-3.0640628400700935e-10
-4.785917067596086e-10
-2.439680808636828e-10
-4.376733834779434e-10
-1.8791529124327778e-10
-4.042138568810444e-10
-1.372341354774102e-10
-3.7738290501665664e-10
-9.0976300436537e-11
-3.5653737281776466e-10
-4.8294879981985326e-11
-3.3997508894394414e-10