-0.00004956245443787287
-0.00019819063554466672
-0.0004464510618124124
-0.0007938352325979923
-0.0012417148438767132
-0.0017892393208283981
-0.0024384093241487264
-0.0031880417480001384
-0.004040646158207662
-0.004994666071435312
-0.006052978252657466
-0.007213563236383197
-0.00847949051586735
-0.009848141609689194
-0.011322568343414286
-0.012899376142526576
-0.014581357580970065
-0.016364135421693394
-0.018249983123377177
-0.02023332319624599
-0.022315652054577192
-0.02448998758712842
-0.026756818392277608
-0.029107593835953436
-0.03154161777115213
-0.03404867397532543
-0.03662678236489104
-0.03926405213127799
-0.041957214738903126
-0.04469279618141119
-0.047466336352687245
-0.050262970727910077
-0.05307724076485304
-0.05589317423369167
-0.05870458688401621
-0.061494749902693165
-0.06425707980654091
-0.0669744813386715
-0.06964032084684012
-0.07223753343395799
-0.07475977511809893
-0.07719038414954174
-0.0795236089037256
-0.08174351471249067
-0.08384518737176191
-0.08581367824392531
-0.08764508699120319
-0.08932563870087046
-0.09085255349081167
-0.09221334966910934
-0.09340641179846497
-0.09442061324118861
-0.09525549787109153
-0.09590131374469922
-0.09635872684193736
-0.0966193551401043
-0.09668493560984098
-0.09654844480004279
-0.09621264293664729
-0.09567186337661938
-0.09492986016930138
-0.09398234444060788
-0.09283406425026723
-0.09148216105823752
-0.08993241318466173
-0.08818347986667308
-0.08624224216680679
-0.08410899565098008
-0.08179182536478906
-0.07929280086363188
-0.07662132521357157
-0.07378137815586595
-0.07078378347705759
-0.0676345378197052
-0.06434594677580334
-0.06092606866862564
-0.057388677871061514
-0.05374384514294575
-0.0500066972594974
-0.046189148388607965
-0.04230743807341268
-0.03837502161479985
-0.034408883297471556
-0.03042358747865288
-0.026436379792927737
-0.022462394120196117
-0.018518570198514776
-0.014620004282726458
-0.010782725918948919
-0.007021171460843686
-0.003349874657781589
0.00021796790262396953
0.0036698289656893514
0.006994235517238942
0.010181054848012119
0.013220884077779894
0.01610621884425632
0.018829913424994002
0.021387160683124087
0.023773099124380952
0.02598553393901269
0.028021775288826736
0.029882031760885854
0.031565568959404114
0.0330747075931696
0.03441039271119664
0.035576728533557186
0.036576046616055194
0.037413908443685535
0.03809375614909905
0.03862231231836436
0.03900389069165327
0.039246121379539235
0.03935399241931609
0.03933582851052589
0.0391971283799288
0.0389467268416006
0.03859048820910702
0.038137585181263305
0.037594105074091534
0.03696938447875299
0.03626958244311942
0.035504016435356375
0.034678754094746175
0.033802903007044485
0.03288226957460433
0.03192556179553269
0.030938159708685378
0.0299281963443882
0.028900478959481838
0.027862418470686448
0.026818134519639176
0.025774208133768222
0.024733996983046472
0.02370318998676999
0.022684352445044825
0.021682265074692356
0.020698712461050248
0.0197375927299529
0.01879995727195481
0.017888880991476237
0.017004756649932517
0.016149919327384327
0.01532419502224758
0.01452927650323096
0.013764522910294511
0.013031087436763353
0.012327962474314684
0.011655862437153476
0.011013507350518398
0.01040126653953641
0.00981767235731698
0.009262832383271448
0.008735164127372751
0.008234584827806604
0.007759457379720742
0.007309567830024512
0.006883272408481846
0.006480273445290909
0.006098957190163869
0.00573897919001845
0.0053987825373295086
0.00507800380441541
0.004775161441014798
0.004489893226604261
0.0042208047173516484
0.003967548899298733
0.0037288248472722185
0.003504309881704447
0.0032927989291718705
0.003093999037940966
0.002906800305631378
0.0027309421196820673
0.0025654069280050948
0.0024099670605918252
0.0022636930515626545
0.0021263893820226173
0.001997209506113105
0.0018759883438292306
0.0017619566108414923
0.0016549773909607726
0.0015543528126237514
0.0014599715492448202
0.0013712013189060403
0.0012879537003409364
0.0012096563524387782
0.0011362410960756946
0.0010671901535912356
0.0010024530331200537
0.0009415614732549691
0.0008844802772182662
0.0008307860132790234
0.000780456580808603
0.000733109062092686
0.0006887324604428041
0.0006469804237285304
0.0006078512754331699
0.0005710316347860283
0.0005365275639639255
0.000504055394643718
0.0004736275373840832
0.0004449870904496906
0.0004181515996252321
0.0003928882731215473
0.00036921874053479645
0.00034693192843340435
0.00032605264475253854
0.00030638938422767416
0.00028796935810082884
0.00027061869787586146
0.00025436635874434907
0.00023905437513737282
0.00022471288874071087
0.0002111982809392259
0.00019854141171418154
0.00018661161321511017
0.00017544007330520654
0.00016490782201153498
0.00015504605214488744
0.0001457463670845406
0.00013703969994410174
0.00012882721781169623
0.00012113937960934882
0.00011388600925192397
0.00010709691994945078
0.0001006897774535934
0.0000946936144219194
0.00008903320561656673
0.0000837366994827548
0.00007873532043776273
0.00007405625544343356
0.00006963658492849408
0.00006550247933217037
0.00006159634024198098
0.0000579432851642658
0.000054490554615715904
0.00005126219228200982
0.00004820984250377584
0.0000453564671032995
0.00004265772136507635
0.00004013548775202796
0.000037749077472678243
0.0000355193047111136
0.00003340881554754395
0.00003143737386301193
0.000029570670056324875
0.000027827441143818994
0.000026176158693017397
0.00002463456053743979
0.000023173660907533474
0.000021810229350777847
0.000020517606432019717
0.00001931162665612226
0.000018167760568693994
0.00001710094249032242
0.00001608859460279254
0.00001514478690772169
0.000014248731124510478
0.000013413669300523299
0.000012620455266845715
0.00001188153956118374
0.000011179283960622376
0.000010525383676082565
9.903586262434149e-6
9.324867242901157e-6
8.774248645998528e-6
8.262021179484983e-6
7.774379887847014e-6
7.320964590152745e-6
6.889050822312042e-6
6.487660358195902e-6
6.105064813315133e-6
5.749699568257648e-6
5.410755282177734e-6
5.096111327938875e-6
4.7958070823865096e-6
4.517194972688257e-6
4.251098881828856e-6
4.004371995810254e-6
3.768564068404617e-6
3.550055368613019e-6
3.341067978955736e-6
3.1475341896273814e-6
2.9622995240744343e-6
2.790871850458157e-6
2.6266755067511332e-6
2.4748161231455014e-6
2.3292561343450145e-6
2.1947197631278708e-6
2.0656704071463485e-6
1.946470383661507e-6
1.832050218876188e-6
1.7264285190770966e-6
1.6249721428181047e-6
1.5313729055645402e-6
1.4414060042069675e-6
1.3584521362813539e-6
1.2786694369295365e-6
1.2051419427657843e-6
1.1343877279985275e-6
1.0692074410384814e-6
1.0064583274393676e-6
9.486697646723158e-7
8.930194785664735e-7
8.417765666515347e-7
7.92422485090521e-7
7.469759431611442e-7
7.032071950902096e-7
6.62893377712413e-7
6.24080319641384e-7
5.8831135124207e-7
5.5389626324025e-7
5.221513128471237e-7
4.916401679039429e-7
4.6345773134674244e-7
4.3641291439745704e-7
4.113839866297942e-7
3.8741785632563093e-7
3.6517989148261054e-7
3.4394908224968526e-7
3.241806482707603e-7
3.053810307586065e-7
2.87797078847912e-7
2.711593001858476e-7
2.555069770345118e-7
2.4079251526255273e-7
2.2684745689673055e-7
2.1384512929965629e-7
2.0140817911817149e-7
1.8993105328021103e-7
1.7882535388552395e-7
1.6870801403165024e-7
1.5877643333953371e-7
1.498725615227392e-7
1.4097541145157977e-7
1.3315564768890788e-7
1.251686606371931e-7
1.1831870955067414e-7
1.111312482565901e-7
1.0515020518262494e-7
9.866367073641583e-8
9.346253962390068e-8
8.7588963036368e-8
8.308934816984898e-8
7.775013712305402e-8
7.388308447449719e-8
6.900791295320906e-8
6.571288903655702e-8
6.123870809261385e-8
5.846269669111997e-8
5.4332856765920154e-8
5.202956177817037e-8
4.819303087198846e-8
4.632217470550847e-8
4.2732841875074187e-8
4.1259545619883405e-8
3.78755984525647e-8
3.6769839270325366e-8
3.355321026106292e-8
3.2789342826367004e-8
2.9705211508232426e-8
2.926154913474329e-8
2.627789732104038e-8
2.6136346398095573e-8
2.322355754612051e-8
2.336929834720905e-8
2.049979744570659e-8
2.0921007581184088e-8
1.8068934838681503e-8
1.8756550244524008e-8
1.5897465416625013e-8
1.684497522366973e-8
1.3955588221864885e-8
1.5158860858148936e-8
1.2216784365605375e-8
1.3673920063462868e-8
1.0657445035881654e-8
1.236865441373215e-8
9.256536983193445e-9
1.1224042948556718e-8
7.995309821651472e-9
1.022326915477931e-8
6.8570336512577684e-9
9.351479293229515e-9
5.826766968137585e-9
8.595566983285169e-9
4.891149298753666e-9
7.943982761718218e-9
4.038217926110489e-9
7.386566631825493e-9
3.257243995611307e-9
6.914399057681018e-9
2.538585834964861e-9
6.519669176092865e-9
1.873560490118733e-9
6.1955547475060885e-9
1.2542987679388493e-9
5.9358904478558775e-9
6.718118961163564e-10
5.7205224118484155e-9
0.00011700424623582671
0.00046491693744329124
0.001046429835754735
0.0018511163457617563
0.0028836285041279252
0.004126783258078256
0.005586199200012587
0.007238433128447863
0.009089522405681609
0.011110121226285331
0.013306367104426986
0.0156434082159286
0.01812738582598931
0.020718469599191762
0.023422931550201084
0.026196652369013074
0.029046359435493226
0.03192447650188787
0.03483865111534983
0.03773876811237589
0.04063392161395034
0.04347238703799503
0.04626521062349985
0.04895992654343627
0.05156994797201472
0.05404281848586791
0.05639459527489804
0.05857343160878923
0.06059814602431463
0.06241794091482082
0.06405435264793073
0.06545791774277701
0.06665269976518175
0.06759071808614882
0.06829825035677882
0.06872883937800701
0.0689105769474318
0.06879850181507496
0.06842208260951262
0.06773781343845092
0.06677612991060797
0.06549499709706609
0.06392551172782039
0.062027258082616825
0.05983186939028151
0.05730089944496133
0.054466636022921115
0.05129319962888315
0.04781392183642073
0.04399633913794098
0.03987547147647146
0.035423331358594407
0.030677465187732806
0.025615548295978452
0.02027858632854403
0.014651117278393211
0.008778513071651084
0.0026532599661125817
-0.003674149022642397
-0.010202435465844399
-0.01687550529270269
-0.023682807349105207
-0.030562557962426486
-0.037494932860679606
-0.04441287507704061
-0.05128788199070472
-0.05804865616486986
-0.06465931734191534
-0.07104607914126537
-0.07716778233386747
-0.08295069277232517
-0.08835131285248488
-0.09329929575405875
-0.0977525435696164
-0.10164812103761861
-0.1049496908143845
-0.10760619164919638
-0.10959169634004814
-0.11087150431581462
-0.11143454160562945
-0.1112664189915201
-0.11037453332584393
-0.10876757394232416
-0.10647353818891256
-0.10352514292193017
-0.0999710388000297
-0.09586660740807909
-0.09127874814787153
-0.08628161348646811
-0.08095544186396457
-0.07538689239685822
-0.06966249297015217
-0.06387336072469282
-0.05810390753778253
-0.052440846928157495
-0.04695783002079983
-0.041728715756143134
-0.036808784729896106
-0.032252266786259434
-0.028090693813785216
-0.024354628531234854
-0.02104958039323495
-0.01818176940902201
-0.01573186573741024
-0.013684475974367389
-0.011999810398677526
-0.010646429721825185
-0.009570829461864506
-0.008732867351948528
-0.008073209045977347
-0.0075507964341918025
-0.007108133567018362
-0.006710164315964631
-0.00630748265030198
-0.005876056345399329
-0.005378594310341183
-0.004804658494387884
-0.004130575602454113
-0.0033595924646093933
-0.002480843763779935
-0.0015093004814216984
-0.0004443735140975821
0.0006905353457611459
0.001889211079392523
0.0031236392131770998
0.004384437228132639
0.005642604278922529
0.006888773833426994
0.008095886184131179
0.009256942000697875
0.010348796709825263
0.0113682039245842
0.012296929262111558
0.013135965522800417
0.013872144569542676
0.014510476800606803
0.015042405454165754
0.01547627167636494
0.01580731171723713
0.016046279766225146
0.01619124166077029
0.016254405936475088
0.01623572365483842
0.01614798863434253
0.015992215694942302
0.015781077357550362
0.015516004016907387
0.015209028673018096
0.014861532416448473
0.01448457200905151
0.01407918163664655
0.013655260690601407
0.013213336526111575
0.012762091560304232
0.012301490178202232
0.011839025117730242
0.011374113252777837
0.010913141085727399
0.010455037746444924
0.010005198259249677
0.00956214686196191
0.00913041464942348
0.008708211633758048
0.008299332546530631
0.007901761536746866
0.007518676521681656
0.0071479158120707756
0.0067921476243369494
0.006449133096519071
0.006121123579888577
0.005805859395888177
0.005505253454045506
0.005217069673774185
0.004942947436931625
0.004680707854644177
0.004431769638559746
0.0041940353426835
0.003968745480751256
0.003753900531150853
0.0035505965748482745
0.003356942236332476
0.003173915782886036
0.0029997393052720897
0.002835294113309328
0.002678917352512923
0.0025314096500624775
0.002391222036894955
0.0022590871350900927
0.0021335667229244264
0.0020153352985801116
0.0019030609057358414
0.001797367645751933
0.001697024485680612
0.0016026112096674118
0.0015129918733280622
0.0014287067707490731
0.0013487089917487561
0.001273503219955998
0.0012021255028010483
0.0011350480785818123
0.0010713839936773134
0.0010115756677336718
0.000954807399777784
0.000901494011781842
0.0008508855826911447
0.0008033712511540049
0.0007582617124683934
0.0007159221025504604
0.000675718896729604
0.0006379947291037286
0.0006021673502045767
0.0005685582528766972
0.0005366322852221414
0.000506691047536797
0.00047824262422779004
0.0004515698810347026
0.0004262205790090116
0.00040245993135661176
0.00037987210083320145
0.00035870566527861
0.0003385781804353149
0.0003197225490053212
0.0003017869588966303
0.0002849895465420074
0.00026900660061152234
0.00025404235318081137
0.00023979887412104545
0.00022646730903525905
0.00021377338424967494
0.00020189593558659716
0.0001905824001313251
0.00018000004098194447
0.0001699162244239532
0.0001604873404745878
0.00015149905294560383
0.00014309754220810926
0.0001350852758305707
0.00012759885306758994
0.00012045617680679708
0.00011378486061281623
0.0001074169891989108
0.00010147175353096952
0.00009579427136062684
0.00009049584372209755
0.00008543356849727602
0.0000807113595714271
0.0000761973295613641
0.00007198848000241615
0.00006796305253615807
0.00006421158401071934
0.000060621632774294864
0.000057277692707502443
0.000054075892986603885
0.00005109508187949331
0.00004823927462476489
0.00004558204764234903
0.000043034672971829496
0.0000406658071480229
0.0000383934008122635
0.000036281520996346725
0.00003425426541979265
0.00003237142237517468
0.00003056274759331696
0.00002888404256934835
0.00002727027098534911
0.000025773521428296515
0.000024333551215953977
0.00002299899347168343
0.000021714017275323986
0.000020524041730761606
0.000019377295824417077
0.00001831621138069884
0.000017292752616435034
0.00001634657683451395
0.000015433083967098255
0.00001458935658979458
0.000013773953402903
0.000013021569767750553
0.000012293667482264917
0.000011622730731433777
0.000010972887735962434
0.000010374577043482068
9.79437435793205e-6
9.260827463613748e-6
8.74275700042523e-6
8.26696592128938e-6
7.80433151644869e-6
7.380049391818381e-6
6.966878652982861e-6
6.588537019478926e-6
6.21950256180516e-6
5.8821374656112095e-6
5.5524870274554465e-6
5.251673022098267e-6
4.9571669020303485e-6
4.68895902665665e-6
4.425814527039692e-6
4.1866955028317585e-6
3.951537475977718e-6
3.7383717720241702e-6
3.528188239642476e-6
3.338180509428193e-6
3.150283380935211e-6
2.9809414567901205e-6
2.81293145078653e-6
2.6620335826622702e-6
2.5117690318188753e-6
2.3773344845691712e-6
2.242903341226942e-6
2.123166554232377e-6
2.002861579710466e-6
1.8962486862015857e-6
1.7885450940472841e-6
1.6936533658330344e-6
1.5971894790120755e-6
1.5127685579680713e-6
1.426327807162775e-6
1.351263643731664e-6
1.273758821465965e-6
1.2070588263581924e-6
1.1375184460699816e-6
1.0782982243106024e-6
1.0158535024005525e-6
9.633256419511938e-7
9.071998422530548e-7
8.606631779111905e-7
8.101611826351178e-7
7.689917550357694e-7
7.23491469084255e-7
6.871341209228182e-7
6.46078386015382e-7
6.140395993009719e-7
5.769290471139248e-7
5.487702391114761e-7
5.151571329532685e-7
4.904892080637926e-7
4.599716431026929e-7
4.384492376735687e-7
4.1066630941642846e-7
3.91983439247896e-7
3.6661024165324224e-7
3.5049659615184734e-7
3.272408636821361e-7
3.134573062144184e-7
2.9205527468034077e-7
2.8039137187157555e-7
2.6060455033263723e-7
2.508753242052112e-7
2.3248783026701075e-7
2.2453132729206094e-7
2.0734720190186856e-7
2.0102196277719236e-7
1.8486266554027394e-7
1.8004610833048707e-7
1.6474871448801484e-7
1.6133510423068158e-7
1.4674998596929102e-7
1.4464906441832086e-7
1.306385894106542e-7
1.2977398436862218e-7
1.1621072497315894e-7
1.1651883222436813e-7
1.0328436655857273e-7
1.0471332041995863e-7
9.169679557323098e-8
9.420533804966334e-8
8.130245938345966e-8
8.485936779572009e-8
7.197116570590885e-8
7.655448536820858e-8
6.358638131519474e-8
6.91827606979265e-8
5.604395659520753e-8
6.264827330901947e-8
4.9250603574788655e-8
5.6865468284916145e-8
4.312273434222068e-8
5.1758199058487274e-8
3.758554882089695e-8
4.725875100323413e-8
3.2571823598534824e-8
4.3306834201440785e-8
2.8021258810585824e-8
3.984884208329324e-8
2.3879733872866457e-8
3.683731004546725e-8
2.0098538811515663e-8
3.423030917767037e-8
1.6633761297568966e-8
3.199054605120051e-8
1.3445979664245677e-8
3.0085365789213706e-8
1.0499551017773488e-8
2.848577732104311e-8
7.7620206573306e-9
2.7166347499878282e-8
5.2038835133321e-9
2.6104063958468665e-8
2.790713385554516e-9
2.5217186749898415e-8
-0.00015899313744881192
-0.0006297498553121048
-0.0014106130114184831
-0.0024827207904459473
-0.0038393975285473878
-0.00544876167819736
-0.007299227152129697
-0.009347170334332008
-0.011576430874941562
-0.01393310815651338
-0.016397422323457783
-0.018907091098146235
-0.021440294856227185
-0.023928790775044496
-0.026350913400315625
-0.028635401144415113
-0.030763460278609513
-0.03266415174829721
-0.03432459770114533
-0.03567768336233391
-0.036719516614637175
-0.03739013354057252
-0.03769734966802196
-0.03759111757703562
-0.03709294362739195
-0.03616453149036297
-0.034841985361192776
-0.033099382279807035
-0.03098704143138328
-0.028490695331029083
-0.025673169429468137
-0.022529859180645626
-0.01913322608704537
-0.015485324026501475
-0.011664567405756788
-0.007676075826758092
-0.003600199139861531
0.0005585429724089015
0.0047216896390247735
0.008888541782841639
0.012985673888652276
0.01701855122978518
0.020920890388579024
0.024705511258336605
0.028314155939887172
0.03176695185379317
0.03501333972592199
0.038079579227531975
0.04092146560997923
0.043569357999447576
0.045983374702563334
0.04819546402850812
0.05016775806396929
0.05193123697311686
0.053447891076587574
0.05474555396015901
0.05578447575742221
0.05658792008674046
0.057113690576957574
0.05738010239489011
0.057342931689956335
0.05701638341284082
0.05635585142240217
0.055373508804436804
0.05402717744950189
0.0523301644233278
0.050246448620604685
0.04779437881344817
0.04494829946258583
0.04173571837496667
0.038145424867476525
0.03421773608990679
0.029959120591156053
0.02542515191603427
0.020641649222912763
0.015680012214975208
0.010584931947511086
0.005441854659493552
0.0003113956188943369
-0.004711224218269002
-0.0095548250023812
-0.014120907815689863
-0.018335021066733088
-0.022103426183090084
-0.025356762883117195
-0.028014614654615015
-0.030021021669960825
-0.03131678195776787
-0.031866395445176346
-0.03163794030628354
-0.030621135240725267
-0.028814668923115586
-0.02623523008116311
-0.022912224637463056
-0.018887822629787786
-0.01421904978239441
-0.008969108288263162
-0.0032168540467021516
0.002960163797955509
0.009468849277978473
0.01622521080597464
0.02313021320786004
0.030101437028376372
0.03704183752051578
0.04387768963598764
0.050520605383271196
0.056911043395151406
0.06297409433656721
0.06866785956503269
0.07393365774788233
0.07874861035695953
0.0830710332354996
0.0868965953601645
0.09019972687608864
0.09299273636635001
0.09526409064925849
0.09703988572155363
0.09831983897640724
0.09914051510256643
0.09950982753467756
0.0994714291432893
0.09903845642917405
0.09825851093195323
0.09714730522937678
0.09575368743945115
0.0940937686017383
0.09221547993196828
0.0901336807820492
0.08789378519054057
0.0855082710838581
0.08301896693539569
0.08043530807414233
0.07779493331296033
0.07510396451590172
0.07239562424527535
0.06967275101304102
0.06696420986234601
0.06426979850713067
0.06161428113600148
0.05899479009645776
0.056432367321815925
0.05392192223568417
0.051481213773904244
0.04910338747950437
0.04680337334632673
0.04457299325392015
0.042424785500458015
0.040349647348740886
0.03835812624998069
0.03644054087362054
0.03460580206001809
0.032843938809374584
0.031162529542594707
0.02955154664699842
0.02801749137075924
0.026550461178885525
0.02515609028512529
0.02382473777995777
0.022561341112532753
0.021356619249745846
0.02021494900247257
0.019127475920309746
0.018098123777105252
0.017118506098479327
0.01619217786987318
0.015311242167741638
0.014478950641212893
0.013687902357137736
0.012941096172834928
0.012231622333270607
0.01156226577624343
0.010926595011443826
0.010327210898471976
0.009758141699493237
0.009221827123786159
0.008712733028856848
0.008233155663318855
0.007777974172732648
0.007349355104305703
0.006942565557675542
0.006559653215242388
0.006196247596314744
0.005854286202069606
0.0055297358278182185
0.005224430903281028
0.0049346511572615145
0.004662133916723688
0.004403448573574394
0.004160240497989445
0.003929346713251237
0.003712325187807265
0.0035062598722476156
0.003312625463634646
0.0031287334960630594
0.0029559792182155
0.002791883755774697
0.0026377665067454357
0.002491341513316797
0.0023538557490431185
0.002223200760666362
0.002100554388516329
0.001983971469809233
0.0018745638906219348
0.0017705366901691164
0.0016729388802528024
0.0015801136653284232
0.0014930501713208586
0.0014102187079582497
0.0013325514151099121
0.0012586355521351307
0.001189349084563631
0.0011233868998187886
0.0010615755121559575
0.0010027088834702153
0.0009475647095027671
0.0008950281783995672
0.0008458307085191158
0.0007989415133203704
0.0007550481817430708
0.0007131973449149443
0.0006740351161845472
0.0006366794802442457
0.0006017373336825725
0.0005683924483808271
0.0005372146679582959
0.0005074484406506232
0.0004796286269700642
0.00045305565696601214
0.00042823138412866323
0.0004045079080719289
0.00038235595876505554
0.000361175341854228
0.0003414074575612671
0.0003224961736085894
0.0003048552650366705
0.00028796931104383225
0.0002722260803625454
0.00025714778049634496
0.00024309770924332716
0.0002296328649126821
0.00021709352898864598
0.00020506887846242364
0.0001938775553108966
0.00018313850896067396
0.00017315004338421932
0.00016355866407630649
0.00015464356664880317
0.00014607676995169195
0.00013811952155296355
0.00013046747084760244
0.0001233650112976526
0.00011652968665536803
0.00011019006733844297
0.00010408398970113306
0.00009842517222898237
0.0000929702660713289
0.00008791905117874746
0.00008304562989363647
0.00007853670298408542
0.0000741825645825394
0.0000701576436208049
0.00006626726401313328
0.00006267434071974912
0.0000591981541377344
0.00005599081708664725
0.000052884574976553386
0.00005002140545296691
0.00004724560371550726
0.00004468963769586536
0.0000422090064130208
0.00003992725414860257
0.00003771030245872478
0.000035673320216422154
0.000033691929764577076
0.000031873437630734404
0.000030102500624712615
0.000028479042171848563
0.000026896137614543836
0.000025446775415061438
0.000024031881356497903
0.00002273792613550032
0.000021473161479476088
0.000020317930282876244
0.000019187325828862048
0.000018155925883191115
0.000017145219018960302
0.00001622435536790921
0.000015320807172367857
0.000014498610842590066
0.000013690843259776408
0.000012956718085564983
0.000012234567903481704
0.000011579053454527595
0.000010933442382699478
0.000010348091800670069
9.770910518117512e-6
9.248181950852737e-6
8.732186395418222e-6
8.265345664965148e-6
7.804065104936426e-6
7.387098733945994e-6
6.9747524254130745e-6
6.602290415393024e-6
6.233714210899842e-6
5.9009607219940525e-6
5.571541669893618e-6
5.274213356469932e-6
4.979830637570851e-6
4.714101792901288e-6
4.4510743269643266e-6
4.213527457855641e-6
3.978567297023134e-6
3.766149269636121e-6
3.5563195992496327e-6
3.3663025085763615e-6
3.1789802713260705e-6
3.008926262875891e-6
2.8417692296256055e-6
2.6894995519062338e-6
2.54041635714439e-6
2.403983157791361e-6
2.2711066110926257e-6
2.1487681996854547e-6
2.030431831782319e-6
1.9206303880609025e-6
1.8153471477269286e-6
1.716688762513248e-6
1.6231323662342085e-6
1.5343691318869426e-6
1.4513568635733258e-6
1.3713712566160227e-6
1.2978491567050845e-6
1.225639861736086e-6
1.1606691822748863e-6
1.095338093254292e-6
1.0380833482928659e-6
9.788246180621049e-7
9.28542880787885e-7
8.746323856293221e-7
8.306638421837011e-7
7.814504919140417e-7
7.432097773583863e-7
6.981069601520985e-7
6.650760306131848e-7
6.23554787021836e-7
5.952756540276147e-7
5.568577277199832e-7
5.329266687016798e-7
4.971788322041832e-7
4.77241236586938e-7
4.437699223560942e-7
4.275153203554038e-7
3.959622007538584e-7
3.831202887984131e-7
3.5315772541022883e-7
3.4349421454557694e-7
3.148215184131537e-7
3.081353460523288e-7
2.804754007975535e-7
2.7659547275706435e-7
2.496916193034221e-7
2.4847434755287216e-7
2.220872757764033e-7
2.2341434729936845e-7
1.9732015701226507e-7
2.010965423214426e-7
1.7508368336965785e-7
1.812359523831664e-7
1.551035687083615e-7
1.6357838444623017e-7
1.371342101521083e-7
1.4789717734568523e-7
1.209555020406656e-7
1.3398981915203678e-7
1.0637002950111292e-7
1.2167616001742284e-7
9.32012246581037e-8
1.1079548607052118e-7
8.129043126689743e-8
1.0120475475073027e-7
7.049514276474986e-8
9.277661825389069e-8
6.068757662010561e-8
8.539796955357841e-8
5.175260746993699e-8
7.896821946232929e-8
4.358674634263058e-8
7.339826285681863e-8
3.609658694543822e-8
6.860940624729264e-8
2.9197936097772104e-8
6.453181077472021e-8
2.281435220006023e-8
6.110408441310235e-8
1.687682297607407e-8
5.8272223365801854e-8
1.1322328283943449e-8
5.5986736982379044e-8
6.076551591561121e-9
5.406985365058015e-8
-0.00008502513848207259
-0.0003362646504460792
-0.0007600670036045602
-0.0013436855917869348
-0.002099090688033563
-0.003006098689572365
-0.004080265588206983
-0.00529441627578853
-0.006666530039883508
-0.00816260644511749
-0.009802193880158749
-0.011544664106189914
-0.01341061327835995
-0.015353188269237969
-0.01739386632845417
-0.019480236953344787
-0.021634809082141437
-0.02380051306597002
-0.026001262115779748
-0.028176362703153286
-0.030351603705651955
-0.03246372993269878
-0.03454086411306817
-0.036518191655574406
-0.03842654318508941
-0.04020044517352933
-0.04187370497950328
-0.0433809898276208
-0.044759262216835315
-0.045944050960005256
-0.046975584443467944
-0.04779090915368687
-0.04843356670021534
-0.048842699090796624
-0.04906511974189852
-0.04904252481466886
-0.048824825134756396
-0.04835656282930014
-0.047690403414122395
-0.0467738376236855
-0.045661779401164844
-0.04430461139390818
-0.04275888947557161
-0.0409777616246833
-0.03901883530790022
-0.03683795817256089
-0.03449335484917714
-0.031943701604064345
-0.02924768151453713
-0.026367215668907838
-0.023361622543419374
-0.020196790919192954
-0.016933166293519857
-0.013541572240209698
-0.010084290036083788
-0.006538161040023707
-0.002968079396656655
0.0006420602238207105
0.004224072721422428
0.007786189904076883
0.011256517413045466
0.014634963933593611
0.017845913670148976
0.020881017033548332
0.023661471152727164
0.026171392951795318
0.028330022019400533
0.03011548452726933
0.03144714775259523
0.032299670677599396
0.032595640236321784
0.032309883026919645
0.03137239310118775
0.029762940955939256
0.027424158637584906
0.024346522651267632
0.020491298821177357
0.01586599667761593
0.010456707562203349
0.004294138316017234
-0.0026052759180584142
-0.010182636200196613
-0.018387417661899715
-0.02712987270554905
-0.03632457837650582
-0.04585174422512455
-0.055594168082641726
-0.0654070963087685
-0.07514912962785002
-0.0846601297892336
-0.09378638039897914
-0.1023658696030911
-0.11024773482146003
-0.11728411403509217
-0.12334364454451557
-0.12830900868924813
-0.13208407598323252
-0.13459630764945704
-0.1357970779925125
-0.13566826007407307
-0.13421535880231758
-0.1314778614183792
-0.12751504894741983
-0.12242001279069649
-0.11629833558513682
-0.10928597974142513
-0.10152137263277575
-0.09316759012287178
-0.08437866929989214
-0.07532658169860373
-0.06616277130667982
-0.0570503139697088
-0.04812171381736865
-0.0395163950383054
-0.03133569916217743
-0.02368550832472829
-0.016629213156136496
-0.010234899538063391
-0.0045268609558579845
0.0004635303109884564
0.004747357837813592
0.008324684135959012
0.01123482510022086
0.013501411350781178
0.015183125784663782
0.016318387950890797
0.016976253817408343
0.017201657756771897
0.01706612355390445
0.016614300808676295
0.015914089877222693
0.015005004511465652
0.013947292345025307
0.012772472386625109
0.011531046269292074
0.010245412794797494
0.008955811704005895
0.00767571073982649
0.006435693979830385
0.005241344839531607
0.004114872966661157
0.003055470733271862
0.00207855503444254
0.0011785464482754273
0.0003656766286651974
-0.0003688785347257522
-0.001018613718370296
-0.0015942877031029272
-0.002091901137618842
-0.0025231063586449646
-0.002885455751723313
-0.003190724386523224
-0.003437315455248026
-0.003636597628618486
-0.0037873424198482377
-0.0039001819573133223
-0.003973948574070546
-0.0040183608131303655
-0.004032135951644769
-0.0040240124984192195
-0.003992510019502182
-0.003945395258059018
-0.003880969258102745
-0.0038060817370777203
-0.0037188322065410334
-0.0036252336142015102
-0.0035232213204850365
-0.0034180625856207406
-0.003307574489114167
-0.0031963708317555286
-0.003082197140724132
-0.00296910122701349
-0.0028548001660406988
-0.0027428552881945006
-0.002630992395513474
-0.002522356521585108
-0.002414712608732255
-0.002310850063253488
-0.00220859667274952
-0.002110437880533673
-0.0020142818789632157
-0.0019223536847713047
-0.0018326541176993181
-0.0017471842007305727
-0.0016640451498310832
-0.0015850443635580661
-0.0015083876264904547
-0.00143571399272507
-0.0013653351688860265
-0.0012987429260178907
-0.001234354101435376
-0.001173530777829631
-0.0011147925491903727
-0.0010593865748952723
-0.0010059317082536626
-0.0009555726464171817
-0.0009070232460360762
-0.0008613363311732632
-0.0008173160320685637
-0.0007759323664135203
-0.0007360747516899923
-0.000698638224381746
-0.0006625924102079006
-0.0006287641712687867
-0.0005961982897372125
-0.0005656594229972893
-0.0005362625693907472
-0.0005087154551403411
-0.0004821985259255901
-0.00045736726883652555
-0.00043346301758099746
-0.00041109322106541724
-0.0003895557736225973
-0.0003694138699734934
-0.00035001788249760743
-0.0003318901752029113
-0.0003144297650507215
-0.0002981212977085985
-0.0002824088467798756
-0.0002677421785036771
-0.0002536070755658746
-0.0002404210238384487
-0.00022770839826387313
-0.00021585678898645207
-0.00020442626603593705
-0.00019377671746829896
-0.00018350122055161967
-0.0001739339817405788
-0.0001646985933016137
-0.0001561054453254476
-0.00014780633713298825
-0.00014008956515515906
-0.00013263300002866547
-0.00012570443807038495
-0.0001190058450281842
-0.0001127859923740588
-0.00010676911421371626
-0.00010118632328118508
-0.00009578243293583135
-0.00009077216432782909
-0.00008591934887514399
-0.00008142349060596603
-0.00007706599657941752
-0.00007303224379408308
-0.00006911988219110427
-0.00006550117303276076
-0.00006198877679148617
-0.000058742779038564575
-0.00005558971237368794
-0.00005267835867233281
-0.00004984807088041689
-0.00004723713782120948
-0.000044696760747256836
-0.00004235548717309947
-0.00004007546935699842
-0.000037976212323876366
-0.000035929989639346005
-0.000034047913209785306
-0.00003221161043589159
-0.000030524404446983616
-0.000028876567311464166
-0.000027364193949892775
-0.000025885545531884867
-0.000024530011241448013
-0.000023203233462916803
-0.000021988381972812806
-0.000020797919083206884
-0.000019709246226872046
-0.000018641126598978998
-0.000017665613384771047
-0.000016707289448870157
-0.000015833251045955822
-0.000014973455568939774
-0.0000141904062128219
-0.00001341902245953051
-0.000012717553418021064
-0.000012025498524262687
-0.000011397168330645155
-0.000010776288010683363
-0.000010213523903729066
-9.656498441252094e-6
-9.152508002259441e-6
-8.652767042852533e-6
-8.201457944111153e-6
-7.753104412534037e-6
-7.349013037704109e-6
-6.946753995243682e-6
-6.584981415310511e-6
-6.224066889489297e-6
-5.900220641452417e-6
-5.5763878193653444e-6
-5.286529761483351e-6
-4.995953102363386e-6
-4.736552815186258e-6
-4.475799462867856e-6
-4.243693169474204e-6
-4.009682673711404e-6
-3.802034285242326e-6
-3.592002655388486e-6
-3.4062710517890773e-6
-3.217737717686278e-6
-3.051645751982818e-6
-2.882384867365903e-6
-2.733892620986288e-6
-2.581907368800484e-6
-2.4491873940258675e-6
-2.3126851590513204e-6
-2.194100929116345e-6
-2.0714734494451346e-6
-1.965559002797479e-6
-1.855362780292332e-6
-1.7608059144671647e-6
-1.6617452221321147e-6
-1.5773710939712876e-6
-1.4882832884285035e-6
-1.4130404367545708e-6
-1.3328815143868313e-6
-1.265829140202708e-6
-1.1936615438217518e-6
-1.1339580668313495e-6
-1.0689396584070179e-6
-1.0158327257645899e-6
-9.572074868866251e-7
-9.100243075009755e-7
-8.571124279494117e-7
-8.152520552072896e-7
-7.674429264890375e-7
-7.303685800428487e-7
-6.871126460036259e-7
-6.543452653616716e-7
-6.151483719397885e-7
-5.862610297360775e-7
-5.506782474769622e-7
-5.252898222262081e-7
-4.929201949429226e-7
-4.706918005363616e-7
-4.411740534497473e-7
-4.218043988803812e-7
-3.948122592386968e-7
-3.780338377580442e-7
-3.5327244246844607e-7
-3.388480889305647e-7
-3.160505074804435e-7
-3.037704092220544e-7
-2.8269481508112537e-7
-2.723742140965903e-7
-2.5280124726978916e-7
-2.442771520782381e-7
-2.2600727952477016e-7
-2.1913714181572562e-7
-2.0198777294587003e-7
-1.96646665071171e-7
-1.8045143575676467e-7
-1.7653181736392642e-7
-1.611372815251102e-7
-1.5854624341140706e-7
-1.4381158135785348e-7
-1.424700457534325e-7
-1.282644415304332e-7
-1.2810608488943818e-7
-1.1430834424715414e-7
-1.1527819296462411e-7
-1.0177437848318352e-7
-1.0382809775362852e-7
-9.051209584836361e-8
-9.361517319698189e-8
-8.038560815043469e-8
-8.451281782427726e-8
-7.127393063986194e-8
-7.640818479699234e-8
-6.306748331020535e-8
-6.919999104072772e-8
-5.566879955642249e-8
-6.279829170904976e-8
-4.898985650808424e-8
-5.7122547840248034e-8
-4.2951767646999124e-8
-5.2100383604031374e-8
-3.7484153650715214e-8
-4.766824325956957e-8
-3.252260986220803e-8
-4.376873288941513e-8
-2.8010129302863998e-8
-4.035102171062334e-8
-2.3894783960549573e-8
-3.736989602294707e-8
-2.0130266155384658e-8
-3.478504121175475e-8
-1.6674305660688384e-8
-3.256126595037006e-8
-1.3489346664159403e-8
-3.066675387654777e-8
-1.0540556122617367e-8
-2.907335082135294e-8
-7.796907931337141e-9
-2.775686278085293e-8
-5.229885770796653e-9
-2.6694955204703595e-8
-2.8058713046772944e-9
-2.5805914252768434e-8