-1.2011045296857247e-7
-1.6883746041111186e-6
-5.854171846753919e-6
-0.000013966248691553785
-0.00002741111905713621
-0.000047614316581403035
-0.00007605781500547925
-0.00011428282227447578
-0.00016390147258278762
-0.00022659407151211588
-0.00030411418611735294
-0.0003982817178142648
-0.0005109792165819932
-0.0006441414461379355
-0.0007997413439649352
-0.000979777183856196
-0.001186247790714413
-0.0014211391700047985
-0.0016863899962136011
-0.0019838804068248905
-0.0023153901618068844
-0.002682592929215252
-0.0030870105799650147
-0.003530016465050763
-0.004012789817368321
-0.0045363310528500475
-0.00510142005593112
-0.005708645380440561
-0.006358369307909813
-0.007050771095225473
-0.00778582028820836
-0.008563332127085118
-0.009382948970393563
-0.010244203982643455
-0.01114650902779251
-0.012089221188826719
-0.013071634442856915
-0.014093042681058843
-0.015152732081870035
-0.016250034245880816
-0.017384316482495374
-0.018555019410681092
-0.01976164325107711
-0.021003765585914196
-0.022281022973473973
-0.023593106243077824
-0.02493973805750044
-0.026320644877653714
-0.027735532273482997
-0.029184034339410064
-0.030665689482734824
-0.032179869530025045
-0.0337257594092493
-0.03530226948559639
-0.03690802308506159
-0.03854125680621278
-0.040199820300787475
-0.04188107045954905
-0.043581888286413864
-0.0452985738778464
-0.047026885487948235
-0.04876194290188668
-0.050498293647382904
-0.052229832391848
-0.05394989840323105
-0.0556512176592052
-0.0573260338399169
-0.05896607772826369
-0.06056273114964017
-0.06210702500707238
-0.06358983186288657
-0.06500188993540448
-0.06633401593396557
-0.067577148167852
-0.06872256751394494
-0.06976194924139853
-0.07068757740046056
-0.07149239282320713
-0.07217018544609134
-0.0727156257750428
-0.07312442106798372
-0.07339331955263347
-0.07352021995385362
-0.07350414168096439
-0.07334528239846393
-0.07304495259438398
-0.07260558190685187
-0.07203062199249298
-0.07132450808650796
-0.07049253886740978
-0.06954080422595607
-0.06847605396859298
-0.06730560523888134
-0.06603721286466607
-0.06467896998434045
-0.06323919154863915
-0.06172631963068856
-0.06014882846381091
-0.05851514229590999
-0.056833566186299256
-0.05511222003152053
-0.05335899513674032
-0.05158150416966278
-0.04978706016045817
-0.04798263940534444
-0.046174877615644726
-0.04437004157380408
-0.04257403679021456
-0.04079238394251432
-0.0390302333262559
-0.03729234334597029
-0.035583098697885805
-0.03390648980964213
-0.032266133434754346
-0.030665253372817225
-0.029106703480523886
-0.02759295086284101
-0.02612610195879858
-0.024707889562750017
-0.023339702634084268
-0.02202257810738788
-0.020757234603805876
-0.019544069275047125
-0.018383194937192513
-0.017274441441111493
-0.01621739515625809
-0.015211403778031025
-0.01425561671795144
-0.013348991951253511
-0.012490335773625398
-0.011678310265424149
-0.010911471022092084
-0.010188274003229185
-0.009507110154520321
-0.008866310730063158
-0.008264178107256938
-0.0076989890314278706
-0.007169021304224176
-0.006672554733887457
-0.006207893700245223
-0.005773365862240696
-0.005367340843107314
-0.004988226933886151
-0.004634486296704152
-0.00430463001172618
-0.00399723027443997
-0.0037109141769340443
-0.003444373393363315
-0.0031963570818041506
-0.002965679528821832
-0.0027512125223857317
-0.002551891378092827
-0.0023667070810673724
-0.002194711055985093
-0.0020350073173326932
-0.001886756282305937
-0.0017491671115721194
-0.001621500804411934
-0.0015030628605706231
-0.0013932058440375456
-0.0012913224527933986
-0.0011968476928044234
-0.001109252407042594
-0.0010280451647439008
-0.0009527662735994366
-0.0008829894604818021
-0.0008183163702596628
-0.0007583780920292706
-0.0007028301334607369
-0.0006513538299662483
-0.00060365177369191
-0.0005594491309111983
-0.0005184894986691969
-0.00048053614703170506
-0.0004453682730499108
-0.00041278217848484994
-0.00038258788943496973
-0.00035461027611192564
-0.00032868600655597946
-0.0003046646124173283
-0.0002824057462173404
-0.00026178019547724087
-0.00024266741460541384
-0.0002249564887981572
-0.00020854391360262796
-0.00019333450955820493
-0.00017923942460843973
-0.00016617700029440758
-0.00015407097434563867
-0.00014285129925988878
-0.00013245252451096257
-0.00012281456846926418
-0.0001138812616650987
-0.00010560107317165429
-0.0000979257982356901
-0.00009081124041740604
-0.00008421602862126342
-0.00007810225645273065
-0.00007243441525474422
-0.00006717999227957573
-0.00006230850775620801
-0.0000577920735896514
-0.00005360452376353789
-0.0000497219353597377
-0.00004612184274750225
-0.00004278372276604659
-0.0000396882841779353
-0.00003681791888327126
-0.000034156059025922526
-0.00003168759610989667
-0.000029398298960036057
-0.0000272752025945133
-0.000025306080962657986
-0.000023479807393509075
-0.000021785876674466656
-0.000020214738850066344
-0.00001875736577657174
-0.000017405559983363313
-0.00001615156134958177
-0.000014988332673926665
-0.000013909202569485942
-0.000012908129317746633
-0.000011979376480125788
-0.000011117756534934132
-0.000010318336062523972
-9.576660588477068e-6
-8.888486516171466e-6
-8.249988522765824e-6
-7.657515697644386e-6
-7.10778275918231e-6
-6.5976481131796215e-6
-6.124290081890404e-6
-5.685004820469329e-6
-5.277368678596647e-6
-4.899054117399208e-6
-4.547979249682442e-6
-4.222140079839383e-6
-3.919748201863922e-6
-3.6390778481829122e-6
-3.3785926577377658e-6
-3.1368061649898725e-6
-2.9123984876476418e-6
-2.704089018231994e-6
-2.5107438230014956e-6
-2.3312594140235212e-6
-2.16466159465138e-6
-2.00999929658497e-6
-1.8664355550531553e-6
-1.7331504890318066e-6
-1.6094250402167627e-6
-1.4945522594118518e-6
-1.3879143984288176e-6
-1.2889017421698045e-6
-1.1969835978708444e-6
-1.111633983344369e-6
-1.0323970174362086e-6
-9.58818835586522e-7
-8.905078511584443e-7
-8.270723246513124e-7
-7.681759279421492e-7
-7.134804463091858e-7
-6.62697048616718e-7
-6.155336425650795e-7
-5.717422236211676e-7
-5.310704495635641e-7
-4.93305413130746e-7
-4.5822903403273834e-7
-4.256585779911894e-7
-3.9540550160140335e-7
-3.6731301268214067e-7
-3.4121803257868993e-7
-3.169860766182434e-7
-2.944760229034857e-7
-2.735725703820157e-7
-2.5415353057460833e-7
-2.3612010217174416e-7
-2.1936642299520381e-7
-2.0380788663652086e-7
-1.8935270970258513e-7
-1.759284992248607e-7
-1.6345561110728942e-7
-1.518721655410929e-7
-1.4110898361697754e-7
-1.3111323856898343e-7
-1.2182477163595767e-7
-1.1319855559360606e-7
-1.0518220210349684e-7
-9.77374089254635e-8
-9.081847952132376e-8
-8.439291435518299e-8
-7.842077354355912e-8
-7.28745712997897e-8
-6.771931598852341e-8
-6.293185860506671e-8
-5.848145555102556e-8
-5.4348715199762197e-8
-5.050653473396518e-8
-4.693878640991808e-8
-4.362147939610118e-8
-4.0541328454268293e-8
-3.767699471116487e-8
-3.501767758617389e-8
-3.254428926985536e-8
-3.02482091511138e-8
-2.8112251171046033e-8
-2.612971724527654e-8
-2.4285014478679855e-8
-2.2573152944047514e-8
-2.0979861518506334e-8
-1.9501678578536425e-8
-1.81254153233257e-8
-1.6848989475682448e-8
-1.566008008208932e-8
-1.4557864105221703e-8
-1.3530697229743623e-8
-1.257891840133728e-8
-1.169138716516067e-8
-1.0869529826246538e-8
-1.010255116987267e-8
-9.392907623290063e-9
-8.730006678108346e-9
-8.117294833688286e-9
-7.544247185444413e-9
-7.015276350273501e-9
-6.519799009123448e-9
-6.063184423304833e-9
-5.634671082663588e-9
-5.240586209216167e-9
-4.869875002099344e-9
-4.529839016921792e-9
-4.209015745825423e-9
-3.915709753420865e-9
-3.6379370687398883e-9
-3.385043959881829e-9
-3.1444140119337938e-9
-2.9264830881876563e-9
-2.7178884553065112e-9
-2.5302174873320685e-9
-2.349243015498163e-9
-2.1877755911308672e-9
-2.030602527597861e-9
-1.8918401314875354e-9
-1.7551648360108421e-9
-1.6360918553085518e-9
-1.5170537577421725e-9
-1.4150718952529188e-9
-1.3111936110404084e-9
-1.2240650998469645e-9
-1.1331991567560224e-9
-1.058998794338914e-9
-9.792818761460967e-10
-9.163554103904668e-10
-8.46168162870135e-10
-7.930951528106759e-10
-7.310297379038494e-10
-6.865927342309295e-10
-6.314218464663258e-10
-5.945797939067227e-10
-5.4523179091037e-10
-5.150968956455924e-10
-4.70633935909258e-10
-4.4645164849403224e-10
-4.0604932705827135e-10
-3.8718187677450826e-10
-3.5011345921036367e-10
-3.360250038320132e-10
-3.0164603147874084e-10
-2.9189009082141935e-10
-2.5962618383332293e-10
-2.538351869928221e-10
-2.2317135962111907e-10
-2.2104706326870693e-10
-1.91517312918479e-10
-1.9282397466374905e-10
-1.6400303683130754e-10
-1.6855982008094778e-10
-1.4005550318076254e-10
-1.477319870799656e-10
-1.1917861795056504e-10
-1.2988971435647253e-10
-1.0094164959788525e-10
-1.1464473834888997e-10
-8.497211067384548e-11
-1.0166282620502489e-10
-7.094537218008491e-11
-9.065659764933836e-11
-5.858003200470264e-11
-8.137927125761088e-11
-4.763054330693716e-11
-7.361922745425136e-11
-3.7882962131267863e-11
-6.719542257916139e-11
-2.9150207123558735e-11
-6.195337005762176e-11
-2.1268343363230072e-11
-5.776188029795864e-11
-1.4092613976062094e-11
-5.450758202890318e-11
-7.475350632638866e-12
-5.193429411421024e-11
1.637551277758066e-7
2.3262622499688416e-6
8.080177521063132e-6
0.000019354017673847027
0.00003814800413404234
0.00006663242559733799
0.00010708500297303353
0.00016202973745639188
0.00023412422070285456
0.00032632402363195486
0.0004417236506095933
0.0005837431075174117
0.0007559246208750181
0.0009621365227107787
0.0012063282141251271
0.001492746366822149
0.0018256514868774814
0.00220954201364614
0.002648837270545835
0.0031481064977524364
0.0037117250028027952
0.00434410733335865
0.005049345653540897
0.005831448517727877
0.006693972095020642
0.00764026745102028
0.008673115354345264
0.009794984857312715
0.01100768054236063
0.012312613296971978
0.01371046515639475
0.015201469972608274
0.016785096312892402
0.01846033224341189
0.02022538224069369
0.022077947696042335
0.0240149305895187
0.02603270041804235
0.028126796116903847
0.030292171228021587
0.03252288633310736
0.03481232723160889
0.03715288271229268
0.03953613492240165
0.04195252133943132
0.04439150208742725
0.04684121032764
0.04928860789135881
0.0517191349316682
0.05411687274123836
0.05646421111584509
0.058742045030821324
0.06092948584114984
0.06300412524332272
0.06494182238180889
0.0667170720240379
0.06830290133191443
0.06967137674917999
0.07079363894243523
0.07164057213802064
0.0721829915734373
0.07239247874025831
0.07224171230810995
0.07170544382521028
0.07076093255208402
0.06938900211718559
0.0675745067102709
0.06530737596684891
0.06258301140944345
0.05940320215262981
0.05577633431047429
0.05171805194902997
0.04725116569096498
0.04240594794183371
0.03721965461939316
0.03173638343453604
0.026006174278251023
0.02008442108254164
0.014030585635985453
0.007907227963441255
0.001778443101396725
-0.004291352432396798
-0.010239087094465997
-0.016004300090638197
-0.021530699763789466
-0.02676726926764871
-0.031669506989235104
-0.03620018099116716
-0.04033008562855523
-0.044038315440473444
-0.04731245199408175
-0.05014831834022624
-0.0525496090810913
-0.05452718529227523
-0.05609825620867671
-0.05728535836170247
-0.058115266759658696
-0.05861785125605809
-0.05882492317156405
-0.058769166453098994
-0.05848310828571867
-0.05799828464999365
-0.05734446886798347
-0.05654916413913158
-0.055637149588256274
-0.05463031607871259
-0.053547515818940385
-0.05240469189992103
-0.05121496222083607
-0.04998895151519392
-0.04873501271316589
-0.04745965742717303
-0.046167818060768015
-0.0448632849018888
-0.043548933146858065
-0.042227102426634314
-0.04089974376553673
-0.039568709660739956
-0.03823580665545248
-0.03690299219497504
-0.0355723419959806
-0.03424616889448476
-0.0329269276767322
-0.031617280033438284
-0.030319963586137474
-0.029037827678864318
-0.027773690619316747
-0.02653036644735637
-0.025310528107837953
-0.0241167385856407
-0.02295133055934789
-0.021816448663336725
-0.02071394992255854
-0.019645458679704242
-0.01861228760711081
-0.017615503450485778
-0.016655865759193197
-0.015733899907803613
-0.014849849568589354
-0.014003753062538767
-0.01319540554748596
-0.012424435144895003
-0.011690271378392231
-0.01099221831282779
-0.010329426592285263
-0.009700961719470954
-0.009105777873952664
-0.008542780274602873
-0.008010799675723964
-0.007508648409544196
-0.007035095009200405
-0.006588913999136362
-0.006168860476649525
-0.005773714022092001
-0.00540225330826467
-0.005053294670932219
-0.004725666940658496
-0.004418245283437686
-0.004129926496408371
-0.0038596587307339536
-0.0036064174886573977
-0.0033692318026127687
-0.00314716113903987
-0.002939318547784252
-0.0027448486331636164
-0.002562948120237446
-0.002392845005461005
-0.0022338169194041435
-0.002085171524346803
-0.0019462629912170033
-0.0018164736727201924
-0.0016952289582005465
-0.0015819802191614962
-0.0014762182594805638
-0.0013774575061718053
-0.0012852482342197583
-0.0011991619576122432
-0.0011188025766928936
-0.0010437929127210096
-0.0009737849002992841
-0.0009084472012211357
-0.0008474745445884831
-0.0007905763515179033
-0.0007374853095651566
-0.000687946938829601
-0.0006417274742346916
-0.0005986043044676593
-0.0005583732255486667
-0.0005208396858812807
-0.00048582546634076635
-0.00045316066796226886
-0.00042268986718536233
-0.00039426478582231555
-0.00036774996494365575
-0.000343016060585797
-0.00031994507531341796
-0.0002984242269839188
-0.0002783507732371854
-0.0002596264045362594
-0.00024216169366242236
-0.00022587096810463777
-0.00021067641363757786
-0.00019650338502226228
-0.00018328419013735112
-0.0001709538012152603
-0.00015945334436055008
-0.00014872617623323256
-0.00013872110175113816
-0.0001293887847351995
-0.0001206847145592741
-0.00011256592160104128
-0.00010499371226302912
-0.00009793066286557832
-0.00009134314079800087
-0.00008519855278521862
-0.0000794676684707883
-0.00007412210117545334
-0.00006913644923789916
-0.00006448598907973656
-0.00006014864840270697
-0.000056102893142647554
-0.000052329545825177516
-0.00004880984955974178
-0.000045527143548266745
-0.000042465088916968976
-0.00003960921265342669
-0.000036945281290536775
-0.00003446072342423588
-0.00003214313871259611
-0.000029981608596608364
-0.000027965328892370387
-0.000026084817475893543
-0.000024330660025357125
-0.000022694622749122554
-0.000021168501571965515
-0.0000197451474889118
-0.00001841741029465546
-0.000017179083590008673
-0.000016023935006417515
-0.000014946577056835154
-0.000013941576728794114
-0.00001300425806335649
-0.000012129884306628519
-0.000011314397556017402
-0.000010553667530395421
-9.844173282362962e-6
-9.182312772140616e-6
-8.565031473249673e-6
-7.98918753925038e-6
-7.452131576918316e-6
-6.95112258338987e-6
-6.483863154784339e-6
-6.047961460097929e-6
-5.6414258380966226e-6
-5.26216864401586e-6
-4.908463696471339e-6
-4.578488477549338e-6
-4.2707473979681946e-6
-3.98364887807337e-6
-3.7158974795663035e-6
-3.466103129454675e-6
-3.233144025027708e-6
-3.0158056642869953e-6
-2.8131170939993713e-6
-2.62401683961765e-6
-2.4476648624486383e-6
-2.2831330489419813e-6
-2.129695087027662e-6
-1.986539066016253e-6
-1.8530374656031827e-6
-1.7284795425101512e-6
-1.6123236034269084e-6
-1.503947161116488e-6
-1.402882966439972e-6
-1.308585307164231e-6
-1.2206518586649294e-6
-1.1386037106634994e-6
-1.0620948550913237e-6
-9.907046253737398e-7
-9.241360278793806e-7
-8.620189537797678e-7
-8.040990618151205e-7
-7.500502996292086e-7
-6.99655449291896e-7
-6.526267450091657e-7
-6.087792232055229e-7
-5.678585831781839e-7
-5.297078478741635e-7
-4.941016545070099e-7
-4.6090765595033426e-7
-4.2992550766516083e-7
-4.0104434642565395e-7
-3.740854647619594e-7
-3.489569028447282e-7
-3.254985795654675e-7
-3.0363519043897277e-7
-2.8322262764011446e-7
-2.6420034703147075e-7
-2.4643780397498495e-7
-2.2988759080575962e-7
-2.144308358056061e-7
-2.0003172185048516e-7
-1.8658105661218257e-7
-1.7405361487970728e-7
-1.623484511432692e-7
-1.5144969946754145e-7
-1.4126309204042788e-7
-1.317816276252548e-7
-1.2291625044330967e-7
-1.1466807041117608e-7
-1.0695217952186684e-7
-9.977720397438695e-8
-9.30614270433534e-8
-8.682047921063089e-8
-8.09746753002638e-8
-7.554653831852377e-8
-7.045755078316651e-8
-6.573691322189764e-8
-6.130626240203626e-8
-5.720136095185378e-8
-5.334336717205124e-8
-4.977444500765469e-8
-4.6414491048253735e-8
-4.3312222977556895e-8
-4.038535960528463e-8
-3.7689311674889076e-8
-3.5139045237351164e-8
-3.279681556165939e-8
-3.057389097223645e-8
-2.8539791397512273e-8
-2.660141767958639e-8
-2.483583186474089e-8
-2.3144663424713568e-8
-2.1613072851107562e-8
-2.0136638033089816e-8
-1.880904022539998e-8
-1.7518995973672414e-8
-1.6369401198508138e-8
-1.5241017422724487e-8
-1.4246784857270501e-8
-1.3258614883505366e-8
-1.2400080282743879e-8
-1.153342162532016e-8
-1.0793470440721232e-8
-1.0031922320959744e-8
-9.39583967961557e-9
-8.725114565592515e-9
-8.180010357885439e-9
-7.587661228364115e-9
-7.122460507262756e-9
-6.597548571237637e-9
-6.202682172559098e-9
-5.735571889762647e-9
-5.402773764955737e-9
-4.985051665537397e-9
-4.70719886392223e-9
-4.331518414528714e-9
-4.102465590087313e-9
-3.7622574675339015e-9
-3.5767931907743994e-9
-3.2663361197462055e-9
-3.1200049678581415e-9
-2.8341894653309985e-9
-2.7231755172688965e-9
-2.4574926248831404e-9
-2.378647045971259e-9
-2.1289629237567775e-9
-2.0796354434408158e-9
-1.8422890606804047e-9
-1.820336515669911e-9
-1.5919421563513238e-9
-1.5955953288285363e-9
-1.3731159144601894e-9
-1.4010479106468774e-9
-1.1816704814639078e-9
-1.2328709592722608e-9
-1.0139207900906242e-9
-1.0877222493675137e-9
-8.667662660459461e-10
-9.627118413742977e-10
-7.373545831779036e-10
-8.5536975696398e-10
-6.232842234881652e-10
-7.634752159405487e-10
-5.224259563385517e-10
-6.851745899082136e-10
-4.329352688782369e-10
-6.188697539358816e-10
-3.5316708670804837e-10
-5.631797826334534e-10
-2.8177492206744504e-10
-5.168127893647764e-10
-2.1740468314689364e-10
-4.787858667123166e-10
-1.5900470217198282e-10
-4.482283157108963e-10
-1.0560366589848082e-10
-4.2434222629177404e-10
-5.612512668157726e-11
-4.0529268471553535e-10
-9.444057355305883e-7
-0.000013096591961773729
-0.00004506024866028592
-0.00010647340585901009
-0.00020632105207784492
-0.0003529457050355644
-0.0005536475488445678
-0.0008148733173400843
-0.0011417417744346255
-0.0015383646787455664
-0.0020073387892163294
-0.002550214273634294
-0.003166979561775152
-0.003856677988871844
-0.004616903802261563
-0.005444555333829416
-0.006335349912431374
-0.007284687149360123
-0.008287177745421754
-0.009337575850375666
-0.01043030481190847
-0.011560406416896917
-0.012723038762931384
-0.01391438546292377
-0.015131099382747433
-0.016371118208714994
-0.017633033572514733
-0.018916770602195678
-0.02022287400832125
-0.021553026554129988
-0.0229092596548032
-0.024294306141294804
-0.02571075969347316
-0.027161277420056196
-0.028647726839772188
-0.030171270563299754
-0.03173154906378144
-0.03332669099430845
-0.034952583369632986
-0.036602856035590804
-0.038268288286191
-0.039936815398290644
-0.041593113588910775
-0.043218672074662304
-0.04479158877400212
-0.04628674505257694
-0.047675834601699336
-0.04892767119253051
-0.05000846345740963
-0.05088227841612484
-0.05151156448773702
-0.05185778342616968
-0.051882170378058146
-0.05154653135388052
-0.05081420974372254
-0.04965102321598258
-0.048026379354281494
-0.04591429480286721
-0.043294570061439476
-0.04015379817340249
-0.03648647538621437
-0.03229587373311115
-0.02759493854040637
-0.02240687825913778
-0.016765691155124725
-0.010716325934811718
-0.004314696249750587
0.002372706772415146
0.009269408818578352
0.016289951066905096
0.023341119177989218
0.0303235378234802
0.03713347235082845
0.043664913857847924
0.04981179982640811
0.05547039788674157
0.06054171204124382
0.064933905867546
0.06856460837810625
0.0713630829264927
0.07327213297697868
0.07424973066103506
0.07427025390225189
0.0733253413144361
0.0714242673363105
0.06859388342644458
0.06487804855095017
0.060336638315124085
0.055044078603593206
0.04908753587673916
0.04256473101098801
0.0355815431810318
0.02824938614847291
0.020682542911678446
0.012995447698812758
0.005300101950968416
-0.0022963905514401055
-0.009694001218124356
-0.016801695076085265
-0.0235389561444671
-0.029836967553596706
-0.035639356161607745
-0.04090256998707012
-0.04559584348235638
-0.04970083485456392
-0.05321092979301903
-0.05613030262826467
-0.05847275731962929
-0.06026043500816874
-0.061522425125349584
-0.062293352212903844
-0.06261197772512606
-0.06251986729132937
-0.06206015621570044
-0.061276439348172666
-0.06021180737378189
-0.05890803294667413
-0.05740491789646343
-0.05573978696319335
-0.053947131195087344
-0.05205837464344984
-0.050101763311914974
-0.048102344150857304
-0.04608203261226464
-0.04405973545129303
-0.042051529572662505
-0.04007086556308334
-0.03812880044883685
-0.036234231728075154
-0.034394141308859434
-0.03261382504141683
-0.03089712016432837
-0.02924660947916817
-0.02766381748053285
-0.02614937954740125
-0.024703201466650872
-0.02332459182743044
-0.022012385834290014
-0.020765043795045002
-0.019580743517589375
-0.01845745007511711
-0.017392982455404153
-0.0163850604399365
-0.015431351259652622
-0.014529499103412936
-0.013677156917417894
-0.012872003261876857
-0.012111763481869748
-0.011394217686229662
-0.010717214571468119
-0.01007867339206799
-0.009476592868870704
-0.008909049245075351
-0.008374202013621384
-0.007870289535078314
-0.007395632779325142
-0.006948629515786938
-0.006527756867455627
-0.0061315647454736714
-0.005758677731394565
-0.005407788192221833
-0.005077657813162714
-0.004767110667710907
-0.004475034594397526
-0.004200374390609706
-0.0039421331428405385
-0.003699365643023099
-0.0034711797304939835
-0.0032567299859547504
-0.0030552191106995807
-0.002865891925673529
-0.0026880367958449134
-0.002520979945146005
-0.0023640869228505794
-0.00221675723510448
-0.002078425845554428
-0.0019485581178366467
-0.0018266513404320058
-0.0017122299707329508
-0.0016048471742645233
-0.0015040803584089356
-0.0014095327167186265
-0.0013208290388196109
-0.0012376172516706152
-0.0011595644921400324
-0.0010863586374113123
-0.0010177046267969402
-0.0009533259738839757
-0.0008929613251248521
-0.0008363659468832123
-0.0007833085089240591
-0.0007335725395985007
-0.000686953422783261
-0.0006432598162304945
-0.0006023108499830094
-0.0005639375043619337
-0.0005279799975189829
-0.0004942891206839889
-0.00046272380282885825
-0.0004331524017046806
-0.00040545043381736383
-0.0003795018204329492
-0.0003551967717767741
-0.00033243298676916623
-0.00031111368213441884
-0.0002911487446429898
-0.0002724528956532345
-0.0002549467959813158
-0.00023855533644685678
-0.0002232086954301059
-0.0002088407475218744
-0.00019539007390812394
-0.00018279848052442846
-0.00017101196231602775
-0.00015997932400003834
-0.00014965309809941845
-0.00013998826164687497
-0.00013094310905430886
-0.00012247805832480538
-0.00011455647958114173
-0.00010714358457267166
-0.00010020721264973811
-0.0000937167975891238
-0.00008764411205492297
-0.00008196230621764297
-0.00007664661334511557
-0.00007167345392504254
-0.00006702110422502139
-0.0000626688616598977
-0.000058597677285979296
-0.0000547893783283979
-0.00005122726618081893
-0.000047895392177056185
-0.00004477912203851602
-0.00004186446164037024
-0.00003913858934468776
-0.00003658922820449526
-0.00003420514781441325
-0.00003197557942855381
-0.00002989068900609876
-0.000027941031914541548
-0.000026117999459568713
-0.00002441330917946515
-0.000022819426995112255
-0.000021329090433828068
-0.000019935707897648657
-0.000018632911832314736
-0.000017414936477907143
-0.000016276199513112013
-0.000015211659074413684
-0.000014216421468849981
-0.0000132860791767739
-0.00001241634214932348
-0.000011603358449024639
-0.000010843367449731335
-0.000010133004035403496
-9.468971345132593e-6
-8.84833037028861e-6
-8.26819085716232e-6
-7.725987125154093e-6
-7.219185007691581e-6
-6.745545451073403e-6
-6.3028461352255185e-6
-5.889134272148639e-6
-5.502460680591391e-6
-5.141122716495429e-6
-4.80341041656703e-6
-4.487840335570676e-6
-4.192911804074819e-6
-3.917333137116799e-6
-3.65978697119702e-6
-3.4191492233412983e-6
-3.194262771356465e-6
-2.9841506087083306e-6
-2.7877955076276977e-6
-2.6043492199111916e-6
-2.43291701108544e-6
-2.2727633026037275e-6
-2.123099920895116e-6
-1.9832903229552545e-6
-1.8526396244633927e-6
-1.7305977176786363e-6
-1.6165509818140246e-6
-1.5100254349774028e-6
-1.410478213327425e-6
-1.317502083681153e-6
-1.2306156475913095e-6
-1.1494704244994496e-6
-1.073638403448202e-6
-1.0028231271938453e-6
-9.366422922340382e-7
-8.748455424080118e-7
-8.170903752815088e-7
-7.631668025046553e-7
-7.1276671527274e-7
-6.65716290620901e-7
-6.217362842911818e-7
-5.806854334094109e-7
-5.423090566322269e-7
-5.064949718197282e-7
-4.730093262738009e-7
-4.4176612961281283e-7
-4.1254863004688595e-7
-3.8529495416990184e-7
-3.5980215376963654e-7
-3.3603005758682805e-7
-3.137872969294349e-7
-2.930539138247707e-7
-2.736469965979241e-7
-2.5556529939547486e-7
-2.3863258780308954e-7
-2.2286506157488196e-7
-2.080907160845751e-7
-1.9434257369849534e-7
-1.8145100652570557e-7
-1.6946534352813488e-7
-1.5821591563453808e-7
-1.4776825492603955e-7
-1.379509324981585e-7
-1.2884559829043162e-7
-1.2027707474048247e-7
-1.123432902408044e-7
-1.0486359915954356e-7
-9.79523147538597e-8
-9.142174498392073e-8
-8.540311159533403e-8
-7.969988305101092e-8
-7.446033641672919e-8
-6.947793205028827e-8
-6.491882079177386e-8
-6.056416467010914e-8
-5.659933429553503e-8
-5.279144452916436e-8
-4.9345732707604314e-8
-4.601393543229497e-8
-4.3021895379384697e-8
-4.0104079865141415e-8
-3.750886722936732e-8
-3.495098188252947e-8
-3.2702855690400146e-8
-3.04577291171692e-8
-2.8513586765087096e-8
-2.6539699430236484e-8
-2.486199228900513e-8
-2.3123380165427368e-8
-2.1679490444193748e-8
-2.01443843611293e-8
-1.8905837967182792e-8
-1.7546629243803355e-8
-1.6488949053696406e-8
-1.5281158526965935e-8
-1.438320290551924e-8
-1.3305355382186116e-8
-1.2548604327532647e-8
-1.1582101619398797e-8
-1.0950628071489965e-8
-1.0078796818188941e-8
-9.559101155173637e-9
-8.767214911043173e-9
-8.347525897271183e-9
-7.622583401018016e-9
-7.2930517983000614e-9
-6.623383220130324e-9
-6.375548763797425e-9
-5.750843736068223e-9
-5.57760161563102e-9
-4.988583155194865e-9
-4.883988797177063e-9
-4.322362762104265e-9
-4.281522438708756e-9
-3.739677063244592e-9
-3.758605553072882e-9
-3.229584847687438e-9
-3.3054554821910273e-9
-2.7825924119782196e-9
-2.9131372896587515e-9
-2.390334165553625e-9
-2.5741459347928765e-9
-2.045554051507923e-9
-2.2818370851671287e-9
-1.7419077832611882e-9
-2.0304917674825204e-9
-1.4738126516136293e-9
-1.8149551069053904e-9
-1.2363362763534943e-9
-1.631166727351262e-9
-1.0253581320928098e-9
-1.4752554100442702e-9
-8.370737937488477e-10
-1.344127509400561e-9
-6.682329800929181e-10
-1.2349374364293639e-9
-5.159227804651972e-10
-1.1452817079777307e-9
-3.775544496521096e-10
-1.0730828431189027e-9
-2.5090341899420355e-10
-1.01663648601625e-9
-1.3342014148578083e-10
-9.714803459974467e-10