-0.021081312325792828
-0.021097839654457183
-0.021124433399045774
-0.02116091903159817
-0.02120633741326517
-0.021259799085856446
-0.02132004680218572
-0.02138579431074831
-0.02145553335978863
-0.021527724432227793
-0.021600710947825244
-0.021672836851562696
-0.02174242068534194
-0.021807827167478807
-0.02186747860041575
-0.021919892835718206
-0.021963719048212975
-0.021997748744156654
-0.0220209674976731
-0.022032543168752444
-0.02203188771624082
-0.022018625636529496
-0.021992661485346836
-0.021954130971295973
-0.02190347078180643
-0.021841354450083297
-0.02176876172401078
-0.02168690114809907
-0.021597276692314135
-0.021501598922397752
-0.021401847033158675
-0.02130017052970285
-0.02119894526977055
-0.02110066775834474
-0.021008004344280965
-0.020923680537250335
-0.02085052313248311
-0.020791347356565452
-0.020748992374106646
-0.020726209486119893
-0.020725692127197062
-0.020749968675282057
-0.020801428573573755
-0.020882223447905215
-0.02099429127543375
-0.021139269342352926
-0.02131851834762011
-0.02153305020904294
-0.02178355360570779
-0.022070338763739247
-0.022393365252073638
-0.02275220474132306
-0.0231460709980396
-0.023573800374044634
-0.024033883074274176
-0.024524460001041366
-0.02504335369319587
-0.02558807930994923
-0.02615587330883842
-0.026743715933775853
-0.027348355786886915
-0.027966341213299606
-0.02859403939258637
-0.029227674410345156
-0.029863340218151173
-0.030497043789248623
-0.031124712083263405
-0.03174223930605345
-0.032345488674457634
-0.03293034326473333
-0.03349270375842
-0.034028542561239265
-0.03453389876078598
-0.03500493510719084
-0.03543793115430056
-0.035829342376808904
-0.03617579199964099
-0.036474131101847614
-0.03672142910302175
-0.03691503330708564
-0.03705255754540659
-0.037131939356117444
-0.03715142597788547
-0.03710962730388652
-0.03700549831539071
-0.03683838609393674
-0.03660800785809627
-0.036314490611526896
-0.03595834413699315
-0.03554049222560285
-0.03506224021732487
-0.03452529712960078
-0.033931737563255876
-0.03328401439396806
-0.032584915078974944
-0.03183756490577261
-0.03104537797289662
-0.03021205135446279
-0.02934151134238278
-0.028437899334891582
-0.027505514357444343
-0.026548792037143443
-0.02557224495535825
-0.0245804366864999
-0.023577922101153344
-0.022569219021662153
-0.02155875105960317
-0.020550819828535526
-0.019549553116621616
-0.01855888066350887
-0.017582490324933826
-0.016623810089546453
-0.015685974353175584
-0.01477181413787811
-0.013883834722464896
-0.01302421503996389
-0.012194796854659426
-0.011397093230452026
-0.010632288391782646
-0.009901254165039527
-0.009204558789966675
-0.008542489496035248
-0.007915067966715922
-0.007322076810577266
-0.00676307917066911
-0.006237446795199817
-0.005744381400974126
-0.005282942283953658
-0.004852067408280774
-0.004450598926598062
-0.00407730246948232
-0.0037308894629838807
-0.003410033635224412
-0.0031133895317959925
-0.002839605756589763
-0.002587339529097678
-0.0023552665848927965
-0.00214209195746429
-0.0019465567589218552
-0.0017674455940504292
-0.0016035906253256793
-0.0014538761483274543
-0.001317240433095629
-0.001192678028193474
-0.0010792398855926204
-0.0009760339392878207
-0.0008822239868955055
-0.0007970290302423823
-0.00071972132447899
-0.0006496248910260301
-0.0005861130704822366
-0.00052860653639747
-0.0004765706129830686
-0.00042951304041366354
-0.00038698124940123133
-0.000348560060248857
-0.00031386904739416237
-0.0002825602974822442
-0.00025431594925825763
-0.0002288460907608677
-0.00020588652312446978
-0.00018519684270066245
-0.00016655845021750222
-0.000149772838697079
-0.00013465985042480837
-0.00012105617422968737
-0.0001088138401864331
-0.00009779891849452747
-0.00008789023423594076
-0.00007897825324700234
-0.00007096399526331231
-0.00006375808858318992
-0.000057279858470855985
-0.000051456531068993174
-0.00004622247415859539
-0.00004151853092744132
-0.00003729139146607356
-0.00003349303807164359
-0.000030080227734223935
-0.0000270140322445642
-0.000024259414071905533
-0.00002178484636808288
-0.00001956196684212051
-0.000017565264625078715
-0.00001577179887179357
-0.000014160941253727372
-0.000012714147984808924
-0.00001141474837562482
-0.000010247760748341877
-9.199718981257847e-6
-8.25852433351173e-6
-7.413303223259584e-6
-6.654288329353068e-6
-5.9727019824343214e-6
-5.3606610610254706e-6
-4.811081344243426e-6
-4.3176016921272e-6
-3.8745055274201234e-6
-3.4766606049661913e-6
-3.119454475766969e-6
-2.7987468285665427e-6
-2.5108163598663266e-6
-2.2523232320174794e-6
-2.0202652448044743e-6
-1.8119484164074307e-6
-1.624950740777459e-6
-1.4570992766658176e-6
-1.3064400938119984e-6
-1.1712205647597267e-6
-1.049864363596127e-6
-9.409579074149375e-7
-8.432294840272154e-7
-7.555389948055517e-7
-6.768604609332896e-7
-6.062743854670308e-7
-5.429530284269711e-7
-4.861548403306037e-7
-4.3521201067876083e-7
-3.89526533806632e-7
-3.4855962798937886e-7
-3.118290820599918e-7
-2.7890021747679144e-7
-2.4938423473572316e-7
-2.2293045161301912e-7
-1.9922542519284777e-7
-1.779862488191732e-7
-1.5896027120928722e-7
-1.4191927461574886e-7
-1.2665964914916496e-7
-1.1299730704837498e-7
-1.0076819973361149e-7
-8.982384935784235e-8
-8.003211966457106e-8
-7.127326731721592e-8
-6.344089648481593e-8
-5.6438449767327855e-8
-5.018029149847517e-8
-4.458857216888058e-8
-3.959439746134536e-8
-3.5135011539494326e-8
-3.1155018415887925e-8
-2.7603838820863836e-8
-2.4436958130501462e-8
-2.161361916181884e-8
-1.9098076944039923e-8
-1.6857496027726395e-8
-1.4863197181397415e-8
-1.3088732916306881e-8
-1.1511114982357948e-8
-1.010904600925243e-8
-8.864119662614046e-9
-7.759189757548697e-9
-6.779537280003547e-9
-5.911361178926238e-9
-5.142908289222285e-9
-4.463072365735116e-9
-3.86248436709029e-9
-3.3322082493288665e-9
-2.86479016811276e-9
-2.453041175493293e-9
-2.091044738446253e-9
-1.7730178385180371e-9
-1.4942768411346496e-9
-1.2501696330945476e-9
-1.0370003524941255e-9
-8.510261525255047e-10
-6.893416504978985e-10
-5.489347101262867e-10
-4.275317173931932e-10
-3.227074535402615e-10
-2.326924772458794e-10
-1.5553273811963448e-10
-8.986045624689788e-11
-3.4099618521995443e-11
1.2798188161336029e-11
5.210583368693855e-11
8.461837177244064e-11
1.1136572322965153e-10
1.3294247407572896e-10
1.5018394561796662e-10
1.6352659126003018e-10
1.7364994235327058e-10
1.8086616272706543e-10
1.8573012295582022e-10
1.884567133895518e-10
1.8950109289524672e-10
1.8900241000576917e-10
1.8733609082442341e-10
1.8458267131887476e-10
1.8105382919990863e-10
1.7678508642420002e-10
1.7203714836282245e-10
1.668112927658743e-10
1.6132745382200657e-10
1.5556117107217897e-10
1.4969974384658505e-10
1.4369967007292803e-10
1.3772209622536108e-10
1.317097310625098e-10
1.2580272608405606e-10
1.1993410253749234e-10
1.1422711613971044e-10
1.0860828692918005e-10
1.0318722855681663e-10
9.788641955697857e-11
9.280441089355461e-11
8.786152388490545e-11
8.314728909396328e-11
7.858130043506397e-11
7.424568322364056e-11
7.0060375928938e-11
6.610137464790314e-11
6.228975359148775e-11
5.86963869000015e-11
5.5244056330916024e-11
5.1999308738202373e-11
4.888703465077072e-11
4.5970080504975286e-11
4.3175714960199366e-11
4.0563578759627135e-11
3.806348682429555e-11
3.5732265123194675e-11
3.3502365923423053e-11
3.14281100136294e-11
2.9444620070310625e-11
2.760395776676214e-11
2.5843906146912457e-11
2.4214464360694104e-11
2.2656034317449786e-11
2.121671083621016e-11
1.9839450777167165e-11
1.8570573120560296e-11
1.7355510339232325e-11
1.6238911178713882e-11
1.5168594324140863e-11
1.4187626318219292e-11
1.3246116674488417e-11
1.2385624323922094e-11
1.1558451311698429e-11
1.0804713303759858e-11
1.0078805948892923e-11
9.41945821046744e-12
8.78306144818526e-12
8.207008583363469e-12
7.649591018914417e-12
7.146911822913458e-12
6.659069820746619e-12
6.220921022293678e-12
5.79428264209936e-12
5.412803837790181e-12
5.039935093960752e-12
4.708156926413913e-12
4.38247205109948e-12
4.094228988439067e-12
3.809905774443066e-12
3.5597543243354494e-12
3.3116551701189373e-12
3.0947979694780376e-12
2.8783969107549665e-12
2.69061284188337e-12
2.501928605428221e-12
2.3395088764663305e-12
2.1750438098959354e-12
2.0347337820816797e-12
1.8914183804952115e-12
1.7703648105077637e-12
1.6455074617890295e-12
1.5412107401443057e-12
1.4324522320461659e-12
1.3427231252273062e-12
1.247995386336077e-12
1.170915718305526e-12
1.0884041885292446e-12
1.0222908126191592e-12
9.50399741936212e-13
8.937710403041309e-13
8.310908785167463e-13
7.82634862005178e-13
7.279107023806132e-13
6.86453539710184e-13
6.385532813470202e-13
6.030267222933492e-13
5.609071710618067e-13
5.303127851129995e-13
4.929812507395237e-13
4.663485959895633e-13
4.3281656107692734e-13
4.0915120433369885e-13
3.783751907030746e-13
3.5659073872069005e-13
3.273933593678761e-13
3.0621906889810173e-13
2.771801108497035e-13
2.5503183562570246e-13
2.2433460339431e-13
1.991312527801493e-13
1.6434275404091104e-13
1.3324381486688756e-13
9.10190139434468e-14
5.0335034415089086e-14
-0.007219970807198544
-0.007311229626699697
-0.00746576893226779
-0.007680582139294302
-0.007955378354286299
-0.008287984508145179
-0.008676824702905973
-0.009119108730570924
-0.009612054419555986
-0.010151900622484321
-0.01073461034367851
-0.01135531365294056
-0.01200874413230928
-0.012688966873314573
-0.013389661205624417
-0.01410405973741544
-0.014825131128486307
-0.01554567860341258
-0.016258444894085552
-0.016956325558139338
-0.017632400162460794
-0.0182802188704894
-0.018893755130115715
-0.01946772825889252
-0.01999747138774467
-0.020479259851009336
-0.02091009220361388
-0.02128800389468017
-0.021611766764177507
-0.021881178378060966
-0.022096694165313586
-0.022259692997079115
-0.022372063680566653
-0.022436454928674254
-0.022455842285479293
-0.02243377406394359
-0.02237394468289137
-0.02228044679802273
-0.022157372258318837
-0.02200907495025856
-0.02183981205825878
-0.021654013609033223
-0.021455966390914252
-0.021250077180054287
-0.02104059209301124
-0.02083183365465526
-0.020627942065592295
-0.020433063904063513
-0.020251100610802052
-0.020085829939372076
-0.019940651457344073
-0.019818630665883033
-0.01972224056252287
-0.01965333098175125
-0.019612877047021835
-0.019600890025610534
-0.019616194877674752
-0.019656310694791693
-0.01971728762560891
-0.01979359210932953
-0.019878036059539896
-0.01996170296469022
-0.020033998392661387
-0.020082647282955893
-0.020093884963060086
-0.020052544530560636
-0.019942393113107974
-0.019746312972411126
-0.01944677082363045
-0.019026079469541296
-0.018466970957395603
-0.017752909474638444
-0.01686872415035476
-0.015800930672424766
-0.014538368501715351
-0.013072479915742336
-0.011397890798440643
-0.00951259293217786
-0.007418408492124651
-0.0051210253715470964
-0.0026302937577235615
0.00003992444343741276
0.0028716629430022
0.005843208150957497
0.00892922419258221
0.012101313036915124
0.015328344099225863
0.018577186721551293
0.021813203006861313
0.025001095371720038
0.028105495949109976
0.031091850670178743
0.03392702105124099
0.03658011501698922
0.03902301144696275
0.041231050264786816
0.04318339925581084
0.0448635329620987
0.046259384595994074
0.04736357291694629
0.048173315802205595
0.04869040124499503
0.04892087674400369
0.04887479743133062
0.0485657391126856
0.04801038570317036
0.04722793661597103
0.046239611531449176
0.045068030905214336
0.04373671654731377
0.04226951721214282
0.040690170357264854
0.039021826588330026
0.03728671611821117
0.03550580192766398
0.03369856988571386
0.031882816762077604
0.030074561094407735
0.028287953191963835
0.02653528813366624
0.02482701296192273
0.02317181485720824
0.02157669597746152
0.02004710814817565
0.018587066847686153
0.017199306816711744
0.015885411416119367
0.014645969233336616
0.013480701373690944
0.012388605554923838
0.011368070240749909
0.010416998584518647
0.009532903703955736
0.008713009488734479
0.007954325340061482
0.007253724108700941
0.006607997272733038
0.006013912245122407
0.0054682504515178
0.004967847209559987
0.004509615793195254
0.004090573341415743
0.003707854047070169
0.003358724368801303
0.003040588200523919
0.0027509942443403146
0.0024876355771220227
0.0022483515379014725
0.002031123625949739
0.0018340737531453665
0.0016554579516215215
0.0014936623888089531
0.0013471959662004073
0.0012146851133726217
0.0010948660346579175
0.0009865789925312637
0.0008887607049441394
0.0008004385925734086
0.0007207236385070937
0.0006488048981465948
0.0005839429944152385
0.0005254650624706979
0.0004727589569175563
0.0004252687152882933
0.0003824894891124362
0.000343963551048475
0.0003092759208072036
0.0002780509031598296
0.00024994835594007033
0.00022466072380332105
0.0002019098836376745
0.0001814446272128531
0.0001630380153939597
0.00014648525819455904
0.00013160151033664254
0.00011822009716214625
0.00010619068827145434
0.00009537782044516423
0.00008565939190392553
0.00007692543760030633
0.00006907689312493253
0.00006202458261207432
0.00005568820785993375
0.00004999551411531485
0.00004488146620835298
0.00004028756231280748
0.00003616116461177615
0.000032454935585956484
0.000029126295831937725
0.00002613696142248697
0.00002345250596933969
0.000021041981100444966
0.00001887756371514412
0.00001693424464477204
0.000015189545335032661
0.000013623262331646784
0.000012217240400167023
0.00001095516265169495
9.822369435966472e-6
8.805685741668808e-6
7.893277135007633e-6
7.074507582571335e-6
6.339825311482732e-6
5.68064545488251e-6
5.0892600324654035e-6
4.558740850073631e-6
4.082868886217097e-6
3.656053723820421e-6
3.273278518533637e-6
2.9300329334378413e-6
2.6222705922052644e-6
2.346353053103702e-6
2.0990172428518346e-6
1.8773284670272476e-6
1.6786558027087704e-6
1.5006325172053561e-6
1.341137789232248e-6
1.1982632123972294e-6
1.0702995322680397e-6
9.557081582310833e-7
8.531118610326241e-7
7.612704171279034e-7
6.790744193502131e-7
6.055243404419879e-7
5.397267776307846e-7
4.80876353827466e-7
4.2825385259526197e-7
3.812104823428306e-7
3.391674676018005e-7
3.016022881755373e-7
2.6804938079193514e-7
2.3808803544298315e-7
2.1134393241797368e-7
1.8747843510546124e-7
1.6619074443735462e-7
1.472083737526046e-7
1.3028974847097948e-7
1.1521568628191238e-7
1.0179230658623911e-7
8.984336992809906e-8
7.92133911489745e-8
6.976071696192354e-8
6.136076027412053e-8
5.389971519103786e-8
4.727784872936123e-8
4.1403769205574334e-8
3.619772650795941e-8
3.1586363474341014e-8
2.7505987768252955e-8
2.389774705277391e-8
2.0710844926463034e-8
1.7898089914312203e-8
1.5419035351067627e-8
1.323585980757532e-8
1.1316416655515162e-8
9.630409828271722e-9
8.152343378646896e-9
6.857961680887793e-9
5.727092856627814e-9
4.740326855644024e-9
3.8817493800988715e-9
3.1358348951808075e-9
2.490069793103342e-9
1.9320404105514584e-9
1.4519457740018586e-9
1.039863243634226e-9
6.881523770881436e-10
3.888829645612485e-10
1.361324244173457e-10
-7.643718897446665e-11
-2.533852190389451e-10
-3.997782997012071e-10
-5.190963507079208e-10
-6.15391924448275e-10
-6.912924183855275e-10
-7.500422975531528e-10
-7.935976208979588e-10
-8.245595857293214e-10
-8.443573961713001e-10
-8.550807319289205e-10
-8.577469865309935e-10
-8.540395292524149e-10
-8.446553912548494e-10
-8.309555491909909e-10
-8.133892248609262e-10
-7.930618576462456e-10
-7.702322973025525e-10
-7.458036381259525e-10
-7.198897165539075e-10
-6.93233543008436e-10
-6.658396596556819e-10
-6.383245180313916e-10
-6.10611402558113e-10
-5.832167564817831e-10
-5.560045298180081e-10
-5.294121470574512e-10
-5.032612911996098e-10
-4.779269292926394e-10
-4.532016950135603e-10
-4.2941113829850487e-10
-4.0632901600031095e-10
-3.842417061574307e-10
-3.629118585284052e-10
-3.4259470951086706e-10
-3.230476810651123e-10
-3.0450114639289953e-10
-2.867116964925354e-10
-2.6988973728859606e-10
-2.537942675390093e-10
-2.386195333020986e-10
-2.2412927907491952e-10
-2.1050454369837067e-10
-1.9751545846221623e-10
-1.8533213838022595e-10
-1.7373220668619367e-10
-1.628766156471489e-10
-1.5255117656517367e-10
-1.429090338896131e-10
-1.3374457376352988e-10
-1.2520417320686799e-10
-1.1709094865301358e-10
-1.0954530760013611e-10
-1.0237908174393541e-10
-9.572732100831601e-11
-8.941043407046869e-11
-8.35585834530547e-11
-7.800052973355577e-11
-7.286191084535342e-11
-6.797955534305978e-11
-6.34748587147236e-11
-5.919239600175588e-11
-5.5249542324178425e-11
-5.149827619008146e-11
-4.805213017659297e-11
-4.477013365103606e-11
-4.1762122279772255e-11
-3.8893822857693306e-11
-3.6271496704257934e-11
-3.3767220083343023e-11
-3.1483786306151673e-11
-2.929928302377268e-11
-2.7313130726128307e-11
-2.5409103202913678e-11
-2.3683335867963704e-11
-2.2024978093942427e-11
-2.052696318769719e-11
-1.9083521279396812e-11
-1.7784463631733683e-11
-1.6528822466780826e-11
-1.5403365430928843e-11
-1.4311664318772799e-11
-1.3337520775729175e-11
-1.2388799467407832e-11
-1.1546413333290143e-11
-1.0722288479268126e-11
-9.994526364983687e-12
-9.278897686247298e-12
-8.650769659187424e-12
-8.029554518830019e-12
-7.487962443011314e-12
-6.948857125101124e-12
-6.482368754071204e-12
-6.014634518947644e-12
-5.613281332436841e-12
-5.207553179422714e-12
-4.862649851803207e-12
-4.510765845080175e-12
-4.2147491783629245e-12
-3.909598147069351e-12
-3.655883259301922e-12
-3.391268638209479e-12
-3.174120142612062e-12
-2.9446376437208923e-12
-2.759053448473671e-12
-2.559980110172069e-12
-2.4015852747671355e-12
-2.2287771768855975e-12
-2.0937249236113565e-12
-1.943520423114358e-12
-1.828396849942768e-12
-1.6975214947629221e-12
-1.5992496641056227e-12
-1.4847178599605654e-12
-1.400455598595896e-12
-1.2994624542500661e-12
-1.2264861761671056e-12
-1.136280476301387e-12
-1.0718443161653496e-12
-9.895698856042377e-13
-9.30724945047684e-13
-8.532122141047763e-13
-7.965640981953033e-13
-7.200456382882118e-13
-6.614187056857433e-13
-5.811306794055091e-13
-5.150931186205757e-13
-4.247075438637354e-13
-3.4389442073905634e-13
-2.3475726551288496e-13
-1.296404928818041e-13
0.022907291041830688
0.022867456956511274
0.0228010169985449
0.022710980508246166
0.022599762652215725
0.022470895484426837
0.0223282239785286
0.02217605491448734
0.022019070191614303
0.02186194517742296
0.021709612240191925
0.021566591721131394
0.021437486320362343
0.021326138152125508
0.021236302526549337
0.02117070097658562
0.02113184554544141
0.021121035128726054
0.021139307020641002
0.021186407738557254
0.021261846947971248
0.021363860816219056
0.021490539592956524
0.021638791630445558
0.02180551317961177
0.021986555417808862
0.0221779053594926
0.02237465687945672
0.02257217544142974
0.022765076434994588
0.02294835273039652
0.023116367952346128
0.023263932887974487
0.023385325552347777
0.02347530838915018
0.023528189498124713
0.02353877623360661
0.02350149205882233
0.023411263450505544
0.02326270484989368
0.023050935501597043
0.02277084190666082
0.022417820535794695
0.021987124180099606
0.021474526361554846
0.020875755727863418
0.02018707882906644
0.019404825289919592
0.018525887214764048
0.01754733689902965
0.016466842942472977
0.01528238125307992
0.013992569566994196
0.012596471244196893
0.011093851228287372
0.009485070781803898
0.007771269153286875
0.0059543462216904595
0.0040370753768669216
0.0020231700235988537
-0.00008266593073929122
-0.0022745932156368717
-0.0045456431167254325
-0.0068875027503776986
-0.00929057432915374
-0.011743704666700295
-0.014234300965165857
-0.016748027121944082
-0.019268988322295646
-0.021779426800516654
-0.02425999732897256
-0.026689503778120953
-0.029045294366190813
-0.03130308349606713
-0.033437495001497994
-0.03542200722857696
-0.03722966099495481
-0.038833147359714736
-0.04020567361957953
-0.04132118349349205
-0.04215534191958892
-0.04268584122214247
-0.04289343033377756
-0.04276222615876335
-0.04228068448675414
-0.0414418131788728
-0.04024397021493589
-0.03869087333118336
-0.03679212236150703
-0.03456292305873215
-0.03202426748475696
-0.02920233576372782
-0.02612832385649265
-0.022837546577116685
-0.01936896432826544
-0.015764069441336445
-0.012066216886807401
-0.008319418651719765
-0.004567614354148549
-0.0008535139529346627
0.002782054741527296
0.0063011292453167495
0.009669078305501608
0.012855324031662256
0.015833557789427154
0.018582165462840194
0.021084181580613346
0.02332743151079689
0.025304256343700413
0.02701142313203311
0.028449681753142067
0.029623514139759104
0.03054059530052818
0.031211455445042956
0.0316489133981381
0.031867716095322754
0.031883999221034784
0.03171495253296295
0.03137834529562918
0.030892248341420406
0.03027464500315351
0.029543225077178503
0.028715087907828778
0.02780661108648207
0.026833242004384607
0.02580943554734253
0.024748523743261856
0.02366271154561134
0.022563010625041693
0.02145927994220337
0.020360208585617663
0.019273387523861717
0.01820532699313877
0.017161546938121653
0.01614661618456854
0.015164251053859653
0.01421736589066624
0.013308171693705205
0.012438230084128745
0.01160854617094624
0.010819620435676318
0.010071532197175754
0.009363985958569205
0.008696383612273718
0.00806786345240387
0.007477360615132208
0.006923638187519185
0.006405336324437339
0.005920995719455174
0.005469096430808393
0.005048074486840959
0.004656351761951515
0.004292346743531746
0.003954496899250041
0.0036412647070218768
0.003351153915044016
0.0030827118935629065
0.0028345410642458303
0.0026052985217413396
0.002393703741318386
0.0021985362756020473
0.002018640668438795
0.0018529228822933234
0.001700353171033536
0.0015599617515203686
0.0014308402293958472
0.001312136902673216
0.0012030571978049094
0.0011028588870471182
0.0010108518783657104
0.0009263935423620214
0.0008488881078616351
0.0007777822267823261
0.0007125641551857577
0.0006527596332692082
0.0005979309763506136
0.0005476733094864029
0.0005016136513461177
0.00045940751616510095
0.0004207380429909533
0.00038531295938956715
0.00035286378669477337
0.00032314314805767427
0.00029592406507028047
0.0002709975856992874
0.00024817217732912166
0.00022727164651026603
0.00020813462676398504
0.00019061276085934314
0.00017457027762247536
0.00015988240784531015
0.00014643504207195892
0.00013412335265036948
0.0001228515234490878
0.00011253155256731105
0.00010308304474293953
0.00009443217153841275
0.00008651151753064178
0.00007925917718569825
0.00007261864655770962
0.00006653803842089516
0.00006097001199963616
0.00005587109015821862
0.00005120162053867189
0.00004692518066946395
0.00004300856473733076
0.0000394212643435355
0.00003613547594158032
0.00003312564663763287
0.00003036849806582732
0.000027842628102939423
0.00002552854761672775
0.000023408330255302147
0.000021465659089020267
0.00001968551775720117
0.00001805424453272505
0.000016559259079323907
0.000015189121905255796
0.000013933291820123676
0.000012782189116364918
0.000011726979531610836
0.000010759639811337513
9.872764596284294e-6
9.059633283584768e-6
8.314036782527516e-6
7.63034481159398e-6
7.003349912226973e-6
6.4283345017015225e-6
5.90092991451908e-6
5.417182681541851e-6
4.9734266917525295e-6
4.566348291558284e-6
4.192869934291632e-6
3.850213794367431e-6
3.5357955052589886e-6
3.247286065010273e-6
2.9825144616983826e-6
2.739527712852084e-6
2.5165013459163428e-6
2.311797467127102e-6
2.1238822077487115e-6
1.9513817601856687e-6
1.7930060226270831e-6
1.6476025735674316e-6
1.5140858512310245e-6
1.3914890638263054e-6
1.2788983285192405e-6
1.1755025349977725e-6
1.0805319441592455e-6
9.933060380233594e-7
9.131761426884589e-7
8.395713092160764e-7
7.719445804730116e-7
7.098169560755585e-7
6.527269698886805e-7
6.002727980843677e-7
5.52064854516512e-7
5.077661049228514e-7
4.670474221481263e-7
4.296261719183617e-7
3.952240998015581e-7
3.636042551451374e-7
3.345312074683658e-7
3.0780637535282997e-7
2.8323039226324034e-7
2.606369066403646e-7
2.3985693646657336e-7
2.2075120570927277e-7
2.0317634372026024e-7
1.8701582166005625e-7
1.7214786741840625e-7
1.5847506383051465e-7
1.4589386254302422e-7
1.3432290380442512e-7
1.2367402384298273e-7
1.138793538482666e-7
1.0486372520094227e-7
9.657060301657166e-8
8.893580216404678e-8
8.191230846218144e-8
7.544522600683443e-8
6.949553682916804e-8
6.401620676037494e-8
5.897493210327669e-8
5.4331337216808416e-8
5.005875454033592e-8
4.6122452378153505e-8
4.250049246225881e-8
3.9162931146940456e-8
3.609179661109843e-8
3.326121090808955e-8
3.065652689974187e-8
2.8255322410284407e-8
2.604573505537246e-8
2.400828317561069e-8
2.213343487724771e-8
2.0404213517071683e-8
1.8813035507545125e-8
1.7345060930870515e-8
1.599433297993584e-8
1.4747836829743569e-8
1.3600971984994106e-8
1.2542284861687733e-8
1.1568303790511248e-8
1.0668912886153302e-8
9.841578010442099e-9
9.077331454153474e-9
8.374415792016069e-9
7.724850691036434e-9
7.127520288226283e-9
6.575295087622467e-9
6.0675872575709865e-9
5.598002100411808e-9
5.166384496398975e-9
4.7669758383742655e-9
4.3999737405265325e-9
4.060171636650642e-9
3.748052820923872e-9
3.4588911224137464e-9
3.1933993487583874e-9
2.9472705802344838e-9
2.7214001427801494e-9
2.5118481197820607e-9
2.319653085418066e-9
2.14119741827308e-9
1.9776301767924842e-9
1.8256177218160925e-9
1.6863923104684584e-9
1.5568714001659387e-9
1.4383477730318468e-9
1.3279617066046887e-9
1.227047715574739e-9
1.132944538601577e-9
1.0470128955801277e-9
9.667689594768497e-10
8.935868734215994e-10
8.251420547181242e-10
7.628115948373658e-10
7.044143828472949e-10
6.513219210408328e-10
6.014828597498257e-10
5.562562001117646e-10
5.137084041286012e-10
4.751804223339397e-10
4.3884608430586635e-10
4.0602388123970916e-10
3.749858549972839e-10
3.4702458234558394e-10
3.205022669531698e-10
2.9668291197935184e-10
2.7401178093377854e-10
2.537223071082941e-10
2.3433652751310697e-10
2.1705586013505756e-10
2.0047353169597124e-10
1.8575795577308466e-10
1.7156857126103702e-10
1.5904017491990674e-10
1.468939644113389e-10
1.362308168445625e-10
1.2582968925187346e-10
1.167574892266215e-10
1.0784732777413423e-10
1.0013229828514958e-10
9.249640284781423e-11
8.593924069546773e-11
7.939274023182074e-11
7.382345693798736e-11
6.820854038946083e-11
6.348205361533164e-11
5.866388809924397e-11
5.4656241001307556e-11
5.051946228355416e-11
4.7124562308986136e-11
4.3570234508304493e-11
4.0697012949554804e-11
3.763996201592435e-11
3.520986089114973e-11
3.2576289123598926e-11
3.0520981893850025e-11
2.8246267617686456e-11
2.65055136172536e-11
2.4532089501935017e-11
2.305160667412784e-11
2.1326789455789846e-11
2.0056002869518753e-11
1.852961254764056e-11
1.7419092448833605e-11
1.6040644508844458e-11
1.5038980202971042e-11
1.3754151415993922e-11
1.280390556195579e-11
1.1549849639388263e-11
1.0582086054699111e-11
9.280991137551524e-12
8.207645580887966e-12
6.757658738536954e-12
5.460756776672209e-12
3.723881433793071e-12
2.0518763391135283e-12