3.814927755360626e-8
1.0712973643916744e-6
5.721263145040477e-6
0.000017970847025945987
0.000043817284953337765
0.00009048420437877148
0.00016696163147636388
0.0002834111134285594
0.0004515153751911374
0.0006839948584240398
0.000994833838442404
0.0013988811493028793
0.0019119862044213961
0.0025506745872090073
0.0033322132276644508
0.004274358662420681
0.005395362365816105
0.006713791495904902
0.008248479457448938
0.01001841849575125
0.012042655921671908
0.014340256381861663
0.01693014056782939
0.019831113233182204
0.02306163869135042
0.0266399292415671
0.030583650459805364
0.03491006402483876
0.03963565583288262
0.04477632752554301
0.050346941853419376
0.05636155860617463
0.06283289436070329
0.06977260096942846
0.07719064068092166
0.08509560867768481
0.09349402923675344
0.10239072768641586
0.11178805831433958
0.12168633504012985
0.1320830065683882
0.14297315842576586
0.15434865468591702
0.16619872610608763
0.17850909989962863
0.19126268888590237
0.20443873065521329
0.21801359046798532
0.23195992842261368
0.24624762419668766
0.26084298557202856
0.2757097963336474
0.2908085722752725
0.30609772543964037
0.3215328654865534
0.3370680650895991
0.35265519651768584
0.36824527564970405
0.38378781703741927
0.399232228791079
0.4145271652597432
0.42962194275583143
0.4444658678803721
0.4590096449730377
0.4732046600711281
0.4870043548432385
0.5003634507452501
0.5132392703167291
0.5255908924427993
0.5373804092626394
0.5485720105142945
0.5591331718241122
0.5690336728459668
0.5782467193654163
0.5867479054645093
0.5945162769411381
0.6015332514663254
0.607783633906525
0.6132545101998972
0.6179362262794591
0.6218212713422563
0.6249052315231808
0.6271856767814031
0.6286630987630125
0.6293398131874196
0.6292208889568793
0.6283130751163747
0.6266257255628522
0.6241697566035284
0.6209585687095247
0.617007037430291
0.6123324304775347
0.6069534311918234
0.6008910457786547
0.5941676546924941
0.5868079012268024
0.5788377624019851
0.5702854068418045
0.5611802737236362
0.5515538858091644
0.5414389236979804
0.5308699800003239
0.5198826174319039
0.5085140531401036
0.4968021935198126
0.4847862436911918
0.4725057189283735
0.46000098241492654
0.4473122416084126
0.4344800260667236
0.421544185068603
0.40854432455377654
0.3955188279703403
0.38250527549685154
0.36953951202259055
0.3566560718993066
0.34388731577097265
0.3312638802583959
0.3188138996680828
0.30656349330218957
0.29453608028505807
0.28275290921357776
0.27123246613137636
0.25999104363110764
0.24904223487912075
0.23839753331460806
0.22806590056544435
0.21805438422633822
0.208367744869633
0.19900907809225823
0.18997948543406998
0.18127868757841742
0.1729047253188194
0.1648545528607896
0.1571237573655623
0.14970712407283232
0.14259836577515228
0.1357906544014562
0.12927635455295838
0.12304751885829465
0.11709562211920979
0.11141201994386483
0.10598768195631258
0.10081361485244224
0.09588059449188982
0.09117955561960067
0.08670132353199633
0.08243697334307781
0.07837756238822091
0.07451446218836845
0.07083909292617156
0.0673432312774429
0.06401874826047735
0.06085789595062061
0.05785304984378816
0.05499697721974729
0.05228258493583046
0.04970317191053544
0.04725218301614342
0.04492344785292383
0.04271094116779991
0.04060900980362345
0.038612139851519685
0.03671517340204357
0.0349130824493406
0.03320117684702922
0.03157488482517444
0.030029953364343432
0.02856223506041868
0.02716788197354506
0.025843138477906168
0.02458452951484576
0.023388658990902124
0.02225239326230119
0.021172664590608604
0.02014665060508001
0.019171582287278183
0.018244920094723244
0.017364165920189113
0.016527036511475097
0.0157312788347869
0.014974841388484084
0.014255692390443653
0.013571989556021923
0.012921900524544939
0.012303771651613777
0.011715950088223988
0.011156952123465697
0.010625286329970347
0.010119621983856408
0.009638612691257147
0.009181065407142797
0.00874576395884232
0.008331639183470881
0.007937591765061067
0.007562664011215504
0.007205861420296283
0.0068663266212367425
0.006543159085893715
0.006235591761416182
0.005942808340113255
0.0056641231211970525
0.005398795246207432
0.005146212336189339
0.004905701094716255
0.004676715277544344
0.004458642057507765
0.004250994896364252
0.004053215056235276
0.0038648699576910935
0.0036854492109287575
0.0035145690601426347
0.003351762294226234
0.0031966893951578625
0.0030489216726415636
0.00290815975362866
0.0027740092679459085
0.0026462073372152005
0.002524390119117644
0.0024083279769077344
0.002297684168490365
0.0021922594025152193
0.0020917409348524055
0.0019959572439598038
0.0019046167715850834
0.0018175734787902772
0.0017345544397304692
0.0016554370704708952
0.0015799647544350675
0.001508036569044223
0.0014394100888203696
0.0013740044699953914
0.0013115895422361901
0.0012521031488048554
0.0011953256003495645
0.0011412122080490868
0.0010895521328091963
0.0010403170911964432
0.0009933035905865379
0.0009484988326973172
0.0009057052796644384
0.0008649248277336844
0.0008259646007740951
0.0007888405173065785
0.0007533631564927203
0.0007195618952976041
0.0006872496373789376
0.0006564687539432648
0.0006270334080751373
0.0005989985928944348
0.0005721787225644086
0.0005466411248401709
0.0005221995051365685
0.0004989333176370782
0.00047665464020886565
0.00045545491910519266
0.0004351437200193126
0.000415824416221195
0.0003973032044728872
0.0003796953853945349
0.00036280295211357723
0.0003467531949608007
0.00033134308539880023
0.00031671202500524747
0.0003026511572105852
0.00028931217316935024
0.0002764795888996267
0.0002643176182945671
0.0002526033531693472
0.00024151381658712155
0.00023081787780902626
0.00022070570755812417
0.0002109371486912281
0.00020171590926685787
0.00019279199262554173
0.0001843830844570933
0.0001762285225950974
0.0001685604610055844
0.00016110672965019576
0.00015411449176011243
0.00014729920729021913
0.00014092364032421208
0.0001346899955780032
0.0001288772806714825
0.00012317353348154314
0.00011787469967540108
0.0001126537090800141
0.00010782419270438175
0.00010304299828046092
0.00009864224340722472
0.00009426168361415817
0.00009025277967484003
0.0000862371455008693
0.00008258649855027741
0.00007890321911124252
0.00007558025355585051
0.0000721996106238583
0.00006917649854577562
0.0000660713672768555
0.0000633227827584747
0.00006046839614768385
0.000057971292256655553
0.000055345027091656676
0.00005307843340380345
0.00005065961570024851
0.00004860445445033073
0.00004637418254173118
0.00004451310166840491
0.00004245408530176289
0.000040771306819825256
0.00003886772076199757
0.000037348903047684423
0.00003558625385139622
0.000034218366556682024
0.000032583371259999194
0.0000313545816945632
0.000029835057345600563
0.000028734627278920067
0.000027319390280514074
0.000026337582209884692
0.000025016356573693626
0.00002414434859858475
0.000022907682280792952
0.000022137490801044427
0.000020976679374335282
0.000020301088907775836
0.000019208105886194974
0.00001862060536240259
0.00001758803856566024
0.00001708276351820732
0.00001610375691428352
0.00001567543704184439
0.000014743637559504705
0.00001438754918334886
0.000013497058032401379
0.000013208981014427817
0.000012354309095307992
0.000012130487827361525
0.00001130651484783205
0.000011143622954441045
0.000010345559905714325
0.000010240668342946341
9.464023020028034e-6
9.41457127451526e-6
8.655116553692492e-6
8.658886679429055e-6
7.912631289349884e-6
7.96772454371093e-6
7.23088609272601e-6
7.335701953714511e-6
6.604681995098992e-6
6.757899363815111e-6
6.0292602995998155e-6
6.229820711052746e-6
5.500264353638146e-6
5.747357034363405e-6
5.0137046586323615e-6
5.306753286809252e-6
4.565927022128988e-6
4.904578059342883e-6
4.15358348130763e-6
4.537695956386697e-6
3.7736057507352526e-6
4.203242389334464e-6
3.4231809709756916e-6
3.89860057747538e-6
3.0997295547495733e-6
3.621380557880518e-6
2.8008849468627526e-6
3.3694000319670928e-6
2.524475124741882e-6
3.140666884915287e-6
2.2685056883161003e-6
2.9333632341574062e-6
2.0311444006017238e-6
2.7458308683479414e-6
1.810707046985777e-6
2.576557964409426e-6
1.6056445008457516e-6
2.4241669634261555e-6
1.4145308879784413e-6
2.2874035090385563e-6
1.2360527513384063e-6
2.165126356206011e-6
1.0689991307137422e-6
2.0562981650601276e-6
9.122524770539929e-7
1.9599771070751635e-6
7.647803240288306e-7
1.8753092104587632e-6
6.256276539067726e-7
1.8015213830681374e-6
4.939098942464064e-7
1.7379150432415754e-6
3.6880639623406917e-7
1.6838595756567e-6
2.49548535717194e-7
1.6387394374807785e-6
1.3503618515797816e-7
1.5989474830942066e-6
-8.179976918438935e-9
-2.5377521564731014e-7
-1.385031766410449e-6
-4.504121957533198e-6
-0.000011446121565433467
-0.0000248342738439316
-0.00004837549939981471
-0.00008709995930011854
-0.00014757579586909957
-0.00023829595004557782
-0.00036974056623616356
-0.0005548775269911739
-0.000808990501044535
-0.00115026424848341
-0.00159930009284339
-0.0021797697944976684
-0.0029175555367855705
-0.0038414774766017787
-0.004982019529193438
-0.006372163075618441
-0.008045688699664691
-0.010038177214211876
-0.01238490546214145
-0.015122099892793152
-0.018284465640478934
-0.02190679161450798
-0.026021161327340107
-0.030659007731545094
-0.03584804891316954
-0.041614874295447184
-0.04798162860948362
-0.054969180416734355
-0.06259354720764455
-0.070869657374853
-0.0798074740254099
-0.08941631964259888
-0.0997006238407406
-0.11066474379042678
-0.12230823915887926
-0.13463109779793736
-0.14762843516955668
-0.16129602825059497
-0.17562434952211672
-0.19060432369842903
-0.20622063713011546
-0.22245765976904547
-0.23929201595187038
-0.25669865359622673
-0.27464271644228283
-0.29308578848214883
-0.3119771651175388
-0.33126034806947524
-0.3508638683005385
-0.3707081505018627
-0.39069608918780574
-0.41072043774518646
-0.43065437567156506
-0.4503595997350817
-0.46967713870894645
-0.48843632690143335
-0.5064461159553458
-0.523505087063233
-0.539393471248863
-0.5538843010588068
-0.5667362783769202
-0.5777060788915329
-0.5865421028178192
-0.5929978320078507
-0.5968263736294697
-0.5977946428367334
-0.5956784777649201
-0.5902772969174735
-0.5814094436997469
-0.5689268646020573
-0.5527102497706745
-0.5326832105402107
-0.5088067321430947
-0.4810923073996665
-0.44959521656610735
-0.4144261036593233
-0.3757426505943142
-0.33375916626386953
-0.28873632918019404
-0.2409884979932567
-0.19087135891471685
-0.13878685867863744
-0.08516880673909911
-0.03048557113418477
0.024776060597983256
0.08011001306859136
0.13500823011781896
0.1889609584780366
0.24147440572263168
0.29207128566531565
0.34030784464638947
0.3857736696452286
0.4281070661857233
0.46699317360416703
0.5021768095550864
0.533458151348521
0.560702458843479
0.5838329437927487
0.6028372001811829
0.6177573299553756
0.6286933655801519
0.6357911569587124
0.6392434671683703
0.6392764567250376
0.6361493855062554
0.6301406891310662
0.6215472825430823
0.6106711888071452
0.5978193183449221
0.5832914127400239
0.5673809187734605
0.5503647147953981
0.5325053857072891
0.5140428850353437
0.49519822057489815
0.4761669378140238
0.457124000269568
0.4382187990821778
0.41958088161401164
0.40131610772065307
0.3835128417499029
0.366238874442665
0.34954772545950613
0.3334760045892728
0.31804954555532733
0.3032809625723346
0.28917542462537044
0.27572824983900224
0.2629302130098774
0.2507650953889731
0.23921448581625232
0.2282552601369503
0.21786388397435907
0.20801383305654167
0.1986794345693914
0.1898332598417119
0.18144955503923718
0.17350164519573913
0.16596500820551163
0.15881472845695144
0.15202826474761522
0.1455829864454502
0.1394586792993349
0.13363518980509476
0.12809470513398433
0.12281952395591489
0.11779413921288849
0.11300314701788647
0.10843315445278087
0.10407083274340277
0.09990466691830223
0.09592315533805269
0.09211641389495485
0.08847452103912941
0.08498898608888693
0.08165123694563127
0.07845395982122885
0.07538972565930405
0.07245220697004667
0.06963493837301067
0.06693241509082368
0.06433898283235903
0.0618498216893504
0.05945996065788721
0.05716515009934869
0.05496099645197535
0.052843725979968004
0.05080943558605699
0.048854750224760796
0.04697618614185991
0.04517070403051786
0.043435181462909755
0.041766863598775905
0.040162942016631675
0.03862090452691413
0.03713821804536329
0.03571257880769395
0.034341697347973134
0.03302345015592719
0.03175576522670938
0.030536675941734776
0.029364306041512758
0.028236826247076602
0.027152537877327552
0.02610973245780152
0.025106873560305967
0.024142359372825696
0.023214802680894236
0.022322696094227885
0.021464790423604278
0.02063966197947976
0.019846189920804076
0.019083024758142355
0.018349165568916387
0.017643328550043122
0.01696462530905329
0.016311830021534905
0.01568416031706649
0.015080441304952584
0.014499990883889865
0.013941678603028229
0.01340491753296544
0.012888615630918518
0.012392276619912046
0.011914841223950213
0.011455899815345486
0.011014420575718368
0.010590076989146843
0.010181859671536788
0.009789522106214019
0.009412072565006624
0.009049341810536543
0.00870035120373795
0.008365006431141004
0.008042337559045936
0.007732323183813763
0.007433997850271699
0.0071474113731523365
0.006871598683658022
0.006606679428756099
0.0063516849478749615
0.006106803625693254
0.005871059327098634
0.005644708359332719
0.005426763307403442
0.005217547855202513
0.005016059563718511
0.004822689207904128
0.004636415626373086
0.00445769665150147
0.004285488732834681
0.004120316972290464
0.00396111178014201
0.0038084659809741947
0.003661280298917136
0.0035202159704716203
0.0033841403764698977
0.0032537840869088985
0.0031279774597296585
0.0030075215500816256
0.0028912059778923877
0.0027799036629809768
0.0026723597244473047
0.0025695205532705275
0.0024700829447110266
0.002375068594728098
0.002283122079212382
0.0021953424605856845
0.002110318115392362
0.0020292277627594864
0.0019505995036183546
0.001875694234867815
0.0018029755972318157
0.0017337894203239895
0.0016665305792277836
0.001602632827993351
0.0015404178385470145
0.001481410522496843
0.0014238547658752035
0.0013693701169882329
0.0013161179360040001
0.0012658161388512475
0.0012165386499511993
0.001170105741524653
0.0011244988099445754
0.0010816447369381055
0.0010394271025433942
0.000999883924039909
0.0009607954679060206
0.0009243156935050994
0.0008881158335865686
0.000854470886069588
0.000820937093134198
0.000789915887301407
0.0007588423122574759
0.0007302499408550319
0.0007014461443420178
0.0006751026631919429
0.0006483924408911845
0.0006241317462408287
0.0005993520420512373
0.0005770208322529453
0.0005540207328017783
0.0005334775496502131
0.0005121173545184477
0.0004932316963154378
0.00047338205765065536
0.0004560335609757265
0.00043757468782223947
0.00042165237046728864
0.00040447329248230793
0.00038987485496481413
0.00037387274137861976
0.0003605039216194785
0.00034558345100100445
0.0003333574282179428
0.00031943020550913824
0.0003082670499605917
0.00029525106713177373
0.0002850772321988408
0.00027289636835233335
0.0002636442220361782
0.0002522277815138501
0.0002438351736420952
0.00023311745796237456
0.000225527321135966
0.0002154472328565408
0.0002086072147302267
0.00019910789041046296
0.00019297001385732218
0.00018399848379924315
0.00017851883482263245
0.00017002570816247514
0.00016516414758704063
0.00015710332039547587
0.00015282321819782825
0.00014515160219085162
0.00014141959389641303
0.00013409686547927866
0.0001308826269079933
0.00012387099353227828
0.0001211470345800141
0.00011441101837112871
0.00011215249310786351
0.00010565872926527272
0.00010384326180250828
0.00009756031165186331
0.00009616783618392693
0.00009006601281665438
0.00008907862736258203
0.00008312983314256658
0.00008253166544937423
0.0000767092407456665
0.0000764863261070083
0.00007076490790945895
0.00007090507729284476
0.0000652604674033174
0.00006575324555220524
0.000060162287062707756
0.000060998800271260136
0.0000554392616933529
0.0000566121541544393
0.00005106262081126923
0.000052565978793155076
0.00004700575078685261
0.000048835034421159576
0.00004324403015359946
0.00004539601226781276
0.000039754677993083184
0.00004222738947799843
0.000036516613370068956
0.000039309295011698954
0.00003351032518062642
0.00003662338503434719
0.00003071775289821878
0.00003415272880832844
0.00002812217481305325
0.000031881702919763115
0.000025708105657495115
0.00002979589289636746
0.000023461202006545007
0.00002788200360220828
0.000021368174321461752
0.000026127775318503584
0.000019416705745729782
0.000024521907498117073
0.000017595377164533685
0.000023053986500882374
0.00001589359790160388
0.000021714420908385124
0.000014301541590685653
0.00002049438059346081
0.000012810085977991214
0.000019385740812918715
0.000011410759201161532
0.000018381030582170764
0.000010095688050549352
0.000017473384844119226
8.857551163300795e-6
0.000016656501008189
7.689535438324736e-6
0.00001592459781518415
6.58529534184149e-6
0.000015272378257579212
5.538915734811959e-6
0.000014694995183693801
4.544877487846363e-6
0.000014188019476953017
3.598024920732697e-6
0.000013747410527418403
2.6935355299706622e-6
0.00001336948416315016
1.8268479191247202e-6
0.000013050535296455206
9.908427495644334e-7
0.00001276465368469862
-1.5025051652112723e-7
-4.1742988217254234e-6
-0.000022258376049461328
-0.00006971055777782434
-0.00016937173594449423
-0.0003481827252384078
-0.0006391346103273762
-0.0010783460355767484
-0.001706375710166788
-0.0025654814998735307
-0.003700676110613344
-0.005157064997650853
-0.006980887669935871
-0.009216902985893415
-0.011909585697509432
-0.015100547973649809
-0.018830004069097062
-0.02313421084946478
-0.028047261795000993
-0.03359851057138558
-0.039814708438278335
-0.04671735258062456
-0.05432514129991627
-0.06265116991867845
-0.07170564977233373
-0.08149286464029583
-0.09201408609927177
-0.10326420666622596
-0.11523478781474457
-0.127910304371336
-0.1412712827124626
-0.15529012402113068
-0.16993432665225772
-0.18516190054873602
-0.2009247146476584
-0.21716356543149468
-0.23381174036290794
-0.25078985247397384
-0.26800975529866383
-0.28536929363928226
-0.30275673487262184
-0.32004560474199145
-0.3370998057688705
-0.35376869910076425
-0.36989305743817924
-0.3853005163694214
-0.3998124557903281
-0.4132398788893288
-0.4253912374891601
-0.43606871198097175
-0.44507690317352344
-0.45221939515685394
-0.45730814398784086
-0.46016012336519446
-0.46060716466936374
-0.45849242719839317
-0.4536803980079931
-0.44605290488690275
-0.4355189760856744
-0.42201012958386225
-0.40548982359484986
-0.38594780780897886
-0.3634089606150189
-0.3379265689312115
-0.30959043724587293
-0.2785190598724724
-0.24486698605009014
-0.2088159463103039
-0.1705815502681076
-0.13040351012532755
-0.08855181628329695
-0.04531624992399983
-0.001012211949312446
0.044030277677422715
0.08946093692035634
0.13492057664176527
0.18003553852446835
0.22442931762242058
0.2677170560533368
0.3095174288733874
0.3494472448955835
0.3871336536735873
0.4222089466640508
0.4543231546665573
0.4831391238873204
0.5083455148489554
0.5296521378957844
0.5468032360722827
0.5595729140199772
0.5677784113808225
0.5712752812443871
0.5699701805586567
0.5638152992474287
0.5528200645857474
0.5370442444779028
0.5166079356033249
0.4916828080778089
0.4624998557144716
0.4293384326559026
0.3925314900019104
0.35245236067934144
0.3095175540151157
0.26417161910600545
0.21688794860139265
0.16815241268367237
0.11846294887485126
0.06831292192484598
0.018190467672041057
-0.03143736863791404
-0.08012455881638558
-0.12746021776874772
-0.17306700279265844
-0.2166128112259021
-0.25780717279856297
-0.29641019393991475
-0.3322268415460319
-0.3651131932797893
-0.39496886295381994
-0.4217409359940505
-0.44541504337273
-0.4660175634775865
-0.4836059784801404
-0.49826999210322576
-0.510121801583797
-0.5192967327452185
-0.5259439622375753
-0.530227145199253
-0.5323159692255224
-0.5323870897150245
-0.530616730919895
-0.5271820873045683
-0.5222550394897472
-0.5160040512461286
-0.5085889566374546
-0.5001632925169773
-0.4908700425261318
-0.4808442941291719
-0.4702097912470997
-0.4590817862158935
-0.44756424707895537
-0.43575277893279746
-0.42373234449460656
-0.4115801468189217
-0.39936374404709823
-0.38714380889151684
-0.3749725439460511
-0.3628962573551051
-0.3509540094843679
-0.3391799656774055
-0.3276022261456263
-0.3162449342066609
-0.3051272580794366
-0.2942652461557709
-0.2836709420151554
-0.27335398745399075
-0.2633208609771732
-0.2535762351680179
-0.24412233488623503
-0.2349600588514299
-0.22608845750699988
-0.21750563011790655
-0.20920832439710724
-0.201192620571647
-0.19345365593603903
-0.18598610668377819
-0.1787840409521916
-0.17184120809087067
-0.16515102377708288
-0.15870667504008873
-0.15250124085379785
-0.1465276198050126
-0.14077878934772584
-0.13524756159363022
-0.1299269841997901
-0.1248099284311221
-0.11988963450863636
-0.11515913485665163
-0.11061194667672569
-0.10624133216486674
-0.10204114109852419
-0.09800490878913981
-0.09412685156829351
-0.09040080231659565
-0.08682136191374926
-0.08338267133336637
-0.08007972236632754
-0.07690696449637888
-0.07385977850249066
-0.07093291560550663
-0.06812213790329773
-0.06542248659858553
-0.06283009361129584
-0.060340275043109015
-0.05794951873826932
-0.05565339851874936
-0.05344874291043352
-0.051331365079261074
-0.049298418420334354
-0.04734593652124941
-0.04547138181594633
-0.043670989310031334
-0.04194251502079304
-0.04028237660382586
-0.03868860885054375
-0.0371577937517631
-0.03568823088808493
-0.03427664885757176
-0.03292159898144058
-0.031619939405015444
-0.03037046114421641
-0.029170135532690943
-0.028017982265909732
-0.026911070217196673
-0.025848637782292874
-0.024827836418323278
-0.023848114267495946
-0.022906691079263155
-0.022003216789280425
-0.021134965772318215
-0.020301782776601683
-0.0195009837140477
-0.018732602102063185
-0.017993982828973163
-0.017285343041712295
-0.016604044521955144
-0.015950483771920612
-0.015322027809339389
-0.01471924904761493
-0.014139508457545401
-0.013583551718860207
-0.01304872279283392
-0.012535938748459942
-0.012042515849421674
-0.01156954141360146
-0.01111429354396425
-0.010678029379954865
-0.010257978579768573
-0.009855568366217
-0.009467969802007892
-0.00909678112347147
-0.008739104738684667
-0.008396711479853424
-0.008066625087849886
-0.0077507912112294896
-0.0074461449209582125
-0.007154809524965276
-0.006873621391354221
-0.006604884945868337
-0.006345327752674662
-0.006097439422195652
-0.00585782850694011
-0.005629174473481772
-0.005407956513244526
-0.005197049222203599
-0.0049927919042496716
-0.004798260160197627
-0.0046096426673582136
-0.004430222510790572
-0.004256026756949218
-0.004090553064475574
-0.003929655621700047
-0.003777054366576974
-0.00362841902861692
-0.003487700154462415
-0.003350371085361632
-0.0032206219417821574
-0.003093717363788323
-0.0029740966610707588
-0.0028568030402574968
-0.0027465352790587956
-0.0026381019683817354
-0.0025364723112665482
-0.0024362066126642156
-0.002342556159082475
-0.0022498187751000907
-0.00216354020896173
-0.002077741050877006
-0.0019982746314378018
-0.0019188689557981134
-0.0018456988246624987
-0.0017721836726374194
-0.0017048344515408773
-0.001636745366065024
-0.0015747790235315794
-0.0015116870241614728
-0.0014546999879928547
-0.0013962087811835886
-0.0013438292798771546
-0.001289572687556143
-0.0012414583002913037
-0.0011910978882369325
-0.0011469332886220173
-0.0011001561791593025
-0.0010596510567960882
-0.0010161679113666541
-0.0009790550572597475
-0.000938598215719301
-0.0009046317595533001
-0.0008669535235406109
-0.0008359073086930278
-0.000800778357285185
-0.000772444446027286
-0.0007396523739861982
-0.0007138396700762246
-0.0006831876378115989
-0.0006597206189221741
-0.0006310261064273049
-0.0006097436568449077
-0.0005828373136830381
-0.000563591649633644
-0.0005383162315005223
-0.0005209719127550067
-0.0004971812996057637
-0.0004816143194533799
-0.0004591726082132392
-0.00044526955702314385
-0.00042405022135413
-0.00041170751719641507
-0.00039159263197406814
-0.00038071581324100113
-0.0003615953361266173
-0.00035209841152503135
-0.00033386951777252097
-0.0003256743697187487
-0.00030824083612673967
-0.0003012766731393447
-0.0002845483075645998
-0.0002787511615665177
-0.0002626432733651698
-0.00025795553838053604
-0.00024238844730000816
-0.00023875845889544163
-0.00022365703786262028
-0.00022103868605343607
-0.0002063319385834847
-0.0002046843149363155
-0.00019030497916332515
-0.00018959205548663564
-0.00017547623675135272
-0.00017566657104885975
-0.00016175339903101352
-0.00016281986787747204
-0.00014905117639119042
-0.0001509707337033902
-0.00013729076084634004
-0.00014004421723009332
-0.00012639932524397885
-0.00012997114985274872
-0.00011630956152630789
-0.00012068770400635444
-0.00010695925486456785
-0.00011213498411997844
-0.00009829089002922244
-0.00010425865229435489
-0.00009025128806792962
-0.00009700857973535501
-0.00008279127149170518
-0.00009033852773384197
-0.00007586535455367871
-0.00008420585136384128
-0.00006943145729334312
-0.0000785712279351007
-0.000063450641854292
-0.00007339840442384782
-0.00005788686863936935
-0.00006865396659000357
-0.00005270677042206839
-0.00006430712488669885
-0.00004787944596810483
-0.000060329516466927233
-0.00004337626681243276
-0.000056695024058293625
-0.00003917069997248277
-0.00005337960709336546
-0.000035238143347230804
-0.0000503611480570811
-0.00003155577555208196
-0.00004761930932641626
-0.000028102414295021696
-0.000045135400826468385
-0.000024858387870461825
-0.00004289225991372022
-0.000021805414316215178
-0.00004087413901001286
-0.000018926491162248027
-0.000039066601609955966
-0.000016205793303346223
-0.00003745642973198445
-0.000013628577142488137
-0.000036031533707180814
-0.000011181093506359487
-0.000034780874149501213
-8.850505454621656e-6
-0.000033694386093579376
-6.624812419049877e-6
-0.00003276289707859723
-4.492669797103657e-6
-0.00003197720038023411
-2.4364588278846418e-6
-0.000031273516527079135