0.0006194724206148244
0.002482449833275517
0.005562503716323752
0.009862976166759943
0.01533540733913889
0.021973664481275176
0.029712901217522764
0.03853728866503288
0.048368073343397044
0.05918046298252794
0.07088418474101739
0.08344674477778963
0.09676874438403653
0.11081149600700534
0.12546881849707278
0.14069739636187595
0.15638647599492136
0.1724896014255491
0.1888934491099266
0.20554973922167463
0.22234432448287747
0.23922819577034568
0.2560878541079972
0.2728744206221865
0.28947625557656764
0.3058452552700784
0.3218726291119938
0.33751152580920146
0.3526568333536848
0.36726332763109254
0.3812303170463646
0.394514551219502
0.40702048915858596
0.4187072460888687
0.42948521971935966
0.4393163912441788
0.44811799705435257
0.4558555371561765
0.462454128879789
0.46788361390661465
0.47207817583092065
0.47501297717916247
0.47663256427721173
0.47691850955092596
0.47582706567597727
0.4733473374483316
0.469448583642357
0.4641284979719204
0.4573704926429507
0.44918173008380985
0.4395606579896343
0.42852450260232594
0.4160872619458943
0.4022764466562325
0.3871216764615379
0.370660534208321
0.35293785029758457
0.3340006172384071
0.31390798717527485
0.29271527528256724
0.2704946360500061
0.24730826144547258
0.22323964176267813
0.19835613653952103
0.1727506653968578
0.1464938947723573
0.1196861436544305
0.09239948670003668
0.06473959990014379
0.036778130810602626
0.008624151089538262
-0.019652811786672688
-0.04794210326066549
-0.07617781579627954
-0.104249337946352
-0.132095667264392
-0.1596076645581533
-0.18673030713806227
-0.21335717322835426
-0.23944010763488907
-0.2648764955606187
-0.28962578496754965
-0.3135901376972789
-0.3367372266911123
-0.3589748758161291
-0.3802795260809446
-0.40056549441829853
-0.41981848161556956
-0.4379600948285294
-0.4549857516113194
-0.47082512112711555
-0.48548376375269403
-0.49890015148834566
-0.511090371407199
-0.5220023862059623
-0.5316631227104084
-0.5400306286042019
-0.5471428651573808
-0.5529684061657691
-0.5575562584678736
-0.5608857348451756
-0.5630166385701897
-0.5639389246355743
-0.5637226072855696
-0.5623678044833246
-0.5599537610969013
-0.5564898502656829
-0.5520631492226425
-0.5466909473672464
-0.5404663645575702
-0.5334128874214157
-0.5256275779788525
-0.5171381248033405
-0.5080432491487005
-0.4983727142662891
-0.48822459336834956
-0.47762862826056107
-0.46668007624385105
-0.45540674945557524
-0.44389920545748557
-0.4321817340229527
-0.4203386992057966
-0.40838967437731083
-0.3964117832309842
-0.3844191203422811
-0.37248097609189096
-0.36060562193243784
-0.3488543404291684
-0.3372296037528121
-0.32578486513643007
-0.31451711671767596
-0.30347243232778875
-0.2926428565691045
-0.2820677202819137
-0.27173478591012973
-0.2616773854504165
-0.25187972665499186
-0.24236992810395788
-0.2331293754787916
-0.2241817492162732
-0.21550630891571645
-0.20712302572178515
-0.19900966503143364
-0.19118314845965914
-0.18362029970170754
-0.1763355699968353
-0.16930530875319252
-0.16254199229152824
-0.15602187925643307
-0.14975588559438854
-0.14372048454879793
-0.13792537180184225
-0.13234747073716183
-0.12699553091312504
-0.12184710107326478
-0.11691020202536011
-0.11216313241200247
-0.10761335398905005
-0.10323999828511334
-0.09905009848706395
-0.09502366868409044
-0.0911674123037255
-0.08746224953614111
-0.08391462769975971
-0.08050637657276796
-0.07724374134032036
-0.07410944983570002
-0.07110958393577813
-0.06822774706052397
-0.06546988511769167
-0.06282044696593764
-0.06028526132082874
-0.05784958720467034
-0.05551914865491724
-0.05327997642416314
-0.05113769790755345
-0.04907907548927743
-0.04710964484689146
-0.045216859343637734
-0.04340616578683444
-0.04166566812219486
-0.0400007258274681
-0.03840005386458724
-0.0368689251814166
-0.035396627413054174
-0.033988347443882835
-0.03263390871701065
-0.03133841247372482
-0.030092182728772954
-0.02890023565120218
-0.02775336229380454
-0.026656494603595624
-0.025600858858577047
-0.02459130399250994
-0.023619461394560778
-0.02269009859587459
-0.021795223631806384
-0.020939524661214102
-0.02011535948145118
-0.019327339329337424
-0.018568146380824855
-0.017842317809364974
-0.017142836200228898
-0.016474167911691727
-0.01582957329349181
-0.015213451503300479
-0.014619319244787283
-0.014051512430856549
-0.013503783854166018
-0.0129804104544604
-0.012475361907916973
-0.011992860743729232
-0.011527075292866219
-0.011082178504264881
-0.010652520032814342
-0.010242228323772497
-0.009845817848106909
-0.009467377851048286
-0.00910157186413675
-0.008752455446396145
-0.008414826120147819
-0.008092711467640899
-0.007781028555213333
-0.007483782881135207
-0.007195997173090647
-0.006921660911513361
-0.006655889111458427
-0.00640266146712899
-0.006157172363569945
-0.0059233980999474104
-0.005696599921476361
-0.005480757279076806
-0.005271186129659835
-0.00507187577606007
-0.0048781850561310505
-0.004694119977565063
-0.004515070704861623
-0.004345066957232974
-0.0041795189088684745
-0.004022487153237592
-0.0038693907574304594
-0.0037243285116648293
-0.003582717423885253
-0.003448701968209748
-0.003317686272281739
-0.0031938681519955055
-0.0030726281319767507
-0.0029582252056357078
-0.0028460056390975353
-0.002740297625055687
-0.0026364025527716712
-0.0025387260311449293
-0.002442513962178624
-0.002352257793105711
-0.0022631373079182488
-0.0021797384304443855
-0.0020971641479392757
-0.002020103727004344
-0.001943572604435658
-0.0018723724963068972
-0.0018014204337029954
-0.001735639942799622
-0.0016698386660419185
-0.0016090715684696259
-0.0015480257674285035
-0.0014918975786997258
-0.001435242278886274
-0.0013834077452617138
-0.0013308058933259475
-0.0012829466880057254
-0.0012340869331199473
-0.0011899095401354369
-0.0011445041948501425
-0.001103737964989764
-0.0010615211305692028
-0.0010239164950247735
-0.0009846423375518781
-0.0009499691661996227
-0.0009134103309169709
-0.0008814564232686804
-0.0008474025756938165
-0.0008179722735748864
-0.0007862287569011181
-0.0007591416688499853
-0.0007295282680353714
-0.0007046180962610354
-0.000676967900021981
-0.0006540813615391002
-0.0006282397142010176
-0.0006072355484686993
-0.0005830590843089233
-0.0005638071403438144
-0.0005411628936748795
-0.0005235432902048348
-0.0005023078750124877
-0.00048621022777142173
-0.0004662690812352381
-0.000451591791998276
-0.0004328384766975264
-0.0004194880791024464
-0.0004018236391356043
-0.0003897141967509738
-0.0003730465633941059
-0.00036209911587379575
-0.00034634255876249864
-0.0003364846122656487
-0.0003215592324126216
-0.0003127242907909635
-0.00029855555205658354
-0.0002906826855952204
-0.0002772009814983771
-0.0002702344302642088
-0.0002573746832792636
-0.00025126349237097743
-0.00023896478308328673
-0.00023366246730262093
-0.00022186769101033095
-0.00021733192667547797
-0.00020598747521501822
-0.00020217981702420963
-0.00019123528377921377
-0.00018812090480633823
-0.0001775288110178118
-0.0001750762640763291
-0.00016479180472466618
-0.000162972803482023
-0.00015295361114788452
-0.00015174282950375124
-0.00014194875473734142
-0.00014132364310383866
-0.00013171654994898035
-0.00013165716717797335
-0.00012220074260563778
-0.00012268960241526564
-0.00011334917850976353
-0.00011437110935593702
-0.00010511349719583932
-0.00010665551461735943
-0.00009744884886687833
-0.0000995000394190067
-0.00009031363272134548
-0.00009286504868354812
-0.00008366925502088767
-0.00008671381912751134
-0.00007747990536854232
-0.00008101232488229567
-0.00007171234979975266
-0.00007572903929924223
-0.00006633573939072949
-0.00007083475169816456
-0.00006132143319380471
-0.00006630239791733317
-0.00005664283439978229
-0.00006210690360994517
-0.00005227523871425906
-0.00005822503931826824
-0.00004819569401604842
-0.00005463528642903491
-0.000044382870434552116
-0.00005131771318441335
-0.00004081694005370226
-0.0000482538599863414
-0.000037479465504921026
-0.00004542663329385818
-0.000034353296779247514
-0.000042820207463485864
-0.00003142247562813226
-0.000040419933936115286
-0.000028672146980627203
-0.00003821225721758837
-0.00002608847684453905
-0.00003618463714432795
-0.00002365857619754958
-0.00003432547696487181
-0.00002137043041894405
-0.00003262405680138748
-0.000019212833838113142
-0.00003107047209403072
-0.000017175329017229217
-0.000029655576653859168
-0.000015248150406906287
-0.000028370929987272187
-0.000013422172045733903
-0.00002720874857332303
-0.000011688858997239493
-0.00002616186080423066
-0.000010040222243197407
-0.0000252236653207797
-8.46877676904604e-6
-0.00002438809249133562
-6.967502602405681e-6
-0.000023649568807188352
-5.5298085626262245e-6
-0.000023002983842334808
-4.149497447205308e-6
-0.000022443651135106477
-2.820665461280751e-6
-0.00002196673157640112
-1.53332393766328e-6
-0.00002153272693033105
-0.0001827370756947234
-0.0007169542351157815
-0.001582723821181771
-0.0027351031379474937
-0.004127674267575288
-0.005681533206089679
-0.007330958287388418
-0.008970229015954265
-0.010521303705978927
-0.011860548225236849
-0.012906268115837909
-0.013526907442238622
-0.013646459199216737
-0.013135518771709357
-0.011932702908841438
-0.00991987194086413
-0.00705776740219262
-0.003246722763404714
0.0015251861093136434
0.0073345640029648645
0.01416363860408125
0.022064351750124667
0.030989884339264556
0.04096885552029844
0.05192879864888497
0.06387882957091186
0.07672632816695228
0.09046639448809446
0.10499289835432005
0.12029304999509917
0.13625392049801888
0.15286051733917208
0.1699988557947984
0.18765604510682368
0.20572100261044515
0.22418520994777685
0.24294219823697707
0.261987805743792
0.281219609813498
0.30063568488680753
0.3201351992650647
0.33971481392404923
0.3592716850471495
0.3787967437825542
0.39818133852687143
0.4174066858129988
0.4363553448913101
0.45499613172749515
0.47320154357753746
0.49092739123800416
0.5080371884832492
0.5244756975074502
0.540101174875999
0.5548519591048232
0.5685873287020144
0.5812462059917018
0.5926972401117363
0.6028886721042256
0.6117081114620779
0.6191226161478998
0.6250484905285792
0.6294806901171914
0.6323728377291487
0.6337551740023926
0.6336248746957667
0.6320519387192617
0.6290797995178283
0.6248187710448964
0.6193568838213571
0.6128407865230506
0.6053967008877282
0.5971989838272961
0.5884010773827029
0.5791922475406271
0.5697383945729602
0.5602277706721441
0.5508215007132897
0.5416893138129589
0.53296959663419
0.5247963324085845
0.517268465241007
0.5104693101164441
0.5044449481157888
0.4992173453156312
0.49477142719436773
0.4910630205644133
0.48801417071972086
0.48551679986732543
0.4834357311070551
0.48160864700191924
0.4798561714123447
0.4779783331563998
0.47577094096147465
0.47301834869351794
0.4695152663382136
0.46505524412669874
0.45945703331825827
0.45254792757945306
0.44419386374976105
0.4342766444189553
0.42272717705779544
0.409495686992412
0.3945878250146823
0.3780272531952263
0.35989475534772863
0.340282978251559
0.31933907108824205
0.29721179720441504
0.2740985134354181
0.2501852343824631
0.22569886782698453
0.20084104395465352
0.17584642263173422
0.15091117047256208
0.12625787704361877
0.1020594973753333
0.07851102628088756
0.055749578802753
0.033932560865079155
0.013154398831207087
-0.006469412468243811
-0.024888547372054877
-0.04202879665723158
-0.057880957137589964
-0.0724077802991278
-0.0856352077826665
-0.09755635122468698
-0.10822473426814931
-0.11765627478672358
-0.1259241420187607
-0.13305960344967657
-0.13914805660991958
-0.1442294724401288
-0.1483951301177957
-0.15168825766887042
-0.15420099163979412
-0.15597569648721327
-0.1571016889194475
-0.15761761561286383
-0.15760752012730103
-0.1571045744305636
-0.15618611800981602
-0.15487897061262146
-0.1532531319878017
-0.1513288482839859
-0.14916872121915734
-0.14678665583228676
-0.14423818572718689
-0.14153139293946265
-0.13871530863299422
-0.13579286491374576
-0.1328072766283157
-0.1297570587564438
-0.12668033436044485
-0.12357192885869174
-0.12046558191358005
-0.11735311084388363
-0.11426453089435425
-0.11118926387163436
-0.10815419256256621
-0.10514687705018162
-0.10219158584121886
-0.09927447095795472
-0.09641763136486535
-0.09360618858317017
-0.09086044796449996
-0.0881648089956535
-0.08553809745500365
-0.08296423853134721
-0.08046083842616376
-0.07801154368059557
-0.07563295477360886
-0.07330859143197097
-0.07105422356410829
-0.06885335962812193
-0.06672108211137463
-0.06464097408814093
-0.06262754762378628
-0.060664522315657735
-0.058765935648746805
-0.05691568645380708
-0.05512741650407232
-0.053385231335079726
-0.051702442362040524
-0.05006337729204238
-0.04848107184614745
-0.04694008197948212
-0.04545321397938279
-0.04400525082874933
-0.042608809074137985
-0.04124889187134294
-0.03993796061756268
-0.0386612274610408
-0.03743102930399824
-0.03623277280483219
-0.03507869800985246
-0.03395438909835118
-0.03287201461093746
-0.03181731736433575
-0.030802418027389446
-0.02981319774427203
-0.028861751681108272
-0.027934077926930197
-0.027042267604372443
-0.02617241355714513
-0.0253366236941011
-0.024521062810796176
-0.023737876025127693
-0.022973276810147675
-0.022239467685932608
-0.021522687154920422
-0.02083521524536467
-0.020163291533977445
-0.0195192936918228
-0.018889438147906293
-0.018286220474879884
-0.017695809485897572
-0.017130839117848795
-0.01657740586054179
-0.01604830274930419
-0.015529528997342425
-0.0150340578038877
-0.014547765892017504
-0.014083828074038332
-0.013627973087288681
-0.01319359923757285
-0.012766261471922568
-0.012359603945963003
-0.011958981671209781
-0.011578307527193028
-0.0112027100690129
-0.010846394332838252
-0.010494235483322475
-0.010160754743317891
-0.009830546500433562
-0.00951847283154194
-0.009208819465362492
-0.008916814675918625
-0.00862640711376892
-0.00835321730866051
-0.00808082783037382
-0.00782527827834976
-0.007569755510129013
-0.007330745804969971
-0.007091010000025579
-0.006867509502537454
-0.0066425480957726865
-0.006433591643497268
-0.006222455067023319
-0.0060271389394052615
-0.005828936685499193
-0.005646414810555537
-0.005460311730189485
-0.005289792120714105
-0.005115004943592625
-0.004955746350046061
-0.004791540415461586
-0.004642849183697467
-0.004488535368990478
-0.004349762491413296
-0.004204694327667285
-0.004075232676209994
-0.003938803639755471
-0.00381808537111415
-0.0036897263409254918
-0.0035772204630022896
-0.003456397333861658
-0.003351607424248907
-0.0032378188666072
-0.0031402809347406816
-0.0030330562919488806
-0.0029423367751692233
-0.002841234090460103
-0.002756927976441279
-0.0026615321415491664
-0.002583261210191996
-0.0024931822272541942
-0.0024205934038346475
-0.0023354647549658097
-0.002268228568120604
-0.0021877056850900067
-0.0021255148232512096
-0.0020492736514855473
-0.0019918416119173612
-0.0019195772625216958
-0.0018666370873666766
-0.0017980625719226672
-0.0017493656651490343
-0.0016842107082077754
-0.0016395257298756477
-0.0015775356540474472
-0.001536647485713483
-0.0014775821647155347
-0.0014402909429724478
-0.0013839238183109494
-0.001350044031173374
-0.0012961611888370466
-0.0012655208316935114
-0.001213920134234401
-0.0011863599218916788
-0.0011368501931082547
-0.0011122228237717656
-0.0010646230820652973
-0.0010427925509672194
-0.000996931288736055
-0.0009777722476603753
-0.0009334867529845279
-0.0009168839135251744
-0.0008740196322335592
-0.0008598672097203456
-0.0008182771443644621
-0.0008064783399403592
-0.0007660224841268245
-0.000756489003316091
-0.000717033808314314
-0.0007096854130191643
-0.0006711032844865319
-0.0006658673771211967
-0.0006280362008515442
-0.0006248474380517642
-0.0005876501317925499
-0.0005864500668790574
-0.0005497741566118698
-0.0005505109083099347
-0.0005142481275801383
-0.0005168760737703443
-0.00048092198455675853
-0.00048540147956397886
-0.00044965511244457256
-0.00045595222674233126
-0.00042031574052435965
-0.0004284020212519662
-0.00039278037838647153
-0.00040263262988836775
-0.00036693328880951906
-0.00037853337137618373
-0.0003426659929671711
-0.00035600064011263996
-0.00031987680800965004
-0.0003349374595874369
-0.00029847041296778763
-0.00031525306491524797
-0.0002783574426364174
-0.00029686251134637166
-0.00025945410698721835
-0.0002796863081810373
-0.000241681834724469
-0.00026365007582322556
-0.00022496693939029727
-0.0002486842246528345
-0.00020924030628978127
-0.0002347236548286485
-0.000194437099348857
-0.0002217074744183997
-0.00018049648684623305
-0.0002095787364813839
-0.00016736138354999278
-0.0001982841921439119
-0.00015497821010332035
-0.0001877740602035261
-0.00014329666662326706
-0.00017800181084218038
-0.0001322695214798851
-0.00016892396365383684
-0.0001218524121228812
-0.00016049989810639119
-0.0001120036598664101
-0.0001526916767426103
-0.00010268409492778381
-0.00014546387959628104
-0.00009385689333095926
-0.0001387834490032723
-0.00008548742361673161
-0.00013261954454535496
-0.0000775431030670472
-0.00012694340733396874
-0.000069993262884631
-0.00012172823323859905
-0.00006280902218892537
-0.00011694905398106039
-0.00005596316890012602
-0.00011258262636884363
-0.0000494300490900317
-0.00010860732813118874
-0.00004318546225373604
-0.00010500306133220628
-0.00003720656340612403
-0.00010175116106040188
-0.00003147177110029794
-0.00009883431128971305
-0.000025960681147911118
-0.00009623646529920259
-0.000020653985397243783
-0.00009394277126806453
-0.000015533391236278602
-0.00009193947000014978
-0.000010581287886606175
-0.00009021175361951602
-5.764225128652811e-6
-0.00008861334252325103
0.0004892099313575139
0.0019768068083444354
0.0044187674276732454
0.007851998671270951
0.012205172400044345
0.017517217828381646
0.023698859582083415
0.030788028204742027
0.03868100093772928
0.04741329097153106
0.05686946386197671
0.06708196807390357
0.07792609235905092
0.08943095078885757
0.10146477827050493
0.11405324012884666
0.12705951392275047
0.14050571012156485
0.1542516862002615
0.16831581360238307
0.18255609806363982
0.1969868836689192
0.2114655538388531
0.22600206071855125
0.24045422351323292
0.25482722828125376
0.26898030785301363
0.28291358367691427
0.29648869616798984
0.30970056394368944
0.32241433142801496
0.3346198075089707
0.34618690681247977
0.3571007042292326
0.3672373659647648
0.37657792207510427
0.38500651110811446
0.3925011323598693
0.39895586084788787
0.4043469964974497
0.40858074112368886
0.4116333151068931
0.41342542182042563
0.4139350557101152
0.4130999094436349
0.4109017532187911
0.4072977638958871
0.4022755168370915
0.3958140335977909
0.3879085980677815
0.37856213042580134
0.36777922234782934
0.3555882515254233
0.3420042292271031
0.3270818739830661
0.31084708027435
0.2933809738761096
0.27472004177013915
0.2549709957916596
0.23417984674161088
0.21247720662696876
0.1899168374386253
0.16665082378489532
0.14273837066688547
0.11835007638469533
0.0935479861402984
0.06851798983046838
0.043322353513049264
0.018159059809958928
-0.006911766597842541
-0.03168296410123123
-0.056098427583076066
-0.07994424961836151
-0.10316959932355035
-0.12555568746396015
-0.14705757554489013
-0.16745294356669627
-0.18670287545076245
-0.20458258997032616
-0.2210591674140321
-0.23590657067495535
-0.24909820401726
-0.2604086915186986
-0.26981907716041664
-0.2771079271204381
-0.2822668751691455
-0.28508365884289993
-0.2855655738009585
-0.2835170322373553
-0.278968314308578
-0.27175015223792337
-0.2619249730640939
-0.24936088086749789
-0.23416240846578362
-0.21624612437905696
-0.1957678012270574
-0.17270175198836124
-0.147261331832052
-0.11948404342599091
-0.0896424555392415
-0.057837124019616055
-0.02439534470873881
0.010525999915341122
0.04655596182470692
0.08349457122560072
0.12094418832175241
0.15868023517857976
0.1962993873346883
0.2335738937575099
0.270117151167255
0.3057197764461642
0.3400327709261037
0.3728839364364472
0.4039786408908384
0.4331957157702591
0.4603057487853404
0.48524619391334867
0.5078570894129705
0.5281356704679779
0.5459893872187119
0.5614707680966903
0.5745475545901051
0.5853188831796743
0.5938022474856205
0.6001322433413092
0.6043639236427072
0.6066554050564765
0.6070870191515225
0.6058290448118865
0.6029759073077166
0.5987002140737088
0.5931011325495876
0.5863457990016251
0.5785309282862268
0.569812556660346
0.5602799045968924
0.5500743163335661
0.5392744056566225
0.5280049712068923
0.5163324957021125
0.5043647461235212
0.4921557588269087
0.4797967749206157
0.4673299175486778
0.45483106186588435
0.4423314887558547
0.4298932431247607
0.41753812494413434
0.40531604725488435
0.39324079724695726
0.38135186531017773
0.36965647407272995
0.35818531158633
0.34694038420905626
0.33594505047891554
0.3251973045774673
0.31471447272841896
0.3044915782792871
0.2945410297193718
0.2848557569265147
0.27544418926559866
0.2662978860798473
0.25742207487499696
0.2488075284586403
0.24045690694421903
0.23236065974421005
0.22451939097454135
0.21692358738344428
0.20957220459327988
0.20245604248758411
0.19557272944660772
0.18891358513232498
0.1824751612955768
0.17624944862198577
0.17023211564392626
0.16441593161010706
0.15879582936043757
0.15336543027671168
0.14811904251546584
0.14305118716664134
0.13815562984232777
0.1334278193600117
0.128861038224789
0.12445167658386191
0.12019257549698953
0.11608106968198224
0.11210958653840754
0.10827640140366113
0.10457354498855345
0.10100022456130481
0.09754808268899906
0.09421724702730977
0.09099897396696763
0.08789429858309569
0.08489408790307548
0.08200027110606682
0.07920331859951442
0.07650604080498805
0.07389850100801103
0.07138437905356798
0.06895331797727774
0.06660985669782346
0.0643432027072454
0.062158745420681734
0.0600452396658877
0.058008918760392575
0.056038066164629516
0.054139754629150015
0.05230177613378111
0.050532040609729434
0.04881782714956107
0.04716788288371553
0.04556895139256544
0.044030619324224904
0.04253907094765009
0.04110473705869529
0.03971321765695394
0.03837579462810581
0.03707745758815269
0.03583034875738815
0.034618820081766234
0.033455885654690404
0.032325231267339605
0.031240756706326783
0.030185451890522283
0.029174118390581236
0.02818901926214501
0.027245876212753057
0.0263261931227764
0.02544663244656091
0.024587905205606313
0.023767637466809783
0.02296571228174523
0.022200744454347686
0.021451752470438307
0.02073836726149763
0.02003870460542799
0.019373441231171292
0.018719750455428966
0.01809938677196852
0.017488539606336343
0.016910075503673253
0.016339156821840298
0.015799798792961242
0.015266091712110455
0.01476323851514296
0.014264210546507018
0.01379543988283821
0.013328730060464563
0.012891786197814815
0.012455193115008102
0.012047975386617301
0.0116394460761571
0.011259998195051543
0.010877617791394545
0.010524117920960417
0.010166100050099684
0.009836851577116456
0.009501529420093217
0.009194952379057389
0.008880770362635015
0.008595393466589057
0.00830089953395105
0.008035352766743076
0.007759191188749402
0.007512198919570856
0.007253103605925202
0.007023478188888297
0.006780266464779936
0.006566902288159239
0.006338469102044192
0.006140337056854863
0.00592564958910235
0.0057417919255373494
0.0055398845693290484
0.005369410114218174
0.005179379801697997
0.0050214595124787025
0.004842461361290526
0.00469632419116197
0.004527567449988089
0.004392496503390003
0.004233240773456807
0.00410856973123432
0.00395812144524447
0.003843231240663436
0.003700940380417483
0.0035952561084801504
0.0034605131445617277
0.003363501188405931
0.0032357342254371933
0.003146899584680098
0.0030255716989032134
0.0029444555062229706
0.002829062260262549
0.0027552394727425283
0.0026453065961304215
0.0025783838501926277
0.0024734650731848564
0.002413078690607708
0.002312753721004829
0.002258567857131542
0.0021624404892314174
0.0021141454128300085
0.0020218417601173683
0.001979152255920043
0.0018903190974223975
0.0018529729837347094
0.0017672762174794627
0.0017350329705694068
0.001652156165017828
0.001624795643151358
0.0015444386806915344
0.0015217599411353696
0.0014436377463499601
0.0014254579502840884
0.0013492992975933248
0.00133545269502651
0.001260999089040234
0.0012513360808413293
0.0011783407051302105
0.001172726975375949
0.0011009537040020808
0.00109926941916599
0.0010284918868759612
0.0010306309568149342
0.000960631683262809
0.0009665010808663557
0.0008970706445240157
0.000906589780166989
0.0008375260391108964
0.0008506261857469281
0.0007817335415292953
0.0007983573080334095
0.0007294460081811301
0.0007495468585165448
0.0006804323364576897
0.0007039741504436286
0.0006344763988082162
0.0006614330734571062
0.0005913760484740168
0.0006217311369856457
0.0005509421909098876
0.0005846885768736045
0.0005129979173378039
0.0005501375227891856
0.00047737769565398404
0.0005179212208114259
0.00044392661509630574
0.0004878933076287916
0.0004124996806193308
0.00045991713462966517
0.00038296115417848093
0.0004338651352276633
0.00035518393971600197
0.00040961823558516026
0.00032904900778454936
0.0003870653045921781
0.000304444859453203
0.0003661026401177524
0.0002812670238420626
0.00034663349004630307
0.0002594175901015821
0.0003285676051644032
0.0002388047690270443
0.0003118208212674461
0.00021934248371143508
0.00029631467014815355
0.00020094998669449728
0.0002819760158519416
0.0001835515027351349
0.00026873671555734536
0.0001670758933452321
0.00025653330304381344
0.00015145634488674767
0.0002453066931155718
0.0001366300750393851
0.00023500190646572665
0.0001225380595165603
0.00022556781238441154
0.00010912477572879234
0.0002169568886597502
0.00009633796296526715
0.0002091249983411463
0.00008412839774951066
0.00020203118069480423
0.00007244968386581932
0.00019563745700007206
0.00006125805521293706
0.00018990864883424506
0.00005051219131033708
0.00018481220908249212
0.00004017304423236893
0.00018031806365927764
0.00003020366842269749
0.000176398400035663
0.000020568559878504903
0.0001730234988585724
0.000011201565897292188
0.00016990847024732453
-0.00010149578132471939
-0.0004348814026539623
-0.0010056970319869453
-0.0018940904827201713
-0.0031267403922554614
-0.004830112422644541
-0.0070443724913451895
-0.009927949112194814
-0.013523069553983576
-0.018003135303815785
-0.02339752554637128
-0.029875945503778208
-0.03743871486759819
-0.04623332483945397
-0.05621578146565255
-0.06749509355600115
-0.07997088050705403
-0.09370167236053431
-0.10852372319825188
-0.12443896261542552
-0.14121969719803276
-0.1588118966242779
-0.17693019140859326
-0.19547198209911915
-0.2141068564926008
-0.2326968449779792
-0.25088410432486186
-0.26851256257874934
-0.28521747107256934
-0.30084372735334036
-0.31504069754681824
-0.32767269264418125
-0.33842231348666224
-0.3471888784132629
-0.3537034336582271
-0.3579113625967204
-0.35960211518616303
-0.35877273040091184
-0.35527524352587375
-0.34915837777750325
-0.3403354622873845
-0.3289020537265643
-0.3148270218005517
-0.2982443151743145
-0.2791696368175362
-0.2577649537407489
-0.2340828939648106
-0.20830291388486588
-0.18050521182384535
-0.15087771743490255
-0.11952094533032552
-0.08662516882994982
-0.05230723914259815
-0.016757461192226073
0.019891018000865488
0.05744599191533082
0.09575407887244905
0.13461542443027572
0.17384916592538205
0.21323922100816287
0.25256811160157805
0.29159388466473196
0.33005352648764963
0.3676708786641087
0.40413127035458196
0.439120009031681
0.4722701653781335
0.5032308093772961
0.531590075860902
0.5569717796552472
0.5789359636052847
0.5971018877226585
0.6110282296129358
0.620359754098257
0.6246892273320688
0.6237244054630647
0.6171335745101167
0.6047289268235092
0.5862974848160161
0.5617965373225691
0.531171577798333
0.49455931532757275
0.4520941833097004
0.4041145752765153
0.3509594810604901
0.2931740622047898
0.23129806638647585
0.16606766187119337
0.0981974713869591
0.028576700809923753
-0.04195310266246368
-0.11240825031471725
-0.1818870518718962
-0.24938554696057474
-0.3140209916023365
-0.3748510303251366
-0.43109403608023833
-0.481948684246553
-0.5268090638243276
-0.5650811955165528
-0.5963916494158745
-0.6203977416133465
-0.6369895620195173
-0.6460913310992353
-0.647858085587114
-0.6424667871419538
-0.6303101728864089
-0.6117774058116673
-0.5874484986653757
-0.5578653069643392
-0.5237302793156534
-0.4856692262251556
-0.4444378736898644
-0.40067803501216015
-0.355134634150326
-0.3084067343112055
-0.2611765539166059
-0.21395642050948194
-0.16733007156912227
-0.12169618031509016
-0.07752113622041439
-0.03507946807502102
0.005283519928987009
0.04341425356397346
0.07908050712001308
0.11223664264657389
0.14274776916665657
0.17065737628225644
0.19590825577121793
0.21861198669498752
0.23876862311352476
0.2565372882859195
0.2719563396660999
0.2852141780291379
0.29637129306897664
0.3056303110364402
0.3130610378935032
0.3188687587857549
0.3231231483136545
0.3260238864546972
0.3276341011613372
0.32814246147890114
0.3276016528048548
0.32618623111244366
0.32393649904245214
0.32101153970016194
0.3174387551208909
0.3133616320905528
0.308795117260696
0.30386779276706044
0.2985831896723837
0.2930561631530715
0.2872801847095574
0.281357803333585
0.275273904823737
0.269120226443128
0.26287452724078425
0.25661919020063195
0.25032620970641073
0.24406996861855737
0.2378179171711655
0.23163765460104585
0.22549314721241323
0.2194462769146586
0.21345842436969126
0.20758667175232431
0.2017905592611872
0.19612314807997464
0.19054274455793108
0.18509904299876445
0.17974960098977377
0.1745412913338691
0.16943130385943514
0.16446414241601096
0.15959692257825017
0.1548721538558963
0.15024709862163446
0.14576258211451112
0.1413761753057697
0.13712727636122
0.13297387870924118
0.1289541677239011
0.12502663470666045
0.12122843195642109
0.11751859348335474
0.11393339056820245
0.11043242061123822
0.10705120392607657
0.10374990302558912
0.10056339988918478
0.09745240906782324
0.09445127311966613
0.09152123407269419
0.08869618322007344
0.08593785662656761
0.0832797740894174
0.08068412543340332
0.07818413222539052
0.07574239252611713
0.07339189793578332
0.07109560520292994
0.06888634041303827
0.06672736636729297
0.06465140522740793
0.06262197083515673
0.06067174091411578
0.05876442348641188
0.05693270982763684
0.05514044381991108
0.05342038727431387
0.051736460434839794
0.050121552022872745
0.04853959815981972
0.047023670572683175
0.04553765991742974
0.04411487701362657
0.042719104924503454
0.0413839498740224
0.04007302445494891
0.038820287027418264
0.03758911608864098
0.03641387946173847
0.035257657153948595
0.0341552845273877
0.03306947789040541
0.032035599111535064
0.031015934723025492
0.03004643308617448
0.029088883939933405
0.02817988326782813
0.027280655980069714
0.026428508071467523
0.02558403048164862
0.024785302979526674
0.023992212191691748
0.02324367690852911
0.022498807801153837
0.021797429523830326
0.02109780374494195
0.020440729530285074
0.019783544984270592
0.019168093948297413
0.018550714774052995
0.01797436837077759
0.017394315404732696
0.016854708186949573
0.016309649901403715
0.0158045607513509
0.015292304654443903
0.01481964847296653
0.01433813295746774
0.013895952791998413
0.01344323941420023
0.0130296990128041
0.012603965187062834
0.012217341960074164
0.011816874048670807
0.011455552420592176
0.011078739205020586
0.010741204337401507
0.01038653084975984
0.010071362721212243
0.009737404421266386
0.009443272244520805
0.009128689523571312
0.008854346483992234
0.008557879480311628
0.008302157780245454
0.008022621488078092
0.007784427680098848
0.007520707340428301
0.007299017935014232
0.007050064688326589
0.006843922021981027
0.006608748812470088
0.006417257162167573
0.006194934878338677
0.006017256807115059
0.005806910645726601
0.005642263570041111
0.005443069609903483
0.005290722574391631
0.005101904550513749
0.004961175198257236
0.004782001462275874
0.00465225319223671
0.00448203384971544
0.004362673148223099
0.004200757363332557
0.004091231300039657
0.00393700475558822
0.003836798637666882
0.0036896811435662142
0.0035983163138817473
0.003457759554243243
0.0033747913313424234
0.0032402767411512153
0.0031652924878426574
0.003036329253234751
0.002968946569167113
0.002845069742204489
0.002784934773299512
0.0026657034954626455
0.0026124893521984917
0.002497485178662206
0.0024508904578695247
0.0023397157777000303
0.002299463182597548
0.0021917397275621523
0.0021575747784005647
0.0020529422161291795
0.002024632048479994
0.0019227466536430337
0.0019000788985237915
0.001800612297374312
0.001783394037399865
0.001686032021494667
0.0016740888206593586
0.0015785302248129897
0.0015717052268713668
0.001477660866392374
0.0014758139577377171
0.0013830056226912444
0.0013860126566973008
0.0012941721578269246
0.0013019242371779655
0.0012107925008413864
0.0012231953134421323
0.001132521522833802
0.0011494947309677735
0.0010590355086516937
0.0010805121858862344
0.0009900308155583477
0.0010159569307744776
0.0009252226168982654
0.0009555565611861051
0.0008643437215747889
0.0008990558773979788
0.0008071434669971371
0.0008462158167314267
0.0007533866813392737
0.0007968124531120256
0.0007028527097455542
0.0007506360592826978
0.0006553344996479194
0.0007074902254270436
0.0006106377446166521
0.0006671910358305409
0.0005685800796844067
0.0006295662946650063
0.000528990327407495
0.0005944548019162482
0.0004917077901726935
0.0005617056733915636
0.00045658158641058856
0.000531177704663872
0.00042347002809074415
0.0005027387737074912
0.00039224003672760953
0.00047626528225739527
0.0003627665951904027
0.0004516416309611325
0.00033493223278763056
0.00042875972887667144
0.0003086265443259058
0.00040751853319819333
0.0002837457361040499
0.0003878236184339747
0.0002601922021505764
0.00036958677306350084
0.00023787412522121207
0.00035272562054405713
0.00021670510258069126
0.0003371632659265095
0.00019660379529957053
0.0003228279641235327
0.00017749359844142375
0.000309652809086501
0.00015930233167454249
0.000297575443266229
0.00014196194869776533
0.00028653778576419775
0.0001254082648119002
0.0002764857775465845
0.00010958069999033964
0.0002673691427942811
0.00009442203873511516
0.00025914116631630676
0.00007987820387725192
0.0002517584856113736
0.00006589804378693663
0.0002451808948002029
0.000052433132712587946
0.00023937116161606745
0.0000394375717794188
0.00023429477276643812
0.000026867147181121652
0.00022991449962074097
0.000014637369533253519
0.00022585913317882552