0.27967660492390656
0.2796527755258509
0.27961297577845745
0.27955713123668974
0.27948510796064824
0.2793967510953446
0.27929186591304916
0.2791702355313315
0.27903161246639024
0.27887573094403584
0.27870230303778704
0.2785110285831634
0.2783015938312338
0.2780736799431603
0.2778269631269805
0.2775611220531416
0.27727583883662243
0.2769708054666847
0.2766457251882228
0.2763003179385095
0.27593432179685895
0.2755474973871604
0.27513962914701073
0.27471052865405227
0.27426003553137773
0.2737880196722426
0.27329438165480974
0.27277905386547435
0.27224200034628543
0.27168321684760827
0.2711027300778254
0.27050059674919075
0.2698769022430083
0.2692317587471422
0.26856530339156315
0.267877695611117
0.2671691148461431
0.2664397572984598
0.2656898333287454
0.2649195638052628
0.2641291773619016
0.26331890656511414
0.26248898522114095
0.2616396446035696
0.26077111101201605
0.25988360230715624
0.25897732592284717
0.2580524759444352
0.25710923175967093
0.2561477558878345
0.2551681934210315
0.25417067076632416
0.2531552959793614
0.25212215852161596
0.25107133052628255
0.25000286760246127
0.2489168110043471
0.24781318944002215
0.24669202204592036
0.24555332108692304
0.24439709557592404
0.24322335469095635
0.24203211183055026
0.24082338852805635
0.23959721870162243
0.23835365281890933
0.23709276208773175
0.2358146426166482
0.23451941929794237
0.2332072497194752
0.23187832751310483
0.23053288579748762
0.22917119979847295
0.2277935896373341
0.22640042207116376
0.22499211248258194
0.22356912563427087
0.22213197676157573
0.22068123128350003
0.2192175049466918
0.21774146248375595
0.2162538168044261
0.21475532663962627
0.21324679482187994
0.2117290649988193
0.2102030190885075
0.20866957318733628
0.20712967432496815
0.2055842957266782
0.20403443302483337
0.20248109906258582
0.20092531974213726
0.1993681285735747
0.1978105623532322
0.19625365566750685
0.19469843659700975
0.19314592138055012
0.19159711033298524
0.19005298286016786
0.18851449376161963
0.1869825687644662
0.18545810135762703
0.1839419489830104
0.1824349305170971
0.18093782322216814
0.17945136095513342
0.17797623194158443
0.17651307775182615
0.1750624919177272
0.1736250196740871
0.1722011573949464
0.1707913530573806
0.1693960064332356
0.16801547019551913
0.16665005076692693
0.16530000995961855
0.16396556635656825
0.16264689735639754
0.16134414094964897
0.1600573980328925
0.15878673444003646
0.15753218339385994
0.15629374766133822
0.15507140202426137
0.15386509544481544
0.15267475345716058
0.15150028025198306
0.15034156091455747
0.14919846336141326
0.14807084037444546
0.14695853134643658
0.14586136408282505
0.14477915633359564
0.14371171735283156
0.14265884921130842
0.14162034811825627
0.1405960055215149
0.13958560920599397
0.13858894419670195
0.13760579365466113
0.1366359396030854
0.13567916364466692
0.1347352475333885
0.13380397373791153
0.13288512588170756
0.1319784891764599
0.13108385075205667
0.13020099998207432
0.12932972872323317
0.12846983155264047
0.12762110593397674
0.12678335238358177
0.12595637457820671
0.12513997946446245
0.12433397732062587
0.12353818182157619
0.12275241006499561
0.12197648260177335
0.1212102234350406
0.12045346002415701
0.11970602326338445
0.11896774746598372
0.11823847032795265
0.11751803289743502
0.11680627952780788
0.11610305783650936
0.1154082186508261
0.11472161595935816
0.11404310685310129
0.11337255147204799
0.11270981294355534
0.11205475732600521
0.11140725354596902
0.11076717334039313
0.11013439119369031
0.10950878427955762
0.10889023239882717
0.10827861792173923
0.10767382572715439
0.10707574314588254
0.10648425990167945
0.10589926805606036
0.10532066195136662
0.10474833815735968
0.10418219541653718
0.10362213459270297
0.10306805861863094
0.1025198724467287
0.10197748299908999
0.10144079912030775
0.10090973152991375
0.10038419277735376
0.09986409719677693
0.09934936086415642
0.09883990155436909
0.09833563870041818
0.0978364933527291
0.0973423881404153
0.09685324723270416
0.09636899630217609
0.09588956248822907
0.09541487436221173
0.09494486189283313
0.09447945641310711
0.09401859058760989
0.09356219838115339
0.09311021502779487
0.09266257700115377
0.09221922198508074
0.09178008884553414
0.09134511760281788
0.09091424940493563
0.0904874265013106
0.09006459221753788
0.08964569093050223
0.08923066804445297
0.08881946996743982
0.08841204408863682
0.08800833875602108
0.0876083032548757
0.08721188778663984
0.08681904344852462
0.08642972221346623
0.08604387691079227
0.0856614612072143
0.08528242958848467
0.08490673734136865
0.08453434053623565
0.08416519600995398
0.08379926134936376
0.08343649487504134
0.08307685562560355
0.08272030334229186
0.08236679845406139
0.0820163020629375
0.08166877592984553
0.08132418246069582
0.08098248469291239
0.08064364628220531
0.08030763148975921
0.07997440516965415
0.07964393275667711
0.07931618025435544
0.07899111422335642
0.0786687017700989
0.07834891053570932
0.07803170868517888
0.0777170648968457
0.07740494835206733
0.07709532872520043
0.0767881761737611
0.07648346132887399
0.07618115528589435
0.0758812295953021
0.0755836562537596
0.07528840769542698
0.07499545678343311
0.07470477680158924
0.07441634144625081
0.07413012481840885
0.07384610141592195
0.07356424612596554
0.07328453421761441
0.07300694133463123
0.07273144348838168
0.07245801705094436
0.07218663874834108
0.07191728565395211
0.0716499351820454
0.07138456508148097
0.07112115342952428
0.07085967862582519
0.07060011938650078
0.07034245473837518
0.07008666401331803
0.06983272684273256
0.0695806231521367
0.06933033315588663
0.06908183735198918
0.06883511651704892
0.06859015170130031
0.06834692422376754
0.06810541566750579
0.06786560787496304
0.06762748294342026
0.06739102322054628
0.06715621130002629
0.06692303001730075
0.0666914624453736
0.06646149189072577
0.06623310188929502
0.0660062762025556
0.06578099881366153
0.06555725392368472
0.06533502594791377
0.06511429951224343
0.06489505944962136
0.06467729079658198
0.06446097878983478
0.06424610886293501
0.06403266664300743
0.06382063794754819
0.06361000878127661
0.06340076533306291
0.06319289397290273
0.0629863812489639
0.06278121388467871
0.0625773787759045
0.062374862988128284
0.06217365375373589
0.061973738469323775
0.06177510469307252
0.061577740142160595
0.061381632690237706
0.06118677036493593
0.06099314134543851
0.06080073396008444
0.06060953668402818
0.06041953813693382
0.06023072708072144
0.06004309241734723
0.05985662318663318
0.05967130856412879
0.05948713785902041
0.05930410051207175
0.05912218609360927
0.05894138430153758
0.058761684959398354
0.05858307801445718
0.05840555353583273
0.05822910171265238
0.058053712852248536
0.057879377378380115
0.057706085829493284
0.05753382885700615
0.05736259722363114
0.05719238180172025
0.05702317357164666
0.05685496362020814
0.056687743139065175
0.05652150342320023
0.05635623586941044
0.056191931974820274
0.05602858333542614
0.055866181644660826
0.05570471869198824
0.05554418636151667
0.05538457663064193
0.05522588156870811
0.05506809333569666
0.0549112041809326
0.05475520644181804
0.05460009254258225
0.05444585499305753
0.05429248638747133
0.05413997940326298
0.053988326799916386
0.05383752141781604
0.05368755617711828
0.053538424076645365
0.05339011819279397
0.05324263167846556
0.05309595776201077
0.05295008974619499
0.05280502100717698
0.05266074499350812
0.0525172552251442
0.052374545292477384
0.05223260885537956
0.052091439642265605
0.05195103144916761
0.05181137813882778
0.05167247363980277
0.05153431194558497
0.051396887113735724
0.05126019326503436
0.051124224582638475
0.05098897531126043
0.05085443975635346
0.05072061228331427
0.050587487316694796
0.050455059339429134
0.05032332289207057
0.05019227257204182
0.05006190303289595
0.0499322089835902
0.049803185187768856
0.04967482646305993
0.04954712768038006
0.04942008376325233
0.049293689687132665
0.04916794047874826
0.04904283121544444
0.048918357024543085
0.048794513082709406
0.04867129461532942
0.04854869689589567
0.04842671524540382
0.04830534503175631
0.04818458166917702
-0.32854687887439676
-0.32838046646612784
-0.32810224741716315
-0.3277115919512555
-0.32720724075787455
-0.3265877910738283
-0.3258514699341523
-0.3249963414466543
-0.32402022186205454
-0.3229208092677428
-0.32169566148001033
-0.3203422871163516
-0.3188581576917476
-0.3172407726064871
-0.31548769059820725
-0.31359657316586315
-0.3115652260491746
-0.309391622790487
-0.307073949871822
-0.3046106112754567
-0.30200027289116116
-0.2992418489476793
-0.2963345428137493
-0.29327781655174373
-0.2900714264504256
-0.2867153774513384
-0.2832099527452095
-0.27955565532939153
-0.27575323181570927
-0.271803603851207
-0.26770788697513415
-0.2634673150673515
-0.25908325569500607
-0.2545571311548737
-0.24989043228522329
-0.24508464002237054
-0.24014124011473237
-0.23506164937828306
-0.22984723407811902
-0.22449924516353587
-0.21901884319619816
-0.21340704667083116
-0.2076647661625323
-0.20179276929400436
-0.19579172616987656
-0.18966219356853964
-0.18340467269197908
-0.1770196137463879
-0.17050748560394433
-0.16386880017709216
-0.15710419190407315
-0.1502144593952058
-0.14320065092573014
-0.13606411898821147
-0.128806606468813
-0.12143030824599552
-0.1139379516986334
-0.10633285859165342
-0.0986190132128627
-0.09080111763653793
-0.08288464120608142
-0.07487586289780579
-0.0667818970179979
-0.058610717705052294
-0.050371157429495335
-0.04207291046497124
-0.03372650282032514
-0.02534327351133394
-0.016935316638929773
-0.008515441239964167
-0.00009708811213726218
0.008305729295277751
0.01667852918523327
0.02500643571881724
0.03327429923190543
0.04146678107966571
0.049568483877891194
0.05756404170883987
0.06543825419453073
0.0731761766874809
0.08076325199855602
0.08818539528723954
0.09542911758232063
0.10248160047143887
0.1093308061813803
0.11596553786782034
0.1223755319762494
0.12855150094666554
0.1344852048244058
0.14016947445948236
0.1455982607724087
0.1507666379006254
0.15567082997372647
0.1603081949488408
0.16467723001061496
0.16877753785707392
0.1726098127579814
0.17617579169343417
0.17947822362576557
0.18252080816449195
0.18530815080074697
0.18784569179503924
0.19013965014557485
0.1921969453458427
0.1940251328798684
0.19563232152071164
0.19702710327339815
0.19821846903564325
0.19921573613378535
0.2000284653818664
0.2006663895667027
0.20113933507254325
0.20145715470986764
0.20162965696730692
0.20166654631087758
0.20157736268745352
0.2013714318048022
0.2010578167500428
0.20064527985771696
0.20014224732933994
0.199556783251746
0.19889656707423378
0.1981688793261636
0.19738059089433066
0.19653815915855719
0.195647627336218
0.19471462920087176
0.19374439637934066
0.19274176956365668
0.1917112115522243
0.1906568228746848
0.18958235850528102
0.1884912460276427
0.18738660423754613
0.18627126229701227
0.18514777881108835
0.18401846078685646
0.1828853821463225
0.18175040166290687
0.18061518021797018
0.1794811971990161
0.17834976609654024
0.17722204909789682
0.17609907084539947
0.17498173114691062
0.17387081687626876
0.17276701285058715
0.17167091196046558
0.1705830243445685
0.16950378590057094
0.16843356593044104
0.16737267421415414
0.16632136731698632
0.16527985441575813
0.16424830245843844
0.16322684092719986
0.16221556602898377
0.16121454456520137
0.1602238173142016
0.15924340215862545
0.15827329680118996
0.1573134812806233
0.15636392014183417
0.15542456445208688
0.154495353527574
0.15357621654362438
0.15266707390240494
0.15176783851479844
0.150878416879551
0.14999871010051788
0.14912861473406938
0.14826802359417807
0.14741682641461124
0.14657491048366056
0.14574216115906732
0.1449184623662758
0.1441036969963211
0.14329774729517786
0.14250049516864005
0.14171182248498043
0.14093161130614168
0.14015974412130122
0.13939610401986996
0.13864057487023485
0.1378930414466905
0.13715338956474987
0.1364215061718495
0.13569727944811374
0.13498059886887387
0.13427135527795986
0.13356944092806344
0.13287474953260467
0.13218717628874424
0.13150661791230162
0.13083297264743723
0.13016614028830942
0.12950602217843699
0.12885252122198318
0.12820554187533062
0.12756499015039188
0.1269307736002327
0.12630280131605176
0.12568098390870766
0.1250652335008938
0.12445546370540171
0.1238515896138698
0.12325352777288903
0.12266119616999534
0.1220745142084379
0.12149340269126105
0.12091778379510623
0.12034758105318655
0.1197827193284935
0.11922312479599081
0.11866872491588853
0.11811944841499956
0.11757522526056184
0.11703598664126769
0.11650166494144867
0.11597219372209838
0.11544750769566049
0.11492754270728489
0.11441223571012568
0.11390152474697803
0.11339534892632706
0.11289364840433073
0.11239636436171191
0.11190343898612946
0.11141481544997142
0.11093043789318685
0.11045025140187958
0.1099742019917271
0.10950223658740343
0.1090343030066579
0.10857034994037443
0.10811032693723843
0.10765418438484851
0.1072018734948043
0.10675334628448552
0.106308555562903
0.10586745491330037
0.10542999867929485
0.1049961419484646
0.10456584053906362
0.10413905098411183
0.10371573051883967
0.10329583706545907
0.10287932922108159
0.10246616624317335
0.10205630803793234
0.10164971514646393
0.10124634873368274
0.1008461705749656
0.10044914304559732
0.10005522910802513
0.09966439230177636
0.09927659673120191
0.0988918070558538
0.09850998847883964
0.09813110673746057
0.0977551280922737
0.09738201931797705
0.09701174769295143
0.09664428099069508
0.09627958746959162
0.09591763586493762
0.09555839537899496
0.09520183567335248
0.09484792685961128
0.09449663949184263
0.09414794455774221
0.09380181347144319
0.09345821806501806
0.09311713058168772
0.09277852366752833
0.09244237036502602
0.09210864410516455
0.09177731870132579
0.09144836834155588
0.09112176758276284
0.09079749134333301
0.09047551489760268
0.0901558138688125
0.08983836422354312
0.08952314226535091
0.08921012462919817
0.08889928827529096
0.08859061048390333
0.0882840688494626
0.087979641275488
0.0876773059688994
0.08737704143525683
0.08707882647324941
0.08678264017009912
0.08648846189637784
0.08619627130153072
0.08590604830876401
0.08561777311091913
0.08533142616559355
0.08504698819106939
0.0847644401616067
0.0844837633036251
0.08420493909113921
0.08392794924202997
0.08365277571380887
0.08337940069991832
0.08310780662561003
0.08283797614451678
0.08256989213469147
0.08230353769510856
0.08203889614208666
0.08177595100588148
0.08151468602711372
0.08125508515360136
0.08099713253685865
0.08074081252916657
0.08048610968006911
0.08023300873358147
0.07998149462488445
0.07973155247755995
0.07948316760048074
0.07923632548511753
0.07899101180241026
0.07874721240041802
0.07850491330113789
0.07826410069832597
0.07802476095438303
0.07778688059817451
0.0775504463222185
0.07731544498049236
0.07708186358565501
0.07684968930695145
0.07661890946766944
0.0763895115430222
0.07616148315764638
0.07593481208358034
0.07570948623795713
0.07548549368093088
0.07526282261346909
0.0750414613754544
0.07482139844344773
0.07460262242888906
0.07438512207588016
0.074168886259552
0.07395390398392063
0.07374016438016222
0.07352765670472097
0.07331637033756849
0.07310629478033491
0.07289741965471273
0.07268973470055846
0.07248322977441807
0.07227789484771849
0.07207372000521052
0.07187069544339274
0.07166881146888
0.07146805849692517
0.07126842704986602
0.07106990775561933
0.07087249134626401
0.0706761686565592
0.07048093062252095
0.07028676828006741
0.07009367276360767
0.06990163530470041
0.06971064723077713
0.06952069996376466
0.06933178501878497
0.0691438940030061
0.06895701861430739
0.06877115064006904
0.06858628195597914
0.0684024045248707
0.06821951039548252
0.06803759170142985
0.06785664065999968
0.0676766495709968
0.06749761081579198
0.06731951685610334
0.06714236023302704
0.06696613356594124
0.06679082955157019
0.06661644096282879
0.06644296064799395
0.06627038152955873
0.06609869660345372
0.06592789893791434
0.06575798167272871
0.06558893801812671
0.06542076125408326
0.0652534447291954
0.06508698186005821
0.06492136613018815
0.06475659108930498
0.06459265035239567
0.06442953759903867
0.06426724657234988
0.06410577107846915
0.06394510498554956
0.06378524222309523