-2.2163780775823135e-9
-6.269644551991772e-8
-3.3593032050544676e-7
-1.0590001422750481e-6
-2.5953391813251375e-6
-5.3917705214098825e-6
-0.000010020210637843689
-0.000017146200490714588
-0.00002756322809346936
-0.00004216659035922341
-0.00006198297052402671
-0.00008814649990337574
-0.00012192395959848146
-0.0001646909449123049
-0.00021795218235599574
-0.0002833163305477619
-0.00036251069648806115
-0.00045735380947527736
-0.000569764086515454
-0.0007017300230849722
-0.0008553129732114153
-0.0010326155934078367
-0.0012357797134114144
-0.0014669544258347584
-0.0017282908304781734
-0.0020219117069648265
-0.0023499055086141827
-0.002714299716919642
-0.00311705666817125
-0.003560052356873541
-0.004045076414488506
-0.004573817297825998
-0.005147868034747125
-0.005768717515862532
-0.006437762619581651
-0.007156303932341292
-0.007925563784603004
-0.008746683416326617
-0.009620745534045268
-0.010548768958457841
-0.011531733742501556
-0.012570568855486408
-0.013666177781411706
-0.014819414867815602
-0.01603110964097313
-0.017302028028204734
-0.01863289428191911
-0.02002433425039602
-0.021476894656807584
-0.022990966808764612
-0.02456680391128941
-0.026204424969565893
-0.027903631766173023
-0.02966389418546675
-0.031484369459620576
-0.033363771732476726
-0.03530039720772007
-0.03729198247133529
-0.0393357402513085
-0.04142821274918012
-0.04356532373164899
-0.04574223467131186
-0.04795341958684004
-0.05019253281666312
-0.05245251304705848
-0.05472547162701538
-0.057002831196982476
-0.05927524223659655
-0.06153275937433752
-0.06376479117551857
-0.06596031357251957
-0.06810785389441011
-0.07019573624562199
-0.07221209595369747
-0.07414514681164505
-0.07598321727966949
-0.07771502518901133
-0.07932972312660498
-0.08081716340680238
-0.0821679379742469
-0.08337361592389017
-0.08442676356330683
-0.08532113884631502
-0.08605168006431341
-0.08661464608371923
-0.08700756707677484
-0.08722932572496751
-0.08728006956652586
-0.08716123525265697
-0.08687542829410401
-0.08642639876485206
-0.08581889924576733
-0.08505862490025076
-0.08415206325774174
-0.08310641355946376
-0.08192944220553891
-0.08062939548482548
-0.07921487215132075
-0.07769474053846968
-0.07607803554687113
-0.0743738866451976
-0.07259144165236445
-0.07073980744601059
-0.06882799850757997
-0.0668648884185376
-0.06485917816096612
-0.06281935442002032
-0.060753671554840655
-0.05867011252155625
-0.05657637912959618
-0.05447985268381357
-0.052387589028063904
-0.05030627804906561
-0.04824224226755423
-0.04620139634335363
-0.04418924985290823
-0.042210869262652176
-0.04027088655892851
-0.03837346653146811
-0.036522322988471065
-0.0347206936784631
-0.032971365128149806
-0.03127665643645928
-0.029638452682433373
-0.028058197544804386
-0.026536934122760168
-0.025075305212299705
-0.023673599547251754
-0.022331757813149177
-0.021049421886939892
-0.019825944356267913
-0.018660438316208276
-0.017551788236339138
-0.016498698172724077
-0.015499702171464187
-0.014553209246137372
-0.013657511992769203
-0.012810827242334113
-0.012011302074261066
-0.011257049583982909
-0.010546151940494521
-0.00987669115078441
-0.00924674916846331
-0.008654433864716425
-0.008097876446668961
-0.00757525305812607
-0.007084779915686796
-0.0066247310772914215
-0.006193431769719345
-0.0057892729010623175
-0.0054107030574497795
-0.005056240320093079
-0.004724463373114314
-0.004414021137147056
-0.004123623371695642
-0.0038520485715537274
-0.0035981343794850447
-0.003360784120534794
-0.0031389572730721365
-0.0029316749470202396
-0.002738010598979946
-0.002557094697888814
-0.0023881058159199295
-0.002230274671179206
-0.0020828756813386067
-0.0019452305282038496
-0.0018167002254155422
-0.0016966883136237934
-0.0015846334662053382
-0.0014800123954197993
-0.001382332999779679
-0.0012911370397624992
-0.0012059938159825446
-0.0011265026566251166
-0.0010522871057134877
-0.0009829972523115193
-0.0009183044019126825
-0.0008579032686823503
-0.0008015070994186644
-0.0007488497438738781
-0.0006996811991368607
-0.0006537695687412798
-0.0006108969951128112
-0.0005708615152355634
-0.0005334733495604821
-0.0004985566600613483
-0.0004659461653747238
-0.00043548880584514413
-0.00040704065641716797
-0.00038046850252024413
-0.00035564702418032604
-0.00033246028617068337
-0.0003107991688308064
-0.00029056277569339007
-0.00027165608850587516
-0.0002539912954558096
-0.00023748564982833937
-0.00022206272193555488
-0.0002076504426812581
-0.00019418228231515364
-0.00018159546189140132
-0.00016983206199595202
-0.00015883738666988537
-0.00014856100527993362
-0.00013895525492900755
-0.00012997621865111844
-0.00012158235365374456
-0.00011373540901014792
-0.0001063991682795032
-0.00009954030984449942
-0.00009312725353945158
-0.00008713096673802118
-0.00008152390560156865
-0.00007628076996065248
-0.0000713775306764319
-0.00006679213629085812
-0.00006250361878791672
-0.000058492754899616086
-0.00005474124327026482
-0.00005123232321475188
-0.00004795001692833059
-0.00004487970839273047
-0.00004200744485515385
-0.00003932047847287935
-0.00003680662180120511
-0.00003445475466283186
-0.00003225422885161161
-0.000030195342604068577
-0.00002826879014370792
-0.00002646610602866683
-0.000024779155537952886
-0.00002320055106060701
-0.000021723179665077634
-0.000020340593595357613
-0.000019046571667976012
-0.000017835485840704027
-0.000016701893355277888
-0.00001564088125111154
-0.000014647686415097529
-0.000013718019824724232
-0.000012847711886764756
-0.000012033018107982776
-0.000011270287302532278
-0.000010556250308912705
-9.887708824289034e-6
-9.261808707373266e-6
-8.67574736111523e-6
-8.127033092147597e-6
-7.6132091019437125e-6
-7.1321003099370785e-6
-6.68155214184303e-6
-6.259666164907293e-6
-5.8645519717787385e-6
-5.4945529263242624e-6
-5.148009540028426e-6
-4.823476578803809e-6
-4.519496416074716e-6
-4.234808710750817e-6
-3.968132294858747e-6
-3.718368598468187e-6
-3.484390696217072e-6
-3.265241623033401e-6
-3.0599292578843467e-6
-2.8676206518827057e-6
-2.687441474244576e-6
-2.518667454033657e-6
-2.3605271506654576e-6
-2.212391597599099e-6
-2.0735791882041487e-6
-1.9435446025129233e-6
-1.8216846203763996e-6
-1.7075274109445286e-6
-1.6005380958335511e-6
-1.500309486038249e-6
-1.406366224297372e-6
-1.3183580634841875e-6
-1.2358614135133164e-6
-1.158576273210637e-6
-1.0861239959645727e-6
-1.0182490087387264e-6
-9.546115958581938e-7
-8.949955661949144e-7
-8.390948281821401e-7
-7.867282013009005e-7
-7.376185264880097e-7
-6.916158566436733e-7
-6.484678076179799e-7
-6.08052411614919e-7
-5.701383647018574e-7
-5.346288846597022e-7
-5.013104559746012e-7
-4.7010909499303243e-7
-4.4082612937149335e-7
-4.1340834701854947e-7
-3.8766927391518314e-7
-3.6357476147538616e-7
-3.4094814701865177e-7
-3.1977292235401384e-7
-2.9988006877738396e-7
-2.8126954820638766e-7
-2.637780081865566e-7
-2.4742093897230143e-7
-2.320388325720893e-7
-2.1766197303329945e-7
-2.041330079817066e-7
-1.9149646520066692e-7
-1.795955687706123e-7
-1.684887133615741e-7
-1.580182063447073e-7
-1.4825608880245382e-7
-1.3904232905466728e-7
-1.3046253930668015e-7
-1.2235297770884983e-7
-1.1481289100945815e-7
-1.0767349058618374e-7
-1.0104785152830899e-7
-9.476082410163537e-8
-8.893962851878259e-8
-8.340144719908124e-8
-7.828808430411072e-8
-7.340774161612828e-8
-6.891736298017338e-8
-6.46148406981666e-8
-6.067293091113176e-8
-5.6877858465575176e-8
-5.34189812311608e-8
-5.0069457304371496e-8
-4.703615371642014e-8
-4.4077711872490916e-8
-4.141953488531725e-8
-3.8804234776504117e-8
-3.647690159165836e-8
-3.416253298792778e-8
-3.2127181443357144e-8
-3.007656197119767e-8
-2.829909807629108e-8
-2.6479457908360613e-8
-2.4929983142853238e-8
-2.3312424039433798e-8
-2.1964733216542252e-8
-2.0523754148555894e-8
-1.9354894690417322e-8
-1.806797104162908e-8
-1.7057856218337317e-8
-1.5905074462808237e-8
-1.5036144555146604e-8
-1.3999877353051055e-8
-1.3256801854982567e-8
-1.2321423524454678e-8
-1.169084213052425e-8
-1.0842475938010292e-8
-1.0312768682143952e-8
-9.53906828353231e-9
-9.100156770084339e-9
-8.390108523996107e-9
-8.03328140016923e-9
-7.377033168606805e-9
-7.094791862111035e-9
-6.4834998859996345e-9
-6.2694272992465405e-9
-5.695121956996921e-9
-5.543765345277999e-9
-4.9992298946837345e-9
-4.905999525948819e-9
-4.384665783656369e-9
-4.345748498237843e-9
-3.841600378651116e-9
-3.853882360689637e-9
-3.3613725878403676e-9
-3.4223749997098436e-9
-2.936347860906633e-9
-3.0441710501122072e-9
-2.559795476603343e-9
-2.713070541725564e-9
-2.2257778055664535e-9
-2.42362700362583e-9
-1.9290548397680177e-9
-2.1710575916948823e-9
-1.6649997908952837e-9
-1.95116505263771e-9
-1.4295245281460717e-9
-1.7602685650923517e-9
-1.219013638900743e-9
-1.5951433936373228e-9
-1.0302665843202705e-9
-1.452967375185418e-9
-8.604472887237128e-10
-1.331273278514306e-9
-7.070388724542005e-10
-1.227908428648643e-9
-5.678040390867497e-10
-1.1409988298227812e-9
-4.407497056240501e-10
-1.0689172313947158e-9
-3.2409735263742085e-10
-1.010255413038898e-9
-2.1624832042862045e-10
-9.637600696406127e-10
-1.1545108175541662e-10
-9.258311749005722e-10
-2.3615809161717184e-9
-6.915458327768527e-8
-3.725181122660683e-7
-1.1858311563996097e-6
-2.939994271691659e-6
-6.196151835848115e-6
-0.000011702024462776542
-0.00002039028189700768
-0.00003342360760329537
-0.00005221158899030621
-0.00007844189634216034
-0.00011411055561778379
-0.00016153400797063865
-0.0002233877614746878
-0.0003026932541232747
-0.0004028600234670542
-0.0005276416393920495
-0.00068117731615321
-0.0008679127273273641
-0.0010926387675719675
-0.001360375803211545
-0.0016764100703406544
-0.002046143530442104
-0.002475131719871271
-0.0029689051417775745
-0.0035330154079350343
-0.0041728369901798
-0.004893630208095667
-0.005700333203064537
-0.00659764993149682
-0.007589840846235333
-0.00868084133049724
-0.009874055890612923
-0.011172507897529254
-0.012578636915306732
-0.01409447526698401
-0.015721442668749534
-0.01746054027934965
-0.019312132319863003
-0.0212761449883446
-0.023351822130101948
-0.02553791535932621
-0.027832400570306233
-0.030232647050516065
-0.03273508384001864
-0.03533533958913146
-0.03802785256250441
-0.04080597955444934
-0.0436615508500118
-0.046584955772555246
-0.04956465425857957
-0.05258725846599319
-0.05563702544345468
-0.058695967857658446
-0.061743366231128215
-0.06475595527583998
-0.06770750672142349
-0.07056914767858667
-0.07330907235192313
-0.07589305106722054
-0.07828432677696162
-0.08044436364412862
-0.0823329684584888
-0.08390930313364811
-0.08513224032871629
-0.08596162491060244
-0.08635882907747515
-0.0862881977909502
-0.08571771765208358
-0.08462052885923667
-0.0829755741320602
-0.08076901663745772
-0.07799470295545381
-0.07465530552193361
-0.07076242912046031
-0.06633730840873482
-0.06141041880876577
-0.05602160944559446
-0.05021914724010991
-0.04405924916546845
-0.037604583956094846
-0.03092327133772941
-0.024086971061180105
-0.017169519179519352
-0.010244825316679546
-0.003385392497128243
0.003339703033043559
0.009866132617752866
0.016135979555358847
0.022098653500120753
0.02771198505171493
0.03294256975775734
0.03776618488674663
0.04216751772100176
0.04613992415734316
0.04968462122013076
0.052809925237423484
0.05553008921120639
0.05786423825685079
0.05983508490063349
0.061467804085178004
0.06278885432751644
0.06382500301104968
0.0646024259684224
0.06514602070490771
0.06547887184967736
0.06562189977039365
0.06559369044238156
0.06541044507401743
0.06508610307640507
0.06463250343575841
0.06405969183772055
0.06337618396971101
0.06258934397829834
0.061705649960299286
0.060731052817798774
0.059671173906514836
0.05853158829992456
0.057317920821767
0.056036033368725646
0.05469201760087994
0.05329229371205353
0.05184351976901835
0.05035262550922994
0.048826668335088245
0.04727283089713051
0.04569825407967053
0.04411002430283616
0.0425150080476386
0.040919847704353134
0.0393308138580563
0.037753820325164264
0.036194302247574514
0.03465725380619086
0.03314713368942152
0.03166792384755943
0.03022305963837225
0.028815505034136896
0.027447702555446422
0.02612165921005553
0.024838910723094403
0.023600612624823176
0.022407513704573015
0.021260047533220573
0.020158311013892243
0.0191021527938742
0.01809115389293033
0.017124710637561588
0.01620201539048304
0.015322132664321468
0.014483978837972115
0.013686390907775353
0.012928104722294168
0.012207816399881728
0.011524159052816868
0.010875757269115532
0.01026120256503787
0.009679101536758264
0.009128050416595033
0.008606677591103735
0.008113617681656096
0.007647549136445221
0.00720716824263019
0.006791222462162357
0.006398484735136183
0.006027783165084156
0.005677975911401003
0.005347977753692828
0.005036735805165955
0.004743253409258987
0.004466566843601452
0.004205766929717527
0.003959976842491989
0.0037283717501459066
0.003510157797221079
0.003304590037263961
0.0031109526199150617
0.0029285752328187848
0.0027568144941954166
0.0025950690826016345
0.002442762314385954
0.0022993561092142585
0.002164334716192086
0.0020372176381926485
0.001917544459796203
0.001804886833466073
0.0016988343554083503
0.0015990057011349454
0.0015050354917379592
0.0014165846533720806
0.0013333282146817595
0.0012549649552526007
0.0011812060745739273
0.0011117841864443207
0.0010464428011888783
0.000984944716441754
0.0009270622564067027
0.0008725851039849668
0.0008213112433133578
0.0007730542739441958
0.0007276350056206512
0.0006848882917181562
0.0006446552280472762
0.0006067895395713184
0.0005711503378368763
0.0005376080927514632
0.0005060379060967875
0.00047632509747163237
0.00044835895449278385
0.0004220379598354796
0.00039726398148847596
0.00037394716596115277
0.00035200053479566006
0.00033134456671865054
0.0003119021694020192
0.00029360297242572736
0.00027637864472581535
0.0002601669188595541
0.0002449072269722781
0.00023054447602814326
0.00021702497631160409
0.00020429998626651953
0.00019232190970832803
0.0001810476275978548
0.0001704349420062038
0.0001604457109032826
0.00015104251846427482
0.00014219162804682883
0.00013385986001400002
0.00012601737722892805
0.00011863475249085452
0.00011168560041103667
0.00010514381766253389
0.00009898607438291213
0.00009318921147514942
0.00008773260385844151
0.00008259570030454926
0.00007776027035468998
0.00007320807274833316
0.00006892299691581731
0.0000648888475134738
0.00006109139122495586
0.000057516244685437984
0.000054150836895532856
0.00005098238900608555
0.000047999802452876106
0.00004519171925308352
0.00004254834519878719
0.000040059580122657456
0.000037716785663770054
0.00003551097511954181
0.00003343453462254797
0.00003147946266527455
0.00002963905388367861
0.000027906178246571586
0.000026274936412294547
0.000024738968956991038
0.00002329309181077567
0.000021931626661857677
0.000020650024770102592
0.000019443209462879296
0.000018307196447157033
0.00001723744011265134
0.0000162304584554752
0.00001528217398446528
0.000014389552045571688
0.000013548927313841539
0.000012757664219791799
0.000012012459697687463
0.000011311034701840323
0.00001065040409481976
0.000010028607903526758
9.442939260820702e-6
8.891724493634067e-6
8.372499563774178e-6
7.883848310996993e-6
7.423517797505962e-6
6.990324376591694e-6
6.582197569230327e-6
6.1981644989965385e-6
5.836311603814056e-6
5.4958577239104065e-6
5.175023001819317e-6
4.873201674870833e-6
4.588726798658084e-6
4.321153865364764e-6
4.068909889090607e-6
3.83169967891175e-6
3.6080266968877874e-6
3.397735089220107e-6
3.1993889503675057e-6
3.012963363741085e-6
2.83706829429946e-6
2.6718031208077703e-6
2.515809913289321e-6
2.3693068436111125e-6
2.2309555178505856e-6
2.1010889172851744e-6
1.9783760148871116e-6
1.8632617804950597e-6
1.754411091632506e-6
1.6523791260603853e-6
1.5558159102448684e-6
1.4653859814191842e-6
1.379713932694618e-6
1.299574015312189e-6
1.2235551314957478e-6
1.1525423048701537e-6
1.0850787842349743e-6
1.022162416645861e-6
9.622806266709186e-7
9.065472383942075e-7
8.533837700057109e-7
8.040238373611753e-7
7.56812874656124e-7
7.13109094855401e-7
6.711713580001563e-7
6.324879985398065e-7
5.952207746824266e-7
5.609945659248579e-7
5.278631992697484e-7
4.975953015556452e-7
4.6812518221492835e-7
4.4137361766936417e-7
4.151436496005422e-7
3.91517016543343e-7
3.6815318382490514e-7
3.4730493877483875e-7
3.264751045071655e-7
3.080985520738209e-7
2.8950775219694077e-7
2.7333164733606886e-7
2.567176831910515e-7
2.4250191419183037e-7
2.2763159625689263e-7
2.1516410855478308e-7
2.0182996463536924e-7
1.90923355569494e-7
1.7894060495979602e-7
1.6942954573108967e-7
1.5863363696163094e-7
1.503722728239668e-7
1.4061640525591198e-7
1.334763337525088e-7
1.246293483742679e-7
1.184977536443747e-7
1.104423271721444e-7
1.052200202421101e-7
9.785122074733091e-8
9.345147712311849e-8
8.667483192076516e-8
8.302192788854795e-8
7.675264016951458e-8
7.378066526107682e-8
6.794199037631648e-8
6.55939030643957e-8
6.011658196476209e-8
5.834323211112902e-8
5.3164169455758184e-8
5.192366022622427e-8
4.698533528706912e-8
4.624206562221324e-8
4.149149526143865e-8
4.1215935415962606e-8
3.6604491314193083e-8
3.677213760189435e-8
3.225459226756352e-8
3.284598684434099e-8
2.8380075369740798e-8
2.938008594721789e-8
2.4925936353029856e-8
2.6323694046542918e-8
2.1843431934596782e-8
2.3631897122089413e-8
1.9089212937197548e-8
2.126481941324862e-8
1.6624716891976817e-8
1.918736221834384e-8
1.4415646485585406e-8
1.7368475410418932e-8
1.2431473034014197e-8
1.578059132439594e-8
1.064493186509685e-8
1.4399635827584408e-8
9.031925388753729e-9
1.3204208556257527e-8
7.57062061496662e-9
1.2175656756265043e-8
6.241811078407494e-9
1.1297330508895505e-8
5.02808164382899e-9
1.0554863678419479e-8
3.913828469843265e-9
9.935601996377446e-9
2.885203479000252e-9
9.428481157549011e-9
1.929394351512675e-9
9.023619321168155e-9
1.032241383851684e-9
8.689735624536522e-9
1.3369531081085203e-8
3.745454321626873e-7
1.9942622495035516e-6
6.250955925246549e-6
0.000015185258619953145
0.000031231191292927204
0.00005733418487065474
0.00009676904267612661
0.0001531525221158842
0.0002303302127896089
0.00033230992250877605
0.00046321918615956797
0.0006271786621725022
0.0008283379177032531
0.0010707058869683784
0.001358272489210964
0.0016948102372456517
0.002084084401443984
0.002529634546995763
0.0030350676355020228
0.0036038210256962057
0.0042395229899917335
0.004945731083652929
0.005726335340970917
0.006585259827408898
0.007526877417999822
0.008555659410219242
0.009676568739501392
0.010894643591655144
0.012215338695182787
0.013644033874389337
0.015186300266072865
0.016847332866630992
0.018632129030856835
0.020544853943410872
0.022588931028606877
0.024766359359599262
0.02707772799620683
0.029521513185785272
0.032094039750031875
0.03478879254476622
0.03759635702909589
0.040503783609313705
0.04349454645487749
0.046548001666770866
0.04963940896967805
0.0527395262159731
0.05581474363205695
0.05882685878453392
0.06173337762486763
0.06448751517420012
0.06703872000848751
0.06933294402229351
0.07131344351255953
0.07292135208044924
0.07409679710376739
0.07477978819987441
0.07491165813089991
0.07443624194327657
0.0733016045721197
0.07146143330971572
0.06887695370595635
0.0655183961873608
0.06136693594528951
0.05641603428083424
0.050673180225665575
0.04416086285651589
0.03691785763262649
0.02899957220310002
0.020478622783300305
0.01144432449383663
0.0020023517584356345
-0.007726779556300433
-0.017609076938001872
-0.027499628947856344
-0.03724496677562705
-0.04668653986216236
-0.055663884118205505
-0.06401872878599486
-0.07159862095643284
-0.078261229866883
-0.08387794944607613
-0.08833786852634895
-0.09155080904015851
-0.09345041115117739
-0.09399608917123799
-0.09317475751207814
-0.09100130961516022
-0.08751868395449379
-0.08279668270640671
-0.07693032440821873
-0.07003708544076863
-0.06225376368833048
-0.05373249564949445
-0.04463660657431845
-0.03513597056834155
-0.025402490678894656
-0.015605478437773046
-0.005907452012582827
0.003539811713365499
0.012598562689844571
0.021147850179269206
0.029085495635104337
0.03632942620038652
0.042818201941594386
0.04851091630609618
0.05338640614171496
0.057441961815124516
0.06069155004385365
0.06316373198447611
0.0648993345513324
0.06594902748792707
0.06637088168725828
0.06622801346529775
0.06558638823726443
0.06451283137876386
0.063073308369209
0.06133146560541687
0.05934748241519997
0.05717717744552112
0.05487141403728581
0.05247571189189787
0.05003011148960617
0.047569175703877496
0.04512218375495535
0.04271339025195205
0.04036241734246709
0.038084649158153315
0.03589171060609374
0.033791901175817464
0.03179067847303136
0.02989106620614778
0.028094091034407066
0.026399128016177758
0.02480426514985056
0.023306571866978407
0.021902384508169687
0.020587498578030793
0.019357380303136135
0.01820729205046029
0.01713244126858545
0.016128052223951254
0.015189465667314765
0.014312170504676045
0.01349186701613029
0.012724470666261404
0.012006149867117046
0.01133331188964639
0.010702623859778704
0.010110988334572805
0.009555553968546777
0.009033686143008908
0.008542971798087131
0.008081188717481496
0.007646307485247873
0.007236461661485466
0.006849948684153218
0.006485202189323323
0.00614079288022309
0.00581540357861376
0.005507830556402705
0.005216961477105492
0.0049417773593569535
0.004681333313821118
0.004434761121089235
0.004201252534852742
0.003980062363020933
0.0037704940501899044
0.003571903115972528
0.003383684719578383
0.003205277306340408
0.0030361518742449095
0.0028758156961123603
0.0027238030360084145
0.002579678837753555
0.002443030673895457
0.0023134723165001833
0.0021906367322913744
0.0020741794766711125
0.0019637725793679155
0.0018591077223418188
0.0017598908854117802
0.0016658452862919513
0.001576706678453723
0.001492226042664713
0.0014121654488017158
0.0013363004977281943
0.0012644166737992035
0.0011963115421364412
0.0011317915310865882
0.0010706738951245611
0.001012783875150393
0.0009579564409074512
0.0009060337848384044
0.0008568668594222729
0.0008103131670353584
0.0007662381074701497
0.0007245130318194203
0.0006850164159049936
0.0006476321504832351
0.0006122505548415781
0.0005787668799034854
0.0005470821757255713
0.0005171019865264167
0.0004887370854756219
0.00046190234241972315
0.00043651733819473863
0.0004125053891438484
0.00038979405202418027
0.000368314289672088
0.0003480008772782773
0.00032879169711159327
0.00031062805338474765
0.00029345408547989255
0.00027721699936435266
0.0002618665891955669
0.0002473553920808387
0.0002336383091816939
0.00022067268993927123
0.0002084180448482464
0.0001968360642891883
0.00018589041570476642
0.00017554670304937084
0.0001657723410460892
0.0001565364585307512
0.00014780984568992577
0.00013956480501072402
0.0001317751653785376
0.00012441608450886068
0.00011746412558129392
0.00011089701339689204
0.0001046937699711347
0.00009883442673475285
0.00009330021612137782
0.00008807324067619347
0.00008313671922090214
0.00007847461271366108
0.00007407192422194847
0.00006991428134698744
0.00006598828947054452
0.00006228106981271177
0.00005878066619700654
0.00005547553770458292
0.00005235501923307869
0.00004940876741505991
0.000046627275506406194
0.00004400127166952503
0.00004152228828743837
0.0000391820116618899
0.0000369729064970979
0.00003488751496353167
0.00003291913810365647
0.00003106108221440226
0.000029307398984043435
0.000027652076100486087
0.000026089838943336513
0.000024615282211544133
0.000023223736587925163
0.000021910336901832294
0.000020670957632509007
0.000019501213630656857
0.000018397468325341178
0.00001735576266560352
0.000016372900201677776
0.000015445299168135088
0.000014570159849221963
0.000013744233896126833
0.000012965079661272745
0.0000122297427078216
0.000011536105215290195
0.000010881471119659562
0.000010264015760342836
9.681269478348149e-6
9.131673895275792e-6
8.612956673121862e-6
8.123801907458607e-6
7.662108253251397e-6
7.226781693159775e-6
6.8158677257698945e-6
6.428476058315381e-6
6.062777164769729e-6
5.718068843566014e-6
5.392626595200672e-6
5.085922456184884e-6
4.796318854954527e-6
4.523450227945683e-6
4.265749240375563e-6
4.023002794602263e-6
3.793698051136501e-6
3.5777663619054385e-6
3.3737347290503744e-6
3.181672148145598e-6
3.000131706907215e-6
2.829315320904066e-6
2.667788903601285e-6
2.5158828784208185e-6
2.372164154142911e-6
2.2370890831286067e-6
2.1092137433444735e-6
1.9891182616169955e-6
1.8753370346219728e-6
1.7685733874356765e-6
1.6673287800977869e-6
1.572430279416208e-6
1.482335714145292e-6
1.397997162443146e-6
1.317818069165851e-6
1.2428779531785481e-6
1.1715153935228408e-6
1.104940454689433e-6
1.041415973275768e-6
9.822867220555698e-7
9.25729213877138e-7
8.732281361430022e-7
8.228619791938247e-7
7.762617878263019e-7
7.313965933401265e-7
6.900507102326786e-7
6.500715713935636e-7
6.134051870181932e-7
5.777649694572668e-7
5.452667883264315e-7
5.134779700030887e-7
4.846939709332411e-7
4.5632243052324955e-7
4.308490507717563e-7
4.055080933772039e-7
3.8298705406310176e-7
3.603320501072753e-7
3.404453312095406e-7
3.2016886205887746e-7
3.0263457234264274e-7
2.8446277596277164e-7
2.690305048504125e-7
2.5271899672033017e-7
2.3916712242294434e-7
2.244975868760835e-7
2.1262963957720208e-7
1.9940708860659037e-7
1.8904932196621336e-7
1.7709963949169787e-7
1.6809850357953057e-7
1.5726588678404393e-7
1.4948589179078537e-7
1.396306209548489e-7
1.3295231116972084e-7
1.239490106260409e-7
1.1826735709429025e-7
1.1000323005814877e-7
1.0522633085116488e-7
9.759979603131791e-8
9.364699917073573e-8
8.656651228236901e-8
8.336782783184188e-8
7.675028621208427e-8
7.424529374779995e-8
6.801521724667964e-8
6.615150373624973e-8
6.023997776602496e-8
5.89728383902756e-8
5.331681986921419e-8
5.26085347138871e-8
4.714996219471825e-8
4.696899622701805e-8
4.165418147570483e-8
4.197471785797192e-8
3.6753446930535846e-8
3.755525172810486e-8
3.238040817961695e-8
3.364793546689904e-8
2.8474906038551035e-8
3.0196932985397997e-8
2.498345579903868e-8
2.7153013596829886e-8
2.1858477026197484e-8
2.4472663877817564e-8
1.9057367920292047e-8
2.2116938479749438e-8
1.654223376692473e-8
2.0051557320314917e-8
1.4279565185530492e-8
1.8246431660984088e-8
1.2238926473710924e-8
1.667424800866806e-8
1.0393308138326707e-8
1.5311580020495067e-8
8.71875595896705e-9
1.41376842863035e-8
7.193720526214004e-9
1.3133971879393559e-8
5.798693924984021e-9
1.228440928934352e-8
4.516387530308739e-9
1.1574983288590495e-8
3.3310902367396392e-9
1.0993186142423734e-8
2.228618786496878e-9
1.0527981838562572e-8
1.1927452878044901e-9
1.0143506983163609e-8