1.9549808783209248
1.9531908312258268
1.9501748346749885
1.9460025143490216
1.940700896442815
1.9343341979027857
1.9269591335901823
1.9186549975873504
1.9095008557735267
1.8995912926585121
1.889022564195682
1.877901407399541
1.8663358827915437
1.8544401198179112
1.8423279332012805
1.830114920901705
1.8179139248332399
1.805835356368117
1.7939840080862937
1.7824582227937995
1.771347795494571
1.7607324640235904
1.7506807680864034
1.741248246705716
1.7324771825813094
1.724394810127706
1.7170138886935755
1.710331142256811
1.7043285891190583
1.6989723492936917
1.6942146252529915
1.6899929313125486
1.6862325835199856
1.682846335155832
1.6797372057171476
1.6767984554900515
1.673916571916404
1.670971488243646
1.6678395535684982
1.664393895572349
1.6605072264048062
1.6560522629810235
1.6509042588755973
1.6449414202745125
1.6380470964597964
1.630110157111608
1.6210268131433447
1.6107009445675566
1.5990455536026849
1.585983047131887
1.5714463421891014
1.5553791115263103
1.5377365677996109
1.518485676028331
1.4976056394320003
1.4750880716571426
1.450937198085749
1.4251699675804923
1.397815972439148
1.3689174680130614
1.3385290061814656
1.3067173248175636
1.2735606866860933
1.2391486016472688
1.2035808671189694
1.166967095250758
1.1294254632059242
1.0910820351842831
1.052069250106498
1.0125250527999747
0.9725911710664727
0.9324120985389683
0.8921332389232505
0.8518998105421062
0.8118549578937269
0.7721386694272867
0.7328859702083823
0.694225954951051
0.6562801761785475
0.6191618905203055
0.5829747422298158
0.5478123016147728
0.5137571152310477
0.4808805837543021
0.4492424119179287
0.41889083469056
0.3898624585846604
0.3621828066501182
0.33586650519859934
0.3109180864634625
0.2873324468698153
0.2650958258953931
0.24418644705952183
0.22457558437503683
0.20622829558670583
0.18910449265411172
0.17315968628241166
0.158345991082703
0.14461281740462661
0.13190776117877043
0.12017719936036439
0.10936703504829304
0.0994231728658261
0.09029210868320531
0.08192127842991986
0.07425949670126236
0.06725718545316436
0.06086667617718199
0.05504233336273133
0.04974074091500887
0.04492073961819884
0.04054352075366325
0.03657259791100982
0.032973830300735064
0.029715348115727264
0.026767525798097005
0.024102877662271677
0.021695998209989967
0.019523441625303804
0.017563642773867752
0.015796791000442564
0.014204742130043704
0.01277089407555635
0.011480097229939076
0.01031853690215063
0.00927364706395346
0.008334002637991462
0.00748923965726372
0.00672995891652551
0.00604765417695371
0.005434627605663744
0.004883926643020455
0.004389270921284937
0.003944997728447398
0.0035459996394214184
0.0031876780818014456
0.0028658906614624047
0.0025769120949825845
0.00231739010641838
0.0020843128827031775
0.0018749724120000442
0.0016869375985256291
0.001518023968734647
0.0013662716178598358
0.001229920301522785
0.0011073914540552518
0.0009972677912128648
0.0008982787235382388
0.0008092837081368329
0.0007292604679995253
0.0006572914393776975
0.0005925542932331461
0.0005343109250477714
0.0004818998534494156
0.0004347272890391913
0.0003922610557810597
0.00035402335388113714
0.00031958591106158836
0.0002885641218925461
0.0002606131887457261
0.00023542337702792192
0.00021271695004385912
0.00019224432735960825
0.00017378165485047137
0.00015712769308491768
0.0001421018944290695
0.00012854188102983313
0.0001163019259213901
0.00010525090696948786
0.00009527110934357128
0.00008625656362560323
0.00007811210355141343
0.0000707520142307287
0.00006409929240148773
0.0000580845450777823
0.000052645410281651496
0.00004772565804554032
0.000043274738176198674
0.00003924704490065213
0.0000356015650829146
0.000032301275341843944
0.00002931286961846434
0.000026606263659364475
0.000024154385194403276
0.000021932765555556014
0.000019919379194135307
0.000018094306123950628
0.000016439610263706854
0.000014939059542695126
0.000013578034742409097
0.000012343296634244922
0.000011222918730611169
0.000010206092859301718
9.283080611230877e-6
8.44505039333497e-6
7.684043451539829e-6
6.992836761968193e-6
6.364920372767294e-6
5.794381555173894e-6
5.275890893245584e-6
4.80460397254389e-6
4.37615418983274e-6
3.986568948296918e-6
3.632267589419521e-6
3.309989622205831e-6
3.0167965201411476e-6
2.750009963828498e-6
2.507216515716748e-6
2.2862142217070396e-6
2.0850193899345788e-6
1.9018201939436165e-6
1.7349849508565004e-6
1.5830216100465893e-6
1.4445870597669795e-6
1.3184515816085355e-6
1.2035088204032745e-6
1.0987444447704409e-6
1.0032464986531785e-6
9.161776388672286e-7
8.36785652569602e-7
7.643787495153777e-7
6.983360817371039e-7
6.380856556831512e-7
5.831147312962855e-7
5.329499909793386e-7
4.87167727393267e-7
4.453759652012117e-7
4.0722437207965873e-7
3.72388077797507e-7
3.405772625927713e-7
3.115224582649461e-7
2.84983783360657e-7
2.6073754414781723e-7
2.385850978873559e-7
2.1834059907596418e-7
1.998394811807911e-7
1.8292721640719846e-7
1.6746741321368798e-7
1.5333147691439813e-7
1.404063255289263e-7
1.28584854444283e-7
1.1777327705125676e-7
1.0788231002019652e-7
9.88341480200499e-8
9.055429735834282e-8
8.297819609959543e-8
7.604363325163906e-8
6.969702697815249e-8
6.388637448360178e-8
5.856720189397349e-8
5.3695996749359797e-8
4.9235843621529514e-8
4.515029687043331e-8
4.1408716267209546e-8
3.798054257642176e-8
3.4840347429682014e-8
3.1962478497519054e-8
2.9325837668187636e-8
2.690886618582217e-8
2.4694064875378686e-8
2.2663292741506588e-8
2.080204257861081e-8
1.909502922581739e-8
1.7530233437933243e-8
1.6094758340827025e-8
1.4778653935684866e-8
1.3571022349966249e-8
1.2463634820109137e-8
1.1447268130836277e-8
1.0515125382876637e-8
9.659387595244694e-9
8.87444902414542e-9
8.153669300251013e-9
7.492433529908643e-9
6.885091578646334e-9
6.3278526614094005e-9
5.815899486588252e-9
5.346126532110276e-9
4.914417749764221e-9
4.518237231260396e-9
4.154060056200982e-9
3.819823578494061e-9
3.512501796246466e-9
3.230425035284317e-9
2.970988936779614e-9
2.7328498816656456e-9
2.5137603415261876e-9
2.3126469755668666e-9
2.12756468036817e-9
1.957663899645974e-9
1.8012562458914645e-9
1.6576771920587375e-9
1.525456628892603e-9
1.4040827563864781e-9
1.2922713899060876e-9
1.1896365371172732e-9
1.0950526783205946e-9
1.00823720082739e-9
9.282002581040068e-10
8.547439374962938e-10
7.869946522145992e-10
7.248236390664408e-10
6.674571599391463e-10
6.1482266298061e-10
5.662323686344169e-10
5.216591796974561e-10
4.804895033995024e-10
4.4273276216334947e-10
4.0783955969709423e-10
3.7584842430766856e-10
3.4626566525911806e-10
3.1915277338935494e-10
2.9406453565325995e-10
2.7108032283881183e-10
2.49797236660323e-10
2.3030833086870217e-10
2.1224775773918763e-10
1.9571879615809456e-10
1.8038814398347957e-10
1.6636646413679049e-10
1.5334913711326533e-10
1.414518831134671e-10
1.303954458535104e-10
1.2029870477248398e-10
1.1090490806428132e-10
1.0233455345787504e-10
9.435092580950283e-11
8.707489736940646e-11
8.028765401438973e-11
7.410944581188556e-11
6.833750665737612e-11
6.309067287738574e-11
5.818061422917906e-11
5.37241318281416e-11
4.95459246858636e-11
4.576027800938114e-11
4.2203689172673524e-11
3.898756304445843e-11
3.5959114943165096e-11
3.322660075826594e-11
3.0647002431037814e-11
2.832523691525937e-11
2.6127212425176642e-11
2.4154381428522643e-11
2.2280833650217533e-11
2.060448401707132e-11
1.900694151606061e-11
1.7582553046783076e-11
1.621985599821434e-11
1.5009633060071636e-11
1.3846821071700815e-11
1.2818669761048753e-11
1.182604028387784e-11
1.0952702378241551e-11
1.0105013283451349e-11
9.363332712184955e-12
8.639126731618574e-12
8.009428071340652e-12
7.39046026338974e-12
6.856021941348706e-12
6.326774256858885e-12
5.873381814870166e-12
5.420651283321803e-12
5.0362182938735005e-12
4.648767398169937e-12
4.3230134954096e-12
3.9912730104880115e-12
3.715450052255335e-12
3.4312660324163264e-12
3.197924683342964e-12
2.9543424279590624e-12
2.757132474249264e-12
2.5482112014761143e-12
2.3817096888566277e-12
2.2023623086171173e-12
2.0619241348518848e-12
1.907776925782999e-12
1.7894027983407494e-12
1.6566699275226196e-12
1.5568865711874301e-12
1.4422541904937422e-12
1.3580012807337248e-12
1.2585152894837601e-12
1.1870326688906954e-12
1.0999829912013388e-12
1.0386901023506548e-12
9.614822474667145e-13
9.078390894300265e-13
8.378404864697727e-13
7.891753563041609e-13
7.235191617180293e-13
6.768029584338674e-13
6.12128979281543e-13
5.636737377333996e-13
4.957416221322065e-13
4.407304828498174e-13
3.6388404934211613e-13
2.957363408371893e-13
2.021836582156059e-13
1.1228039462765219e-13
-2.3427579325670154
-2.3315287456727
-2.3130605675964158
-2.2873704952698906
-2.254694182159961
-2.215235350491183
-2.169302254747086
-2.117202768016448
-2.059315047379831
-1.996022323346849
-1.9277563725702775
-1.8549505978996659
-1.7780692266785632
-1.697570977790334
-1.6139300445669797
-1.527607064193707
-1.4390650699588103
-1.3487460985329427
-1.2570839935605467
-1.1644856584304468
-1.071341796765021
-0.9780120556063805
-0.8848342525729324
-0.7921127314161137
-0.7001262892787977
-0.6091191310551558
-0.519307556746255
-0.43087302190703136
-0.34396764813959024
-0.25870908022324574
-0.1751849885995237
-0.09344961996487405
-0.01352759548862173
0.06458777946754642
0.14093102648099515
0.21556428116262058
0.288573720979756
0.36006734247972516
0.4301710223067419
0.49902432072340347
0.5667760861297279
0.6335785299869706
0.6995825180447364
0.7649303839487016
0.8297512711308558
0.894153338464341
0.9582196834566572
1.0220007088206573
1.0855112450100848
1.1487238747870325
1.2115678719915162
1.2739242193005031
1.3356268916641554
1.3964601553749483
1.4561625550524018
1.5144268582126639
1.570906863089645
1.6252200637775722
1.6769570964818925
1.725686864627863
1.7709681069867813
1.8123563705637482
1.8494168533952917
1.8817322914280459
1.9089159548124233
1.930619282331715
1.9465437552649403
1.9564470313592672
1.9601524426140657
1.9575524979665173
1.9486149834690292
1.9333830309157896
1.911977228905061
1.8845919544276108
1.8514934651776507
1.8130127716107927
1.769540263859417
1.7215159398061755
1.6694215976957618
1.6137696119934515
1.5550939924138893
1.4939390363261817
1.430850570059553
1.3663656927415493
1.301005298660579
1.2352658160753738
1.169613737969309
1.1044798454594793
1.040256051234078
0.9772921830157008
0.9158950633524385
0.8563275940056737
0.7988097194003388
0.7435193396340508
0.6905946550227946
0.6401363476747423
0.5922107702874141
0.5468528510813394
0.504069640832689
0.4638434782636665
0.42613550903836406
0.3908887632097644
0.35803137658990974
0.32747935060594396
0.2991393171751996
0.27291085627523903
0.24868873710712522
0.22636475098757222
0.20582942917372085
0.18697340638805668
0.16968865974345845
0.1538694536474274
0.13941316842113238
0.1262208949074239
0.1141979304278873
0.10325409606531402
0.0933039763250224
0.08426702829323551
0.07606763385402257
0.06863506140791727
0.061903388896746736
0.05581136820761315
0.05030226578842893
0.04532366907989772
0.04082728056934722
0.036768695681199524
0.03310717649091242
0.029805422015203767
0.026829339817888292
0.02414782275664673
0.021732530391565315
0.01955768091617975
0.017599849489702342
0.015837780130726304
0.014252204614019912
0.01282567630621919
0.011542410850884092
0.010388142039806425
0.00934998391871145
0.00841630759747475
0.0075766234345593
0.006821477008021905
0.006142349506167006
0.005531570757536393
0.004982235730962794
0.004488132439334898
0.004043672429536031
0.0036438314438073825
0.003284091881929233
0.0029603942620616444
0.0026690898092405066
0.0024069009605473314
0.0021708824380928006
0.001958389261816505
0.0017670448770733256
0.001594715353636007
0.0014394833425956583
0.0012996273412533082
0.0011736004426688702
0.0010600137273802635
0.0009576189374052551
0.0008652952149101816
0.0007820349795018037
0.0007069333710777798
0.0006391767353421254
0.0005780342444013735
0.0005228485021172532
0.0004730289135435502
0.0004280440110168444
0.0003874162245162585
0.00035071560348223394
0.0003175557069074648
0.0002875884569264048
0.00026050092207109384
0.0002360110887029405
0.00021386535535104675
0.0001938350488685176
0.00017571448383867569
0.00015931808350893288
0.00014447888738928065
0.00013104616390069085
0.00011888427276171973
0.00010787067802865759
0.00009789509072614415
0.00008885780850757718
0.00008066907910991471
0.00007324770701532118
0.00006652059041890198
0.000060421546675444336
0.000054890985150026034
0.0000498749124173294
0.00004532471109704466
0.000041196293168773095
0.00003744996106387419
0.00003404968341567513
0.00003096301959892179
0.000028160497034945633
0.00002561558429007406
0.000023304152925822703
0.000021204487389817418
0.000019296817524744437
0.000017563355970730622
0.000015987889970501528
0.00001455583897966632
0.000013253896447116844
0.000012070101902224846
0.000010993525043433573
0.000010014347821189764
9.123584509679594e-6
8.313170296925326e-6
7.575712105439123e-6
6.904580988574336e-6
6.293689354212581e-6
5.7375850908328695e-6
5.23125157327993e-6
4.770201936304234e-6
4.350298834345027e-6
3.967847670962778e-6
3.619433570603117e-6
3.3020126804847516e-6
3.0127642117433164e-6
2.7491791727696456e-6
2.5089256662681884e-6
2.2899346031673074e-6
2.090276714099221e-6
1.908244941520913e-6
1.7422418495242938e-6
1.5908585072401508e-6
1.4527711682751871e-6
1.3268165476269185e-6
1.2118967983394644e-6
1.1070511524622795e-6
1.0113683533246148e-6
9.240546828558767e-7
8.443531177462039e-7
7.716078041684577e-7
7.051892987147915e-7
6.445555799748506e-7
5.891828135226282e-7
5.38623010112905e-7
4.924398205902306e-7
4.5026296441823947e-7
4.1172861719663024e-7
3.765307422328677e-7
3.4436568202189306e-7
3.1498053071884864e-7
2.8812158280456333e-7
2.63579886505854e-7
2.41143239040954e-7
2.2063906096356906e-7
2.018896587658211e-7
1.847525583503486e-7
1.6907878311490588e-7
1.5475078172364971e-7
1.416434937278159e-7
1.2966000286117429e-7
1.1869518327978751e-7
1.0866920502055885e-7
9.949357249836073e-8
9.110260375430883e-8
8.342168928736525e-8
7.639686144750249e-8
6.99651162990481e-8
6.408218411195809e-8
5.869477000629177e-8
5.376663106101218e-8
4.9252603182978466e-8
4.512308496246967e-8
4.133972872325128e-8
3.7878425962950184e-8
3.4706550023387774e-8
3.18045328031857e-8
2.914455506703926e-8
2.6710799136608096e-8
2.4479490642207736e-8
2.2437907106224978e-8
2.056568202360827e-8
1.885264466232477e-8
1.7281303819780167e-8
1.584358978416874e-8
1.452444102105142e-8
1.3317515070758062e-8
1.2209806832030694e-8
1.1196391213092848e-8
1.0266006649077077e-8
9.414888575045062e-9
8.633256385504041e-9
7.918293251582941e-9
7.261478943519759e-9
6.660768165109956e-9
6.108715547931573e-9
5.60390151693894e-9
5.13979935864659e-9
4.7154946545593766e-9
4.325247651259669e-9
3.968549495049527e-9
3.6403362136479775e-9
3.3404223477834602e-9
3.0643257129961652e-9
2.8121165435263176e-9
2.579814857496587e-9
2.3676908971163413e-9
2.1721993880433307e-9
1.9937648696031232e-9
1.8292194346385778e-9
1.6791044862498244e-9
1.5405806815866476e-9
1.4142757200176812e-9
1.2976372054227068e-9
1.191354257438264e-9
1.0931258630721638e-9
1.003682400812019e-9
9.209437839798501e-10
8.456653903884169e-10
7.759619160174611e-10
7.12600704316564e-10
6.538687379850482e-10
6.00534955962125e-10
5.510392210239596e-10
5.061438933832168e-10
4.6442492956133343e-10
4.2663174399690627e-10
3.914618267032902e-10
3.5964676337347465e-10
3.299929116473362e-10
3.032103611707667e-10
2.7820328637764484e-10
2.556576063944324e-10
2.3456564113691804e-10
2.1558727267751138e-10
1.9779447584903716e-10
1.8181988379560487e-10
1.6680764848013608e-10
1.5336246996553019e-10
1.4069407022628848e-10
1.2937895480770082e-10
1.1868655884784792e-10
1.0916526791739519e-10
1.0013902159085174e-10
9.212842446066543e-11
8.45072731311638e-11
7.776893580233165e-11
7.133290614150144e-11
6.56660178005419e-11
6.022972598785778e-11
5.546514934165104e-11
5.0872339719711137e-11
4.6867605687343975e-11
4.2986555420448655e-11
3.962165152386385e-11
3.634130319992541e-11
3.351512916334614e-11
3.074183540321733e-11
2.836921972340801e-11
2.6024002410962296e-11
2.403319064480998e-11
2.2049432940532687e-11
2.0379972694026743e-11
1.8701475034083705e-11
1.7302434571316886e-11
1.588177677488165e-11
1.471024415931653e-11
1.3507404914529156e-11
1.2527222958381225e-11
1.1508415597933319e-11
1.0689114872788251e-11
9.82580471495379e-12
9.141702667716815e-12
8.40977645989618e-12
7.839215447949035e-12
7.218277754238299e-12
6.742978671240088e-12
6.215753480479429e-12
5.820264671994145e-12
5.372083127546904e-12
5.043306516799876e-12
4.66166348370591e-12
4.388441220257695e-12
4.062604353604383e-12
3.835349765422385e-12
3.55600468188844e-12
3.3663606595760815e-12
3.1252744961765037e-12
2.9657803506004016e-12
2.7554630093281773e-12
2.6192068046535136e-12
2.432543897315747e-12
2.312770497927193e-12
2.1425935395838215e-12
2.032228279536073e-12
1.8707772797479443e-12
1.7618172213210565e-12
1.6000854830363817e-12
1.482869170817115e-12
1.3093897121783127e-12
1.171053216104011e-12
9.703756512289774e-13
7.930981126722089e-13
5.438043613317962e-13
3.0401531814366366e-13
1.812755365049665
1.8008367652297683
1.7811500495422707
1.7535644269017505
1.7181354701211053
1.674834045780003
1.6236978346977256
1.5647296490233595
1.4979748434721458
1.4234698104242738
1.3412893579559144
1.2515205099391475
1.154294557753542
1.049776133906696
0.9381859374587282
0.8197994193831977
0.6949625681030693
0.5640958869557775
0.4277037520868636
0.28637999987429535
0.14081048512034466
-0.008222817377210364
-0.15984657427329332
-0.3130957439063056
-0.4669257371840544
-0.6202169745644851
-0.7717936951475233
-0.9204333185498005
-1.064890191766168
-1.2039084842216268
-1.336248359762543
-1.4607002963272255
-1.576110764705001
-1.6813955393097944
-1.7755620871635924
-1.8577196783494088
-1.9270963269171415
-1.9830442331699616
-2.0250501266404415
-2.0527355763672053
-2.065860728063342
-2.06432004383893
-2.0481404410877837
-2.017473822526854
-1.9725912982043776
-1.9138742667461481
-1.8418066154714727
-1.7569660518969228
-1.660015929628009
-1.551698060317604
-1.43282521311612
-1.3042759106703936
-1.1669878803551839
-1.0219545541903503
-0.8702190196062259
-0.7128713034545423
-0.5510418631602235
-0.38589839441186363
-0.2186377402950078
-0.050480997972350644
0.11733706278721842
0.2835754192495479
0.44700024032840047
0.6063949894347509
0.76057637322333
0.9084065003696966
1.048810218474873
1.180787981299436
1.3034328542806115
1.4159422569289006
1.5176326187633198
1.6079480377308613
1.6864706652106183
1.7529246057510846
1.8071806062038667
1.8492541734029981
1.8793039473264626
1.8976238976032405
1.9046357038900383
1.90087581470762
1.8869830335219537
1.8636819811207779
1.8317677075177383
1.7920875372091527
1.7455247817454547
1.6929810007351878
1.635360763454176
1.5735560617025275
1.508433638427535
1.4408227524655883
1.3715059919463717
1.3012109607035343
1.2306048696200627
1.1602901253548212
1.090802461720202
1.0226099580079586
0.9561141041324325
0.8916515008357406
0.8294970647997069
0.7698675624054329
0.712926132795976
0.6587868454980073
0.6075198066681854
0.5591560599828023
0.5136926943435403
0.47109757903950594
0.4313140662649996
0.3942652273737559
0.35985790887141944
0.32798629143126984
0.2985351949241101
0.2713829030853101
0.24640371426076116
0.22347005928579505
0.20245436059475602
0.18323052237369417
0.16567519679293105
0.14966875039535804
0.13509604966618874
0.12184701334986855
0.10981702760358711
0.09890718734397934
0.08902444005450384
0.08008160589299887
0.0719973336057479
0.06469597302875632
0.0581074098125396
0.05216684779682107
0.04681457342748599
0.04199569083516797
0.03765985302620247
0.03376098009292972
0.030256982909379216
0.027109484943064775
0.02428355528329021
0.021747446881595058
0.019472349047602214
0.017432149320392398
0.015603210737681613
0.01396416057332236
0.012495694350263207
0.01118039201244257
0.010002548464393865
0.008948016058460894
0.008004060105351606
0.007159225581117964
0.006403215319626204
0.005726778363670395
0.005121608231757127
0.004580250189694267
0.004096016936866364
0.0036629121370643403
0.0032755609891734552
0.0029291475419008332
0.0026193578270346613
0.0023423287319962564
0.0020946016306625497
0.0018730808604100983
0.0016749960534523294
0.0014978685360190547
0.0013394808222628532
0.0011978495075514366
0.0010712006259446865
0.0009579478394630618
0.0008566725734694337
0.0007661065060727018
0.000685115581781958
0.0006126859797032238
0.0005479112651989775
0.0004899811637575923
0.0004381712450369157
0.00039183395366864065
0.0003503903325794021
0.00031332286535839133
0.0002801688389434687
0.0002505146374025395
0.00022399042070837824
0.00020026557959284386
0.00017904446978319957
0.00016006279446541765
0.00014308418432130656
0.0001278973202729848
0.0001143131909566695
0.00010216280570585357
0.0000912949944490545
0.00008157459092986414
0.0000728806668778707
0.0000651050896064127
0.00005815110389328245
0.000051932187458756746
0.00004637091131065497
0.00004139803210613927
0.000036951575588713586
0.000032976117229816895
0.000029422044486600836
0.000026244987015381347
0.000023405222354827222
0.0000208672248986089
0.00001859918670085447
0.00001657266068973347
0.000014762173956888567
0.000013144945708870256
0.000011700574926039224
0.000010410817542973186
9.259333974650685e-6
8.231513196941733e-6
7.314268522610067e-6
6.495898784077882e-6
5.765923045961452e-6
5.114971106524456e-6
4.534649674465511e-6
4.0174560081097456e-6
3.5566695557521517e-6
3.1462838266438986e-6
2.780918671062973e-6
2.4557664914032728e-6
2.1665212798623788e-6
1.9093360846627826e-6
1.6807656773182495e-6
1.4777328305848946e-6
1.29748209154133e-6
1.137552937993607e-6
9.957426182243458e-7
8.70084658107556e-7
7.58819117400108e-7
6.603752421019779e-7
5.733477997408112e-7
4.964829275367401e-7
4.286594605506646e-7
3.688772294976662e-7
3.162424980987249e-7
2.699581256913794e-7
2.2931239336385767e-7
1.9367057440923476e-7
1.624665606162659e-7
1.3519548491726063e-7
1.1140766576295649e-7
9.070200646501208e-8
7.272186186180766e-8
5.7149002170380014e-8
4.3701076135865494e-8
3.212597713205187e-8
2.220063384908076e-8
1.3725655668657135e-8
6.525228239799852e-9
4.419459793576765e-10
-4.6623723468216845e-9
-8.911732033769704e-9
-1.2414380853047756e-8
-1.5267787621173584e-8
-1.755642330606831e-8
-1.9356704436882952e-8
-2.073424479624987e-8
-2.174878712768294e-8
-2.24510161719856e-8
-2.2887493540731212e-8
-2.309710869372097e-8
-2.311602533787829e-8
-2.29738352019457e-8
-2.2698519448856244e-8
-2.231236034028309e-8
-2.1836917560482656e-8
-2.128874471370172e-8
-2.0684377869313215e-8
-2.003589701034694e-8
-1.9355922301074006e-8
-1.865305486612588e-8
-1.793687507629551e-8
-1.7213292193979006e-8
-1.6489538229676463e-8
-1.5769451886694797e-8
-1.505846115015501e-8
-1.4358823471565863e-8
-1.3674590127545219e-8
-1.300682160377995e-8
-1.2358526831908305e-8
-1.1729870174563073e-8
-1.1123078864250271e-8
-1.0537655789719347e-8
-9.975248777042745e-9
-9.434881474182249e-9
-8.917778499822967e-9
-8.422625071991807e-9
-7.950342479777343e-9
-7.499385663642517e-9
-7.0704639189424406e-9
-6.661884379650839e-9
-6.2742133261750475e-9
-5.905672422936891e-9
-5.5567364661231945e-9
-5.2255882571973765e-9
-4.912649080267982e-9
-4.616097240028065e-9
-4.336327997405181e-9
-4.071540046273971e-9
-3.822122056213174e-9
-3.586310694020776e-9
-3.3645013212346537e-9
-3.154980573721811e-9
-2.958159136968587e-9
-2.7723813700393262e-9
-2.5980784330888632e-9
-2.4336569730491896e-9
-2.279571204935329e-9
-2.134292259000141e-9
-1.9982981204696e-9
-1.870124865308928e-9
-1.75027364275841e-9
-1.6373446949116114e-9
-1.5318608232061536e-9
-1.4324847907752153e-9
-1.3397589491712968e-9
-1.2524063586605592e-9
-1.1709864656143954e-9
-1.0942800408172022e-9
-1.0228609927518082e-9
-9.55565014669443e-10
-8.929777953437805e-10
-8.339870796454057e-10
-7.791876972450129e-10
-7.275165765906199e-10
-6.795751547772666e-10
-6.343467388719416e-10
-5.924369878563272e-10
-5.528728865017071e-10
-5.162621039591054e-10
-4.816727321557606e-10
-4.4971242634762103e-10
-4.1948796089192567e-10
-3.916051456857323e-10
-3.6520716591771735e-10
-3.4089634589243165e-10
-3.1785016466816937e-10
-2.9666600606215296e-10
-2.765536780054729e-10
-2.581043453991625e-10
-2.405583265009842e-10
-2.244994545326663e-10
-2.091968786254832e-10
-1.9522614130278812e-10
-1.8188367371827305e-10
-1.697359100762967e-10
-1.5810513623712179e-10
-1.475479894017368e-10
-1.3741129514745407e-10
-1.282413217934977e-10
-1.1940822285517938e-10
-1.114474310079559e-10
-1.0375131034358941e-10
-9.68440852061144e-11
-9.01392989658205e-11
-8.414967867999823e-11
-7.830899392580229e-11
-7.311825963808194e-11
-6.803058949058642e-11
-6.353513672972004e-11
-5.910354126711234e-11
-5.5213002237037164e-11
-5.1352926048642606e-11
-4.798851501874072e-11
-4.4626234816772945e-11
-4.1719291167185283e-11
-3.8790549144869494e-11
-3.6281254840513714e-11
-3.37300555703364e-11
-3.156630577689431e-11
-2.9343856207202483e-11
-2.748026338088915e-11
-2.5544036949912473e-11
-2.394104997122994e-11
-2.2253956831295277e-11
-2.087707746607859e-11
-1.9406723240951737e-11
-1.822580228404285e-11
-1.6943817422694154e-11
-1.5932412035792593e-11
-1.4813832435400998e-11
-1.3948604137125216e-11
-1.297128081455095e-11
-1.2231409712776251e-11
-1.137542034902004e-11
-1.0742004894126726e-11
-9.989032050396192e-12
-9.444433549374825e-12
-8.777061917677024e-12
-8.304137672493848e-12
-7.705003791170168e-12
-7.286149486125176e-12
-6.736848831477631e-12
-6.352735782975776e-12
-5.832348195724226e-12
-5.460185010669061e-12
-4.943189287686653e-12
-4.554219141869856e-12
-4.007669113758218e-12
-3.56382645857491e-12
-2.9431655767940624e-12
-2.39201727622517e-12
-1.6353184590526352e-12
-9.079133859963235e-13
-1.4010537745900358
-1.3791810585578237
-1.3434134425274327
-1.293626636497408
-1.230326444746685
-1.1538758710067205
-1.0649005962509417
-0.964015931179896
-0.8520048286573165
-0.7296922494372117
-0.5980259503243562
-0.4580234269784774
-0.31079989891276205
-0.15755750145871406
0.0004198880802972197
0.16175153267875259
0.3249882456404374
0.488582402241229
0.6509342743220708
0.8103553585361141
0.9651293987024528
1.1134750601751926
1.2536189495423617
1.3837615321210872
1.5021590287637165
1.6070942618148896
1.6969633938385302
1.7702512976943814
1.8256181911584282
1.8618774840009344
1.878076888202176
1.8734757946847023
1.8476156874610623
1.8002940918414245
1.7316201629653312
1.6419830609467774
1.5320902598352288
1.4029295752998703
1.2557897097790378
1.0922166886670333
0.9140180055657208
0.7232155031666114
0.5220358391375274
0.31286256905298554
0.09821629748557349
-0.11929124378545893
-0.3369840804602608
-0.5521636965568726
-0.7621403091526127
-0.9642690379074916
-1.1559837850157266
-1.334827478149095
-1.498487498374931
-1.6448201824716513
-1.7718870435696845
-1.8779737511204144
-1.9616261346478618
-2.021663321524129
-2.0572117852871656
-2.067711407159985
-2.052944912162169
-2.0130346982523712
-1.948464310796602
-1.8600633929343178
-1.7490178009258668
-1.6168403417905448
-1.465367007147713
-1.296712443136828
-1.1132515965477132
-0.9175609739083534
-0.7123874580690491
-0.5005789242096297
-0.2850445427510344
-0.06868059591932381
0.14567143595969018
0.3552966231484032
0.557643594001196
0.7503865654956636
0.9314509435652017
1.0990597444465846
1.2517432521051128
1.3883664717577016
1.5081211408762878
1.6105339179604896
1.6954420473337684
1.762984855054385
1.8135668506205729
1.847837168115067
1.866645364995837
1.8710143781290909
1.8620945858795084
1.841135644168584
1.8094436607648725
1.7683562047359893
1.7192060589465865
1.6633021659860032
1.6019018014381294
1.536198638914749
1.4673036892382436
1.3962403426005412
1.3239332822375407
1.2512094536015357
1.1787934739527899
1.1073130117988164
1.0372989469755978
0.9691935490881669
0.9033536973381285
0.8400604098635518
0.7795236871090659
0.7218922462756133
0.6672588954351092
0.6156696714948016
0.567129001654518
0.5216077634665961
0.4790477948555526
0.4393686556018818
0.4024712839609759
0.368243428607291
0.336562415660052
0.3072993426447881
0.28032102287941474
0.25549310021405414
0.23268129180502087
0.21175360871917415
0.19258103740801866
0.17503905036156528
0.1590078636455619
0.1443734048826792
0.1310272688483099
0.11886728545717198
0.10779727460245991
0.0977273301382122
0.08857345340613537
0.08025764383063184
0.07270747051429878
0.06585603778313778
0.059641537103711874
0.054007137414287115
0.048900545806236685
0.044273857760682676
0.040083144411103694
0.03628828651366629
0.0328525982722531
0.029742660480918223
0.026927985353823156
0.024380858232633612
0.02207604412860518
0.019990643165880614
0.018103837168210957
0.0163967611615182
0.014852286952170767
0.013454911170645751
0.012190572095787448
0.011046553596098588
0.010011331228000577
0.009074490801382867
0.008226599851400753
0.007459139256820333
0.0067643964337454985
0.0061354083509260115
0.005565873136289519
0.005050102879646856
0.004582950723007246
0.004159771961085621
0.0037763640682710368
0.0034289347631696956
0.003114052787238367
0.0028286217670326266
0.002569839890199041
0.002335178563351023
0.002122349425163136
0.0019292869505019472
0.0017541214967863876
0.0015951651420309859
0.0014508896809494957
0.0013199151044983111
0.0012009916493217305
0.0010929904294273182
0.000994888800063126
0.000905762739455261
0.0008247749198050733
0.000751168510171917
0.0006842574566028109
0.0006234214380137727
0.0005680979478631592
0.0005177781850209232
0.00047200060386707075
0.0004303475632713996
0.0003924400731637788
0.0003579350583441864
0.0003265210796896381
0.00029791609685832416
0.00027186398328804594
0.00024813269404980426
0.00022651142726896087
0.00020680912135367276
0.00018885214278037985
0.00017248305144938674
0.00015755871703885293
0.0001439493029686746
0.00013153673166511459
0.00012021384707553075
0.00010988316395829451
0.00010045617651934148
0.00009185233887139861
0.00008399849351239508
0.00007682803989324892
0.00007028046141502119
0.00006430064702110624
0.00005883849938686366
0.000053848380948545885
0.00004928878918360885
0.00004512190378091267
0.00004131331751303594
0.00003783166556447678
0.00003464840260074275
0.00003173749878591511
0.000029075255354772895
0.00002664005471649685
0.000024412208214170507
0.00002237375004814272
0.000020508312025012064
0.0000188009529402744
0.00001723805602691391
0.000015807186992179597
0.000014497010614878241
0.000013297171900232328
0.000012198228877515503
0.00001119155237273991
0.000010269272550608697
9.424193650197191e-6
8.649752218390464e-6
7.939943843749826e-6
7.2892913595872805e-6
6.692781174329933e-6
6.145839994831763e-6
5.644278810995961e-6
5.184276914781549e-6
4.762331971593695e-6
4.375250296579248e-6
4.020101750798949e-6
3.6942153909651223e-6
3.3951381773034396e-6
3.1206352416502164e-6
2.8686515965135115e-6
2.6373163740851688e-6
2.42490689075739e-6
2.2298562998988705e-6
2.0507194998758027e-6
1.8861837194706496e-6
1.7350358659358355e-6
1.5961756261874869e-6
1.4685839392096776e-6
1.3513382506728247e-6
1.2435818648837858e-6
1.1445410369128546e-6
1.0534950163507363e-6
9.697947007378708e-7
8.928332291805275e-7
8.220659549670918e-7
7.569814836903224e-7
6.971227523199149e-7
6.420584355828213e-7
5.914049441858063e-7
5.447981462115962e-7
5.019161192706915e-7
4.624511517269083e-7
4.261331028113525e-7
3.927016625288495e-7
3.619301906139604e-7
3.33598224759141e-7
3.0751568408471955e-7
2.834956234978431e-7
2.6137870037786973e-7
2.4100617893658955e-7
2.2224457033273198e-7
2.0495889527713554e-7
1.8903741799327327e-7
1.743651783389926e-7
1.608487490952535e-7
1.4839005083962563e-7
1.3691107012136096e-7
1.263279714460854e-7
1.1657572110570618e-7
1.075825111065777e-7
9.929423987261111e-8
9.164926291985708e-8
8.460268743288116e-8
7.810146407727939e-8
7.210845763978826e-8
6.657789367656123e-8
6.147917207382642e-8
5.677268133178107e-8
5.243332610299193e-8
4.8426720871952456e-8
4.4732406312813274e-8
4.1320432994538455e-8
3.81742448123271e-8
3.526766216613976e-8
3.2587413799488196e-8
3.011052769650806e-8
2.7826495441471848e-8
2.5715077880847333e-8
2.3768088626432583e-8
2.196762035199468e-8
2.0307436328992323e-8
1.8771622086472088e-8
1.7355575913985e-8
1.6045089518626916e-8
1.4836930275843226e-8
1.3718353475726108e-8
1.2687270767550692e-8
1.1732195604123583e-8
1.0851993826144777e-8
1.0036262990914353e-8
9.284662393883004e-9
8.587726107953579e-9
7.94577095421961e-9
7.350142280772589e-9
6.801699485671168e-9
6.29249282886257e-9
5.823827087948099e-9
5.3883670225166855e-9
4.987780617686291e-9
4.615270204717761e-9
4.272797527329566e-9
3.954036964011623e-9
3.6611853459686555e-9
3.3883332223999056e-9
3.137862974095781e-9
2.904233610604795e-9
2.6899712666095563e-9
2.489862616695054e-9
2.3065423188349614e-9
2.1350897756758817e-9
1.9782185063788887e-9
1.8312706702298777e-9
1.6970137098671822e-9
1.5710267808703626e-9
1.4561103206209606e-9
1.3480582938405614e-9
1.2496866063344532e-9
1.1569848786442043e-9
1.0727698465807753e-9
9.93210210759123e-10
9.211113497013884e-10
8.528066599344659e-10
7.910800556877272e-10
7.324171101206998e-10
6.795719313579246e-10
6.291713382332525e-10
5.839327882402923e-10
5.406147690817617e-10
5.018925124912591e-10
4.6464775401512254e-10
4.3150899987933785e-10
3.9947380013833364e-10
3.711203457885629e-10
3.4355541319525635e-10
3.1930405733804714e-10
2.9557641683449886e-10
2.748422382167803e-10
2.5440977955352503e-10
2.3669185149339793e-10
2.1909012231911033e-10
2.0395929540891733e-10
1.8879019844697025e-10
1.7587863517249255e-10
1.6280073540345552e-10
1.517929224517059e-10
1.4051310773222793e-10
1.311381048954329e-10
1.2140437228401094e-10
1.1342908137562142e-10
1.0502424147918591e-10
9.824749404517921e-11
9.098359608546593e-11
8.523086367494796e-11
7.894414298713855e-11
7.406266605886226e-11
6.860880038933978e-11
6.446290773557692e-11
5.971233419829875e-11
5.6178678103963975e-11
5.201166155893823e-11
4.8974015601063403e-11
4.527506023813734e-11
4.2618202789166765e-11
3.926924469476986e-11
3.687126009551036e-11
3.374283484030688e-11
3.146484788031658e-11
2.8403879380155475e-11
2.6075528460521082e-11
2.2889299606714168e-11
2.0289902281349265e-11
1.6722335542173143e-11
1.3552282099806789e-11
9.251446478113843e-12
5.120148242617807e-12
-2.236950531739856
-2.17748324885274
-2.0825415432622063
-1.9513185412655407
-1.7868523729281718
-1.5912155716058802
-1.368103540907542
-1.120975790020686
-0.8542951235954994
-0.5724945667255152
-0.2806391869684911
0.016226211650169305
0.3127340401372776
0.6036333523326249
0.8836377224997756
1.1477262015462717
1.391110067565868
1.6094309949656318
1.7987963795492963
1.955892005716098
2.078048888621882
2.1632801881223527
2.210353181743462
2.2187587552800494
2.188771881239659
2.1213637814650457
2.0182430787902774
1.8817235062064626
1.7147450801504374
1.5207124458613046
1.3035003772620335
1.06727854020325
0.8165080837930296
0.5557674248934742
0.28974681215127784
0.02308686612046936
-0.23962370154707396
-0.49398905134796434
-0.7358028886748049
-0.9611655144408904
-1.1664752992387402
-1.3485222043724998
-1.5044765995170497
-1.6319621486048077
-1.7290452448531108
-1.794290879434132
-1.8267549779482442
-1.8260257228141044
-1.7922185275717972
-1.726002705896722
-1.6285954143333643
-1.5017704998403827
-1.3478446164970534
-1.1696628126129178
-0.9705684850302191
-0.7543600292017156
-0.525237387735811
-0.28772665411023945
-0.046600067862202305
0.19322924541797276
0.42681048267545646
0.6492811723501324
0.8559828988156972
1.042592275084648
1.2052324691608958
1.3405891404940466
1.4459984366073668
1.519527896843339
1.5600236793609474
1.5671413102152982
1.5413416549506271
1.4838653163355062
1.3966767591781442
1.2823869810124124
1.144155639577612
0.9855764909225364
0.8105555180200175
0.6231799475962925
0.4275941040797234
0.22787408995445907
0.027921662445048238
-0.16863703514445771
-0.3585250218157198
-0.5388804820818477
-0.7072912694757768
-0.8618227988187268
-1.0010151050839822
-1.123877112759142
-1.229853985390319
-1.3187970517954013
-1.390912384856018
-1.4467174266185672
-1.4869820153389766
-1.5126819018858828
-1.5249415474322516
-1.5249922112841305
-1.5141228248681413
-1.4936472104244094
-1.4648661812538266
-1.4290455636414874
-1.387390052683015
-1.3410315440664247
-1.2910134978736347
-1.2382877882863026
-1.1837074041424425
-1.1280294980695273
-1.071914011986326
-1.0159306386296107
-0.9605611671744967
-0.9062084258937091
-0.8532005770580299
-0.8018005953568726
-0.752211236418652
-0.7045840894271093
-0.6590243974495388
-0.6155991319408324
-0.5743412067754128
-0.5352563301400077
-0.49832641625355134
-0.46351517839981865
-0.4307707127433765
-0.4000299213921776
-0.37122034069361626
-0.34426354636903267
-0.3190763449169075
-0.2955733340660926
-0.27366758856323303
-0.2532725447836709
-0.23430230526184684
-0.216672998262499
-0.20030280878834217
-0.18511294028849076
-0.17102745990069734
-0.1579739651778311
-0.14588331170337338
-0.13469006542951242
-0.12433216343210803
-0.11475121337041519
-0.10589212374892903
-0.09770329642141973
-0.09013625135383581
-0.0831457458004898
-0.07668940991823377
-0.0707278168065881
-0.06522413897067612
-0.06014418633492562
-0.05545608902984253
-0.05113031527332979
-0.04713938284165348
-0.043457864935349255
-0.040062130629393
-0.03693034414712237
-0.03404223328048596
-0.03137908560277538
-0.02892354308345339
-0.026659597460555177
-0.024572408877939638
-0.022648301746097953
-0.020874605079665317
-0.019239649578945552
-0.01773262735386781
-0.0163435905687492
-0.015063328343701192
-0.013883367057903313
-0.012795862378347338
-0.011793601166623483
-0.010869906769467575
-0.010018642388733262
-0.009234127960100171
-0.008511144803238916
-0.007844862602803362
-0.007230845140459725
-0.006664986069229393
-0.006143515530629719
-0.005662943576023637
-0.00522006748361591
-0.004811921827252898
-0.004435786324810636
-0.004089141685719394
-0.0037696778413876418
-0.0034752548182344347
-0.0032039112203355907
-0.0029538294760063206
-0.0027233444616994104
-0.0025109125584713036
-0.0023151203236697303
-0.0021346568702875694
-0.0019683225088299714
-0.0018150040289364071
-0.001673683247904834
-0.0015434148312937638
-0.001423334696920257
-0.0013126400605869945
-0.0012105976550523194
-0.0011165257295990547
-0.0010298020526302656
-0.0009498476304280769
-0.000876134469807256
-0.0008081708129158441
-0.0007455086429336568
-0.0006877302588533707
-0.0006344555126912416
-0.0005853295714754085
-0.0005400298789813805
-0.0004982549721799927
-0.0004597311642476339
-0.00042420229995210383
-0.0003914361597327632
-0.0003612150533270072
-0.00033334194716990167
-0.0003076318083301049
-0.00028391745943200157
-0.00026204159597184015
-0.00024186237449591884
-0.00022324603585764825
-0.00020607223356115893
-0.00019022720371404022
-0.00017560884132500698
-0.00016212036479019284
-0.00014967514856664704
-0.0001381908361604177
-0.0001275939380273473
-0.00011781435234448683
-0.00010878973725241446
-0.00010046040330318684
-0.00009277346928521262
-0.00008567809425019829
-0.00007912942617862583
-0.00007308414497948952
-0.0000675042131835737
-0.00006235270435564068
-0.00005759736486254689
-0.00005320670479992783
-0.00004915337968798995
-0.00004541052334652076
-0.00004195495813588381
-0.00003876375126075466
-0.000035817261908112385
-0.000033095904260229454
-0.000030583039593910014
-0.00002826193087032523
-0.000026118487557697218
-0.00002413839806792307
-0.000022309734754187227
-0.000020620251706525732
-0.000019059857061155144
-0.000017618064770169923
-0.00001628634104455437
-0.000015055699695044451
-0.000013918929218858178
-0.000012868322184971647
-0.000011897789167889097
-0.0000110007134344782
-0.00001017195762849419
-9.405835719191996e-6
-8.69801804913991e-6
-8.043613137026557e-6
-7.438976419561009e-6
-6.879895070781033e-6
-6.3633054972366945e-6
-5.885574851064759e-6
-5.444132076713996e-6
-5.035840261499418e-6
-4.658545782003532e-6
-4.309536059389732e-6
-3.987011114473243e-6
-3.688621680505755e-6
-3.4128672477077556e-6
-3.157709837807152e-6
-2.9219024013980903e-6
-2.7036738798990626e-6
-2.5019916122684103e-6
-2.315313604406965e-6
-2.1427884052426917e-6
-1.9830707737856894e-6
-1.835462298070914e-6
-1.6987868985279396e-6
-1.5724752864003104e-6
-1.4554969709747468e-6
-1.347391486516738e-6
-1.2472537821344097e-6
-1.1547149875887484e-6
-1.068978259824124e-6
-9.897517078433662e-7
-9.163319507080248e-7
-8.484916796386798e-7
-7.856083498927242e-7
-7.275087239526239e-7
-6.736402753105855e-7
-6.238749296701449e-7
-5.777209033471714e-7
-5.350877394716779e-7
-4.955364383775052e-7
-4.590077724801957e-7
-4.2510869153099536e-7
-3.938057928161095e-7
-3.6474610123064477e-7
-3.3791747036493915e-7
-3.130019466898839e-7
-2.9000478164392933e-7
-2.686386914235479e-7
-2.489230700493914e-7
-2.305975518758809e-7
-2.1369293050636709e-7
-1.979725206717796e-7
-1.8347620750093558e-7
-1.6998818832246477e-7
-1.5755550091565302e-7
-1.4598080447256158e-7
-1.3531666380172657e-7
-1.2538210252844078e-7
-1.1623385255963338e-7
-1.0770548193722936e-7
-9.98567549740465e-8
-9.253420232571704e-8
-8.57996768568781e-8
-7.951129474678948e-8
-7.373221514459136e-8
-6.833093873543317e-8
-6.337128539851992e-8
-5.87310908818676e-8
-5.4474305808381533e-8
-5.048718215677695e-8
-4.683336890104461e-8
-4.340672808048129e-8
-4.027025694558217e-8
-3.732471871344498e-8
-3.463217817547197e-8
-3.209967495194227e-8
-2.9788118954639414e-8
-2.7610274238061854e-8
-2.562572236852064e-8
-2.3752462971523287e-8
-2.204861681228025e-8
-2.043698499966038e-8
-1.8974129312655928e-8
-1.758726587233538e-8
-1.633132784294252e-8
-1.513760134528989e-8
-1.4059345015843461e-8
-1.3031606120735109e-8
-1.210594247221506e-8
-1.1220885218163564e-8
-1.0426281199813944e-8
-9.663895835057572e-9
-8.981868067292132e-9
-8.32497222362606e-9
-7.739653170171133e-9
-7.173490093713787e-9
-6.671256266856135e-9
-6.183150453656247e-9
-5.752303725990629e-9
-5.3313657050609936e-9
-4.961860090020173e-9
-4.598733287278259e-9
-4.281940650358522e-9
-3.968584282642093e-9
-3.697093383409266e-9
-3.4265961979767913e-9
-3.194040262294051e-9
-2.9604606740675583e-9
-2.761369374688628e-9
-2.5595981787250846e-9
-2.389270477393617e-9
-2.214912841378159e-9
-2.069307627984916e-9
-1.9185815095350977e-9
-1.7942233732052285e-9
-1.663871867191875e-9
-1.557769656733551e-9
-1.444985062561471e-9
-1.3545611403553368e-9
-1.2569187474088423e-9
-1.1799470093562814e-9
-1.0953467252556198e-9
-1.0298975404612408e-9
-9.565115181055467e-10
-9.009017178136335e-10
-8.371260502789985e-10
-7.898719365016251e-10
-7.34280245985408e-10
-6.940512494337353e-10
-6.453475398431897e-10
-6.10917562146293e-10
-5.678849454044265e-10
-5.38077463349068e-10
-4.995181741673861e-10
-4.731397012215239e-10
-4.3779998719389894e-10
-4.13554245421613e-10
-3.800250256296868e-10
-3.563969987014712e-10
-3.229783408469934e-10
-2.9807425553820053e-10
-2.625761799576008e-10
-2.338825945728918e-10
-1.9334302664986096e-10
-1.5739000411320206e-10
-1.0769185289228366e-10
-5.990733490257275e-11
-1.8270969132493822
-1.7753496985925221
-1.6740093672594654
-1.5375656198918275
-1.3641073730028617
-1.1606123833240685
-0.9290605694941234
-0.6759702464905559
-0.40552878484784205
-0.12460862332782338
0.16118164569495277
0.4446526724030729
0.7194289651071077
0.9783657201723213
1.21501102331761
1.4228342116428614
1.5960698516746077
1.7294844498200688
1.8187796331832864
1.8607082472345313
1.8531404923003083
1.7953859642083978
1.6879860391244792
1.5331303829871057
1.3342202250974708
1.0962973131425104
0.8254195479510449
0.5290507746015635
0.2152968359605997
-0.10676527973480346
-0.42793283524868114
-0.7386042532307199
-1.02964037217899
-1.2921248931121807
-1.5181755693619385
-1.7007082931233297
-1.83414080162403
-1.9141333758959405
-1.9381436620019652
-1.9051271911499874
-1.8159218756579436
-1.6729048787673773
-1.4802050133979405
-1.2433248162967299
-0.9691951233091869
-0.6657799752611727
-0.3419985989871663
-0.007335432986938667
0.3283389729455692
0.655128953389919
0.9633592480419425
1.2438830816125432
1.4883578864686526
1.6894768516941374
1.841238038054143
1.9390766035254074
1.9800915531449845
1.9630585035193235
1.888582683259575
1.75897854119972
1.5783271098726355
1.3522205021326592
1.087717135250592
0.7929661110821833
0.4770737705764551
0.14964265367042395
-0.1794163534409583
-0.5003780822182115
-0.8038950611901854
-1.0814623376039458
-1.3255577332480284
-1.5300178728439644
-1.690079132488875
-1.8026219954967349
-1.866086362631998
-1.8805686798633408
-1.8476140298218602
-1.7701811094867013
-1.6523413206896684
-1.49915181720237
-1.3163104396227083
-1.1099898513746653
-0.886501829144558
-0.6521436411056692
-0.41291616988259605
-0.1744198421278354
0.05834701490278335
0.2810251642610115
0.49000991382670056
0.6824225800513549
0.8561506795774384
1.0097689838218313
1.142525329727963
1.2542325648239223
1.3452234819600761
1.4162345454370777
1.4683504898606337
1.502896043879129
1.5213848061201276
1.5254288532738682
1.516700025035868
1.4968613484050681
1.467543427357962
1.430297158808403
1.386584224171671
1.3377479168802175
1.285014772077289
1.2294792373839782
1.1721128727389494
1.113758607484778
1.0551442010025567
0.9968824579737995
0.9394863226966439
0.8833722898186714
0.8288752972124299
0.7762534252953729
0.7257014714473564
0.6773557501391432
0.6313057950903784
0.5875986125756479
0.5462483514985731
0.5072397312892152
0.4705357658609493
0.43608031653204565
0.40380408791436395
0.37362638229139994
0.3454596388728755
0.31921052272137357
0.29478328289597405
0.27208032300440055
0.25100463050013094
0.23145996638783428
0.21335258227482012
0.196591146325502
0.1810879259111194
0.16675854329492812
0.15352276509535487
0.14130415862736423
0.13003059739236192
0.11963386949177444
0.11004998179607225
0.1012187560275772
0.09308399300931629
0.08559307978703917
0.0786970588220982
0.07235026043968995
0.06651030924341249
0.061137789670990345
0.05619621250111481
0.05165171680738063
0.047473012506416765
0.043631119029572916
0.04009929483865728
0.036852811273385785
0.03386887636332996
0.03112644123412913
0.028606122999669786
0.026290040575949435
0.024161739661089768
0.022206054630943568
0.02040903739198524
0.01875784208634103
0.017240658775151765
0.015846617870683036
0.014565729059186208
0.013388802641098763
0.012307393748523824
0.011313738069386828
0.010400701195098184
0.0095617265039062
0.008790789346244067
0.008082355150006224
0.007431338084291511
0.0068330677156726175
0.006283251764449374
0.005777949881674773
0.005313540111058124
0.00488669857014287
0.004494369245677502
0.004133748549413919
0.0038022580983716075
0.0034975332778346465
0.003217398686009446
0.0029598599761400564
0.002723081674695925
0.002505381693518582
0.002305211260055004
0.0021211515915271584
0.0019518957037468559
0.001796246824795235
0.0016531018750141904
0.0015214512697273275
0.0014003638868157924
0.0012889879685481923
0.0011865374146278816
0.001092293543927152
0.0010055925700936414
0.000925828026399308
0.0008524392980350829
0.0007849145486763373
0.0007227801986472328
0.0006656042212779246
0.0006129864693622865
0.0005645622338869074
0.0005199933328216299
0.00047897184513920473
0.0004412118861505775
0.00040645344658422227
0.0003744547875713988
0.0003449963284931212
0.0003178736024912383
0.00029290114829697066
0.00026990597393149624
0.0002487314172103769
0.00022923107122476124
0.0002112725860114257
0.00019473201458464125
0.00017949753465358367
0.00016546417850340594
0.0001525374588696338
0.0001406284499285294
0.00012965730570035168
0.00011954866287962748
0.00011023504360030839
0.00010165255388027785
0.00009374416538036419
0.0000864556859107746
0.00007973891706698569
0.00007354787559773553
0.00006784182559997558
0.00006258173162030021
0.00005773316551816608
0.000053262974002320535
0.000049142061391791985
0.000045342255907500574
0.00004183897042973144
0.00003860825329982857
0.00003562932983599415
0.00003288182467453075
0.000030348187301079765
0.00002801107409549436
0.000025855661494111083
0.00002386717691485552
0.000022033103413738484
0.000020340849572318683
0.000018779849669972602
0.000017339363427420405
0.000016010475802965692
0.000014784018214975372
0.000013652472099717923
0.000012608003892640213
0.000011644276469733033
0.000010754590760176115
9.933609142270121e-6
9.175597096549004e-6
8.476062549038448e-6
7.830091460295886e-6
7.233907010143501e-6
6.683293460137671e-6
6.1750789599423555e-6
5.705642423350302e-6
5.272323611680379e-6
4.87200813095301e-6
4.502468315591183e-6
4.161021790430948e-6
3.845806541507818e-6
3.5545087944924408e-6
3.2855755206084996e-6
3.0370076658908394e-6
2.8075132011182396e-6
2.59536199631791e-6
2.3994823855916614e-6
2.2183742209203063e-6
2.051151786778287e-6
1.8965117884235656e-6
1.7537253182702069e-6
1.6216577382526397e-6
1.4997122705852636e-6
1.386898923015862e-6
1.2827321513616594e-6
1.1863461518684739e-6
1.0973489220507193e-6
1.0149814072120448e-6
9.389301698525421e-7
8.685280287609168e-7
8.035274357229721e-7
7.43340386411727e-7
6.877744963564405e-7
6.363100940759824e-7
5.888008862578049e-7
5.447862659148291e-7
5.041583594132902e-7
4.6650769664900233e-7
4.31758339858526e-7
3.995451695375421e-7
3.6981870675846684e-7
3.4225236834342877e-7
3.168185105678828e-7
2.932241005101704e-7
2.7145942938780526e-7
2.512607344990131e-7
2.3263295484913227e-7
2.1533792010341763e-7
1.9939244949103805e-7
1.8458080110195042e-7
1.709293470921688e-7
1.5824204885845025e-7
1.465528771698669e-7
1.3568314655528935e-7
1.2567278798329835e-7
1.1635843951028634e-7
1.0778462136332039e-7
9.980153979439454e-8
9.245715972986154e-8
8.5613735119199e-8
7.932172254818057e-8
7.345410439229179e-8
6.806303779548021e-8
6.303108685828325e-8
5.841145502155371e-8
5.4095289541091905e-8
5.013630143992172e-8
4.6433349828122684e-8
4.3040212080861506e-8
3.9862697319809555e-8
3.695429020338838e-8
3.422708226587884e-8
3.173397554566697e-8
2.939275762491755e-8
2.7255516167511605e-8
2.5245218548339284e-8
2.34129551095303e-8
2.168641735041703e-8
2.0115556238054094e-8
1.8632384157349702e-8
1.7285604835497202e-8
1.6011193743313193e-8
1.4856528015765126e-8
1.376122785151174e-8
1.2771288149891485e-8
1.1829689773400409e-8
1.098100938737538e-8
1.017133432301441e-8
9.44380322797679e-9
8.747381771307857e-9
8.123764114077608e-9
7.524588919609614e-9
6.990110264901231e-9
6.47445442734651e-9
6.016448613197171e-9
5.572538858795825e-9
5.180145792524475e-9
4.797882773210931e-9
4.461789767234075e-9
4.132508614648438e-9
3.844728937704773e-9
3.560994230912893e-9
3.3146774701974754e-9
3.070107617310719e-9
2.8593772246733204e-9
2.648493977474335e-9
2.4683080381966607e-9
2.2864074686846847e-9
2.132439289900268e-9
1.975481071849388e-9
1.8440166581505973e-9
1.7085289252538094e-9
1.5963787993863046e-9
1.4793762049156219e-9
1.383799347726446e-9
1.2827122306743658e-9
1.2013501590820194e-9
1.1139629305362705e-9
1.0447821040311975e-9
9.691791009971657e-10
9.104199393928011e-10
8.449370401562663e-10
7.950678323258792e-10
7.382480682252176e-10
6.959219285521525e-10
6.464731306118335e-10
6.104858764962663e-10
5.672380095808262e-10
5.364843274380313e-10
4.983435156336894e-10
4.717679608838166e-10
4.376631768516529e-10
4.1420127252989054e-10
3.8301808351221955e-10
3.615208413390449e-10
3.320142688817912e-10
3.111466940840778e-10
2.818227595104275e-10
2.599241625116778e-10
2.2886634510050217e-10
2.037406647225615e-10
1.6836444453197751e-10
1.3698723711347689e-10
9.370711490195835e-11
5.2099068463663773e-11
0.15660526291050197
0.1051142124312499
0.05448040398158885
-0.015410189908519575
-0.09027285925042279
-0.17057373812101037
-0.24548573073462215
-0.31144762070576715
-0.36000192633291656
-0.38749296132579364
-0.3886675624363564
-0.3620075914462088
-0.3063050220578759
-0.22334038673813658
-0.11613871862461383
0.010144157718123577
0.14894783772083212
0.292661336294326
0.43268471912362144
0.5606047372276614
0.6677693257596351
0.7469369108700544
0.791444578381445
0.7970414927959735
0.7606908913336872
0.6823630517865166
0.5635105918814786
0.4086704744083499
0.22367605390459347
0.01699450235179676
-0.20222748477676053
-0.4230943231975238
-0.6349557248121431
-0.8265547464760226
-0.9879199552159406
-1.1096486203109899
-1.1845593347199852
-1.2070214319780403
-1.174255764335703
-1.0856378165133105
-0.9435768518221695
-0.752753707810585
-0.5205611734051826
-0.25627943601688485
0.02888571667457163
0.32264587673496176
0.6119114987766301
0.8835777911954085
1.1250122355050634
1.3246913064391315
1.4727678487488736
1.5614675305479175
1.5856168778106436
1.5427267284262898
1.433386752246514
1.2609967325974056
1.0319732542566629
0.7551345212600268
0.4417145223196709
0.10445735722078046
-0.24251383216447717
-0.5847899296020229
-0.9078604982335463
-1.1982578137671345
-1.4436779247682452
-1.634030190838976
-1.7613800995265392
-1.8207805303398508
-1.80995520216318
-1.729838567582533
-1.583976805938135
-1.378771467462294
-1.1226419090867101
-0.8260348809352431
-0.5004482847143605
-0.15831540515607093
0.18798199145810227
0.5262327141577078
0.8452724326981981
1.1350046074354327
1.3870812960081125
1.5947686892045756
1.7533992058960288
1.8600753071022824
1.9139093868814758
1.9156014640824728
1.8675181269183883
1.7732031447700314
1.637361064397406
1.46536330523782
1.2631979934124649
1.037022496685941
0.7931253428781314
0.5375569353448034
0.27612953877954816
0.014138091678033605
-0.24359378085327638
-0.4929067536583983
-0.7302187332421233
-0.9526454505638947
-1.1578843905316916
-1.344281030863223
-1.510697936745947
-1.6565446161433233
-1.7816446831360215
-1.886244626798061
-1.9708889138582177
-2.03641918323224
-2.0838636193053683
-2.1144342464943793
-2.129433667317738
-2.130254850642305
-2.1183057945088692
-2.0950137274471117
-2.0617665303546464
-2.019921611895581
-1.9707619335656275
-1.9155088564502518
-1.8552902026568987
-1.7911559304091296
-1.724055657633465
-1.6548559348059717
-1.584324894986559
-1.5131500149999269
-1.441927916644807
-1.3711817287984953
-1.3013544596933304
-1.2328253224483934
-1.1659054736979693
-1.1008528990363597
-1.0378696397556733
-0.9771150306665856
-0.9187038029541132
-0.8627176173694601
-0.8092036372794452
-0.7581844067184942
-0.7096566399449228
-0.6635995623225142
-0.6199737701733451
-0.5787281907190874
-0.5397989383368775
-0.5031150656192497
-0.46859738811906615
-0.4361631988853011
-0.4057250608999563
-0.3771946478071642
-0.350481517455509
-0.3254962262439362
-0.3021491029908987
-0.2803527664473318
-0.26002091939933847
-0.24107038052950636
-0.22341991649913917
-0.20699188178810232
-0.19171110300903524
-0.1775062043694021
-0.16430855459592134
-0.1520533415893339
-0.14067858864043725
-0.13012602977260534
-0.12034019870196676
-0.11126914620883464
-0.10286360264806337
-0.0950775702908947
-0.08786755814158759
-0.08119307533274765
-0.07501593550313929
-0.06930067179320296
-0.06401390701067415
-0.05912470634471889
-0.054604008907151794
-0.05042493076986109
-0.04656225313723419
-0.04299268554224749
-0.03969440580668965
-0.03664729106120807
-0.03383250472054119
-0.03123270130054107
-0.028831655824443907
-0.026614447095432366
-0.024567125215535876
-0.02267687695488506
-0.020931727375569243
-0.019320690153013586
-0.017833499629352222
-0.016460748336854854
-0.01519364614179355
-0.014024146753609813
-0.012944730949025499
-0.011948523491757087
-0.011029097739673593
-0.010180584123487591
-0.009397493732259126
-0.00867481928625276
-0.008007875565381866
-0.007392393646495666
-0.006824376284470088
-0.006300186056100244
-0.005816414024577888
-0.005369962332185547
-0.004957924676768603
-0.004577663816858735
-0.004226702564817075
-0.003902796605780293
-0.0036038348680656196
-0.0033279080075410044
-0.0030732171534125848
-0.0028381383693718287
-0.002621138893806763
-0.0024208378561385003
-0.0022359292365634557
-0.002065239088678871
-0.0019076545367152854
-0.0017621777326007817
-0.001627860289818573
-0.0015038541835142567
-0.0013893510910038015
-0.0012836304266618667
-0.001186003120979794
-0.0010958569672364835
-0.0010126044249999635
-0.000935725442556616
-0.0008647189178669621
-0.0007991431491007422
-0.0007385706271894621
-0.0006826262563375611
-0.0006309451882447701
-0.0005832089449534039
-0.0005391060362209119
-0.0004983661083749301
-0.0004607231138074123
-0.00042594760152889
-0.0003938122318411032
-0.00036412231692099583
-0.000336683494866979
-0.0003113306218284249
-0.0002878974381994971
-0.0002662439074854359
-0.00024622772377392286
-0.00022773018664596343
-0.00021062941348639862
-0.0001948248342636296
-0.0001802119849956543
-0.00016670570110581044
-0.00015421637965977252
-0.00014267194522453406
-0.00013199547852256414
-0.00012212602425219868
-0.00011299749273040195
-0.00010455837495122695
-0.00009675183174876486
-0.00008953437745675551
-0.00008285707824038971
-0.00007668326205351314
-0.00007097075416617675
-0.00006568866768263356
-0.000060800610019791503
-0.00005628060503142688
-0.00005209720935304036
-0.00004822861416070846
-0.00004464761495492238
-0.00004133593815480444
-0.00003827001210771163
-0.000035434561067398304
-0.00003280912903816771
-0.000030380981198075698
-0.000028132335660962747
-0.000026052610071855905
-0.000024126319535442277
-0.000022344703921290087
-0.00002069425309770191
-0.00001916774842897931
-0.000017753379097757737
-0.000016445229347407987
-0.000015232952100552245
-0.000014111731688116563
-0.000013072483198631648
-0.000012111318734682077
-0.000011220242976838415
-0.000010396149410576127
-9.631984478067384e-6
-8.925298717331012e-6
-8.269853620249813e-6
-7.663751215001584e-6
-7.101459362279004e-6
-6.581541986456327e-6
-6.099080036901099e-6
-5.6530233268640135e-6
-5.238985773481973e-6
-4.856238631366419e-6
-4.500859913153728e-6
-4.172387702338763e-6
-3.867304854363618e-6
-3.5853700362102088e-6
-3.3234199236302583e-6
-3.081394639180115e-6
-2.856440701255374e-6
-2.648646613832504e-6
-2.455430793615229e-6
-2.277002200038696e-6
-2.1110183735066496e-6
-1.9577851801858654e-6
-1.815170941916869e-6
-1.6835586035326426e-6
-1.5610027284326175e-6
-1.447946673788428e-6
-1.342609968736047e-6
-1.2454824021888541e-6
-1.154929997011785e-6
-1.0714772737020538e-6
-9.93620687069989e-7
-9.219097243806564e-7
-8.549572840649494e-7
-7.933296967881776e-7
-7.357441014971262e-7
-6.827769401717752e-7
-6.332389275411139e-7
-5.877110630901391e-7
-5.450882994637006e-7
-5.059516368258483e-7
-4.692720734844857e-7
-4.3562689612893965e-7
-4.040559465878027e-7
-3.7512979528948e-7
-3.4795078213681236e-7
-3.2308035819326627e-7
-2.996777581244828e-7
-2.7829341523097317e-7
-2.5813849930933195e-7
-2.3975095145405473e-7
-2.2238947604755142e-7
-2.06578402870488e-7
-1.9162005659114793e-7
-1.780243336367469e-7
-1.6513368822383532e-7
-1.534430089918345e-7
-1.423317585099734e-7
-1.322794488536918e-7
-1.226997526836817e-7
-1.1405660683406199e-7
-1.057953785124052e-7
-9.836437062659606e-8
-9.123837734034693e-8
-8.48501234808811e-8
-7.870178046081275e-8
-7.321064389623525e-8
-6.790440458395025e-8
-6.318515266431873e-8
-5.860440972235979e-8
-5.454934375006652e-8
-5.0593768174560396e-8
-4.7110258908528544e-8
-4.3693514881475767e-8
-4.070188595875045e-8
-3.774966798462163e-8
-3.5181377747802634e-8
-3.262972420825309e-8
-3.0425803453399674e-8
-2.8219647205823375e-8
-2.632935634937644e-8
-2.4421278517424846e-8
-2.280095278988106e-8
-2.1150110597618715e-8
-1.976216617323002e-8
-1.8333369617719252e-8
-1.7145447210048172e-8
-1.5908362674773927e-8
-1.489258812228051e-8
-1.3821049716449168e-8
-1.295339347284231e-8
-1.2024804987448835e-8
-1.1284524233521e-8
-1.0479336106557336e-8
-9.848484394598782e-9
-9.14973092637438e-9
-8.612720741998244e-9
-8.005602865575486e-9
-7.548806096480522e-9
-7.020304103333025e-9
-6.6316739041981076e-9
-6.1701723111925175e-9
-5.838866802753988e-9
-5.433769517517745e-9
-5.149752572196907e-9
-4.791059936875708e-9
-4.544646035774513e-9
-4.222455023956492e-9
-4.003752420543868e-9
-3.707625575113565e-9
-3.5058127904485024e-9
-3.2239384976591937e-9
-3.026282149974878e-9
-2.744326022250536e-9
-2.5348231578614798e-9
-2.2342263000663553e-9
-1.9915427763927906e-9
-1.6471148391167752e-9
-1.3417107318179511e-9
-9.183606219573298e-10
-5.112440863962419e-10