4.328218109715599e-6
0.00006067662361980351
0.00020969279926550405
0.0004982788158488293
0.0009727812331227953
0.0016790804214932434
0.002662150890819813
0.003966311100535999
0.005634663508428637
0.0077092378938154104
0.01023037676017664
0.013236815282484417
0.016765023974594066
0.020849241852988008
0.025520790274539396
0.030808079938560776
0.0367359201205906
0.04332552621139965
0.05059385719747438
0.05855365426192082
0.0672128441445164
0.07657463924718702
0.08663704431441888
0.09739304365873669
0.1088302430621531
0.12093116021941551
0.13367302343916967
0.14702816824475012
0.16096400087890556
0.17544348912691177
0.19042528404402162
0.20586427888432995
0.2217118693494854
0.23791654336373202
0.25442425062141805
0.27117897958029574
0.28812320249429196
0.30519839517498165
0.32234552433704045
0.33950547013074833
0.35661952783157796
0.3736297017421008
0.3904792016550939
0.4071125878065264
0.42347625243048503
0.4395184072161104
0.45518954997052347
0.47044229687294714
0.48523184238587114
0.49951564730472553
0.5132539057033914
0.5264091056866543
0.5389465199740626
0.5508336592808555
0.5620408033108026
0.5725403672091178
0.5823074878222372
0.5913193223750738
0.5995557016138229
0.606998377505087
0.6136317509798608
0.6194420825829495
0.6244182983644215
0.6285511742150497
0.6318342190125495
0.6342628396997891
0.6358352958238548
0.6365518479348296
0.6364157719091819
0.6354324878479846
0.6336106161861896
0.6309610783680678
0.6274981704960395
0.6232386217696376
0.6182026567575823
0.6124129945345246
0.6058958692941041
0.598679953933817
0.5907973120404164
0.5822822352903203
0.5731721081811839
0.563506158699457
0.5533262294744972
0.5426754539648658
0.5315989416109552
0.5201424045394943
0.5083527767778815
0.4962768262174932
0.4839617363013045
0.47145374250661126
0.4587987075157642
0.4460408199522097
0.43322319080565835
0.4203866452799214
0.40757036047514167
0.39481077083122923
0.3821422569179877
0.3695961734166021
0.35720158861471635
0.34498443329684
0.3329682820090888
0.32117361310196574
0.30961861706671534
0.2983185529376148
0.28728656625725063
0.2765331250143921
0.2660668297014577
0.2558939123627918
0.24601902305110454
0.23644477759848667
0.22717250775570974
0.21820184619087782
0.2095314309918243
0.2011585195059313
0.19307964116960705
0.18529023468767689
0.17778524599582093
0.17055878569270597
0.1636046711886878
0.15691610315702398
0.15048615255239958
0.14430745615335702
0.13837265020568748
0.13267408596100583
0.1272042123112831
0.1219553126877245
0.11691983931310598
0.11209017301183427
0.10745891171857058
0.10301865475405853
0.09876224807789048
0.09468259447758345
0.09077285780737303
0.08702630037418059
0.08343644811189821
0.07999695626512855
0.0767017371429176
0.07354485502395669
0.07052061783624623
0.06762350205022254
0.06484820935342815
0.062189622167968875
0.059642826137617885
0.05720309680546071
0.05486588850649228
0.052626852669614615
0.050481793510653315
0.048426718377656705
0.046457760464898024
0.044571261598521275
0.042763662038401304
0.04103161609918629
0.039371848970600795
0.03778130558358299
0.03625697425760095
0.03479606924992066
0.03339582092793344
0.032053692479064894
0.03076713620449089
0.02953384491567242
0.028351473851061057
0.027217927340977922
0.02613104575918987
0.02508892809947371
0.024089583287816123
0.023131289380434197
0.022212208478607776
0.0213307833283633
0.0204853149975965
0.01967439773146825
0.01889645846971069
0.018150230888613148
0.017434255754562828
0.01674739516303288
0.01608829264193767
0.015455928680106949
0.014849039410480979
0.01426671460506977
0.013707773682991795
0.013171407435860686
0.01265651001884019
0.012162365759816546
0.01168793570270474
0.011232590945722699
0.010795352214877204
0.010375671271272069
0.00997262189877426
0.009585731017689995
0.00921411937384378
0.008857384096301754
0.00851468727524945
0.008185691804905791
0.007869595934457583
0.007566124344069878
0.00727450664650035
0.0069945257543710445
0.006725438199740546
0.0064670819647615774
0.006218736372208897
0.00598029166952709
0.005751046124877668
0.005530939776600568
0.00531928624653688
0.005116073193319359
0.004920626227308656
0.00473297873713324
0.0045524651583129135
0.004379162978338609
0.0042124124736997795
0.004052333839779609
0.0038982703683018705
0.003750383794691405
0.0036080177396446023
0.0034713745186325433
0.003339795517113394
0.0032135228648291414
0.0030918932538240625
0.0029751880443994096
0.0028627368682940142
0.0027548599039159453
0.002650877433473041
0.0025511482027159413
0.002454980920161726
0.0023627728013832696
0.0022738188104186093
0.0021885546809723463
0.002106259504308012
0.002027407719932973
0.0019512604503718228
0.0018783311623657003
0.001807860936551865
0.0017404027172901757
0.0016751754840492602
0.0016127722340798136
0.0015523877918187468
0.0014946559041763598
0.0014387451841092014
0.001385330943691769
0.001333553517744078
0.0012841307155730707
0.0012361725097117546
0.0011904402537016943
0.0011460114491468484
0.0011036921546423901
0.0010625252609770504
0.001023362805800148
0.0009852108914041606
0.0009489689214941139
0.0009136039880133721
0.0008800643609697855
0.0008472758496931651
0.0008162372046398919
0.0007858306237147664
0.000757107066915069
0.000728902729298087
0.0007023226258625691
0.0006761544887751152
0.0006515593516463237
0.0006272739490996149
0.0006045174172524791
0.0005819728779349993
0.0005609197764259104
0.0005399849199021763
0.0005205103950293493
0.0005010638998056823
0.00048305262321762885
0.0004649822607716413
0.00044832769688447953
0.00043152962626195125
0.0004161333578219208
0.0004005114758556318
0.0003862825829223225
0.0003717479255448405
0.0003586024135635899
0.00034507260406604456
0.00033293287706487594
0.00032033161749871794
0.000309125992773999
0.0002973825950112602
0.00028704485596895747
0.0002760938092253454
0.00026656279332462846
0.0002563433652116246
0.0002475625842055106
0.0002380184526229561
0.00022993574252743408
0.00022101465592770937
0.00021358185435836388
0.00020523531811396834
0.0001984079668250323
0.0001905909536189686
0.00018432802425671202
0.00017699870658306388
0.0001712623478259718
0.00016438185084414884
0.00015913715525597112
0.00015266932838190438
0.00014788411743345677
0.00014179532318541848
0.00013743994903188676
0.00013169886776375896
0.00012774603047568971
0.0001223234797414801
0.0001187480587916389
0.00011361682618829497
0.00011039572509826889
0.00010553041351839126
0.00010264241665099818
0.00009801930097110047
0.00009544494154026495
0.00009104183583902665
0.00008876327428078456
0.00008455940875890226
0.00008256032067783553
0.00007853622751270565
0.00007680170048011498
0.00007293910790994113
0.00007145554644696348
0.00006773728043433285
0.0000664923185676156
0.00006290221144122666
0.00006188463226915793
0.00005840743779082261
0.00005760709953953206
0.00005422841388606479
0.00005363618197889065
0.00005034237016500529
0.000049950054865613756
0.000046728182174067725
0.00004652848140083032
0.00004336624941677689
0.00004335269635475908
0.00004023838322933217
0.00004040529839993093
0.00003732770300322586
0.00003767015047572
0.000034618540115229214
0.000035132287571828114
0.00003209634898579457
0.000032777831375115406
0.00002974762472413272
0.00003059391125677371
0.000027559826862232545
0.000028568591127482072
0.00002552130871937348
0.000026690801715085785
0.000023621251973453864
0.000024950277861713405
0.000021849606047985692
0.000023337500461352783
0.000020197031948473797
0.000021843642691822956
0.00001865485022193011
0.00002046052022170611
0.00001721499272408662
0.000019180545094044425
0.00001586995791049942
0.000017996683014129912
0.000014612769392216259
0.00001690241378877675
0.000013436937507698604
0.00001589169468327351
0.000012336423686322517
0.000014958926481381324
0.000011305607397640205
0.000014098922044970538
0.000010339255493298083
0.000013306877192956582
9.432493760150949e-6
0.00001257834372733778
8.580780525186446e-6
0.000011909204449316706
7.779882156063763e-6
0.00001129565001770322
7.0258503184317525e-6
0.000010734157517997082
6.315000856908875e-6
0.000010221470614075505
5.6438941824081315e-6
9.754581170270764e-6
5.009317052370932e-6
9.330712235203267e-6
4.408265640033605e-6
8.947302290008278e-6
3.837929797740274e-6
8.601990667856882e-6
3.2956784244268615e-6
8.29260406281225e-6
2.7790458575145897e-6
8.017144048578551e-6
2.285719210260736e-6
7.77377553450001e-6
1.8135265796130446e-6
7.560816047499966e-6
1.3604257109971323e-6
7.3767230118368005e-6
9.24471120720888e-7
7.219905035505253e-6
5.023805091900236e-7
7.077422341876614e-6
0.000013341880463944132
0.0001853085538722277
0.0006381732518091904
0.0015089812671715927
0.0029276832911008907
0.005015141225632625
0.00788143658234869
0.011624638347985813
0.0163298359679347
0.022067987443789065
0.028895964690386286
0.03685563576139528
0.045974905904907895
0.05626699883845043
0.06773235418763791
0.08035799268738864
0.09412006306210831
0.1089831343801178
0.12490315460897403
0.1418265059108061
0.15969314178534097
0.17843526444674274
0.19798044261874814
0.21824981710260477
0.23916105862655307
0.26062606930420745
0.2825537102462816
0.30484703410495206
0.32740578692124905
0.35012327286235956
0.3728887064788655
0.3955838684223273
0.4180854456306094
0.44026167949434264
0.4619748746641389
0.4830782615406936
0.5034188713990955
0.5228348264268047
0.5411587632690398
0.5582157220920533
0.5738272502314737
0.5878099880816531
0.599980503284621
0.6101545732795298
0.6181526989669418
0.6237999747960727
0.626932124304464
0.6273957448132444
0.625054612080242
0.6197900032620413
0.6115069480304338
0.6001342816478444
0.5856304843043381
0.5679831018130149
0.547213817538971
0.5233769027893084
0.49656320700146434
0.4668973625810512
0.43454045822028065
0.39968582246260587
0.3625602609371565
0.3234183771644142
0.2825424036745685
0.24023518137882893
0.19681878717128418
0.15262646994751214
0.10800045315505305
0.06328329038693363
0.018815369282840787
-0.025073732208836352
-0.06806743070338772
-0.10987016283480419
-0.15020866056292842
-0.18883880809765263
-0.22554552725547033
-0.260148084691074
-0.2924983149079978
-0.3224842366827265
-0.35002659634175853
-0.3750809107611307
-0.3976325579315355
-0.41769758270191837
-0.4353167417103973
-0.45055554212063087
-0.463497730822499
-0.47424506729252297
-0.4829107289480653
-0.4896192576248688
-0.4945002567483372
-0.49768882867090736
-0.49931980225356454
-0.49952883492872335
-0.49844726937627376
-0.49620394376170796
-0.4929206614209897
-0.4887146562584483
-0.48369458325435855
-0.4779635300835614
-0.4716153992963195
-0.4647383374475944
-0.45741137404379056
-0.4497081457075794
-0.44169367129382264
-0.4334282696475022
-0.4249643742007111
-0.41635056940128984
-0.40762837382420386
-0.3988363460912697
-0.3900067883921571
-0.3811698943599751
-0.37235034282746765
-0.3635714765554701
-0.3548517687447317
-0.34620903296382327
-0.33765675305720916
-0.3292083319663037
-0.32087328024861633
-0.3126615157821617
-0.3045794081804035
-0.29663414358313406
-0.2888296226981955
-0.28117090578204706
-0.2736599615264371
-0.266300207479778
-0.25909210598714755
-0.2520378150747956
-0.24513662644142512
-0.23838974145904157
-0.23179554497463692
-0.225354520708597
-0.219064353450521
-0.21292499783072805
-0.20693360042267597
-0.20108973565394794
-0.19539013836749095
-0.18983412053352494
-0.18441810396642053
-0.17914123149092423
-0.1739996887460308
-0.16899252353978744
-0.1641157449762792
-0.15936836489118514
-0.1547462618965615
-0.15024845901521314
-0.145870739633322
-0.14161217573465873
-0.1374684821728532
-0.13343881023949672
-0.12951882610206625
-0.12570778481842138
-0.12200131822571045
-0.11839880493252439
-0.11489585238088483
-0.11149197880244534
-0.10818277360465273
-0.10496790776968695
-0.10184295612873573
-0.09880775320991643
-0.09585786036102548
-0.09299328461236472
-0.0902095729843797
-0.08750691252534872
-0.08488083349170909
-0.0823317093489702
-0.07985504983667477
-0.07745142038362543
-0.07511630536668218
-0.07285046708755989
-0.070649358800467
-0.06851394413161745
-0.06643963868329762
-0.06442761154682743
-0.062473233490383154
-0.06057788302262224
-0.05873687833586515
-0.056951811222324275
-0.055217939070710514
-0.05353707082335877
-0.05190439441109503
-0.050321939865389194
-0.04878481662417156
-0.04729527988166688
-0.04584835120194098
-0.044446515202947234
-0.04308469587524552
-0.041765611754199794
-0.04048407925702881
-0.039243055602299654
-0.038037239347283744
-0.036869831466505326
-0.035735402091206
-0.034637401362269775
-0.03357026014243227
-0.032537683514744974
-0.031533951953908276
-0.030563031651234692
-0.02961904129290296
-0.02870621475790912
-0.027818497256022545
-0.02696039736736686
-0.026125674840574802
-0.02531912042574257
-0.02453429611722176
-0.023776282777672898
-0.023038432032696093
-0.022326123292930593
-0.021632484864036947
-0.020963203651315022
-0.02031117133649815
-0.01968239179481597
-0.019069506409150144
-0.0184788460475934
-0.017902787729040852
-0.017347999902627486
-0.016806580747681505
-0.016285547466196978
-0.01577670449069692
-0.015287429550529972
-0.014809217969249852
-0.014349820400488022
-0.013900407218332628
-0.013469115039334935
-0.013046772945064157
-0.012641917216285034
-0.012245018769990743
-0.01186502793686778
-0.011492040041988633
-0.01113543455765142
-0.010784913207072965
-0.010450300425070235
-0.010120885711146688
-0.009806955037384057
-0.0094973664164506
-0.009202884710725437
-0.008911916510855551
-0.008635723727327018
-0.00836224089005659
-0.008103245947008604
-0.007846179991972693
-0.007603356860603351
-0.007361702064335891
-0.007134086066584011
-0.006906895844802041
-0.006693580151178883
-0.0064799636355903885
-0.00628009595341464
-0.006079214753774346
-0.005891994196735176
-0.00570305933909017
-0.005527733469297041
-0.005350002501987249
-0.0051858645364994925
-0.005018638795230319
-0.004865024968292378
-0.0047076469930328185
-0.0045639340667803984
-0.0044157851614678575
-0.0042813880770065866
-0.00414188600604614
-0.00401625566802653
-0.0038848524813867055
-0.0037674736691107867
-0.003643653650100356
-0.003534043048305452
-0.0034173207766810105
-0.00331502512022119
-0.00320494364482396
-0.003109537970412005
-0.003005667085624496
-0.0029167530857302057
-0.0028186877059047134
-0.0027358921784389075
-0.002643250804628675
-0.0025662241940377717
-0.0024786474682020315
-0.002407062492677284
-0.0023242118345027907
-0.002257762194299167
-0.0021793185161310576
-0.0021177176790509616
-0.002043380173794314
-0.0019863602331936228
-0.0019158452322205742
-0.0018631558337734802
-0.001796195729777598
-0.0017476030629981817
-0.0016839452945209346
-0.0016392311454154547
-0.0015786372393722249
-0.001537598101166127
-0.0014798427704289007
-0.0014422890085484
-0.0013871593004375793
-0.0013529143693344677
-0.0013002088630735527
-0.0012691085713429082
-0.0012186366206662952
-0.0011905284425178264
-0.00114210946152284
-0.0011168518909441016
-0.0010703146799807617
-0.0010477766265364855
-0.0010029587360770138
-0.0009830189586288963
-0.0009397660888330687
-0.0009223126662037086
-0.0008804780995699408
-0.0008654079353576362
-0.0008248520010074025
-0.0008120703608744624
-0.0007726599282828298
-0.0007620800080368952
-0.0007236880079834962
-0.0007152305305742114
-0.0006777355024571928
-0.0006713283423664029
-0.000634614005265981
-0.0006301918386011041
-0.0005941466853313009
-0.000591650664529045
-0.0005561675767983708
-0.0005555450285306525
-0.0005205209116732811
-0.0005217250563234716
-0.00048706049301087083
-0.0004900501851892467
-0.000455649105974375
-0.00046038859409026255
-0.00042615796431454166
-0.000432616669497989
-0.0003984661911086477
-0.0004066185028699772
-0.0003724603301967313
-0.000382285419393763
-0.00034803388784933255
-0.00035951553531749875
-0.00032508690225968297
-0.000338213342290327
-0.0003035255389621339
-0.0003182893173401809
-0.00028326171087736027
-0.0002996595565548343
-0.0002642127217918492
-0.0002822454312495849
-0.0002463009312398495
-0.0002659732655792053
-0.00022945343988842187
-0.0002507740335833495
-0.00021360179420862777
-0.00023658307509987327
-0.0001986817089368879
-0.0002233398291218467
-0.00018463280670885277
-0.00021098758373393707
-0.00017139837298924581
-0.0001994732415447028
-0.00015892512696384374
-0.00018874709923573247
-0.0001471630052388781
-0.00017876264127877263
-0.00013606495961673135
-0.00016947634627893782
-0.0001255867665313122
-0.0001608475054773261
-0.0001156868487824126
-0.00015283805207080722
-0.00010632610728119247
-0.00014541240203110015
-0.00009746776362558752
-0.00013853730404467428
-0.00008907721208321975
-0.00013218169945058248
-0.0000811218806268174
-0.00012631659060128222
-0.00007357110011363234
-0.00012091491775128812
-0.00006639598176317716
-0.0001159514437799826
-0.00005956930161582273
-0.00011140264555918581
-0.00005306539233302026
-0.0001072466133351748
-0.00004686004145262074
-0.00010346295563522448
-0.000040930395728412844
-0.00010003271051553689
-0.00003525487081161728
-0.00009693826246911591
-0.00002981306700697362
-0.00009416326479346242
-0.000024585689683253385
-0.00009169256704504494
-0.00001955447423148116
-0.00008951214627193327
-0.000014702111756005408
-0.00008760901244468547
-0.000010011935015152107
-0.00008596918611716601
-5.452301710756427e-6
-0.00008445439582226555
-0.000015355537316543924
-0.00021411173172674537
-0.000737649496113718
-0.0017454990225082556
-0.003389377946547734
-0.005811960554903826
-0.009143853965190536
-0.013503193314005015
-0.018992836433591107
-0.0257000724017765
-0.03369424164984859
-0.04302683567827259
-0.05372951016022105
-0.06581467061123078
-0.07927380919529464
-0.09407861401017675
-0.11017957133290314
-0.1275076072186346
-0.14597292078696417
-0.16546714953369537
-0.18586242458377072
-0.20701403379808525
-0.22875970586408956
-0.25092271891737133
-0.27331142076723863
-0.2957226936854371
-0.31794170564924257
-0.33974560202024773
-0.360903468786989
-0.3811800935189963
-0.4003361210120707
-0.41813172306791374
-0.43432694998934523
-0.44868517697285976
-0.4609737010116554
-0.4709668841224677
-0.47844710187550704
-0.4832075628524917
-0.4850537623603283
-0.48380600199181606
-0.479301520382812
-0.47139674854897734
-0.4599702656570563
-0.44492479522005407
-0.42619106384016353
-0.40372946973462787
-0.37753481071047007
-0.34763744668094326
-0.31410872051535244
-0.27706130277642643
-0.23665497167934155
-0.19309568972548094
-0.1466412592587338
-0.09759856293856076
-0.04632849975682064
0.006759241227276927
0.06120259502894654
0.11649541132833582
0.17208576835606504
0.22738775913082845
0.28178202578392275
0.33463115221416784
0.38528235665436444
0.4330861392158611
0.477400568420718
0.5176122870033278
0.5531412903607553
0.5834628721637262
0.608111343558178
0.6267011373377924
0.6389276943493665
0.6445858709039543
0.6435663328375347
0.6358697037624679
0.6215972944708005
0.6009600777191554
0.5742633767984432
0.5419106400171059
0.5043826555340627
0.4622370283985694
0.41608336055385436
0.3665800826266577
0.31440762923320315
0.26026466879763543
0.20484148230913476
0.14881759083477183
0.09283729493132241
0.03751026614531141
-0.01660937664925458
-0.06901862591150563
-0.11928233471201587
-0.16702478122531228
-0.21194231856745654
-0.2537914349142466
-0.2923979229406127
-0.3276423447748976
-0.3594666461571353
-0.3878581086912936
-0.41285440463710843
-0.4345270783707789
-0.4529859272445127
-0.46836286894165385
-0.48081631802277625
-0.4905160432716832
-0.49764796082071133
-0.5024003302328244
-0.5049691570258401
-0.5055458602195397
-0.5043232996043054
-0.5014848899768716
-0.4972111509047792
-0.4916701453134607
-0.48502438691406546
-0.47742243392857897
-0.46900596960726626
-0.4599023720341659
-0.45023179220995313
-0.4401005343749006
-0.4296079813736049
-0.41884064545372135
-0.40787882240487466
-0.3967912022119143
-0.385641165336211
-0.374481870818491
-0.36336213636627523
-0.3523219458417736
-0.34139787790497855
-0.33061899429567604
-0.32001179937737323
-0.30959648528581213
-0.29939141730435836
-0.2894097224067063
-0.27966330379643667
-0.2701597664428303
-0.26090596924537895
-0.25190528566823467
-0.24316070470286255
-0.23467242737533953
-0.2264405286912526
-0.21846289222046536
-0.21073744507758077
-0.20326043343525232
-0.19602824175051728
-0.18903601224659328
-0.1822790583409575
-0.17575183109372464
-0.1694489353364507
-0.16336444596679153
-0.1574925337482661
-0.15182713422295382
-0.1463621886416295
-0.1410916682213374
-0.13600943421181627
-0.1311096202755857
-0.1263861143221453
-0.12183330193324675
-0.11744517131702328
-0.11321642094181482
-0.10914118776428428
-0.10521452256844212
-0.10143074050268137
-0.09778526803033613
-0.09427261376061953
-0.09088859139396696
-0.08762790784336633
-0.08448676708877394
-0.08146007163961937
-0.07854441280368266
-0.07573488062634744
-0.07302844670666371
-0.07042037687321934
-0.06790801333773518
-0.065486783505104
-0.06315438895317393
-0.06090640292482875
-0.05874087434003368
-0.05665350567942176
-0.05464268098140856
-0.05270421498845875
-0.050836814846258835
-0.049036390544532814
-0.04730196082856411
-0.04562951411765181
-0.04401836994786767
-0.04246457869788456
-0.04096775071443324
-0.039523982307445166
-0.03813316556140438
-0.036791427179155144
-0.03549893285875334
-0.034251824665906004
-0.033050534753945295
-0.031891206024751415
-0.030774530891652867
-0.02969663904809525
-0.02865847792120908
-0.027656150402735245
-0.026690854614999735
-0.025758653467000854
-0.024860992356667954
-0.023993881399477914
-0.023159010721318905
-0.022352325157473533
-0.02157575785406352
-0.020825176158453147
-0.020102755341602805
-0.01940427328626973
-0.018732147275971257
-0.01808205393998669
-0.017456653218303794
-0.016851508839003892
-0.01626952477651856
-0.015706140308391875
-0.0151645055320559
-0.01463992378260086
-0.014135794060977392
-0.013647272283785932
-0.01317800981087619
-0.01272300364281875
-0.012286161614480687
-0.011862310252324678
-0.011455618632387091
-0.011060731152185237
-0.010682083534529353
-0.010314126263520563
-0.009961567745911285
-0.009618652602186886
-0.009290368589611879
-0.008970742316193001
-0.008665048181959676
-0.008367082401925255
-0.008082413937151079
-0.007804595967392795
-0.0075395005587636605
-0.007280424920230089
-0.007033553396623597
-0.0067919139668140074
-0.006562013064398092
-0.006336595823634766
-0.006122501218800732
-0.005912177540681556
-0.005712807407698174
-0.005516527853566498
-0.005330876906146307
-0.005147665482961827
-0.004974799461010633
-0.004803748307726343
-0.004642798876091116
-0.00448306334428668
-0.0043332233709612875
-0.004184017469258909
-0.004044536654531149
-0.0039051288305608977
-0.0037753096586017124
-0.0036450188902441313
-0.003524212880277357
-0.003402405053821991
-0.003290009287648302
-0.003176093841580902
-0.003071547745223438
-0.002964974557249637
-0.0028677569195515724
-0.002768013421197883
-0.0026776396299279825
-0.0025842481292246778
-0.0025002676085865254
-0.002412782806663584
-0.00233477664235105
-0.0022527833286995484
-0.002180362064510109
-0.00210347297793821
-0.002036274572467132
-0.001964128414444079
-0.0019018163466340261
-0.001834075936752027
-0.0017763374473197832
-0.0017126880102806734
-0.0016592324710042751
-0.0015993800440517552
-0.001549937444557186
-0.001493607397830284
-0.0014479269410198013
-0.0013948626028694176
-0.0013527114017922199
-0.0013026727788636187
-0.0012638346474968783
-0.0012165972360688514
-0.0011808715666064577
-0.0011362252453090225
-0.001103425966732126
-0.0010611739665586741
-0.0010311285779073425
-0.0009910865240000814
-0.0009636351968540536
-0.0009256302146418074
-0.000900624961357887
-0.00086449484509948
-0.0008417987450206775
-0.000807391182851985
-0.0007868776664236198
-0.0007540495180933781
-0.000735601701793482
-0.0007042183239055309
-0.0006877283934155778
-0.0006576630116408213
-0.0006430316495885967
-0.0006141647713075302
-0.0006013006276449818
-0.0005735194940607344
-0.000562338693864226
-0.0005355367686165419
-0.0005259624578172674
-0.000500038946972747
-0.0004920008701524291
-0.0004668602756454524
-0.00046029438601861815
-0.00043584608561636246
-0.00043069418412303254
-0.00040685203963083884
-0.0004030614413855826
-0.00037974343000582374
-0.0003772666561369681
-0.00035439452577579346
-0.00035318901876374507
-0.00033068796355665246
-0.00033071582534501513
-0.00030851418084343633
-0.000309741931619705
-0.0002877708881681113
-0.0002901692445327832
-0.0002683625770637711
-0.00027190624791349977
-0.0002502000617621086
-0.00025486756184205567
-0.00023320005169924968
-0.0002389735307160721
-0.00021728475357055225
-0.00022414984036164733
-0.00020238149994377858
-0.0002103271619504676
-0.0001884224041564287
-0.00019744081791233208
-0.00017534403724941245
-0.00018543047280743675
-0.0001630871276115097
-0.00017423984537552454
-0.0001515962803673902
-0.00016381643740627744
-0.00014081971647074938
-0.00015411128384754054
-0.00013070902817672166
-0.00014507871950261142
-0.000121218951850708
-0.00013667616005818878
-0.00011230715669231473
-0.00012886389973812092
-0.0001039340460551778
-0.00012160492133210993
-0.00009606257226377832
-0.00011486472033024805
-0.00008865806550087463
-0.00010861113925246953
-0.00008168807198303444
-0.00010281421548434831
-0.0000751222038904979
-0.00009744603773368956
-0.00006893199982082229
-0.00009248061282005392
-0.00006309079349090164
-0.00008789374175038378
-0.000057573592113582766
-0.00008366290363476794
-0.00005235696063262788
-0.00007976714797739719
-0.00004741891698857647
-0.0000761869940481263
-0.00004273883161554804
-0.00007290433751868485
-0.000038297334436418984
-0.00006990236232530865
-0.00003407622791122837
-0.00006716546108740201
-0.000030058405249113407
-0.00006467915747029608
-0.000026227774728557597
-0.00006243003634990571
-0.000022569189265943182
-0.000060405679072642094
-0.000019068378170597584
-0.00005859460078601436
-0.00001571188583754191
-0.00005698619479605468
-0.00001248701356639575
-0.00005557067882188645
-9.381762431453572e-6
-0.00005433902589672459
-6.384623092496736e-6
-0.000053281670311406574
-3.4746369233176534e-6
-0.00005231006212285979
-0.00002219342636405421
-0.00029222638055064273
-0.0009906802937148709
-0.002288004384291801
-0.0043075302721226625
-0.007103061402217303
-0.010659712964170608
-0.01487693367045484
-0.019579976114815746
-0.024508152011734848
-0.02933833091097272
-0.03367839545747917
-0.037102046497422096
-0.03914594932607293
-0.039353411194025203
-0.0372725558711318
-0.032505148736959595
-0.0247024212094049
-0.013614608173797997
0.0009190913799796837
0.01892472454232338
0.04031250134302194
0.0648385476624854
0.09213463235224616
0.12168001061207492
0.15284239008567177
0.18486078510465898
0.2168964583702095
0.24802596212262837
0.27729918117090024
0.30374015181414127
0.3264080574576017
0.34440223215277965
0.3569212206593242
0.36326776375282444
0.3629009467886098
0.3554370128331549
0.3406902110181819
0.3186659821158552
0.28958731103901186
0.25387807765391474
0.2121733619677509
0.1652923685246203
0.11423300180116223
0.060135510115742856
0.004263472005239683
-0.05203910831553796
-0.10737675632474539
-0.1603480646183893
-0.20957996985998956
-0.2537714002915234
-0.2917279284688782
-0.3223990319892212
-0.3449084848512795
-0.3585813283085977
-0.36296618294639504
-0.35784903510902594
-0.3432648005208233
-0.31949627731977703
-0.287073599218999
-0.24675804954622965
-0.19952939792807803
-0.14655564032997623
-0.08916957581718557
-0.02882691297174666
0.03292520873144145
0.09449796547477218
0.1542964195552211
0.21077216162687165
0.2624580238991012
0.30801789290415194
0.34627518909042737
0.37625407389962967
0.39719674107417474
0.4085911503245978
0.41017359438340706
0.40193998586849006
0.3841324553763725
0.35723381778610147
0.32193968990262883
0.2791385141255973
0.22987322508207134
0.17531144939751866
0.11670246947509026
0.05534340421355331
-0.007462288711913429
-0.07043694899551346
-0.13236320455672662
-0.19210997065278806
-0.24865619142821424
-0.30110820142899786
-0.3487111246867688
-0.39085719528565965
-0.42708524348002613
-0.4570813216280474
-0.48066819775457925
-0.4978007409778713
-0.5085481234880518
-0.5130868210160514
-0.5116783304767327
-0.5046624540399267
-0.4924329494133183
-0.4754332040056721
-0.45413157691710154
-0.42902085649475863
-0.4005943343305779
-0.3693497525355164
-0.3357665152217066
-0.30031427867106153
-0.26343122917771206
-0.2255370916147604
-0.18701210017224237
-0.1482139922379059
-0.10945714915748171
-0.07103306960360113
-0.03318912235456946
0.0038479855455740065
0.039894364196125534
0.07478288702827385
0.10838669898188741
0.14059088724724622
0.17131769913077088
0.20049614629830673
0.22808920596535548
0.2540614764107951
0.2784085647817456
0.3011228361626875
0.322225137109244
0.34172862194888154
0.359672922851021
0.3760859939264894
0.3910208141380322
0.4045151595769818
0.4166309120414782
0.4274116496924131
0.4369246289438834
0.44521607075096636
0.45235588413005484
0.4583905173765322
0.46339049605794347
0.4674007036581646
0.4704908138359491
0.47270286198679734
0.4741046598227468
0.4747345172425699
0.47465773616742835
0.47390834021473804
0.47254875377605793
0.4706083949486992
0.4681466548131623
0.4651882065766342
0.4617894088045658
0.45797018068258544
0.45378396150142514
0.4492459983169701
0.4444070022804137
0.439277690765847
0.43390628925484975
0.42829916518048267
0.42250233206165955
0.41651800697316405
0.41039028154750823
0.4041174290623882
0.39774191492090655
0.39125827294129684
0.38470763591909946
0.37808099387086574
0.37141843341910424
0.3647075834482445
0.3579877603297125
0.35124339875606847
0.344513308348372
0.3377788792428333
0.33107866444758155
0.32439114118777623
0.3177548424251977
0.3111454460288895
0.3046016882260426
0.29809654327628776
0.29166916137725707
0.2852898917321973
0.27899849747934424
0.27276276484757617
0.26662325816627336
0.260545247151969
0.2545702759379615
0.2486611294427603
0.24286050166831366
0.23712871056544615
0.23150976262857453
0.2259615136453211
0.2205294388300847
0.21516892436105453
0.20992706504530284
0.2047567584987825
0.1997068655752175
0.1947277655541436
0.18987022830638212
0.18508207476807154
0.18041612414735367
0.1758175893541308
0.17134147741566222
0.16693033431341014
0.1626414922911804
0.1584147626947316
0.15430993997522166
0.1502640247066651
0.14633941078662063
0.1424702037224773
0.13872153496795986
0.13502452276255583
0.13144717565961161
0.12791752472169846
0.12450659711060297
0.12113922925567518
0.11788961091187034
0.11467926895896782
0.11158570270955794
0.10852700719073072
0.10558414164572467
0.1026716396142399
0.09987407450555875
0.09710228138319693
0.09444460634225506
0.09180804160817754
0.08928486917207085
0.08677808661494138
0.08438408013849173
0.08200169333898212
0.07973159042468791
0.07746829403172505
0.07531692603193124
0.07316751333891139
0.0711298213986398
0.0690891986992417
0.06716024678964615
0.06522344489636153
0.0633984302009699
0.06156061349741805
0.05983487451128032
0.058091347861101345
0.05646037048084522
0.05480658426776
0.05326600616794593
0.05169755972844125
0.05024317323350393
0.04875581689474506
0.04738357057716553
0.045973206502664225
0.04467920567510583
0.04334188769206789
0.0421223939760958
0.04085432652895478
0.039705756623557784
0.03850329300177282
0.03742221679170886
0.03628185674214931
0.03526499485954889
0.03418338169536997
0.03322760261469485
0.032201519894624615
0.03130383667137807
0.030330204554321647
0.029487771267724092
0.02856364258635297
0.027773750551679716
0.026896306689362187
0.026156380501338665
0.025322927108069743
0.024630520558992727
0.023838483163400943
0.023191275091101665
0.022438194634526426
0.021833984720784516
0.021117513070817502
0.02055421763230515
0.019872113073406788
0.01934776086616971
0.01869788361986715
0.01821061169347045
0.01759091946825702
0.01713896906936129
0.016547512673280702
0.016129225229160084
0.015564144250266804
0.015177957438730828
0.01463747600292218
0.014281919928623082
0.013764342559822892
0.013438036025172293
0.01294174359566987
0.01264339051024514
0.012166836293128518
0.011895222181985002
0.011436928029800904
0.011190916681638106
0.010749469287758223
0.010527999527954647
0.010102046831101236
0.009904129416145852
0.009492377095150353
0.009317091754343053
0.00891829985897684
0.008764792448145944
0.008377772126895526
0.008245251929735006
0.007868862270533999
0.007756599417630505
0.007389744408518698
0.007297067428325074
0.006938693018817436
0.006864986515703809
0.006514077778980266
0.006458780238697693
0.006114358644450918
0.006076960341069027
0.00573808112401718
0.005718122180537334
0.005383871797051687
0.0053809403260772
0.005050434009149085
0.005064164388222296
0.004736543792388489
0.004766615036940907
0.004441045955966158
0.004487180210140427
0.004162850388107147
0.004224811512591331
0.0039009285191307103
0.003978520781830659
0.0036543099703022935
0.003747376836079953
0.0034220793560528107
0.0035305023723176546
0.0032033732672257973
0.0033270710308786464
0.0029973773736288283
0.0031363046081241187
0.0028033237036855963
0.002957470405670932
0.002620488051694508
0.002789878721546668
0.0024481875191038867
0.0026328804840706046
0.002285778179997646
0.0024858649960363506
0.0021326528733185044
0.002348257796010823
0.0019882391232613618
0.002219518648264393
0.0018519971355635556
0.002099139630667624
0.001723417931237438
0.0019866433351972486
0.0016020215827922892
0.0018815811464879056
0.0014873555072456956
0.0017835316412595401
0.001378992894313491
0.0016920990599727404
0.001276531195018034
0.001606911860678222
0.0011795907013465953
0.0015276213689236074
0.0010878132004048834
0.0014539004847819621
0.0010008606966574447
0.0013854424817422429
0.0009184142166634712
0.0013219598483198958
0.0008401726692223449
0.0012631832237580984
0.0007658517703680741
0.001208860376697031
0.0006951830263555064
0.0011587552454366552
0.0006279127814568734
0.0011126470363338266
0.0005638013061718452
0.001070329377703434
0.0005026219383603167
0.001031609516319866
0.0004441602793664751
0.0009963075619394807
0.00038821343543343084
0.0009642557812003147
0.00033458927991860885
0.0009352979294088528
0.0002831057829998688
0.0009092886263517639
0.00023359036879663163
0.0008860927674978169
0.00018587929670301192
0.0008655849584568773
0.00013981705894110686
0.000847648708670487
0.00009525346823678121
0.0008321572232478536
0.00005189490716216586
0.0008177985689573911