-0.011491248668008831
-0.011465320781289218
-0.011421993678666836
-0.011361963186767894
-0.01128568937416137
-0.011193965330997646
-0.011087600244656565
-0.010967616218246582
-0.01083509471938718
-0.010691262825585045
-0.010537407349773603
-0.01037490625676815
-0.01020517861817843
-0.010029683738113129
-0.009849892557276793
-0.009667266240252508
-0.009483242076088633
-0.009299199287104976
-0.009116455783511427
-0.008936226994845699
-0.008759631592075429
-0.008587648023938013
-0.008421128245686114
-0.00826075578490505
-0.008107066889456954
-0.00796041309793563
-0.00782098919285378
-0.007688802327303963
-0.007563705873100845
-0.007445376180494862
-0.007333350983577797
-0.007227013929220921
-0.007125635785365713
-0.007028366074764415
-0.0069342750477790135
-0.006842351184743983
-0.00675154182147614
-0.006660754985434044
-0.006568896719528671
-0.006474875681638638
-0.0063776355657716825
-0.006276161065471737
-0.006169504268361435
-0.006056790879108614
-0.005937239977902398
-0.005810169733423137
-0.005675010391457371
-0.005531309015513959
-0.005378735956869786
-0.00521708840027055
-0.005046290839151241
-0.004866397364201642
-0.004677586830999739
-0.004480163919180762
-0.004274549754719748
-0.004061281807615167
-0.0038410007449352673
-0.0036144492486400713
-0.003382455854916681
-0.0031459327813750794
-0.0029058574750360907
-0.002663269554850557
-0.002419250761227711
-0.002174921155835974
-0.0019314181509342398
-0.001689892169395298
-0.0014514854384078903
-0.0012173273990010165
-0.000988513975300064
-0.000766103127232342
-0.0005510953434475047
-0.00034442983586673454
-0.0001469670306289455
0.00004051401907427437
0.0002173303839765248
0.00038289603408181016
0.0005367331579244958
0.0006784706057528867
0.000807851283815225
0.0009247279222171399
0.0010290663261198342
0.0011209383945000352
0.0012005213533680407
0.0012680882738698217
0.001324003772557163
0.001368712592977197
0.0014027325708575434
0.0014266420890631246
0.0014410713129807016
0.0014466894551553899
0.001444195352211864
0.0014343054612920027
0.0014177447704585653
0.001395236305421452
0.0013674931674443809
0.0013352100936674452
0.0012990571479497956
0.0012596736031035708
0.0012176635251290849
0.001173591981801757
0.0011279825064200429
0.0010813154230952123
0.0010340269834514183
0.0009865094554409347
0.0009391116078506666
0.000892140139695839
0.0008458611393729519
0.0008005024256372333
0.0007562556167859533
0.0007132789946106691
0.0006716998655814912
0.0006316176269766373
0.0005931061684975761
0.0005562168982159904
0.0005209810045623837
0.0004874122762383169
0.00045550911083265126
0.0004252570295649102
0.0003966303740964323
0.0003695944701600062
0.0003441069962531326
0.00032011978919890154
0.0002975798976307514
0.0002764310485938902
0.00025661441679167827
0.00023806978673737708
0.00022073607798329164
0.00020455224462099085
0.00018945759956235435
0.00017539249476650074
0.00016229848622513157
0.00015011883619584377
0.00013879855658845182
0.00012828477028567468
0.00011852666542031116
0.00010947574770804945
0.00010108573253932381
0.00009331271490413223
0.00008611502086498641
0.00007945331659466654
0.00007329043597025276
0.00006759144572956262
0.00006232346177933575
0.00005745568361313548
0.000052959208493025164
0.00004880704507331041
0.00004497393185847011
0.00004143633739910566
0.00003817228727609349
0.00003516135620456003
0.000032384506156327626
0.000029824074141199776
0.00002746362286618572
0.000025287926778124113
0.000023282835784516687
0.000021435261261761605
0.000019733052754503964
0.000018164985013573285
0.000016720647185929782
0.00001539043149055287
0.00001416543415807394
0.000013037446036344968
0.000011998864396819
0.000011042685548530646
0.000010162426565314313
9.352119849509484e-6
8.606243825790062e-6
7.919719312642012e-6
7.287848256592967e-6
6.706311724231647e-6
6.171115801477503e-6
5.678590999607906e-6
5.22534450814689e-6
4.808260806249161e-6
4.424459527936475e-6
4.071297078930899e-6
3.7463294446039706e-6
3.4473146274837852e-6
3.172179798278172e-6
2.9190243877056458e-6
2.686091047342407e-6
2.4717692490597183e-6
2.274569584088156e-6
2.0931277428248834e-6
1.9261817368508612e-6
1.7725761503600452e-6
1.631241920745686e-6
1.5012007699206622e-6
1.3815472246081652e-6
1.2714531511363338e-6
1.1701517369911443e-6
1.0769420662117967e-6
9.911748194489772e-7
9.122568388981028e-7
8.396383354608544e-7
7.728174023331127e-7
7.113285453130348e-7
6.547471128460915e-7
6.026789894734395e-7
5.547649174803629e-7
5.106712143288531e-7
4.7009396721318886e-7
4.3275065343731903e-7
3.983841943024874e-7
3.6675537310848394e-7
3.376467390233962e-7
3.1085573101062766e-7
2.861984257879082e-7
2.6350328777944883e-7
2.426147580748085e-7
2.2338756071723312e-7
2.0569013182395446e-7
1.8939942135868212e-7
1.744041633617289e-7
1.606001200017152e-7
1.4789319526298534e-7
1.361950746902752e-7
1.2542618595786028e-7
1.1551169345162811e-7
1.0638430995530175e-7
9.798061017887004e-8
9.02436983895883e-8
8.311980929949852e-8
7.656083688286224e-8
7.05211947696402e-8
6.496021176029875e-8
5.983922711522607e-8
5.5123858430691404e-8
5.078131003398465e-8
4.678251894423061e-8
4.309965703787161e-8
3.9708160804567015e-8
3.6584410087671765e-8
3.3707647274732585e-8
3.105781728599549e-8
2.8617381724332062e-8
2.6369306418632536e-8
2.4298775910246724e-8
2.2391316289269173e-8
2.0634415222648104e-8
1.9015769077242614e-8
1.7524813505846206e-8
1.6151084955048985e-8
1.4885666625354887e-8
1.3719655434560479e-8
1.2645527961573266e-8
1.1655704794637427e-8
1.074384085908512e-8
9.903479839277371e-9
9.129273081253827e-9
8.415717450609411e-9
7.758306794112412e-9
7.152347194010788e-9
6.5940447698972245e-9
6.07939282270518e-9
5.605199560711724e-9
5.168042101999845e-9
4.7652375174541086e-9
4.393859085861224e-9
4.051653862733396e-9
3.736116963654461e-9
3.4453586911977194e-9
3.1772329649301517e-9
2.9301568698290533e-9
2.7022896601482696e-9
2.492307431691433e-9
2.298629405525406e-9
2.120150273234009e-9
1.955510718711537e-9
1.8037898400091541e-9
1.6638170961790574e-9
1.5348270713789888e-9
1.4158102415984578e-9
1.3061322160981457e-9
1.2049209081307605e-9
1.1116522653187357e-9
1.0255716011906983e-9
9.462477094746184e-10
8.730262711638334e-10
8.055541376392425e-10
7.432628725970982e-10
6.85864885119524e-10
6.328652984933271e-10
5.840315165258266e-10
5.389317332516745e-10
4.973794236437675e-10
4.589969204947171e-10
4.2363623390768797e-10
3.9096622517987516e-10
3.6087107778910377e-10
3.330596937214749e-10
3.0744306181817613e-10
2.8376459040913716e-10
2.6195754658215137e-10
2.4179512085888175e-10
2.232290429369734e-10
2.0605825005358346e-10
1.902497207837768e-10
1.7562468919781996e-10
1.6216267814007497e-10
1.4970426676328908e-10
1.3823924813755885e-10
1.2762501865396572e-10
1.17859731610207e-10
1.088154336914967e-10
1.0049703614702197e-10
9.278937641543602e-11
8.570278145397481e-11
7.913328188394489e-11
7.309549778255593e-11
6.749527875633228e-11
6.235060088519655e-11
5.757594913892572e-11
5.319187501423118e-11
4.912047791861282e-11
4.5384236214116754e-11
4.1911981811204505e-11
3.872758268645823e-11
3.5765840145204524e-11
3.305156828213357e-11
3.052487635793094e-11
2.821115999712831e-11
2.605526203884587e-11
2.4082861398345367e-11
2.224303473995335e-11
2.056150175813693e-11
1.8991137214720494e-11
1.7557505819032466e-11
1.621689969388735e-11
1.4994571956032986e-11
1.3849898638647998e-11
1.2807697402544577e-11
1.183013545092267e-11
1.0941498453835724e-11
1.0106487139468332e-11
9.34878140984415e-12
8.635388170510605e-12
7.989326679948354e-12
7.379708868198031e-12
6.828854126196057e-12
6.3078009394377445e-12
5.8381425212149886e-12
5.392685120207785e-12
4.992280072152231e-12
4.611359695522134e-12
4.270026422227556e-12
3.9442118338512894e-12
3.653269479913352e-12
3.3745163847039142e-12
3.1265629212300985e-12
2.888009087808364e-12
2.67673233001625e-12
2.4725230954659555e-12
2.2925397409233642e-12
2.117679368264965e-12
1.9643978782427297e-12
1.8146229125513967e-12
1.6841266810185743e-12
1.555798023066155e-12
1.4447458054086629e-12
1.3347567073214582e-12
1.2402977276196073e-12
1.1459953258268263e-12
1.0656968588749676e-12
9.848152058842861e-13
9.166007473671095e-13
8.472035939876465e-13
7.892999967275101e-13
7.297318166703303e-13
6.80623988089101e-13
6.294679319324863e-13
5.878598613483602e-13
5.439014791097642e-13
5.086824945231789e-13
4.708781755952287e-13
4.4109341688097924e-13
4.085425599552778e-13
3.833666941528757e-13
3.5528663117186815e-13
3.3399981660498495e-13
3.0970246161031277e-13
2.9166747531938276e-13
2.705365316984939e-13
2.5517578466481737e-13
2.366430924290442e-13
2.2341393200980162e-13
2.0693312468415768e-13
1.952993078588654e-13
1.8031430963447047e-13
1.697107470707608e-13
1.5561572041026536e-13
1.4540254966742152e-13
1.3148938493964823e-13
1.2089112072950313e-13
1.062716304948556e-13
9.42830486655448e-14
7.778233471310666e-14
6.304277720565433e-14
4.3058077757639943e-14
2.3807782722778447e-14
0.007622574058735085
0.007535103182495445
0.0073947365281496515
0.007201483213803918
0.006959984322743437
0.00667401841988562
0.0063492223341511346
0.005991012935931449
0.005605707625428127
0.005199435463678821
0.00477858359013056
0.004349205707066949
0.003917125882983029
0.0034876634974286952
0.0030655590554993437
0.0026549306422909975
0.002259111196364585
0.0018807817866067103
0.0015217702020475941
0.0011833158222096347
0.0008658537820576069
0.0005693682342610019
0.0002931698525797047
0.000036295941285480276
-0.0002027196723209893
-0.00042543669527333436
-0.0006337489762754842
-0.0008294936176602525
-0.001014701842601327
-0.001191245414405201
-0.0013610917759692787
-0.0015259950223172306
-0.0016877436764996317
-0.0018478944211168604
-0.0020079976403809896
-0.0021693668057101347
-0.0023332674284289546
-0.0025007140905547315
-0.002672612799529789
-0.0028495806217174843
-0.0030320385395180083
-0.00322005397802943
-0.003413389323983898
-0.0036113733614093523
-0.0038129176320401254
-0.004016427032519753
-0.004219800542405588
-0.004420392648769545
-0.0046150157130000835
-0.004799961928138973
-0.004971021636809816
-0.0051235704366736304
-0.005252611735494867
-0.005352926285947457
-0.005419139339887389
-0.005445921613186945
-0.005428073043460048
-0.0053607564377570185
-0.005239582582232059
-0.0050608520647863805
-0.004821621742352923
-0.004519927695533848
-0.004154811921896604
-0.0037265008947877016
-0.0032363743887414954
-0.0026870798836758658
-0.002082432490295449
-0.0014274548748884302
-0.0007282073438003567
8.245370208977836e-6
0.000774063477459275
0.0015607253615094086
0.0023592957523339685
0.003160556339561576
0.003955285184174578
0.004734396888936161
0.005489203748512035
0.006211537883462017
0.006893968131091235
0.007529881991841343
0.008113640302525474
0.008640605997997845
0.009107229187706262
0.009511020282510708
0.00985056874459571
0.01012546764918429
0.01033627789565001
0.010484417935895277
0.010572090264511972
0.010602153020143133
0.010578026824445776
0.01050356444909465
0.010382954174173288
0.010220600650088379
0.01002103705366496
0.009788825905956951
0.009528487672834898
0.009244425782800514
0.008940874969450759
0.008621850890941026
0.008291118075426254
0.007952161793007433
0.0076081731821281955
0.00726203943368892
0.006916342490967884
0.006573363011477448
0.0062350887209296005
0.00590322775133293
0.005579223009162021
0.0052642710654095615
0.0049593395061760985
0.0046651883325550935
0.004382387991956931
0.0041113410594373345
0.003852299360849046
0.003605384445037614
0.003370602826167347
0.003147864364641532
0.0029369951423466978
0.002737753334139094
0.0025498395834990433
0.002372910274632002
0.002206585511769674
0.002050459915207347
0.0019041084476438858
0.0017670949808142814
0.0016389762806871065
0.001519308648988919
0.001407650397485091
0.001303566881558442
0.0012066317800999704
0.001116430823066715
0.0010325621614211491
0.0009546390596828106
0.0008822895997121726
0.0008151585714011747
0.000752906711484513
0.0006952119864030779
0.0006417685268062528
0.0005922874597209464
0.0005464956632060581
0.0005041362721023133
0.0004649673463729759
0.00042876214663989983
0.00039530778423710767
0.0003644053395120594
0.0003358685411936829
0.00030952378171317734
0.000285208857559414
0.00026277292111082855
0.00024207530153769058
0.0002229854212272773
0.00020538170781315998
0.00018915149462091435
0.00017419002793169104
0.00016040036442879646
0.0001476924732880296
0.00013598313889226932
0.00012519515432319657
0.00011525723423435903
0.00010610329442140128
0.00009767237738041665
0.00008990801155658076
0.00008275815050623255
0.00007617460493264303
0.00007011299531581239
0.00006453224975964944
0.00005939456929815375
0.000054664984765656326
0.00005031133361476418
0.00004630386938089971
0.00004261524866878401
0.00003922018724216427
0.00003609545578752752
0.000033219577168482436
0.00003057282961138758
0.000028136980186060172
0.000025895294145027327
0.000023832300204527447
0.000021933804884083298
0.00002018668564918529
0.000018578909225118495
0.000017099349116479087
0.000015737806998270148
0.000014484851543045364
0.000013331842116640635
0.000012270786219785845
0.000011294364831563679
0.000010395806109283021
9.568911827807106e-6
8.807945281105724e-6
8.107658359174218e-6
7.4631918594808235e-6
6.870102825323774e-6
6.324275708257909e-6
5.821949662930136e-6
5.359639205536358e-6
4.934161221250601e-6
4.5425639418356e-6
4.1821534736974694e-6
3.850430072829688e-6
3.5451140452904084e-6
3.264088432388962e-6
3.0054241719892987e-6
2.767328423718435e-6
2.5481689098864397e-6
2.346427211741298e-6
2.1607222338277354e-6
1.9897678899349853e-6
1.8323956551735541e-6
1.6875161360397354e-6
1.5541406910643952e-6
1.4313464449210273e-6
1.3182969718020067e-6
1.2142103701044155e-6
1.118379013245377e-6
1.0301403503774454e-6
9.488957376215259e-7
8.740836725411898e-7
8.051977251396492e-7
7.417619503722608e-7
6.833479430549944e-7
6.295522043070875e-7
5.800123480338102e-7
5.343862245500846e-7
4.923673087670457e-7
4.5366540794260767e-7
4.180212633182703e-7
3.8518868948282893e-7
3.549484221391638e-7
3.270915543906938e-7
3.014326637058413e-7
2.7779442592041227e-7
2.560200544247303e-7
2.3595898614303576e-7
2.1747866558957695e-7
2.0045120881698026e-7
1.8476456435075969e-7
1.7031007133174052e-7
1.5699302850720865e-7
1.447210717334972e-7
1.3341418122833576e-7
1.229938114250967e-7
1.1339236561696605e-7
1.045430180157812e-7
9.638868377833536e-8
8.88724791504443e-8
8.19462136862236e-8
7.556143966387134e-8
6.967749211167542e-8
6.425308336218402e-8
5.9253915301003804e-8
5.4644779063163766e-8
5.039676273565472e-8
4.647981986501639e-8
4.28695946821156e-8
3.954042634450917e-8
3.647181261974907e-8
3.3641819682588935e-8
3.10332040966832e-8
2.8627200570635935e-8
2.6409321021207364e-8
2.436349500277173e-8
2.2477563620605077e-8
2.0737749419345246e-8
1.9133861944133307e-8
1.7654075734414786e-8
1.6289863404293026e-8
1.5031062063788295e-8
1.3870548907763628e-8
1.2799577899507338e-8
1.1812212019518528e-8
1.0900913415002345e-8
1.0060745664786554e-8
9.285201839566844e-9
8.570189386094201e-9
7.910081671155685e-9
7.301497375558896e-9
6.739562122410945e-9
6.221493597821181e-9
5.7430608019841474e-9
5.301985477311118e-9
4.894587378697313e-9
4.519011989318927e-9
4.1720509926426766e-9
3.852205689703431e-9
3.5566725772498344e-9
3.2842513462660766e-9
3.032486134600516e-9
2.8004264831561544e-9
2.5859154431201506e-9
2.38821139199605e-9
2.2054147401603413e-9
2.0369580621719505e-9
1.881163669285513e-9
1.7376090907269466e-9
1.6048082619269543e-9
1.482458994232877e-9
1.3692409765034196e-9
1.264951498639419e-9
1.1684138799157002e-9
1.0795073604212992e-9
9.971799558918837e-10
9.213781003806895e-10
8.511582868835562e-10
7.865217331157569e-10
7.266195021267542e-10
6.71497169791712e-10
6.203884319064758e-10
5.733744758374226e-10
5.297613720769837e-10
4.896585924133005e-10
4.524357562467447e-10
4.182244926823985e-10
3.864503665367621e-10
3.5726205101599596e-10
3.301344966177623e-10
3.0522916368630457e-10
2.820647205550653e-10
2.6081188046370044e-10
2.4102812440095876e-10
2.2289049387775365e-10
2.059910300254244e-10
1.9051069183460938e-10
1.7607238706590156e-10
1.6285901412399438e-10
1.505211330893214e-10
1.39241967776106e-10
1.286969274704292e-10
1.1906825333530656e-10
1.1005375395323428e-10
1.0183363654245494e-10
9.412596280484782e-11
8.710806988965705e-11
8.051638794323055e-11
7.452472791725828e-11
6.888622916092716e-11
6.377067056703718e-11
5.894643605315744e-11
5.4578891745902686e-11
5.0450369739775226e-11
4.672154663988208e-11
4.3187552004926174e-11
4.0004182227517935e-11
3.6978339968205855e-11
3.42608217009158e-11
3.1669388605238465e-11
2.9349775814095313e-11
2.712978400231617e-11
2.5150073136925067e-11
2.3247747706482927e-11
2.1558417303405847e-11
1.992782738320728e-11
1.8486593032809767e-11
1.7088501612787004e-11
1.5859254333146397e-11
1.4660137376236277e-11
1.3612038175037446e-11
1.2583247883082808e-11
1.1689955308138034e-11
1.0807006114334227e-11
1.0046016998795465e-11
9.287975990885743e-12
8.640062476549329e-12
7.989028595488472e-12
7.43775693635099e-12
6.878415506515626e-12
6.409734170726279e-12
5.928975148367936e-12
5.5308613898911684e-12
5.1174511989306514e-12
4.779606586184209e-12
4.423904562033692e-12
4.137490937297194e-12
3.8312022179751256e-12
3.588610205618382e-12
3.3245673695078143e-12
3.1192098128416836e-12
2.8911756070101336e-12
2.7172981162910607e-12
2.51978114897795e-12
2.3722811599594823e-12
2.2003552854797348e-12
2.0745994593006005e-12
1.9237155169382606e-12
1.8153426554702429e-12
1.6811178652316527e-12
1.5858103190305777e-12
1.4637754415140228e-12
1.376975608550298e-12
1.2622523615199666e-12
1.1787919935620537e-12
1.0656661689932166e-12
9.792694184958033e-13
8.605736135381051e-13
7.631148314121369e-13
6.293718115761915e-13
5.098622851757714e-13
3.481466546482479e-13
1.9238482396252133e-13
0.009674203720190304
0.009568802434261411
0.009392311575588017
0.009150051634634785
0.008845271442545849
0.008483572943538372
0.008070233540699997
0.0076117166666743235
0.007114251590470456
0.0065845260974808925
0.00602882688556338
0.0054533826590146195
0.004863851166678805
0.004265502582127147
0.0036629540995190757
0.0030602768388266702
0.0024609133667232745
0.0018677401642027357
0.0012831122034714995
0.0007088864678131369
0.0001465446010856737
-0.00040282627883316365
-0.0009383711968216371
-0.00145953110527178
-0.001965865617832641
-0.0024571563274983894
-0.0029332265136785846
-0.003394072066461207
-0.003839680602106734
-0.004270174517372746
-0.00468562748034579
-0.0050862048033798474
-0.005471975314034711
-0.005843038282674187
-0.006199331713515273
-0.006540740974157999
-0.006866908957086836
-0.007177327971640234
-0.0074711618102178716
-0.007747328431930118
-0.008004347879127337
-0.008240428001168917
-0.008453354500995583
-0.008640594351742038
-0.008799243753617804
-0.008926162590191458
-0.009017991332370395
-0.00907132362377695
-0.009082793337650155
-0.009049280962524225
-0.008968057735222622
-0.008837006554787282
-0.008654794072476265
-0.008421072099168576
-0.008136635268010858
-0.007803559405266366
-0.0074252971194475595
-0.007006710287495229
-0.006554062732229108
-0.00607491758120083
-0.0055780060439828425
-0.005072985835552343
-0.004570194618669621
-0.004080297443505421
-0.0036139652511026706
-0.003181468537116744
-0.002792345843611583
-0.0024550181421511756
-0.0021765209814147957
-0.0019622127854250675
-0.001815633240520069
-0.0017383579220619713
-0.0017300170328008952
-0.0017883141851912545
-0.0019092021757876395
-0.0020870457957823823
-0.0023149163629366137
-0.0025848484252436305
-0.0028881923764281156
-0.0032159008250972274
-0.0035588739312397383
-0.003908215012234598
-0.004255515069138342
-0.004593034902388249
-0.004913897466034417
-0.0052121778026151
-0.005482996268068926
-0.0057225201567872325
-0.005927970635867904
-0.006097555638882017
-0.00623041487998547
-0.006326510572480291
-0.006386537921364941
-0.006411799595317319
-0.006404105752017865
-0.006365652715230175
-0.006298929890639887
-0.006206615746450355
-0.0060915016277533806
-0.005956411174663456
-0.00580414480364786
-0.005637423360889554
-0.00545885267129515
-0.005270888857664672
-0.0050758198783754805
-0.004875748313204021
-0.004672585832698027
-0.0044680488797195946
-0.004263662031587663
-0.004060762394279945
-0.003860508378302326
-0.0036638893696058317
-0.0034717372090513976
-0.003284738540593706
-0.0031034470556718418
-0.002928296691431353
-0.0027596133693952485
-0.002597627855330833
-0.00244248624764461
-0.0022942617996405705
-0.002152963797750025
-0.0020185479982418077
-0.0018909237979180997
-0.0017699631745764703
-0.0016555062186991735
-0.0015473686163134481
-0.0014453457044948906
-0.0013492186206122395
-0.0012587570886312684
-0.001173724399784879
-0.0010938791477259663
-0.0010189792176960083
-0.0009487826792726084
-0.0008830509553524246
-0.0008215490606565277
-0.0007640481062113992
-0.0007103250460920841
-0.000660164652912486
-0.0006133589084889825
-0.00056970856455307
-0.0005290222875064405
-0.0004911178981880454
-0.0004558213579600237
-0.00042296776299555156
-0.00039240023914264904
-0.0003639707503231481
-0.00033753895306179124
-0.000312972865283805
-0.00029014771788952385
-0.0002689465193644452
-0.00024925893100123013
-0.0002309817540299371
-0.00021401784665836318
-0.0001982765535835077
-0.00018367267655140305
-0.00017012686081301678
-0.00015756462603522828
-0.00014591672022657082
-0.00013511821424170453
-0.00012510883066967158
-0.00011583210259121119
-0.00010723568267782871
-0.0000992705650565435
-0.00009189137823251596
-0.00008505566770370556
-0.000078724175147784
-0.00007286017866122608
-0.0000674297598273533
-0.00006240119801360069
-0.00005774522637146603
-0.000053434476421465284
-0.00004944372365778612
-0.00004574937861324371
-0.00004232972249860319
-0.00003916444101716868
-0.00003623485032110232
-0.00003352346999795669
-0.000031014239544369175
-0.000028692127146010323
-0.000026543336831067287
-0.000024554949889903885
-0.0000227151228611252
-0.000021012758672884876
-0.000019437695621929813
-0.00001798040555466004
-0.000016632174016657677
-0.000015384823021392995
-0.000014230882569056441
-0.000013163335769786596
-0.000012175781952694035
-0.000011262202116019572
-0.000010417113867886625
-9.635355366516108e-6
-8.912232352194107e-6
-8.243318916121563e-6
-7.6245968977000955e-6
-7.052271980915719e-6
-6.522905742104152e-6
-6.033245718505756e-6
-5.580350399236076e-6
-5.161432042601583e-6
-4.773974907288605e-6
-4.415589714125248e-6
-4.084125415839878e-6
-3.777534306205241e-6
-3.493977625459595e-6
-3.2317004161832413e-6
-2.989131258011183e-6
-2.764766056152781e-6
-2.557262193718537e-6
-2.365330516448591e-6
-2.187824184169136e-6
-2.0236381849312763e-6
-1.8717931591175005e-6
-1.73134183862564e-6
-1.6014481082408132e-6
-1.4812998214834093e-6
-1.3701833542897693e-6
-1.2674022993578645e-6
-1.172347757152636e-6
-1.0844224556469862e-6
-1.0031070133590068e-6
-9.278890718565611e-7
-8.58325755093618e-7
-7.939774384217587e-7
-7.344666180450722e-7
-6.794159730040203e-7
-6.285038482136613e-7
-5.814062953545119e-7
-5.378493627763232e-7
-4.975548277982651e-7
-4.6028947681455686e-7
-4.258142654876028e-7
-3.9393076273044314e-7
-3.644334969498368e-7
-3.3715372824000604e-7
-3.119147584457131e-7
-2.8857318690880644e-7
-2.669769798932382e-7
-2.4700435659649775e-7
-2.2852442960479352e-7
-2.1143385962631004e-7
-1.9561989329682574e-7
-1.8099491721577744e-7
-1.6746173275373502e-7
-1.5494613247385333e-7
-1.4336426373969125e-7
-1.3265334348021576e-7
-1.2274097347875012e-7
-1.1357410268223823e-7
-1.050901671770069e-7
-9.72444028431372e-8
-8.998269228547945e-8
-8.326732458055233e-8
-7.705143991633358e-8
-7.130332745985406e-8
-6.598236624232696e-8
-6.10619467771172e-8
-5.650681387473971e-8
-5.2294692549709607e-8
-4.839494502261711e-8
-4.478897665693735e-8
-4.145012545612998e-8
-3.836291925312853e-8
-3.550412158784715e-8
-3.2860907118889656e-8
-3.0412992913086e-8
-2.8149795047753482e-8
-2.605357909757848e-8
-2.4115657132596644e-8
-2.232049558361602e-8
-2.066100830323672e-8
-1.9123564059639662e-8
-1.7702428002839916e-8
-1.6385614806438296e-8
-1.5168527756705926e-8
-1.404060705777124e-8
-1.2998212825603566e-8
-1.2032021316823782e-8
-1.1139195352096756e-8
-1.0311484242970915e-8
-9.546722579154068e-9
-8.83759243004747e-9
-8.182488997778337e-9
-7.574906277332823e-9
-7.013705792730738e-9
-6.493089327162963e-9
-6.012304814223033e-9
-5.566172011238719e-9
-5.154257602681362e-9
-4.771921798593722e-9
-4.418992815114364e-9
-4.091304347146917e-9
-3.788897813872669e-9
-3.5080224912207976e-9
-3.248892241185669e-9
-3.0081218048470066e-9
-2.7860631666386817e-9
-2.5796531115079526e-9
-2.3893529027392098e-9
-2.2123837054472053e-9
-2.0492918732321776e-9
-1.897550242066188e-9
-1.757770021402476e-9
-1.627647274477498e-9
-1.507841188369232e-9
-1.3962462850750457e-9
-1.2935556975596527e-9
-1.1978408064838332e-9
-1.1098170709184933e-9
-1.0277138636899801e-9
-9.52259391881073e-10
-8.818245143147618e-10
-8.171423342479029e-10
-7.567107301213977e-10
-7.012613071843913e-10
-6.494062615167344e-10
-6.018705352081231e-10
-5.573694677101135e-10
-5.166172073178226e-10
-4.784223867574871e-10
-4.43485099027085e-10
-4.1069856909572887e-10
-3.807463017286011e-10
-3.5259841142185254e-10
-3.269198909847419e-10
-3.02750910200932e-10
-2.807365341169743e-10
-2.599809101212178e-10
-2.4110818172131826e-10
-2.2328105624809366e-10
-2.0710211117864612e-10
-1.9178777281417627e-10
-1.7791869583529246e-10
-1.6476068923801617e-10
-1.5287236384575597e-10
-1.4156501751884526e-10
-1.3137528795794971e-10
-1.2165645661738625e-10
-1.1292341361630823e-10
-1.045682605993889e-10
-9.708448933672269e-11
-8.990015962792267e-11
-8.348781169908877e-11
-7.730886765855103e-11
-7.181543870130332e-11
-6.649994899498485e-11
-6.179466066437512e-11
-5.722084863642674e-11
-5.319154817638731e-11
-4.925491937974355e-11
-4.5805422507568934e-11
-4.241630263235808e-11
-3.946411610471779e-11
-3.654554039957018e-11
-3.4019909738367137e-11
-3.15058134393311e-11
-2.9346049076791035e-11
-2.7179715548756866e-11
-2.5333757297994302e-11
-2.346648672744674e-11
-2.1889672124830666e-11
-2.0279638796100847e-11
-1.8933645654103655e-11
-1.7544916245709027e-11
-1.63968537799698e-11
-1.5198542790561826e-11
-1.42201690234587e-11
-1.318571045230045e-11
-1.2352756300678885e-11
-1.1459273106263372e-11
-1.0750855646832303e-11
-9.978610280676248e-12
-9.376719139908736e-12
-8.70862956621722e-12
-8.197671133937921e-12
-7.618877108227959e-12
-7.185261200073886e-12
-6.6827250159986255e-12
-6.314477492727584e-12
-5.876601652861751e-12
-5.562984007235711e-12
-5.1792249017643135e-12
-4.910337421767593e-12
-4.570788475933696e-12
-4.3371265112918136e-12
-4.032035437955198e-12
-3.823957385761724e-12
-3.5431287925888517e-12
-3.350178142687423e-12
-3.0821941095586853e-12
-2.8921977117563622e-12
-2.6233874990782586e-12
-2.421258214038386e-12
-2.1340966661413295e-12
-1.8998756241535027e-12
-1.5708089173910223e-12
-1.277105443706807e-12
-8.736711134542886e-13
-4.847592619097119e-13
0.001475262468158171
0.0014511832166075867
0.0014121914569850816
0.0013588339992580774
0.0012924037513931082
0.001214172676879811
0.0011256799149553633
0.001028393476272977
0.0009237859132145945
0.0008131376151341594
0.0006975434516319782
0.0005778115574563447
0.0004544597867960129
0.0003276954565020738
0.00019742907219601888
0.00006332040833778776
-0.00007518435594744051
-0.00021876026213523084
-0.00036815025068508313
-0.0005240507940595595
-0.000687056263967484
-0.0008575467616531302
-0.0010356444836018698
-0.0012211233718879614
-0.0014133876842993575
-0.00161141568313319
-0.0018137643436295303
-0.0020185512415383825
-0.0022234831441527566
-0.0024258733858110895
-0.002622687513251156
-0.0028105888054622214
-0.0029859918605153906
-0.003145126812359528
-0.0032840917689482135
-0.0033989265133681245
-0.003485656709200836
-0.0035403700289045143
-0.003559248538645659
-0.003538643693914937
-0.0034750976168645563
-0.0033654174100376873
-0.0032066901646109684
-0.0029963604238207216
-0.002732246451364683
-0.002412626097772359
-0.002036261839960347
-0.0016024986421046676
-0.0011113017449507997
-0.0005633649821959212
0.000039841563368035606
0.0006959621320585824
0.0014017093677848108
0.002152771531554094
0.002943787888166592
0.003768296373214156
0.004618753953128929
0.005486549289274355
0.006362089365588736
0.007234895182374422
0.008093766088655962
0.008926962890947566
0.009722445292246619
0.010468128555715184
0.011152170881317727
0.011763271468019558
0.01229096866293838
0.01272593420489526
0.013060234557954267
0.013287572565353272
0.013403466652991582
0.013405398746840193
0.013292879020123344
0.013067476072664543
0.012732755383396214
0.012294189935680898
0.011758983165231785
0.011135879691077936
0.010434902664824611
0.009667099949290431
0.008844237243537736
0.007978522022509503
0.007082296066741503
0.006167777509488261
0.005246790441194003
0.004330556501070687
0.0034294877944671476
0.002553046778664628
0.0017096151646165618
0.0009064276129859174
0.00014951655345725437
-0.0005562860540485658
-0.0012073379315405768
-0.0018011302224696627
-0.0023362267646474134
-0.002812170843577891
-0.003229392830180008
-0.003589097908851781
-0.003893159512648417
-0.004144003809584252
-0.004344503357685543
-0.0044978703999481815
-0.0046075610851081
-0.004677185348278253
-0.004710427826688607
-0.004710978084671285
-0.00468247065641746
-0.004628436112354564
-0.004552259843646511
-0.004457152176772003
-0.004346123675329192
-0.004221971178886115
-0.004087266447814163
-0.003944354475952898
-0.0037953520517679394
-0.0036421547532048317
-0.0034864422200683236
-0.00332969066209517
-0.0031731821273665232
-0.0030180199537913335
-0.0028651399143210725
-0.0027153266801209796
-0.002569225313795123
-0.0024273574019842504
-0.0022901318873413622
-0.002157860023404319
-0.0020307649552894257
-0.001908995035164687
-0.001792631875738762
-0.0016817018446212725
-0.0015761825333878183
-0.0014760124380771773
-0.0013810959264939533
-0.0012913112285654537
-0.0012065140639230527
-0.0011265441282843002
-0.0010512275792749182
-0.0009803822296512474
-0.0009138190961022994
-0.0008513465101181381
-0.0007927709233066107
-0.0007379001319936971
-0.000686543511576221
-0.000638514528619024
-0.0005936305515798063
-0.000551714799034064
-0.0005125958483903788
-0.00047610914394075114
-0.00044209630109367474
-0.00041040627494293614
-0.00038089453620148263
-0.00035342398075185403
-0.0003278640352967951
-0.0003040913711713588
-0.00028198898273865656
-0.0002614467545325394
-0.00024236054337736603
-0.00022463263642614285
-0.00020817085851220946
-0.00019288894949977365
-0.00017870571108498178
-0.0001655453247122791
-0.0001533365465440168
-0.00014201298166220422
-0.000131512331866472
-0.00012177663765857736
-0.00011275158060185073
-0.00010438670140171722
-0.00009663475650863981
-0.00008945191823377967
-0.00008279718389197643
-0.00007663256214138526
-0.00007092253207511293
-0.00006563421869847132
-0.000060736898855365
-0.00005620216783948684
-0.000052003488782152085
-0.00004811635174318452
-0.00004451786311261522
-0.00004118689807317922
-0.000038103726620413304
-0.00003525015997837946
-0.0000326092099776691
-0.000030165229799124225
-0.000027903603635254517
-0.000025810882003450343
-0.000023874498830454782
-0.000022082901494807487
-0.000020425292700167555
-0.000018891755360331693
-0.000017473016854296344
-0.000016160568844476156
-0.000014946451727055109
-0.000013823369466636674
-0.000012784492265013782
-0.000011823566497510855
-0.000010934733819080754
-0.000010112636294957794
-9.352250343626759e-6
-8.648987164313855e-6
-7.998540081473428e-6
-7.396980382259817e-6
-6.840616776974614e-6
-6.326086769826097e-6
-5.850227084926095e-6
-5.410160702655804e-6
-5.003177222185479e-6
-4.626815703260927e-6
-4.278754044868423e-6
-3.956887778083824e-6
-3.6592276374958453e-6
-3.3839744549151585e-6
-3.129424186581882e-6
-2.8940390600976074e-6
-2.6763593973148298e-6
-2.4750711679736237e-6
-2.288924016487135e-6
-2.116795375594644e-6
-1.9576141659339285e-6
-1.8104216217405165e-6
-1.6743001859717055e-6
-1.5484311978594126e-6
-1.4320285541852904e-6
-1.3243934054919837e-6
-1.2248521965933118e-6
-1.1328085146189195e-6
-1.0476851595900287e-6
-9.689732833492153e-7
-8.961781745962271e-7
-8.288658232548923e-7
-7.666121342306996e-7
-7.090470469969668e-7
-6.55806918941578e-7
-6.065763250014405e-7
-5.610433751922457e-7
-5.189393140607038e-7
-4.79996558177328e-7
-4.4398621007234377e-7
-4.106786204147868e-7
-3.79878926002772e-7
-3.5138995831554363e-7
-3.2504591008476815e-7
-3.0067742711881887e-7
-2.781435030241986e-7
-2.572986048664085e-7
-2.3802289076534267e-7
-2.201912322530722e-7
-2.0370184475580098e-7
-1.8844708059072424e-7
-1.7434055778585387e-7
-1.612896076641073e-7
-1.4922098305161372e-7
-1.380548534471793e-7
-1.2772916943836054e-7
-1.1817510665408943e-7
-1.093401591495771e-7
-1.0116494078303703e-7
-9.360507644780152e-8
-8.660927628185827e-8
-8.014008991827974e-8
-7.41531751013004e-8
-6.861697659319346e-8
-6.349311639563671e-8
-5.875505558907452e-8
-5.436953850001602e-8
-5.031429255401544e-8
-4.6560463437069345e-8
-4.308940501098394e-8
-3.98760468342191e-8
-3.690482331323827e-8
-3.415391891346588e-8
-3.16103829966319e-8
-2.9255201700476363e-8
-2.707764233388211e-8
-2.5061104264858357e-8
-2.3196734306697154e-8
-2.147001205448755e-8
-1.9873675390145522e-8
-1.8394998572599222e-8
-1.702806481122647e-8
-1.5761698065177953e-8
-1.459111757751617e-8
-1.350648679401179e-8
-1.2503982807911134e-8
-1.1574928085392493e-8
-1.0716305937633061e-8
-9.920442854046131e-9
-9.184999388487127e-9
-8.503172866291542e-9
-7.873191439535981e-9
-7.289008762235314e-9
-6.74932743030922e-9
-6.248758922130467e-9
-5.78640118713648e-9
-5.357438736454767e-9
-4.961297775102926e-9
-4.5936628087384606e-9
-4.254231423490477e-9
-3.939125158227619e-9
-3.6482648188645097e-9
-3.3781546584763458e-9
-3.128897965204618e-9
-2.8973348018440158e-9
-2.6837165243011714e-9
-2.4851784641786464e-9
-2.302091014313936e-9
-2.1318496980512797e-9
-1.9749194961747325e-9
-1.8289257401533879e-9
-1.6944074474031795e-9
-1.569193407552206e-9
-1.4538794372480827e-9
-1.3464749027938721e-9
-1.2476179986227909e-9
-1.1554787704320994e-9
-1.0707257602161334e-9
-9.916723649785333e-10
-9.190074730990619e-10
-8.511727181957029e-10
-7.888690541383132e-10
-7.306531447614325e-10
-6.772311856386569e-10
-6.272633109962617e-10
-5.81455367204165e-10
-5.385608210327736e-10
-4.992806206096413e-10
-4.624526565771393e-10
-4.2876930901184796e-10
-3.9714504734186295e-10
-3.682607545943611e-10
-3.4110055519968634e-10
-3.163315291800169e-10
-2.9300133117835895e-10
-2.717614551680589e-10
-2.517176549957603e-10
-2.3350449336005683e-10
-2.16280995537539e-10
-2.0066381327849145e-10
-1.8586094076796047e-10
-1.7247044337075065e-10
-1.597454397020957e-10
-1.4826498554265994e-10
-1.3732387953801106e-10
-1.2748195288850566e-10
-1.1807258990744187e-10
-1.0963635315434336e-10
-1.0154242505141858e-10
-9.431219490309301e-11
-8.734812508880784e-11
-8.115263991329698e-11
-7.515920059071028e-11
-6.985156515618987e-11
-6.46921214930127e-11
-6.014633173356839e-11
-5.570362284894783e-11
-5.181158725705856e-11
-4.798496682301021e-11
-4.4653953003293507e-11
-4.135702328109998e-11
-3.850746838155494e-11
-3.5666050910228395e-11
-3.322968330555025e-11
-3.0780077439218354e-11
-2.8698304388494734e-11
-2.6585791628054256e-11
-2.480831381244357e-11
-2.298587152564033e-11
-2.1469490509077982e-11
-1.989668328486101e-11
-1.8604272123382758e-11
-1.7246292725487345e-11
-1.6145903206873952e-11
-1.497273788091118e-11
-1.4036820188308741e-11
-1.302251489453006e-11
-1.2227226779026066e-11
-1.1349231640995072e-11
-1.0673814276130406e-11
-9.912382923151855e-12
-9.338579205450942e-12
-8.67619736018218e-12
-8.187685033357567e-12
-7.608498072748316e-12
-7.190303966477652e-12
-6.679505362217745e-12
-6.317357150565341e-12
-5.860487339717073e-12
-5.540043911488108e-12
-5.122130309085528e-12
-4.8280088112000815e-12
-4.432450261346539e-12
-4.146935965360812e-12
-3.754009818739829e-12
-3.4553098085198424e-12
-3.0399940651415e-12
-2.699613944083522e-12
-2.2285541465545175e-12
-1.8077039734141667e-12
-1.2351705784078652e-12
-6.835195683152787e-13
0.0017164293190663103
0.0014985424351705232
0.0011394916388209706
0.0006573521211274825
0.00006939957436069131
-0.0006005848197724783
-0.0013271235382750926
-0.0020816418354504887
-0.002834821686573841
-0.0035570062123706607
-0.004219381155414738
-0.004795154143328304
-0.0052599310014935325
-0.005593174028278149
-0.005777922767438743
-0.0058022564114271645
-0.0056584662059531955
-0.00534437467828853
-0.004862073706180188
-0.0042190381915682374
-0.0034265567972030678
-0.002500630272929438
-0.0014602253957416097
-0.00032797604615485864
0.0008716173146571625
0.002111654625881323
0.003364585442236061
0.004601813188720469
0.005795307899116488
0.006917319792782239
0.007941792005711382
0.00884416011395004
0.009602522311084745
0.01019750635861698
0.010613173487512414
0.010836937788107964
0.010860194697189171
0.010678277990265952
0.010290811914068866
0.009701686235548696
0.008919132236010803
0.00795568746715577
0.006827992291293612
0.005556707109966602
0.004166023540307951
0.002683494530739336
0.0011392598831845681
-0.0004342393877350297
-0.0020033018318004786
-0.0035333678686626647
-0.004990272855460733
-0.006340725058946261
-0.00755367323224702
-0.00860077279437668
-0.009457729536841647
-0.01010463021674846
-0.010527101993764519
-0.01071637269945145
-0.010670095351688164
-0.01039202792869832
-0.009892419195210538
-0.009187257942643905
-0.008298194275050132
-0.007251392030381487
-0.006077051151541117
-0.004807982826531429
-0.003478879411564962
-0.0021247950991942354
-0.0007803570482903564
0.0005216440212938992
0.001750907813468991
0.002880746089433442
0.003888454045021345
0.004756032263388169
0.005470204264790476
0.006022711643638808
0.006409989993158254
0.0066330893399103846
0.006697088107017475
0.006610745329104657
0.0063857694036497424
0.006036329498101673
0.005578299910741553
0.005028748450274096
0.004405255622015144
0.003725468119829382
0.00300655703329785
0.002264887604312373
0.0015156440597620057
0.0007726326726525962
0.00004807070615804317
-0.0006474856935061111
-0.0013052111497184214
-0.001917982212629964
-0.00248033867908609
-0.0029883842066806775
-0.0034396748873209092
-0.003833079724600886
-0.004168629230635142
-0.0044473620811320246
-0.00467116064274804
-0.004842603963955121
-0.004964810026172761
-0.005041308519583575
-0.0050759025323554524
-0.005072568334067471
-0.005035343012938216
-0.00496825337132428
-0.004875231149221172
-0.004760069408479648
-0.004626363585809814
-0.004477491414630016
-0.0043165760394363924
-0.004146484416483104
-0.003969807850903036
-0.0037888736463210716
-0.003605738388057606
-0.0034222080671583712
-0.0032398399212311226
-0.003059967058916492
-0.0028837054246159334
-0.002711979873628312
-0.002545533654960542
-0.0023849537828207206
-0.002230681207490869
-0.0020830341067334794
-0.0019422175708295253
-0.0018083440589059566
-0.00168144193613348
-0.0015614728007599097
-0.001448338582467076
-0.001341895762243158
-0.001241960989724898
-0.001148322415844111
-0.001060743938520512
-0.0009789739754052726
-0.0009027485267420158
-0.0008317977584815748
-0.0007658481007682889
-0.0007046270119449035
-0.0006478643289343314
-0.0005952955570586478
-0.0005466626681058103
-0.0005017162217335387
-0.0004602157777786073
-0.0004219311107080082
-0.00038664237103465697
-0.00035414061017426525
-0.0003242277954953748
-0.0002967168221540549
-0.0002714314593815354
-0.0002482059899477173
-0.00022688514264265595
-0.00020732346948210993
-0.00018938530108723363
-0.00017294394647999543
-0.00015788169389701796
-0.00014408889756949261
-0.00013146403589785175
-0.0001199127333502619
-0.000109347880276595
-0.00009968862533077911
-0.00009086055592888903
-0.00008279468677152235
-0.00007542769652027431
-0.0000687009305001778
-0.00006256068712667734
-0.000056957247217043444
-0.000051845202671945384
-0.000047182520612375275
-0.00004293090650740086
-0.00003905490824948409
-0.00003552230609128023
-0.00003230325951323988
-0.000029370716813050667
-0.00002669960599768829
-0.000024267257530128482
-0.000022052639333018135
-0.000020036786946619173
-0.00001820208193940673
-0.000016532684504606144
-0.000015013854040843593
-0.000013632379969724985
-0.000012375942906339836
-0.000011233540190090229
-0.000010194885857947038
-9.250828029759652e-6
-8.392785787473025e-6
-7.613156137101776e-6
-6.904785855971976e-6
-6.261366264564144e-6
-5.676938110100305e-6
-5.1462728243591876e-6
-4.664408550426591e-6
-4.227016941406078e-6
-3.8299684967454405e-6
-3.4696842768560925e-6
-3.142728788300686e-6
-2.846146256584459e-6
-2.5770793800712215e-6
-2.333090023671185e-6
-2.1118022456470483e-6
-1.9112074544967896e-6
-1.7293301981583926e-6
-1.5645179705877318e-6
-1.415128337368668e-6
-1.27980369238416e-6
-1.1571783762929455e-6
-1.0461387718607654e-6
-9.45549151345339e-7
-8.544975655532447e-7
-7.720392324242241e-7
-6.974287232528278e-7
-6.298797774168358e-7
-5.687843225557023e-7
-5.134876693146657e-7
-4.634949232863869e-7
-4.1826057883943413e-7
-3.773828915654237e-7
-3.4040695179890635e-7
-3.070075891321111e-7
-2.7680506419894167e-7
-2.495370731544134e-7
-2.2488625082779341e-7
-2.0264183430597782e-7
-1.8253822181222e-7
-1.6440684182516775e-7
-1.4802506016357623e-7
-1.3325878538337204e-7
-1.1992106170494607e-7
-1.0790592355444087e-7
-9.705605431674177e-8
-8.728838347095279e-8
-7.847023085294749e-8
-7.053711941308714e-8
-6.337686187204368e-8
-5.6940041131170446e-8
-5.113153105465232e-8
-4.591407533703169e-8
-4.120676678259211e-8
-3.69821342540191e-8
-3.317113537744651e-8
-2.9754140280108675e-8
-2.6672021254873596e-8
-2.391140150632252e-8
-2.1421452082689473e-8
-1.9193753917005486e-8
-1.7184437390078002e-8
-1.5388986670223828e-8
-1.3769380714481335e-8
-1.2324150341721215e-8
-1.1020201413552507e-8
-9.858417266414719e-9
-8.809865331901e-9
-7.877220529043229e-9
-7.035075778396376e-9
-6.287445728401453e-9
-5.611919569920339e-9
-5.013489041069353e-9
-4.47229874093743e-9
-3.9940277173421375e-9
-3.5610081824166004e-9
-3.179376121779805e-9
-2.8333440031825705e-9
-2.5293227328287084e-9
-2.2531476840489894e-9
-2.0113619458893857e-9
-1.7912078446860966e-9
-1.599249750286242e-9
-1.4239552786543366e-9
-1.2718249160693126e-9
-1.1323983267375932e-9
-1.0120476951390282e-9
-9.012550720971605e-10
-8.062165892846837e-10
-7.182466059432722e-10
-6.433307872906967e-10
-5.735220075727082e-10
-5.145716757093417e-10
-4.5919094935826877e-10
-4.128816070477555e-10
-3.6894417192639005e-10
-3.3262204074183633e-10
-2.977456410966081e-10
-2.6929640634127755e-10
-2.4158312987384094e-10
-2.1932569501832865e-10
-1.9726637637385788e-10
-1.7986696843337272e-10
-1.6226394683415636e-10
-1.4866676506091767e-10
-1.3457155501029887e-10
-1.2394285391808313e-10
-1.1260592024320568e-10
-1.0428899050286008e-10
-9.511933701920105e-11
-8.8598316118641e-11
-8.113102134023585e-11
-7.600185013589588e-11
-6.987203081607734e-11
-6.581918575420838e-11
-6.074115238631664e-11
-5.751903945439745e-11
-5.326963993580721e-11
-5.068774608642431e-11
-4.7093082735074185e-11
-4.500415117537716e-11
-4.1929010625318915e-11
-4.021964567594061e-11
-3.755910693942603e-11
-3.614232771601362e-11
-3.381511595200402e-11
-3.262447026066725e-11
-3.056770710494313e-11
-2.955263201326808e-11
-2.771770081822801e-11
-2.6839877320661726e-11
-2.5189176649354922e-11
-2.441967511765581e-11
-2.2924078131019178e-11
-2.2241131350338958e-11
-2.0878004872748226e-11
-2.026527780832279e-11
-1.9016943908090582e-11
-1.846219546303093e-11
-1.731474184592952e-11
-1.680879496516745e-11
-1.5751159463462225e-11
-1.5287113020000953e-11
-1.4310382720062991e-11
-1.3883012191461202e-11
-1.2979889969879287e-11
-1.2585194962889928e-11
-1.1749596049021737e-11
-1.1384461450183079e-11
-1.0611210487632364e-11
-1.0273155123536277e-11
-9.557760513941536e-12
-9.24475279133239e-12
-8.583240109322452e-12
-8.29356454535179e-12
-7.682354785782442e-12
-7.414516953662748e-12
-6.850338580523067e-12
-6.602998760411024e-12
-6.0828249765786005e-12
-5.854753033339168e-12
-5.375757698229193e-12
-5.1658034572692455e-12
-4.725330622481765e-12
-4.5324054073936225e-12
-4.127948655871117e-12
-3.951014678079555e-12
-3.5802033978135403e-12
-3.4182685795540725e-12
-3.0788590597461933e-12
-2.930975499390204e-12
-2.62084530121435e-12
-2.4861100928867967e-12
-2.203254602123953e-12
-2.080812129756004e-12
-1.8233425524321756e-12
-1.7123876884858438e-12
-1.4785300282730066e-12
-1.3783119251683619e-12
-1.1664067328753352e-12
-1.0762331205382305e-12
-8.847360144638096e-13
-8.039781303041521e-13
-6.314613004224534e-13
-5.595597913839778e-13
-4.0471493229609016e-13
-3.4118733010698074e-13
-2.02830744270444e-13
-1.472814520736943e-13
-2.4362458190851604e-14
2.3503356716250714e-14
1.3188904106364984e-13
1.722456105738604e-13
2.668350617413348e-13
2.997072608113081e-13
3.8103854249404597e-13
4.0625988441912483e-13
4.746240265006715e-13
4.917750898844372e-13
5.47144231870883e-13
5.554623015255715e-13
5.973828905456241e-13
5.956295244816479e-13
6.230650533643749e-13
6.093380487521552e-13
6.204558876650897e-13
5.920390270266059e-13
5.840942837328459e-13
5.365759056143281e-13
5.046590164334165e-13
4.311013006074241e-13
3.672701740189302e-13
2.572346867624892e-13
1.5010801746537232e-13
0.010992717823113996
0.010741310481657128
0.010315485972080082
0.00972599056609623
0.008975586431431556
0.008074230107788414
0.007030338746084367
0.005857911885458476
0.004571180176256005
0.00318942898795436
0.0017327647344005323
0.0002257185997063737
-0.0013066203615169827
-0.0028358303149544416
-0.004333907566339387
-0.00577107606231951
-0.007119444342859847
-0.008351167261669559
-0.009441905132554454
-0.010369113849823529
-0.011115157576367352
-0.01166554132645054
-0.012011548211871375
-0.012148299902006686
-0.012076852570403638
-0.011802060614683488
-0.011334145700480379
-0.010686425384529593
-0.009876441475086008
-0.008923677423643054
-0.00785037700110138
-0.00667940034005812
-0.005434873388045088
-0.004140320432505953
-0.0028192609261706593
-0.0014937133665653382
-0.00018480854566249293
0.0010883012600861421
0.0023078010633153416
0.003457928388969342
0.004524345488386068
0.005494560655226505
0.006357390985177585
0.0071032000959900116
0.007723537840323124
0.008211303149221806
0.008560626316558097
0.008767033376841054
0.00882758898042577
0.008741082879738448
0.008508388026930094
0.008132625139475333
0.007619629086606743
0.00697799399197898
0.006219501636635916
0.005358926965434445
0.004414282222981022
0.0034062841368557124
0.002358313895103718
0.0012955129112211855
0.0002444438953397771
-0.0007681233470507065
-0.0017157631057954184
-0.0025737611091980763
-0.003319705360485969
-0.003934786118077963
-0.004404213650711597
-0.004718223728381154
-0.00487213292437265
-0.004866880706471297
-0.004708616493765661
-0.004408718085211234
-0.003982923964215578
-0.0034508942702418163
-0.002835019220667032
-0.0021596939210932497
-0.0014500123913422432
-0.0007309800266227343
-0.000026320164619813666
0.000642163997836304
0.0012554875290593827
0.0017978267834918636
0.002257025428969843
0.0026245905802934058
0.0028958071366100005
0.003069425319183223
0.0031474631104584866
0.003134685647463648
0.0030382192967962204
0.002866947007234238
0.0026310625158991316
0.0023414943293909264
0.002009503634118059
0.001646215632466279
0.00126232469427546
0.0008677704425317002
0.00047157285318363953
0.00008165403490165019
-0.0002952058689404968
-0.0006534250288950743
-0.0009885712223404168
-0.0012973318224182588
-0.0015774068128270777
-0.001827428860736501
-0.002046830142479422
-0.002235743050259819
-0.0023948655723667624
-0.0025253643361648798
-0.002628754488235712
-0.0027068178643860903
-0.0027615053476724846
-0.002794875639027104
-0.0028090220445951696
-0.002806032207147031
-0.0027879374162293686
-0.0027566906613657226
-0.0027141345778123544
-0.0026619938558693212
-0.0026018573274108206
-0.0025351805739023373
-0.002463277909883285
-0.0023873314925584948
-0.0023083896469408486
-0.0022273795275854517
-0.002145109060681359
-0.002062281005252458
-0.0019794965813454517
-0.0018972694910460055
-0.001816029970264207
-0.0017361379022413994
-0.0016578865448293207
-0.0015815142913635073
-0.001507207692480139
-0.0014351117073980717
-0.0013653318827276906
-0.0012979431178917968
-0.0012329910116285992
-0.0011704992664699433
-0.001110470293813777
-0.001052891428822406
-0.0009977349196263671
-0.0009449631354382618
-0.0008945280719533203
-0.0008463757264640358
-0.0008004452421977428
-0.0007566726048303906
-0.0007149895316354882
-0.0006753266205296853
-0.0006376120706926566
-0.0006017743920182323
-0.0005677410252848828
-0.0005354406987151351
-0.0005048019993350945
-0.00047575544516634423
-0.00044823204568569114
-0.0004221651431815434
-0.0003974889892384637
-0.0003741403967875418
-0.0003520573510372461
-0.0003311805043495538
-0.0003114518336420276
-0.00029281600298696874
-0.0002752190748175306
-0.0002586097596463818
-0.00024293818504758308
-0.00022815704774389506
-0.00021422044198553229
-0.00020108492614157375
-0.00018870841049406907
-0.0001770511481324114
-0.00016607468112056113
-0.00015574276373279193
-0.00014602036527550569
-0.0001368745323660754
-0.00012827344628201466
-0.00012018722995747593
-0.00011258705750655488
-0.00010544591081046271
-0.00009873773875797997
-0.00009243816765981405
-0.00008652370772552295
-0.0000809724210265468
-0.00007576317275646591
-0.00007087626003957383
-0.0000662927055807782
-0.00006199485026063576
-0.00005796568685954263
-0.000054189419077178686
-0.0000506508331048088
-0.0000473358254460489
-0.000044230810205727576
-0.00004132321786177791
-0.00003860093623596547
-0.000036052782167678146
-0.000033667974228738644
-0.00003143657907450853
-0.000029349014060893176
-0.000027396469893007666
-0.000025570441396472813
-0.000023863127946145115
-0.000022266990735487685
-0.00002077513234540036
-0.00001938087894441858
-0.000018078140248509802
-0.0000168610151709486
-0.00001572413332647311
-0.000014662282732734094
-0.000013670733924973282
-0.00001274488839085342
-0.000011880586283618673
-0.000011073774348738846
-0.000010320798153220402
-9.618088335825029e-6
-8.962438206848276e-6
-8.350707223644493e-6
-7.780084757956345e-6
-7.247809765055061e-6
-6.751421463798598e-6
-6.288494230949292e-6
-5.856875891924295e-6
-5.454436931749388e-6
-5.079297051378248e-6
-4.7295878433808765e-6
-4.403668229229306e-6
-4.099899801255162e-6
-3.816851720016103e-6
-3.5530879743840025e-6
-3.3073622846387872e-6
-3.078416579865727e-6
-2.865166421448994e-6
-2.6665100413778132e-6
-2.4815047720712603e-6
-2.309186030844601e-6
-2.1487352152217175e-6
-1.9993080578265754e-6
-1.8601944213555793e-6
-1.730655484651844e-6
-1.6100758481321156e-6
-1.4978090459198265e-6
-1.3933223505932947e-6
-1.296050138129184e-6
-1.2055317602378642e-6
-1.1212723186277244e-6
-1.0428739538057124e-6
-9.699036129468102e-7
-9.020180857639879e-7
-8.388383761811575e-7
-7.800687986349924e-7
-7.253775879202678e-7
-6.745103529993818e-7
-6.271765819341581e-7
-5.831577348823819e-7
-5.421993220583115e-7
-5.041139030287772e-7
-4.686784352603279e-7
-4.357324330399225e-7
-4.0508030246432266e-7
-3.7658490025525924e-7
-3.50074588122082e-7
-3.2543241937243415e-7
-3.025076615168222e-7
-2.8120082685809105e-7
-2.6137942708597873e-7
-2.429590529221661e-7
-2.2582313835271529e-7
-2.099002838798097e-7
-1.9508782102506462e-7
-1.8132556376189808e-7
-1.6852297606216631e-7
-1.566295266255508e-7
-1.455652735952108e-7
-1.3528798873588128e-7
-1.2572698406557368e-7
-1.1684716313560374e-7
-1.0858592427050928e-7
-1.0091428854721859e-7
-9.377672364830358e-8
-8.714949050237378e-8
-8.098324048253441e-8
-7.525871543318293e-8
-6.993197912765993e-8
-6.498759854716344e-8
-6.038637818704582e-8
-5.6116143951972865e-8
-5.214185610337923e-8
-4.8454110974258123e-8
-4.502151511410439e-8
-4.183701418772492e-8
-3.887241722800803e-8
-3.612265654983335e-8
-3.3562356993755036e-8
-3.1188125442379736e-8
-2.8977065554784508e-8
-2.6927190503545468e-8
-2.501778898397097e-8
-2.324805008069446e-8
-2.1599191310214592e-8
-2.007138006348834e-8
-1.8647539124500646e-8
-1.7328644906163118e-8
-1.6099130300894382e-8
-1.496063591936183e-8
-1.3898934288693834e-8
-1.2916206505157533e-8
-1.1999415718251316e-8
-1.115117800824953e-8
-1.0359516794637454e-8
-9.627393337258325e-9
-8.943777199572353e-9
-8.311898537664047e-9
-7.72157304550851e-9
-7.176235130037036e-9
-6.666458879202711e-9
-6.19582831443005e-9
-5.755598864023828e-9
-5.349458128452686e-9
-4.969275121774473e-9
-4.618802372070291e-9
-4.290462822024312e-9
-3.9880416089067995e-9
-3.704463001355501e-9
-3.4435178531469233e-9
-3.1985853050242727e-9
-2.973439677541573e-9
-2.76187389232758e-9
-2.5676274549032928e-9
-2.3848706565152803e-9
-2.217293291988022e-9
-2.0594106980215348e-9
-1.9148509481129716e-9
-1.7784456725848134e-9
-1.6537516666515117e-9
-1.535891227427908e-9
-1.4283423974973551e-9
-1.326495250340641e-9
-1.2337433651738605e-9
-1.1457241000372896e-9
-1.0657423496821846e-9
-9.89664369822747e-10
-9.207034041152391e-10
-8.549380685171517e-10
-7.954880417559638e-10
-7.386293897368898e-10
-6.873871924871098e-10
-6.382214891156009e-10
-5.940624593688349e-10
-5.515419037286607e-10
-5.134954058855061e-10
-4.767154337247397e-10
-4.439437770122743e-10
-4.1212346659387276e-10
-3.839037063395219e-10
-3.5636886308759595e-10
-3.320770903761826e-10
-3.0824564352540925e-10
-2.8734342222580525e-10
-2.667128163981067e-10
-2.48735472691568e-10
-2.3087178007662124e-10
-2.1541828925193107e-10
-1.9994680478396018e-10
-1.8667105404853212e-10
-1.7326816739479055e-10
-1.6187140238047478e-10
-1.5025756714046915e-10
-1.4048185420386914e-10
-1.3041549700444755e-10
-1.220380535876491e-10
-1.1331028391882943e-10
-1.0613854542532273e-10
-9.85685412016037e-11
-9.243584487431755e-11
-8.586679861762565e-11
-8.06285725879914e-11
-7.492408837566248e-11
-7.045443664105558e-11
-6.549526760460599e-11
-6.168383800116457e-11
-5.7364846683149387e-11
-5.411385707397131e-11
-5.0341064001872166e-11
-4.756233897128881e-11
-4.42498948197072e-11
-4.1861726781119434e-11
-3.892859509878241e-11
-3.685218334261095e-11
-3.42182460363258e-11
-3.2373375167542826e-11
-2.995456012100571e-11
-2.8254041614302224e-11
-2.5955905457642254e-11
-2.429810680854997e-11
-2.2007093532256298e-11
-2.0265631182855228e-11
-1.783659204822696e-11
-1.584538385515364e-11
-1.308390997276611e-11
-1.061613703509123e-11
-7.25486674015875e-12
-4.0157177787655185e-12
-0.010955083929825454
-0.01041565031064542
-0.009559211010324507
-0.008407492860789834
-0.007012881971890473
-0.005426250780652308
-0.0037130633792633043
-0.0019351380594298698
-0.0001603807262558948
0.001551787522318859
0.003142422081577736
0.004565441181830178
0.005779627931052326
0.006759120499140817
0.007484736625185422
0.007952726913911952
0.008165352037558481
0.008138213920122013
0.007890401039965793
0.00745084463210709
0.006848541607726157
0.006118409408851251
0.0052921131194311145
0.004403799381577489
0.003481933985003904
0.0025551180049191114
0.0016451462102639906
0.0007729047128262008
-0.00004734596694097314
-0.0008021677633795805
-0.001483598638182055
-0.002083728534258679
-0.0025985440593590432
-0.0030231931771103303
-0.0033552873135216706
-0.0035911081952215004
-0.003728571616483047
-0.0037645085658359052
-0.003697378687791988
-0.0035255982598991448
-0.0032499505118395743
-0.0028727700871001975
-0.002399868776245416
-0.001840259880536947
-0.001207341286539844
-0.0005187919693126896
0.0002032369378610525
0.0009323718266358179
0.0016389579890808532
0.0022906230099767446
0.0028542963333159275
0.003297033231872501
0.0035888244904383536
0.0037033984283993625
0.003621329935025834
0.0033303757120358465
0.002828294072715226
0.002122239720527651
0.0012307639141592658
0.00018193084006118176
-0.0009858123555267803
-0.0022268568102921265
-0.00348867058789317
-0.004716069954558023
-0.005852196616354959
-0.0068432450147851275
-0.007639555052669476
-0.008200041306181195
-0.008492710032526685
-0.00849808605913299
-0.00820861036728861
-0.007630613872725383
-0.0067823711490122
-0.005694549256089684
-0.004407079164280921
-0.0029683898420922953
-0.0014315844632170986
0.00014696503221608352
0.0017114855118282905
0.003208197088945525
0.004588607424731066
0.005810360255973883
0.006839538405855055
0.007650675028118589
0.008227926622141645
0.008564231955963834
0.008661479847423211
0.008529022450409344
0.008183138688003161
0.007645225069249528
0.006940916833411635
0.006098285309177268
0.0051469394019639765
0.004116483018336893
0.0030358191195394026
0.0019320079973067614
0.0008298791200580895
-0.0002486787325225645
-0.0012847922765229119
-0.0022629320674167654
-0.0031707336035054143
-0.003999038651140799
-0.004741551132373355
-0.005394696861777781
-0.0059572029982251865
-0.006429869705204922
-0.006815145059027007
-0.0071168788003460395
-0.007339941020799047
-0.007490002540316731
-0.007573222868301498
-0.00759607949668061
-0.007565132544603182
-0.007486908887502864
-0.007367738788502649
-0.007213690516527506
-0.0070304676564602025
-0.006823384689721622
-0.006597311267872107
-0.006356677678858926
-0.006105452716442217
-0.0058471686306218774
-0.00558492107740954
-0.005321404939408025
-0.00505892727985422
-0.0047994475539406695
-0.004544596934182873
-0.004295718459279996
-0.004053888231312292
-0.003819952743863977
-0.0035945491513667137
-0.003378138312609978
-0.0031710225912238775
-0.0029733740638744443
-0.002785249181942435
-0.002606612186942192
-0.0024373465241738054
-0.0022772738550794745
-0.002126162442925897
-0.001983742322932226
-0.0018497110472001364
-0.0017237456271668736
-0.0016055060855638913
-0.0014946447672658499
-0.0013908081415467603
-0.0012936440192937435
-0.0012028020085373212
-0.0011179391003364799
-0.001038719124000821
-0.000964817084708415
-0.0008959179042233657
-0.0008317198185923795
-0.0007719326325373101
-0.0007162804195060182
-0.0006644994668493362
-0.0006163404646139287
-0.0005715662754530837
-0.0005299537528238704
-0.0004912914343740078
-0.0004553810937843612
-0.00042203542844887725
-0.0003910794208368106
-0.0003623480696581378
-0.0003356876149617564
-0.0003109533455820238
-0.0002880107259541916
-0.0002667333004537503
-0.00024700374795262755
-0.00022871189478946283
-0.00021175571444014528
-0.0001960394545300213
-0.00018147459285433086
-0.00016797807944215058
-0.00015547325589859053
-0.00014388821055980408
-0.00013315666524238326
-0.00012321643960412133
-0.00011401030749544103
-0.00010548456546760169
-0.00009758985973675563
-0.00009027985313956482
-0.00008351202302827432
-0.00007724642069899933
-0.00007144644017846068
-0.00006607766412344028
-0.00006110860332250441
-0.00005650962320004914
-0.000052253653858466715
-0.00004831519155591374
-0.000044670979199266346
-0.00004129907745862367
-0.00003817951575009751
-0.000035293427972835694
-0.00003262367416734935
-0.00003015403619268458
-0.000027869810393953312
-0.00002575705886588425
-0.000023803173601906825
-0.00002199617930728967
-0.00002032526962590947
-0.000018780157767250147
-0.000017351585513035697
-0.000016030718204824515
-0.00001480962732000804
-0.000013680726629887363
-0.000012637229203785769
-0.000011672621791191773
-0.000010781097164958065
-9.957064006111158e-6
-9.195555533907194e-6
-8.491772379148165e-6
-7.841468472138284e-6
-7.2405245808672484e-6
-6.685312439385103e-6
-6.172296802389869e-6
-5.698378797923813e-6
-5.260524510859701e-6
-4.856088536835579e-6
-4.482467255009138e-6
-4.137403546224796e-6
-3.818663051389832e-6
-3.524320997308784e-6
-3.2524598620969206e-6
-3.001439228101945e-6
-2.7696133908666886e-6
-2.555585131123091e-6
-2.357941909813906e-6
-2.1754944210987176e-6
-2.0070301136333323e-6
-1.8515373546550097e-6
-1.707975107810799e-6
-1.5754835052927204e-6
-1.4531685956570198e-6
-1.3403000871692443e-6
-1.2361101558393542e-6
-1.139979089096674e-6
-1.0512472152155723e-6
-9.693891424479241e-7
-8.938379366488787e-7
-8.241486173837491e-7
-7.598337712725699e-7
-7.005169335903299e-7
-6.457788810685862e-7
-5.953014952787112e-7
-5.487240306947254e-7
-5.057780248671438e-7
-4.661528858114525e-7
-4.296223836953919e-7
-3.9591894637904206e-7
-3.6485223817082543e-7
-3.3619159386575063e-7
-3.0977716209940354e-7
-2.854099467811536e-7
-2.6295596573500013e-7
-2.4224340421149835e-7
-2.2316021386057354e-7
-2.0555791626018076e-7
-1.8934304281239372e-7
-1.7438715713314765e-7
-1.6061251319477657e-7
-1.47907894156154e-7
-1.3620884397000028e-7
-1.2541894696277593e-7
-1.1548496715394114e-7
-1.0632321776845158e-7
-9.788992265054737e-8
-9.011234804001079e-8
-8.29546816690293e-8
-7.635362069313377e-8
-7.028004629190259e-8
-6.467878172438814e-8
-5.952632347855597e-8
-5.477450213069708e-8
-5.04045152608743e-8
-4.637424123275023e-8
-4.2668804169539455e-8
-3.925130702723376e-8
-3.611014486604248e-8
-3.321293875305354e-8
-3.055080032343719e-8
-2.8095262190991476e-8
-2.583968433592831e-8
-2.3758989898491894e-8
-2.1848392208939504e-8
-2.0085757156679887e-8
-1.8467818658389358e-8
-1.697500029493345e-8
-1.560527665394978e-8
-1.4341297664533296e-8
-1.3182043519012418e-8
-1.2112105163204454e-8
-1.1131271360323151e-8
-1.0225828163503714e-8
-9.396208099762049e-9
-8.630180206092526e-9
-7.928683249959415e-9
-7.280786092601602e-9
-6.687819296735268e-9
-6.139993227791001e-9
-5.638935298563421e-9
-5.175860370214586e-9
-4.7526142194470715e-9
-4.361297487607089e-9
-4.003909703968524e-9
-3.673334285070196e-9
-3.3716715825824163e-9
-3.092498284276827e-9
-2.837972452885213e-9
-2.6022861532614757e-9
-2.3876202878533976e-9
-2.1887143956746554e-9
-2.007744249443968e-9
-1.8399375647544897e-9
-1.6874427842383695e-9
-1.5459239206983851e-9
-1.4174846967674921e-9
-1.2981799445755395e-9
-1.1900552772079987e-9
-1.0895163981832184e-9
-9.985407378099086e-10
-9.138497058816558e-10
-8.373452159098701e-10
-7.660333606492403e-10
-7.017354560467707e-10
-6.417148462495445e-10
-5.877090131652242e-10
-5.372142398187724e-10
-4.918824385278432e-10
-4.4942123195298e-10
-4.11396440163252e-10
-3.757077899651024e-10
-3.4383545842074855e-10
-3.1385410411585884e-10
-2.871594810256424e-10
-2.619858112545717e-10
-2.3964624856417874e-10
-2.1852079082045428e-10
-1.9984227816914584e-10
-1.8212408410517857e-10
-1.665213701269569e-10
-1.516697058709144e-10
-1.386494624960119e-10
-1.2620830245397015e-10
-1.1535487010317297e-10
-1.0493976823564589e-10
-9.590308937849636e-11
-8.719006622171838e-11
-7.96754741199006e-11
-7.239161248263624e-11
-6.615119217382664e-11
-6.00666808808978e-11
-5.489196241864802e-11
-4.9813366906903115e-11
-4.552914713157046e-11
-4.1293719224265494e-11
-3.7752839230491115e-11
-3.4223706892086786e-11
-3.1302638642022135e-11
-2.8364740656458598e-11
-2.5959858327295748e-11
-2.3516509279528435e-11
-2.1540939876956458e-11
-1.9510928292144587e-11
-1.7891892009885496e-11
-1.6207029088254558e-11
-1.488359340272837e-11
-1.3486642266144327e-11
-1.240782513113761e-11
-1.1250750935424383e-11
-1.0373918036069104e-11
-9.416407990674316e-12
-8.705916915593568e-12
-7.914126503096753e-12
-7.340177232807343e-12
-6.685664754337412e-12
-6.2233210490477075e-12
-5.682137154998265e-12
-5.310487326310692e-12
-4.8623894551726644e-12
-4.563817578243851e-12
-4.191581097546457e-12
-3.9511208718285725e-12
-3.63991908826522e-12
-3.4446619985172363e-12
-3.1814855449090582e-12
-3.020012174221845e-12
-2.7930942455655855e-12
-2.654892012178008e-12
-2.453098708941624e-12
-2.3279207743830203e-12
-2.1400624189968056e-12
-2.0171931515658097e-12
-1.831362097188755e-12
-1.6989866546640838e-12
-1.5007655511185608e-12
-1.3435638832420747e-12
-1.114172453640247e-12
-9.113363906326961e-13
-6.254381739838894e-13
-3.498747642780637e-13