-2.2163780775823135e-9
-6.269644551991772e-8
-3.3593032050544676e-7
-1.0590001422750481e-6
-2.5953391813251375e-6
-5.3917705214098825e-6
-0.000010020210637843689
-0.000017146200490714588
-0.00002756322809346936
-0.00004216659035922341
-0.00006198297052402671
-0.00008814649990337574
-0.00012192395959848146
-0.0001646909449123049
-0.00021795218235599574
-0.0002833163305477619
-0.00036251069648806115
-0.00045735380947527736
-0.000569764086515454
-0.0007017300230849722
-0.0008553129732114153
-0.0010326155934078367
-0.0012357797134114144
-0.0014669544258347584
-0.0017282908304781734
-0.0020219117069648265
-0.0023499055086141827
-0.002714299716919642
-0.00311705666817125
-0.003560052356873541
-0.004045076414488506
-0.004573817297825998
-0.005147868034747125
-0.005768717515862532
-0.006437762619581651
-0.007156303932341292
-0.007925563784603004
-0.008746683416326617
-0.009620745534045268
-0.010548768958457841
-0.011531733742501556
-0.012570568855486408
-0.013666177781411706
-0.014819414867815602
-0.01603110964097313
-0.017302028028204734
-0.01863289428191911
-0.02002433425039602
-0.021476894656807584
-0.022990966808764612
-0.02456680391128941
-0.026204424969565893
-0.027903631766173023
-0.02966389418546675
-0.031484369459620576
-0.033363771732476726
-0.03530039720772007
-0.03729198247133529
-0.0393357402513085
-0.04142821274918012
-0.04356532373164899
-0.04574223467131186
-0.04795341958684004
-0.05019253281666312
-0.05245251304705848
-0.05472547162701538
-0.057002831196982476
-0.05927524223659655
-0.06153275937433752
-0.06376479117551857
-0.06596031357251957
-0.06810785389441011
-0.07019573624562199
-0.07221209595369747
-0.07414514681164505
-0.07598321727966949
-0.07771502518901133
-0.07932972312660498
-0.08081716340680238
-0.0821679379742469
-0.08337361592389017
-0.08442676356330683
-0.08532113884631502
-0.08605168006431341
-0.08661464608371923
-0.08700756707677484
-0.08722932572496751
-0.08728006956652586
-0.08716123525265697
-0.08687542829410401
-0.08642639876485206
-0.08581889924576733
-0.08505862490025076
-0.08415206325774174
-0.08310641355946376
-0.08192944220553891
-0.08062939548482548
-0.07921487215132075
-0.07769474053846968
-0.07607803554687113
-0.0743738866451976
-0.07259144165236445
-0.07073980744601059
-0.06882799850757997
-0.0668648884185376
-0.06485917816096612
-0.06281935442002032
-0.060753671554840655
-0.05867011252155625
-0.05657637912959618
-0.05447985268381357
-0.052387589028063904
-0.05030627804906561
-0.04824224226755423
-0.04620139634335363
-0.04418924985290823
-0.042210869262652176
-0.04027088655892851
-0.03837346653146811
-0.036522322988471065
-0.0347206936784631
-0.032971365128149806
-0.03127665643645928
-0.029638452682433373
-0.028058197544804386
-0.026536934122760168
-0.025075305212299705
-0.023673599547251754
-0.022331757813149177
-0.021049421886939892
-0.019825944356267913
-0.018660438316208276
-0.017551788236339138
-0.016498698172724077
-0.015499702171464187
-0.014553209246137372
-0.013657511992769203
-0.012810827242334113
-0.012011302074261066
-0.011257049583982909
-0.010546151940494521
-0.00987669115078441
-0.00924674916846331
-0.008654433864716425
-0.008097876446668961
-0.00757525305812607
-0.007084779915686796
-0.0066247310772914215
-0.006193431769719345
-0.0057892729010623175
-0.0054107030574497795
-0.005056240320093079
-0.004724463373114314
-0.004414021137147056
-0.004123623371695642
-0.0038520485715537274
-0.0035981343794850447
-0.003360784120534794
-0.0031389572730721365
-0.0029316749470202396
-0.002738010598979946
-0.002557094697888814
-0.0023881058159199295
-0.002230274671179206
-0.0020828756813386067
-0.0019452305282038496
-0.0018167002254155422
-0.0016966883136237934
-0.0015846334662053382
-0.0014800123954197993
-0.001382332999779679
-0.0012911370397624992
-0.0012059938159825446
-0.0011265026566251166
-0.0010522871057134877
-0.0009829972523115193
-0.0009183044019126825
-0.0008579032686823503
-0.0008015070994186644
-0.0007488497438738781
-0.0006996811991368607
-0.0006537695687412798
-0.0006108969951128112
-0.0005708615152355634
-0.0005334733495604821
-0.0004985566600613483
-0.0004659461653747238
-0.00043548880584514413
-0.00040704065641716797
-0.00038046850252024413
-0.00035564702418032604
-0.00033246028617068337
-0.0003107991688308064
-0.00029056277569339007
-0.00027165608850587516
-0.0002539912954558096
-0.00023748564982833937
-0.00022206272193555488
-0.0002076504426812581
-0.00019418228231515364
-0.00018159546189140132
-0.00016983206199595202
-0.00015883738666988537
-0.00014856100527993362
-0.00013895525492900755
-0.00012997621865111844
-0.00012158235365374456
-0.00011373540901014792
-0.0001063991682795032
-0.00009954030984449942
-0.00009312725353945158
-0.00008713096673802118
-0.00008152390560156865
-0.00007628076996065248
-0.0000713775306764319
-0.00006679213629085812
-0.00006250361878791672
-0.000058492754899616086
-0.00005474124327026482
-0.00005123232321475188
-0.00004795001692833059
-0.00004487970839273047
-0.00004200744485515385
-0.00003932047847287935
-0.00003680662180120511
-0.00003445475466283186
-0.00003225422885161161
-0.000030195342604068577
-0.00002826879014370792
-0.00002646610602866683
-0.000024779155537952886
-0.00002320055106060701
-0.000021723179665077634
-0.000020340593595357613
-0.000019046571667976012
-0.000017835485840704027
-0.000016701893355277888
-0.00001564088125111154
-0.000014647686415097529
-0.000013718019824724232
-0.000012847711886764756
-0.000012033018107982776
-0.000011270287302532278
-0.000010556250308912705
-9.887708824289034e-6
-9.261808707373266e-6
-8.67574736111523e-6
-8.127033092147597e-6
-7.6132091019437125e-6
-7.1321003099370785e-6
-6.68155214184303e-6
-6.259666164907293e-6
-5.8645519717787385e-6
-5.4945529263242624e-6
-5.148009540028426e-6
-4.823476578803809e-6
-4.519496416074716e-6
-4.234808710750817e-6
-3.968132294858747e-6
-3.718368598468187e-6
-3.484390696217072e-6
-3.265241623033401e-6
-3.0599292578843467e-6
-2.8676206518827057e-6
-2.687441474244576e-6
-2.518667454033657e-6
-2.3605271506654576e-6
-2.212391597599099e-6
-2.0735791882041487e-6
-1.9435446025129233e-6
-1.8216846203763996e-6
-1.7075274109445286e-6
-1.6005380958335511e-6
-1.500309486038249e-6
-1.406366224297372e-6
-1.3183580634841875e-6
-1.2358614135133164e-6
-1.158576273210637e-6
-1.0861239959645727e-6
-1.0182490087387264e-6
-9.546115958581938e-7
-8.949955661949144e-7
-8.390948281821401e-7
-7.867282013009005e-7
-7.376185264880097e-7
-6.916158566436733e-7
-6.484678076179799e-7
-6.08052411614919e-7
-5.701383647018574e-7
-5.346288846597022e-7
-5.013104559746012e-7
-4.7010909499303243e-7
-4.4082612937149335e-7
-4.1340834701854947e-7
-3.8766927391518314e-7
-3.6357476147538616e-7
-3.4094814701865177e-7
-3.1977292235401384e-7
-2.9988006877738396e-7
-2.8126954820638766e-7
-2.637780081865566e-7
-2.4742093897230143e-7
-2.320388325720893e-7
-2.1766197303329945e-7
-2.041330079817066e-7
-1.9149646520066692e-7
-1.795955687706123e-7
-1.684887133615741e-7
-1.580182063447073e-7
-1.4825608880245382e-7
-1.3904232905466728e-7
-1.3046253930668015e-7
-1.2235297770884983e-7
-1.1481289100945815e-7
-1.0767349058618374e-7
-1.0104785152830899e-7
-9.476082410163537e-8
-8.893962851878259e-8
-8.340144719908124e-8
-7.828808430411072e-8
-7.340774161612828e-8
-6.891736298017338e-8
-6.46148406981666e-8
-6.067293091113176e-8
-5.6877858465575176e-8
-5.34189812311608e-8
-5.0069457304371496e-8
-4.703615371642014e-8
-4.4077711872490916e-8
-4.141953488531725e-8
-3.8804234776504117e-8
-3.647690159165836e-8
-3.416253298792778e-8
-3.2127181443357144e-8
-3.007656197119767e-8
-2.829909807629108e-8
-2.6479457908360613e-8
-2.4929983142853238e-8
-2.3312424039433798e-8
-2.1964733216542252e-8
-2.0523754148555894e-8
-1.9354894690417322e-8
-1.806797104162908e-8
-1.7057856218337317e-8
-1.5905074462808237e-8
-1.5036144555146604e-8
-1.3999877353051055e-8
-1.3256801854982567e-8
-1.2321423524454678e-8
-1.169084213052425e-8
-1.0842475938010292e-8
-1.0312768682143952e-8
-9.53906828353231e-9
-9.100156770084339e-9
-8.390108523996107e-9
-8.03328140016923e-9
-7.377033168606805e-9
-7.094791862111035e-9
-6.4834998859996345e-9
-6.2694272992465405e-9
-5.695121956996921e-9
-5.543765345277999e-9
-4.9992298946837345e-9
-4.905999525948819e-9
-4.384665783656369e-9
-4.345748498237843e-9
-3.841600378651116e-9
-3.853882360689637e-9
-3.3613725878403676e-9
-3.4223749997098436e-9
-2.936347860906633e-9
-3.0441710501122072e-9
-2.559795476603343e-9
-2.713070541725564e-9
-2.2257778055664535e-9
-2.42362700362583e-9
-1.9290548397680177e-9
-2.1710575916948823e-9
-1.6649997908952837e-9
-1.95116505263771e-9
-1.4295245281460717e-9
-1.7602685650923517e-9
-1.219013638900743e-9
-1.5951433936373228e-9
-1.0302665843202705e-9
-1.452967375185418e-9
-8.604472887237128e-10
-1.331273278514306e-9
-7.070388724542005e-10
-1.227908428648643e-9
-5.678040390867497e-10
-1.1409988298227812e-9
-4.407497056240501e-10
-1.0689172313947158e-9
-3.2409735263742085e-10
-1.010255413038898e-9
-2.1624832042862045e-10
-9.637600696406127e-10
-1.1545108175541662e-10
-9.258311749005722e-10
-2.3615809161717184e-9
-6.915458327768527e-8
-3.725181122660683e-7
-1.1858311563996097e-6
-2.939994271691659e-6
-6.196151835848115e-6
-0.000011702024462776542
-0.00002039028189700768
-0.00003342360760329537
-0.00005221158899030621
-0.00007844189634216034
-0.00011411055561778379
-0.00016153400797063865
-0.0002233877614746878
-0.0003026932541232747
-0.0004028600234670542
-0.0005276416393920495
-0.00068117731615321
-0.0008679127273273641
-0.0010926387675719675
-0.001360375803211545
-0.0016764100703406544
-0.002046143530442104
-0.002475131719871271
-0.0029689051417775745
-0.0035330154079350343
-0.0041728369901798
-0.004893630208095667
-0.005700333203064537
-0.00659764993149682
-0.007589840846235333
-0.00868084133049724
-0.009874055890612923
-0.011172507897529254
-0.012578636915306732
-0.01409447526698401
-0.015721442668749534
-0.01746054027934965
-0.019312132319863003
-0.0212761449883446
-0.023351822130101948
-0.02553791535932621
-0.027832400570306233
-0.030232647050516065
-0.03273508384001864
-0.03533533958913146
-0.03802785256250441
-0.04080597955444934
-0.0436615508500118
-0.046584955772555246
-0.04956465425857957
-0.05258725846599319
-0.05563702544345468
-0.058695967857658446
-0.061743366231128215
-0.06475595527583998
-0.06770750672142349
-0.07056914767858667
-0.07330907235192313
-0.07589305106722054
-0.07828432677696162
-0.08044436364412862
-0.0823329684584888
-0.08390930313364811
-0.08513224032871629
-0.08596162491060244
-0.08635882907747515
-0.0862881977909502
-0.08571771765208358
-0.08462052885923667
-0.0829755741320602
-0.08076901663745772
-0.07799470295545381
-0.07465530552193361
-0.07076242912046031
-0.06633730840873482
-0.06141041880876577
-0.05602160944559446
-0.05021914724010991
-0.04405924916546845
-0.037604583956094846
-0.03092327133772941
-0.024086971061180105
-0.017169519179519352
-0.010244825316679546
-0.003385392497128243
0.003339703033043559
0.009866132617752866
0.016135979555358847
0.022098653500120753
0.02771198505171493
0.03294256975775734
0.03776618488674663
0.04216751772100176
0.04613992415734316
0.04968462122013076
0.052809925237423484
0.05553008921120639
0.05786423825685079
0.05983508490063349
0.061467804085178004
0.06278885432751644
0.06382500301104968
0.0646024259684224
0.06514602070490771
0.06547887184967736
0.06562189977039365
0.06559369044238156
0.06541044507401743
0.06508610307640507
0.06463250343575841
0.06405969183772055
0.06337618396971101
0.06258934397829834
0.061705649960299286
0.060731052817798774
0.059671173906514836
0.05853158829992456
0.057317920821767
0.056036033368725646
0.05469201760087994
0.05329229371205353
0.05184351976901835
0.05035262550922994
0.048826668335088245
0.04727283089713051
0.04569825407967053
0.04411002430283616
0.0425150080476386
0.040919847704353134
0.0393308138580563
0.037753820325164264
0.036194302247574514
0.03465725380619086
0.03314713368942152
0.03166792384755943
0.03022305963837225
0.028815505034136896
0.027447702555446422
0.02612165921005553
0.024838910723094403
0.023600612624823176
0.022407513704573015
0.021260047533220573
0.020158311013892243
0.0191021527938742
0.01809115389293033
0.017124710637561588
0.01620201539048304
0.015322132664321468
0.014483978837972115
0.013686390907775353
0.012928104722294168
0.012207816399881728
0.011524159052816868
0.010875757269115532
0.01026120256503787
0.009679101536758264
0.009128050416595033
0.008606677591103735
0.008113617681656096
0.007647549136445221
0.00720716824263019
0.006791222462162357
0.006398484735136183
0.006027783165084156
0.005677975911401003
0.005347977753692828
0.005036735805165955
0.004743253409258987
0.004466566843601452
0.004205766929717527
0.003959976842491989
0.0037283717501459066
0.003510157797221079
0.003304590037263961
0.0031109526199150617
0.0029285752328187848
0.0027568144941954166
0.0025950690826016345
0.002442762314385954
0.0022993561092142585
0.002164334716192086
0.0020372176381926485
0.001917544459796203
0.001804886833466073
0.0016988343554083503
0.0015990057011349454
0.0015050354917379592
0.0014165846533720806
0.0013333282146817595
0.0012549649552526007
0.0011812060745739273
0.0011117841864443207
0.0010464428011888783
0.000984944716441754
0.0009270622564067027
0.0008725851039849668
0.0008213112433133578
0.0007730542739441958
0.0007276350056206512
0.0006848882917181562
0.0006446552280472762
0.0006067895395713184
0.0005711503378368763
0.0005376080927514632
0.0005060379060967875
0.00047632509747163237
0.00044835895449278385
0.0004220379598354796
0.00039726398148847596
0.00037394716596115277
0.00035200053479566006
0.00033134456671865054
0.0003119021694020192
0.00029360297242572736
0.00027637864472581535
0.0002601669188595541
0.0002449072269722781
0.00023054447602814326
0.00021702497631160409
0.00020429998626651953
0.00019232190970832803
0.0001810476275978548
0.0001704349420062038
0.0001604457109032826
0.00015104251846427482
0.00014219162804682883
0.00013385986001400002
0.00012601737722892805
0.00011863475249085452
0.00011168560041103667
0.00010514381766253389
0.00009898607438291213
0.00009318921147514942
0.00008773260385844151
0.00008259570030454926
0.00007776027035468998
0.00007320807274833316
0.00006892299691581731
0.0000648888475134738
0.00006109139122495586
0.000057516244685437984
0.000054150836895532856
0.00005098238900608555
0.000047999802452876106
0.00004519171925308352
0.00004254834519878719
0.000040059580122657456
0.000037716785663770054
0.00003551097511954181
0.00003343453462254797
0.00003147946266527455
0.00002963905388367861
0.000027906178246571586
0.000026274936412294547
0.000024738968956991038
0.00002329309181077567
0.000021931626661857677
0.000020650024770102592
0.000019443209462879296
0.000018307196447157033
0.00001723744011265134
0.0000162304584554752
0.00001528217398446528
0.000014389552045571688
0.000013548927313841539
0.000012757664219791799
0.000012012459697687463
0.000011311034701840323
0.00001065040409481976
0.000010028607903526758
9.442939260820702e-6
8.891724493634067e-6
8.372499563774178e-6
7.883848310996993e-6
7.423517797505962e-6
6.990324376591694e-6
6.582197569230327e-6
6.1981644989965385e-6
5.836311603814056e-6
5.4958577239104065e-6
5.175023001819317e-6
4.873201674870833e-6
4.588726798658084e-6
4.321153865364764e-6
4.068909889090607e-6
3.83169967891175e-6
3.6080266968877874e-6
3.397735089220107e-6
3.1993889503675057e-6
3.012963363741085e-6
2.83706829429946e-6
2.6718031208077703e-6
2.515809913289321e-6
2.3693068436111125e-6
2.2309555178505856e-6
2.1010889172851744e-6
1.9783760148871116e-6
1.8632617804950597e-6
1.754411091632506e-6
1.6523791260603853e-6
1.5558159102448684e-6
1.4653859814191842e-6
1.379713932694618e-6
1.299574015312189e-6
1.2235551314957478e-6
1.1525423048701537e-6
1.0850787842349743e-6
1.022162416645861e-6
9.622806266709186e-7
9.065472383942075e-7
8.533837700057109e-7
8.040238373611753e-7
7.56812874656124e-7
7.13109094855401e-7
6.711713580001563e-7
6.324879985398065e-7
5.952207746824266e-7
5.609945659248579e-7
5.278631992697484e-7
4.975953015556452e-7
4.6812518221492835e-7
4.4137361766936417e-7
4.151436496005422e-7
3.91517016543343e-7
3.6815318382490514e-7
3.4730493877483875e-7
3.264751045071655e-7
3.080985520738209e-7
2.8950775219694077e-7
2.7333164733606886e-7
2.567176831910515e-7
2.4250191419183037e-7
2.2763159625689263e-7
2.1516410855478308e-7
2.0182996463536924e-7
1.90923355569494e-7
1.7894060495979602e-7
1.6942954573108967e-7
1.5863363696163094e-7
1.503722728239668e-7
1.4061640525591198e-7
1.334763337525088e-7
1.246293483742679e-7
1.184977536443747e-7
1.104423271721444e-7
1.052200202421101e-7
9.785122074733091e-8
9.345147712311849e-8
8.667483192076516e-8
8.302192788854795e-8
7.675264016951458e-8
7.378066526107682e-8
6.794199037631648e-8
6.55939030643957e-8
6.011658196476209e-8
5.834323211112902e-8
5.3164169455758184e-8
5.192366022622427e-8
4.698533528706912e-8
4.624206562221324e-8
4.149149526143865e-8
4.1215935415962606e-8
3.6604491314193083e-8
3.677213760189435e-8
3.225459226756352e-8
3.284598684434099e-8
2.8380075369740798e-8
2.938008594721789e-8
2.4925936353029856e-8
2.6323694046542918e-8
2.1843431934596782e-8
2.3631897122089413e-8
1.9089212937197548e-8
2.126481941324862e-8
1.6624716891976817e-8
1.918736221834384e-8
1.4415646485585406e-8
1.7368475410418932e-8
1.2431473034014197e-8
1.578059132439594e-8
1.064493186509685e-8
1.4399635827584408e-8
9.031925388753729e-9
1.3204208556257527e-8
7.57062061496662e-9
1.2175656756265043e-8
6.241811078407494e-9
1.1297330508895505e-8
5.02808164382899e-9
1.0554863678419479e-8
3.913828469843265e-9
9.935601996377446e-9
2.885203479000252e-9
9.428481157549011e-9
1.929394351512675e-9
9.023619321168155e-9
1.032241383851684e-9
8.689735624536522e-9