1.8401006167183591
1.84189420184167
1.8448483740046238
1.8489378419431328
1.8541118207368854
1.8603134026097135
1.8674698064907809
1.8755010467021185
1.8843154024697994
1.8938152188328814
1.9038946388971911
1.9144440819763375
1.9253492051519738
1.9364945753758316
1.9477633552584355
1.9590403692664247
1.9702122138230593
1.9811697972844695
1.9918086755145399
2.0020310970895716
2.011746425063193
2.0208727012130976
2.0293370542650018
2.037076792906436
2.044039728870247
2.050184810195604
2.055482308418716
2.059914007747299
2.063473221761174
2.0661645595784597
2.068003750953658
2.0690170170838114
2.06924069549886
2.068720251278302
2.0675097059657346
2.065670335013256
2.0632699188825376
2.060381184494861
2.0570809117594173
2.053448190047345
2.0495634288631757
2.0455065135267523
2.0413557830494597
2.0371861803038107
2.0330682712824184
2.0290664917031274
2.0252382874248527
2.021632559406282
2.0182890031661986
2.0152368456517635
2.0124944511791116
2.0100684265863618
2.007953542304948
2.006132257150468
2.0045749777714086
2.003240024002463
2.0020742209220126
2.0010132933738034
1.9999827560000916
1.9988986952544165
1.9976688978291282
1.9961939537805333
1.9943685457470677
1.9920827901686329
1.9892236002959571
1.9856761749267287
1.9813253476230268
1.9760571334404025
1.9697599838297621
1.9623263098604293
1.953653574899846
1.9436457255294972
1.932214069826062
1.9192785621397448
1.9047684313594089
1.88862328091564
1.8707934470366128
1.851240889315507
1.829939272569231
1.8068746353076015
1.7820451999575242
1.7554618163979125
1.7271475140606205
1.6971377255403437
1.6654796007661383
1.6322320219324653
1.5974647049909405
1.5612580221902355
1.523701920006829
1.4848955698209918
1.4449461345050783
1.4039682715786312
1.3620827834142928
1.3194160009821885
1.2760983554107832
1.23226367447389
1.1880477163412284
1.143587415416495
1.0990194225285188
1.054479341347874
1.0101003225289773
0.9660123359347663
0.9223408683170942
0.879206278676198
0.8367226485334882
0.7949972664285327
0.7541296752645208
0.714211325950162
0.6753248567970278
0.6375439452079276
0.600932839816776
0.5655464236443438
0.5314300019567249
0.49861957236122545
0.46714185258844515
0.4370147352547599
0.4082475227508983
0.38084152960368456
0.3547904788965913
0.3300812054517987
0.30669416132520927
0.2846041694288819
0.26378098502981345
0.2441900517468577
0.22579307088056655
0.20854871874794878
0.19241318451512016
0.1773408178054908
0.1632846066021525
0.15019673510947082
0.13802898445120762
0.1267331912895346
0.11626156408890254
0.1065670418973608
0.0976035270298516
0.08932615012738787
0.08169142590430886
0.07465743501603389
0.06818391308134271
0.06223236223052671
0.05676608527990002
0.05175024050258576
0.04715183304121031
0.042939725906858954
0.0390845999248565
0.03555893266259101
0.03233693681864756
0.029394517073975168
0.026709195179252316
0.024260052892859645
0.022027650327669332
0.01999396137197918
0.018142290275297627
0.016457204358223093
0.014924452431144106
0.013530898241605537
0.012264443165045675
0.011113962728346582
0.010069235089637939
0.009120882103319152
0.00826030439842915
0.00747962778767377
0.006771645232472203
0.006129768914203473
0.005547979006791812
0.005020781389223538
0.004543162902062332
0.004110554455173061
0.0037187922945152974
0.0033640861206617077
0.0030429858123616933
0.0027523540970202263
0.002489338147977128
0.002251346319189646
0.0020360240381979812
0.001841234119420582
0.0016650364022903121
0.0015056711798732236
0.0013615420726550104
0.0012312021435365297
0.0011133395457135374
0.0010067659356731897
0.0009104044839878802
0.0008232802406989503
0.0007445101475833457
0.0006732950525711918
0.0006089114092050552
0.0005507046767993309
0.0004980824362710121
0.00045050894963093646
0.0004074994605703626
0.00036861572010072014
0.0003334612750717844
0.0003016777962132965
0.00027294118823456066
0.00024695858225625317
0.00022346512755223646
0.0002022215326173521
0.00018301142130270964
0.00016563932584447622
0.0001499285094962192
0.0001357193310770305
0.00012286745260840163
0.00011124250866502971
0.00010072663135574676
0.00009121336930215585
0.00008260647391437556
0.00007481902248350435
0.00006777241941241962
0.00006139568596197633
0.000055624638189320964
0.00005040131257842518
0.00004567328916331961
0.00004139322781469521
0.000037518310600223407
0.00003400986807561666
0.00003083291954551603
0.00002795587247843002
0.00002535014313891104
0.000022989915346419558
0.0000208518270878028
0.00001891477738474416
0.00001715966707884015
0.000015569244657092037
0.000014127891525772369
0.00001282149934892481
0.00001163729187164602
0.000010563727719907265
9.590352265428112e-6
8.707720972078057e-6
7.907275968477326e-6
7.181285952948429e-6
6.522743102147375e-6
5.925316301140836e-6
5.383264804602754e-6
4.891402172502299e-6
4.445023745922242e-6
4.039879167877158e-6
3.6721112643359067e-6
3.338235435035968e-6
3.035087962969277e-6
2.759810889073071e-6
2.5098081276331318e-6
2.282734705611498e-6
2.0764593513819195e-6
1.889057195798117e-6
1.7187777390817935e-6
1.5640402860050149e-6
1.4234063901668965e-6
1.2955774375740136e-6
1.1793708267972708e-6
1.0737192300667082e-6
9.776498983003618e-7
8.902852216957138e-7
8.108246556055021e-7
7.38546277663323e-7
6.72790918229319e-7
6.129644717087879e-7
5.58523887303329e-7
5.08980041110847e-7
4.638853020550539e-7
4.2283681081841156e-7
3.8546538442202713e-7
3.5143907984507267e-7
3.2045324069791003e-7
2.9223424898609963e-7
2.665305502227923e-7
2.4311651738890574e-7
2.217843179421365e-7
2.0234783056837388e-7
1.8463523990700154e-7
1.6849295996049487e-7
1.537788608218413e-7
1.4036616323968521e-7
1.2813721690128413e-7
1.1698733914951988e-7
1.0681907701467417e-7
9.75459698597226e-8
8.908723783366453e-8
8.137145361645324e-8
7.433160866840328e-8
6.790868352567811e-8
6.204705045805506e-8
5.669793514813883e-8
5.181512040065163e-8
4.735829469962627e-8
4.328902664737354e-8
3.957399797609295e-8
3.618122260695989e-8
3.308316331070531e-8
3.0253172809149016e-8
2.7668494525986518e-8
2.5306906121559663e-8
2.314960572505992e-8
2.117804079462577e-8
1.937668193562612e-8
1.7730022091575492e-8
1.6225240578579644e-8
1.4849359403400574e-8
1.3591800520534538e-8
1.244168759594137e-8
1.1390299751942693e-8
1.0428508393170854e-8
9.54913087070003e-9
8.744493097470997e-9
8.008686656995696e-9
7.335248889333617e-9
6.719327007513117e-9
6.155468157311753e-9
5.639694099144807e-9
5.167394456373024e-9
4.735315482137645e-9
4.3395503290775195e-9
3.977445357651586e-9
3.6456817994615488e-9
3.3421029825169004e-9
3.0638822328818064e-9
2.809274298260985e-9
2.5758647484753305e-9
2.3622487757444363e-9
2.166357721947091e-9
1.987068325234875e-9
1.8226023281849256e-9
1.6720691283836184e-9
1.533934712327699e-9
1.4075005542908287e-9
1.2914383811302044e-9
1.1852080505663857e-9
1.0876548860771027e-9
9.983691537998546e-10
9.163429179613097e-10
8.41273625786283e-10
7.722776253951709e-10
7.091402609811823e-10
6.510833693302297e-10
5.979641835424292e-10
5.490942834308565e-10
5.043895055054853e-10
4.6323796831296664e-10
4.256030894551684e-10
3.909384409996212e-10
3.5924588106922806e-10
3.300351181165356e-10
3.033388751300607e-10
2.787151559711153e-10
2.562212744794906e-10
2.354569222071365e-10
2.1649881261843397e-10
1.9898274827432367e-10
1.8300055182904474e-10
1.68219422762204e-10
1.5474275187373283e-10
1.4226514367457255e-10
1.3089863945958398e-10
1.203618620135027e-10
1.1077310397322042e-10
1.0187212707842013e-10
9.378150728993068e-11
8.625969184887108e-11
7.943193036354676e-11
7.307325982138046e-11
6.731029145917667e-11
6.193285693953023e-11
5.7067864144941e-11
5.251839728864965e-11
4.84108006906403e-11
4.4560081913600114e-11
4.1091330959474745e-11
3.783032884858778e-11
3.490036039338691e-11
3.213698119271711e-11
2.966123507239531e-11
2.7317580446486996e-11
2.5224478543457896e-11
2.323452567310296e-11
2.1463335366847117e-11
1.977096644793869e-11
1.8269981092673575e-11
1.682729988381497e-11
1.5552278436768654e-11
1.4318159960750543e-11
1.3230975383327154e-11
1.2169801478424543e-11
1.1237253259174369e-11
1.0317791574234776e-11
9.510541818811198e-12
8.704929159598523e-12
7.99652423388377e-12
7.279316938793534e-12
6.645257644714356e-12
5.992511868300826e-12
5.409334513518848e-12
4.797677823814576e-12
4.242006173744821e-12
3.647658545990152e-12
3.0951823928765786e-12
2.492880676711066e-12
1.9172293676538473e-12
1.279266812825719e-12
6.543522782585725e-13
0.26856669423582524
0.27558041929574095
0.2872284539293801
0.3033974397540265
0.32396090315509873
0.34874240282405045
0.3775390720115346
0.4101053629914556
0.4461687534409351
0.4854193780835853
0.5275234047209693
0.5721157202017755
0.6188127801054513
0.6672073603102588
0.7168815697462089
0.7674031404067179
0.8183387589621575
0.8692514427600972
0.9197140059171012
0.9693070188599878
1.0176319912513712
1.0643093476861072
1.1089907735517868
1.1513566191375368
1.1911268220246987
1.2280572073450187
1.261948473027199
1.2926409930312297
1.3200215174063905
1.344016294812557
1.3645953704181222
1.3817640940072675
1.395565156337729
1.4060687998727746
1.4133729747997739
1.417592779699176
1.4188593020701752
1.4173089518547897
1.4130816493269531
1.4063107550217036
1.3971212681111733
1.3856209994216386
1.3718993523662726
1.3560202467237579
1.3380218948400493
1.31791179224598
1.2956677083701778
1.2712348529502169
1.2445281105393313
1.2154313053191006
1.1838005548835073
1.1494654180418504
1.1122331462124135
1.0718914220095122
1.0282132501598715
0.9809609750439664
0.9298915649168757
0.874761615181348
0.8153328151530101
0.7513776730350137
0.6826849843631682
0.6090660269103183
0.5303598500336714
0.4464396647681624
0.3572177324665627
0.26265161470480014
0.1627483644078469
0.05757021726997099
-0.05276229756124004
-0.16806571837621234
-0.2880920663865306
-0.41252578511024685
-0.5409841319287424
-0.6730161800205525
-0.8081055558301542
-0.9456718541524303
-1.0850759197540139
-1.225623805732415
-1.3665745497312218
-1.5071465250664344
-1.6465273744475601
-1.7838823075821315
-1.9183655784960245
-2.049130025926278
-2.1753392671554885
-2.2961776078203155
-2.410862017910925
-2.5186514881313093
-2.6188578727354015
-2.7108538469965406
-2.7940818395862874
-2.8680599291139535
-2.9323883131396524
-2.9867527289694054
-3.0309281692140746
-3.064779672800117
-3.0882632499393554
-3.101424120531717
-3.1043950199068413
-3.0973921390497057
-3.0807111333630743
-3.054721139930759
-3.019858911474051
-2.9766213634675642
-2.925558321182198
-2.867264101050099
-2.802369404560411
-2.731532473410541
-2.655430693133368
-2.574751877019129
-2.4901861455412004
-2.4024178768739413
-2.3121183907953626
-2.2199390404327315
-2.1265051413999445
-2.032410565920509
-1.9382132221425439
-1.8444313579939207
-1.7515407288077496
-1.6599726465920455
-1.5701128026276454
-1.4823009360951882
-1.3968311295427671
-1.3139528435719443
-1.2338723974852075
-1.1567550388906584
-1.082727268539374
-1.0118795882425493
-0.9442693254908961
-0.8799237227479084
-0.8188429531046775
-0.7610032654086945
-0.7063599422235968
-0.6548502832581832
-0.6063963267234849
-0.5609075247913854
-0.5182831174181561
-0.47841441840811144
-0.4411867892843391
-0.40648150739737193
-0.3741773327709984
-0.34415196858165026
-0.3162832454730285
-0.2904502101926315
-0.26653397104199
-0.2444184645314717
-0.22399101481751138
-0.20514283356917462
-0.1877693481143334
-0.17177048894268984
-0.15705083831311226
-0.14351975524038713
-0.13109139054238725
-0.11968469257134691
-0.1092233276317646
-0.09963560241713743
-0.09085432146147779
-0.08281665508278678
-0.07546395870158137
-0.0687416085760256
-0.06259880178832944
-0.05698837643018494
-0.05186660596941094
-0.04719301588131365
-0.04293018197330018
-0.03904355172321639
-0.03550125288781359
-0.03227392490858963
-0.029334541649288226
-0.02665825604248361
-0.024222238966034402
-0.022005538703722276
-0.019988936657455634
-0.01815482206421034
-0.01648706433787392
-0.014970902717848142
-0.01359283444532392
-0.01234051852771082
-0.011202678598902654
-0.010169019695913847
-0.009230144467070751
-0.008377481715436492
-0.0076032145525007245
-0.006900219422644892
-0.00626200481428219
-0.0056826595070077635
-0.00515680051844462
-0.004679529385817973
-0.004246388123923156
-0.003853322447533162
-0.0034966446289010746
-0.003173002673858445
-0.0028793490856993584
-0.002612915117298376
-0.0023711845651620605
-0.0021518723266366648
-0.0019529024589678729
-0.0017723903711174451
-0.001608624485286671
-0.0014600514850172039
-0.0013252610095384144
-0.001202973462777009
-0.0010920272536911239
-0.0009913687443747327
-0.0009000416224270333
-0.000817178630803393
-0.00074199272178053
-0.0006737702671556788
-0.0006118636982532584
-0.0005556859432438565
-0.0005047043047398649
-0.00045843591219802635
-0.0004164426288371383
-0.0003783273421109984
-0.0003437297257954553
-0.0003123232211497442
-0.0002838115088564043
-0.0002579260584514389
-0.0002344231890856685
-0.0002130820857553294
-0.00019370234824035265
-0.00017610239019419605
-0.0001601173926816714
-0.0001455980168074845
-0.00013240869252972309
-0.00012042658767175523
-0.00010954017456626875
-0.000099648408394346
-0.00009065952409661608
-0.00008249038535046689
-0.00007506547239219722
-0.00006831636986293337
-0.00006218091299303312
-0.00005660278826048412
-0.00005153081102837735
-0.00004691861766975513
-0.00004272405241639298
-0.00003890893348215158
-0.00003543853074089654
-0.000032281391569500015
-0.000029408894162067716
-0.000026795121433313637
-0.000024416477410250894
-0.00002225159968621066
-0.000020281028505521837
-0.000018487150020605447
-0.000016853909479534638
-0.000015366778981918617
-0.00001401250765968318
-0.000012779108808555447
-0.000011655641173721204
-0.000010632211299462992
-9.699781038880411e-6
-8.85018175325328e-6
-8.075943996251456e-6
-7.370320838718882e-6
-6.727136363723147e-6
-6.14081591787166e-6
-5.606250619725709e-6
-5.118832766992532e-6
-4.674334028336892e-6
-4.268944584521479e-6
-3.899163059871297e-6
-3.5618382591607867e-6
-3.254069214242234e-6
-2.973248609093506e-6
-2.716971581203073e-6
-2.4830801144384574e-6
-2.269579453395755e-6
-2.074682895601085e-6
-1.89673485817467e-6
-1.7342556238614862e-6
-1.585870249604958e-6
-1.450352920355663e-6
-1.3265610139113938e-6
-1.2134787967356933e-6
-1.1101560631539393e-6
-1.0157509720904927e-6
-9.294727650822062e-7
-8.506235948233507e-7
-7.785448984856247e-7
-7.126581106193891e-7
-6.524143284395677e-7
-5.973338349077992e-7
-5.469587430021168e-7
-5.008912812772193e-7
-4.587491463706253e-7
-4.202025242955718e-7
-3.849319159359235e-7
-3.5266388381831126e-7
-3.2313114525973067e-7
-2.961070472464352e-7
-2.7136774716710087e-7
-2.48725428392081e-7
-2.2799240993236444e-7
-2.0901312292949193e-7
-1.9163000877084573e-7
-1.757142824287548e-7
-1.611334940696596e-7
-1.4778110939372216e-7
-1.355456230398466e-7
-1.2433898907892491e-7
-1.140671859041365e-7
-1.046575320674519e-7
-9.603061215766854e-8
-8.812651444096649e-8
-8.087803571917991e-8
-7.42358779022695e-8
-6.814305721496309e-8
-6.25590970229682e-8
-5.743557319080187e-8
-5.273934030961496e-8
-4.842915064737948e-8
-4.447795046945437e-8
-4.0850514984691706e-8
-3.752485077862507e-8
-3.447079354613175e-8
-3.167055182621985e-8
-2.9098218207774198e-8
-2.673948860822002e-8
-2.4572041113996615e-8
-2.2584464017879166e-8
-2.0757459569397367e-8
-1.9082012904999593e-8
-1.7541380785329234e-8
-1.6128532440702737e-8
-1.4828885903904666e-8
-1.363705066780218e-8
-1.2540276519488363e-8
-1.1534526780667543e-8
-1.0608606641523715e-8
-9.75959463815462e-9
-8.977619397863297e-9
-8.260675909196723e-9
-7.600021346099466e-9
-6.994401610978555e-9
-6.436038521724031e-9
-5.924291060931132e-9
-5.452207702972919e-9
-5.019645786141337e-9
-4.6203641402898935e-9
-4.254623015226553e-9
-3.916793454584856e-9
-3.6074592645788995e-9
-3.3215207767589807e-9
-3.059819426842231e-9
-2.817714666615442e-9
-2.596250843113149e-9
-2.3911870657221927e-9
-2.2037252312736715e-9
-2.0299736330164113e-9
-1.871254166686201e-9
-1.7239813892492764e-9
-1.589566163983862e-9
-1.4646927438872977e-9
-1.3508353693170209e-9
-1.2449167682205769e-9
-1.148453506956368e-9
-1.0585800710422999e-9
-9.768380872887911e-10
-9.00550878162426e-10
-8.312710201823363e-10
-7.664909554409563e-10
-7.077627261433522e-10
-6.527308812087415e-10
-6.029376286872898e-10
-5.561648962623847e-10
-5.139375708532852e-10
-4.741621616114415e-10
-4.383402481213007e-10
-4.04491755264632e-10
-3.7409020688774256e-10
-3.452591556514457e-10
-3.194403366723148e-10
-2.9485230397671353e-10
-2.7290209730940585e-10
-2.51895621709778e-10
-2.332029792753944e-10
-2.1521059121503763e-10
-1.9924990375393177e-10
-1.8378169418991823e-10
-1.7009743523500712e-10
-1.5672664942956222e-10
-1.44919807947025e-10
-1.332700024199086e-10
-1.2298586151353424e-10
-1.1271919693381991e-10
-1.0363604281715838e-10
-9.444230448140646e-11
-8.626066079515735e-11
-7.784660109223779e-11
-7.027857806357799e-11
-6.235716109698292e-11
-5.5115485742777504e-11
-4.739458149695803e-11
-4.018083333309204e-11
-3.2350873498324e-11
-2.484263236962849e-11
-1.6566078107156335e-11
-8.449197325363476e-12
-2.8785992037237538
-2.8713593114670513
-2.8592897257750893
-2.8425013287840075
-2.821081267124405
-2.795164732738069
-2.764896493909168
-2.730450122323838
-2.692012833910469
-2.6497880619952277
-2.6039905109056263
-2.554839918270377
-2.5025619722793415
-2.447376528334388
-2.389502493859433
-2.329142353112916
-2.2664900915118746
-2.201713332383784
-2.1349638467252685
-2.0663583613491134
-1.9959914624499162
-1.9239160048918897
-1.850158361449623
-1.7746992636110799
-1.69749140412061
-1.6184414275925265
-1.5374298735997642
-1.4542948890602234
-1.3688544105231453
-1.280891982663972
-1.1901809323497505
-1.0964724527614533
-0.9995213340394821
-0.8990762236277562
-0.7949062700344488
-0.6867932173462671
-0.5745581160474358
-0.45805467928098476
-0.33719504758317603
-0.21194365573512441
-0.08234093769218319
0.051503144959521914
0.18938857755733945
0.33103294404973604
0.47605509236869853
0.6239846827278862
0.7742508273442419
0.9261940124560973
1.0790601628026875
1.2320150852979286
1.384144004938899
1.5344683024362644
1.681950145092645
1.8255109242472705
1.9640402204632696
2.0964150458392616
2.221512090117225
2.338226681836528
2.445487095094961
2.542272083416345
2.6276259943763964
2.7006737952964244
2.7606358273544425
2.8068394041995686
2.8387322026703683
2.855889733018026
2.8580265678954615
2.8449992154083152
2.816814595992856
2.773628067887378
2.715748752480458
2.6436326545590205
2.557884608438401
2.4592466085005937
2.3485963138407935
2.226930876191797
2.0953621206323625
1.955096349294149
1.8074265287394846
1.6537087734788782
1.4953521242482732
1.3337926742400084
1.170481804701637
1.0068591861747578
0.8443406137842482
0.6842913507135506
0.5280149205354974
0.37672840005766367
0.23155361594559457
0.09349597686314748
-0.036560569941724075
-0.15786979617158234
-0.26982342238265483
-0.3719615231973096
-0.46396738868718707
-0.5456717353491073
-0.6170422760223414
-0.6781820804687062
-0.729314593401602
-0.7707771439655536
-0.8030027232484446
-0.8265101474572597
-0.841884277910357
-0.8497646054874308
-0.8508256986683491
-0.845765955701339
-0.8352898899134197
-0.8200985120663447
-0.8008746579678272
-0.7782759929762136
-0.7529240513838716
-0.7254003070489764
-0.6962390414533126
-0.6659264105978063
-0.6348967910021706
-0.6035343797128464
-0.572172351247763
-0.5410962992459647
-0.5105453938487582
-0.48071691039158887
-0.4517685869684517
-0.42382355400858357
-0.396973210965451
-0.37128202003049854
-0.3467903958987262
-0.3235190062498109
-0.30147135245636336
-0.28063738894207707
-0.26099563302994216
-0.242516050954728
-0.22516165549957756
-0.20889069951501696
-0.19365779767949717
-0.1794155211178786
-0.16611512028436423
-0.15370763502319348
-0.1421443088426418
-0.13137732774761568
-0.12136001205121838
-0.11204728389444234
-0.10339570958246663
-0.09536377706823027
-0.08791184556727825
-0.08100229515161089
-0.07459942474416373
-0.06866951897181062
-0.06318072239955576
-0.05810305501609457
-0.05340828033096493
-0.04906989043527485
-0.04506297822178851
-0.041364205487863244
-0.037951684576785306
-0.03480493788063782
-0.031904791071867326
-0.02923332901856203
-0.026773800946360362
-0.02451057567457304
-0.022429058084516958
-0.020515645311112492
-0.018757653467925364
-0.017143275684750124
-0.0156615179242009
-0.01430215933420224
-0.01305569603678343
-0.011913304030014607
-0.010866789945563648
-0.00990855660356747
-0.009031559870033361
-0.008229276891268173
-0.007495668309401778
-0.006825149153324229
-0.006212555779865107
-0.005653119362047858
-0.00514243701262295
-0.004676447781701016
-0.00425140749035039
-0.0038638671260435736
-0.003510650970371248
-0.0031888372616856973
-0.0028957392463024186
-0.0026288879632739336
-0.0023860158858920147
-0.002165041673730621
-0.001964056103260218
-0.0017813086270145613
-0.0016151953204180066
-0.0014642470867896266
-0.0013271193731987788
-0.0012025818624789096
-0.001089509734751213
-0.000986874693031461
-0.0008937375693615435
-0.0008092405382799979
-0.0007326008874371604
-0.0006631042825099593
-0.0006000995417913688
-0.0005429928264727707
-0.0004912432769777675
-0.0004443580134039014
-0.00040188850828364405
-0.0003634262929576576
-0.00032859995696686806
-0.00029707146689822005
-0.00026853369673727784
-0.00024270727604422778
-0.00021933856834527573
-0.0001981969751955688
-0.0001790732911016572
-0.00016177739900448488
-0.0001461369403664816
-0.00013199534580641165
-0.00011921076793100079
-0.00010765439825784872
-0.00009720961821081323
-0.00008777056008951766
-0.00007924143847432005
-0.00007153531887387292
-0.00006457359769576818
-0.00005828494737345448
-0.000052604918147924436
-0.00004747503299663805
-0.000042842488831919334
-0.000038659378485817364
-0.00003488247264908181
-0.00003147254956675978
-0.000028394242198271448
-0.000025615459207051956
-0.00002310728449111745
-0.000020843475561684623
-0.000018800404841178203
-0.000016956623672028994
-0.000015292836664904145
-0.000013791521407037984
-0.000012436928720134165
-0.000011214749690371868
-0.00001011213600913561
-9.117407262424948e-6
-8.220086618582799e-6
-7.41064242696923e-6
-6.6805354200434e-6
-6.021989609501352e-6
-5.428047915389014e-6
-4.892368138303374e-6
-4.409284541360861e-6
-3.973625341905825e-6
-3.5807782749721912e-6
-3.226526606531242e-6
-2.9071171181171867e-6
-2.6191121125354226e-6
-2.3594585942208786e-6
-2.125354131643495e-6
-1.9143162799069706e-6
-1.7240604938515596e-6
-1.5525690594272922e-6
-1.397979527915607e-6
-1.2586525999367664e-6
-1.1330697829136956e-6
-1.0198998138874335e-6
-9.179044365948042e-7
-8.260030629532123e-7
-7.431857290502797e-7
-6.685757854980077e-7
-6.013492283672902e-7
-5.407952799692887e-7
-4.862414056279195e-7
-4.3711170241162594e-7
-3.9285700922541954e-7
-3.530110645519437e-7
-3.1712519867147545e-7
-2.848222549881348e-7
-2.5573542177764136e-7
-2.2955993715622264e-7
-2.0599567570197765e-7
-1.8479667618450395e-7
-1.6571714746066875e-7
-1.4855887203142374e-7
-1.3312033723369813e-7
-1.192420775935412e-7
-1.0675867273619621e-7
-9.554209822328045e-8
-8.545636179279738e-8
-7.639893659664055e-8
-6.825783320249023e-8
-6.095119144521826e-8
-5.438660777627342e-8
-4.849896275627918e-8
-4.3211842403366214e-8
-3.847367804453699e-8
-3.422111678184234e-8
-3.041354926818007e-8
-2.6998298683370826e-8
-2.3943610234838975e-8
-2.1205540451720742e-8
-1.8759480007958398e-8
-1.656863598497722e-8
-1.4614157114199554e-8
-1.2865111163451268e-8
-1.1307279006020569e-8
-9.914537649554196e-9
-8.676386743148042e-9
-7.570655156465272e-9
-6.589820699220797e-9
-5.714964711477836e-9
-4.940942938683043e-9
-4.251518428680084e-9
-3.6434387165864974e-9
-3.1026825382249015e-9
-2.6274957587101343e-9
-2.2056920893048317e-9
-1.8366975592770892e-9
-1.5098496341052146e-9
-1.225497494852978e-9
-9.742477601782464e-10
-7.571654084766819e-10
-5.659177546260572e-10
-4.0211853192708766e-10
-2.5832491102697177e-10
-1.3656505236648634e-10
-3.0145815784114574e-11
5.85980003613116e-11
1.357249926203453e-10
1.9867999564304815e-10
2.5298179059710214e-10
2.959236783302648e-10
3.325626853088791e-10
3.6009529036936523e-10
3.8318121324362393e-10
3.9896339606166596e-10
4.1175757623208365e-10
4.186872076629151e-10
4.237682750120242e-10
4.241313342643974e-10
4.2352940589043684e-10
4.1912072460940285e-10
4.1442604272505034e-10
4.066470093981986e-10
3.9909781203092373e-10
3.890353607423329e-10
3.7958888581364197e-10
3.680792875619746e-10
3.574690836688635e-10
3.451494024607648e-10
3.339315279037941e-10
3.2128106967049236e-10
3.0987127935210634e-10
2.9724492713219303e-10
2.8594855467057114e-10
2.7360352943458113e-10
2.6263945246545934e-10
2.5075675079269594e-10
2.4027656729830476e-10
2.2897809229562097e-10
2.190814238429332e-10
2.084436344524033e-10
1.9919029964995027e-10
1.8925504766757766e-10
1.8067470839934968e-10
1.7145780540631333e-10
1.6355757359322826e-10
1.550555262939785e-10
1.478259251709446e-10
1.4002119278830066e-10
1.3344078985632352e-10
1.2630584761576996e-10
1.2034481328942843e-10
1.1384524870557023e-10
1.0846804250347922e-10
1.0256486352703947e-10
9.773220603045017e-11
9.238350008859393e-11
8.805375195660058e-11
8.321580062006388e-11
7.934583791876852e-11
7.497376178032747e-11
7.151940820646271e-11
6.75673889912651e-11
6.448343878072373e-11
6.090453932980783e-11
5.8144378275167686e-11
5.488995429908753e-11
5.2404758807628824e-11
4.9423427658446285e-11
4.716089147812624e-11
4.439699072552303e-11
4.229949383330274e-11
3.9690924027282605e-11
3.7693015830697297e-11
3.5168314811112114e-11
3.319333127696375e-11
3.066776842129532e-11
2.862333628891176e-11
2.599373992683368e-11
2.376583595589857e-11
2.090377047045047e-11
1.834889435194637e-11
1.5091688480562505e-11
1.2026698332525767e-11
8.167490643437083e-12
4.3811309535244894e-12
-0.5996877689193367
-0.6030317577276797
-0.6084191343376097
-0.6156991880102475
-0.6245899783080969
-0.6347743268917696
-0.6458518910686327
-0.6573883267344321
-0.6688905873119857
-0.679844328565504
-0.6896985971693254
-0.6978978327291026
-0.703870879733874
-0.7070593501827123
-0.7069084231765261
-0.7028920805599891
-0.6945043083390745
-0.6812814246937654
-0.6627930185237833
-0.6386616383051811
-0.6085533206034506
-0.5721950500474723
-0.5293650819731087
-0.4799086859186897
-0.42372864303888974
-0.3607997771346075
-0.291160004935089
-0.21492401673145575
-0.13227509567850254
-0.04347805282274194
0.0511282426434785
0.15111889129076755
0.255990098268047
0.3651486984475839
0.47791961610311917
0.5935376592104592
0.7111561405918067
0.8298418086834489
0.9485854830135749
1.0663009036395164
1.1818380660607977
1.2939865011887253
1.401491655667388
1.5030626904637228
1.5973917903393713
1.6831660564929303
1.7590891199512892
1.8238961886993217
1.8763768747166756
1.9153920305778582
1.9398963652014614
1.9489554469163002
1.941766541567568
1.9176741140586298
1.876187397788368
1.816992895992368
1.7399674607703945
1.6451866346764823
1.532932416529419
1.4036967135285126
1.2581834105111416
1.0973066308933523
0.9221871167912976
0.734145343328273
0.5346924946867858
0.32551869591310956
0.10847901302943883
-0.11442283859496626
-0.3410530071582897
-0.5691679433930305
-0.7964369726057482
-1.0204664902319376
-1.2388261100625928
-1.4490761332876143
-1.6487966498897477
-1.83561756948115
-2.007249761760853
-2.16151655641256
-2.2963855758729737
-2.41000011513072
-2.5007098093379345
-2.5670997810385523
-2.608017805743546
-2.6225986896494144
-2.6102852834818235
-2.570845366390778
-2.5043838450767195
-2.411349589399996
-2.292536538975223
-2.1490785341875815
-1.9824378724205736
-1.7943872018968612
-1.5869852788246501
-1.3625463513223401
-1.1236043341112598
-0.872871632549697
-0.6131944647296299
-0.3475045251957156
-0.07876949129497268
0.19005795871141953
0.45608957190165544
0.7165500875417047
0.9688215266072904
1.21048445786114
1.4393526452043535
1.6535030435501619
1.8512975558359133
2.0313993138830853
2.192780040491206
2.3347220340049946
2.4568115423385293
2.558927725604956
2.6412241738339457
2.704107631761873
2.748211030015236
2.7743656763323843
2.7835697482055517
2.7769578911626356
2.755769026057217
2.721316909956834
2.6749604725375193
2.6180780690400463
2.55204259396172
2.4782011218530697
2.397855987668189
2.3122504903165932
2.2225561730509202
2.1298644177194297
2.035179428600391
1.939414955486603
1.8433920262394852
1.7478397159939398
1.6533964710604572
1.5606137511722544
1.4699597860805995
1.3818249941697656
1.2965271451523894
1.2143176338377484
1.1353872235401419
1.0598724703302542
0.9878614415893671
0.9193998016686573
0.8544961046899834
0.7931272416231999
0.7352430775683134
0.6807711110092498
0.6296203568524618
0.5816851789632852
0.5368484124108757
0.494984404179096
0.4559614268739803
0.4196440063843827
0.3858947119073153
0.3545758706758689
0.32555083270533347
0.29868517831389546
0.2738475567373414
0.25091048769482305
0.22975086594367172
0.21025044792214256
0.19229610310908962
0.17578006390746773
0.16059999188988844
0.14665905563620393
0.1338658672253026
0.12213443997338128
0.11138403883029485
0.10153905856815704
0.09252882153133742
0.08428740708811351
0.07675342162259365
0.06986980202332092
0.0635835758528501
0.05784565519668025
0.052610599453503396
0.04783641082048017
0.04348430791636153
0.03951853032181334
0.03590612806854473
0.03261677977402187
0.029622600702110674
0.02689797693510469
0.024419393056080447
0.022165283317562755
0.020115878859581927
0.018253075820365762
0.016560301260167578
0.015022397498183805
0.013625505458349292
0.012356964114879337
0.011205209731833952
0.010159689084303298
0.009210772966346117
0.00834968176986938
0.007568411638346207
0.00685967098866081
0.006216817755670767
0.005633805502439406
0.005105130307596218
0.004625785203760893
0.0041912153874789125
0.003797279838121921
0.003440213666215293
0.003116595884515355
0.002823317846247006
0.002557556258936002
0.0023167467939488474
0.002098561547227364
0.001900887022287325
0.0017218053474338261
0.0015595759443088198
0.001412619906996004
0.001279504766663488
0.0011589315236689203
0.0010497220058900186
0.0009508081206071323
0.0008612213802741631
0.0007800840070704585
0.0007066002659270798
0.0006400491119143212
0.0005797770272300589
0.0005251919508498735
0.00047575736487895777
0.0004309872880016123
0.00039044139805950197
0.00035372090664625815
0.0003204645399171029
0.0002903451419877472
0.0002630663656496333
0.0002383598777923924
0.00021598263666125066
0.00019571459399984057
0.00017735645642466135
0.00016072779697730354
0.00014566521570673297
0.00013202078835184583
0.0001196605558403828
0.00010846325035108648
0.00009831905561183526
0.00008912856101021787
0.00008080174469251696
0.0000732571150406328
0.00006642087697043155
0.000060226227260127616
0.00005461267140381359
0.00004952544520644316
0.000044914955305063154
0.00004073630434517726
0.000036948833039682766
0.00003351573028465776
0.000030403658553419232
0.000027582433642580674
0.000025024718437662205
0.00002270575972469489
0.00002060313803272367
0.000018696551204111575
0.00001696761021670889
0.00001539966106209059
0.000013977618258142243
0.000012687818109097921
0.000011517883105907318
0.000010456600893533756
9.49381397816146e-6
8.62031975403081e-6
7.827780940030074e-6
7.108642860341744e-6
6.4560608568528455e-6
5.863831707994322e-6
5.326334939598153e-6
4.83847583170174e-6
4.395638105252695e-6
3.993636429712858e-6
3.6286784180515775e-6
3.2973249270982567e-6
2.9964596663979497e-6
2.723255893591109e-6
2.475152248621906e-6
2.249824700376201e-6
2.0451674684885462e-6
1.8592692852520226e-6
1.690398472799226e-6
1.5369827542811116e-6
1.397597722620211e-6
1.2709495740056044e-6
1.15586634244021e-6
1.0512830423225905e-6
9.562351561049875e-7
8.698457657542733e-7
7.913208735053684e-7
7.199381780698822e-7
6.550438844026108e-7
5.960428427503392e-7
5.423965655682974e-7
4.936144983950498e-7
4.4925301304105055e-7
4.0890762090434364e-7
3.7221275333375285e-7
3.3883476205647946e-7
3.084723318603539e-7
2.8085014066638243e-7
2.5571977773788815e-7
2.3285395873048593e-7
2.12047845640104e-7
1.9311373081967078e-7
1.7588267373700625e-7
1.6019958322046228e-7
1.4592510155842013e-7
1.3293102674009467e-7
1.211023871056884e-7
1.1033315558885765e-7
1.0052846852301808e-7
9.160059227911721e-8
8.347124836036656e-8
7.606779970269083e-8
6.932565118370899e-8
6.318462848567249e-8
5.75914288828377e-8
5.24961701860903e-8
4.7854871379692983e-8
4.362615295496161e-8
3.9773730830483084e-8
3.626325249101889e-8
3.3064790794480176e-8
3.014980288469262e-8
2.749361308956773e-8
2.5072483672693575e-8
2.286607816146695e-8
2.0854634725797118e-8
1.902140302607585e-8
1.734991242465144e-8
1.5826376880491437e-8
1.4437051365521736e-8
1.3170600511559159e-8
1.2015537564678812e-8
1.0962553456544075e-8
1.0002033422515204e-8
9.126343961866423e-9
8.327422899539679e-9
7.599022348816983e-9
6.934368537632957e-9
6.3283594187139035e-9
5.775291028972953e-9
5.271008826748986e-9
4.81069772438159e-9
4.390986586942356e-9
4.007799386704492e-9
3.658412587389967e-9
3.339365126243753e-9
3.04846864339641e-9
2.782774212005741e-9
2.5405355634360533e-9
2.3192306659555272e-9
2.1174782509822053e-9
1.9331124922395964e-9
1.765053262676819e-9
1.6114322939900163e-9
1.4714176933260572e-9
1.3433900716471353e-9
1.2267219283987295e-9
1.120002330002958e-9
1.0227718327287727e-9
9.337943722573279e-10
8.527484432693987e-10
7.785449299269058e-10
7.109752973433815e-10
6.490741529616742e-10
5.927252322611813e-10
5.410675338311033e-10
4.940599010522413e-10
4.5092962053542944e-10
4.1169641441905073e-10
3.7566243380738864e-10
3.4289648396427576e-10
3.1276438230089865e-10
2.853742420285608e-10
2.601461989763534e-10
2.3721957897570455e-10
2.16061029787004e-10
1.9683439441474236e-10
1.7904631435426667e-10
1.6287962565310337e-10
1.4787552794504001e-10
1.342313130124179e-10
1.215182210734555e-10
1.0994430331493015e-10
9.910711304491529e-11
8.922249461640267e-11
7.991128272656521e-11
7.139480083458648e-11
6.331476746775818e-11
5.589627817254302e-11
4.880014363793553e-11
4.225412095983381e-11
3.593693523157337e-11
3.007851916397378e-11
2.4374998622650896e-11
1.9058701240670548e-11
1.3843503545551657e-11
8.966563860110208e-12
4.180226570617611e-12
-3.7825432547406916
-3.748266973401428
-3.6910993225247153
-3.611450781030524
-3.5096215729855706
-3.386136595392393
-3.2415632418293985
-3.076658601978042
-2.8922713336530874
-2.6894355540828583
-2.4693049345905944
-2.23321888411134
-1.9826505549267044
-1.7192535749861297
-1.4448153409924478
-1.161287777460841
-0.8707415881191051
-0.5753832638311944
-0.27750851244752633
0.0204922891346742
0.31618153817475303
0.6070779846435927
0.8907039607629652
1.164595195403017
1.4263461424492487
1.67362322527018
1.904206468670356
2.116003664831083
2.307086804383827
2.475705197937693
2.6203157388328973
2.7395936645234746
2.8324562801874764
2.8980706342062765
2.9358708075363826
2.945562161182342
2.927132522326371
2.8808527598424525
2.807282134052979
2.7072647856822245
2.58192922444806
2.432679992125365
2.2611908983269053
2.069390824514333
1.8594500733462311
1.633759219675943
1.39490800918089
1.1456564893101997
0.888906382562729
0.6276644949227302
0.3650073846457758
0.1040381627008948
-0.1521535707126985
-0.4005391609381086
-0.6381925705125752
-0.8623385646823165
-1.0703920104915252
-1.2600026513462967
-1.4290877459763758
-1.5758692350051913
-1.6988958155651048
-1.7970689762632401
-1.8696516609602585
-1.916280935876063
-1.9369619568780694
-1.9320666994188775
-1.9023137226733358
-1.8487541231615372
-1.7727392563742503
-1.6758965454502477
-1.560088578457913
-1.4273823580763754
-1.280003839480606
-1.1203045101509246
-0.9507154055363481
-0.7737145694530821
-0.5917839634104027
-0.4073805231291593
-0.22289836324969098
-0.0406450561487551
0.13718960496080987
0.30855154612479546
0.4715468231838832
0.6244540265049893
0.7657422484342256
0.8940785962605678
1.0083403260822745
1.1076180883650109
1.19122269486682
1.2586844059213147
1.309754456122227
1.3444002920054259
1.362801670257686
1.3653414974920646
1.3525962365482602
1.3253220539046042
1.28443953518932
1.2310152570952437
1.166241397518287
1.091413526068637
1.0079064448947284
0.9171497369995648
0.8206018644258307
0.7197255918968609
0.6159627786650727
0.5107120165901992
0.40530654044215786
0.30099620175552483
0.19893047401326452
0.10014627274332207
0.005557253392198617
-0.0840518645506025
-0.16802943192966738
-0.24585627810556412
-0.31714386702084074
-0.3816284238670803
-0.4391643485872909
-0.489714530055421
-0.5333405982415893
-0.5701910708646915
-0.6004900695051184
-0.6245248469316745
-0.6426343970275525
-0.6551976229463976
-0.662622929133008
-0.6653379078767165
-0.6637806086024607
-0.6583912294632727
-0.6496053897110496
-0.6378479745873871
-0.6235284378377726
-0.6070366942796065
-0.5887402706236304
-0.5689819779034379
-0.5480786077822454
-0.5263200368030654
-0.5039691175520599
-0.4812618499881732
-0.4584081221922524
-0.43559261022187634
-0.41297606180540386
-0.39069663660571513
-0.3688714814336536
-0.34759828290715666
-0.3269569422723839
-0.30701117214321033
-0.2878101348820471
-0.2693899683776602
-0.25177529981115876
-0.23498062940999112
-0.21901166962770052
-0.20386654981773483
-0.1895369594484644
-0.17600916133597133
-0.16326493755003083
-0.15128241558619457
-0.1400368285924363
-0.12950116924563448
-0.11964678342817413
-0.11044387216478681
-0.10186194136760467
-0.09387017436236235
-0.08643776104088297
-0.0795341633892779
-0.07312934632720473
-0.06719395711912365
-0.06169947808557568
-0.056618338475965986
-0.051924006643809445
-0.047591050336655595
-0.04359518319852674
-0.039913286787672565
-0.036523423637062326
-0.033404831826456136
-0.030537914430220987
-0.027904215246690546
-0.025486392357525985
-0.02326818169724381
-0.021234360659804736
-0.019370704579912367
-0.017663944841495537
-0.01610172202265443
-0.014672541761469085
-0.013365727258701743
-0.01217137520504743
-0.011080309504911845
-0.010084038829299181
-0.009174712784421573
-0.008345082090308445
-0.007588457935783449
-0.006898675361864445
-0.006270056189299696
-0.005697375879070368
-0.005175830163736909
-0.004701005440216566
-0.004268849059303658
-0.0038756431578152936
-0.0035179784433645605
-0.00319273127716639
-0.00289704071851763
-0.0026282886125601037
-0.0023840796190692775
-0.002162224030659201
-0.0019607204940972046
-0.0017777412755452914
-0.0016116173825353722
-0.0014608259975670095
-0.0013239777196561236
-0.001199805901204074
-0.001087155745625702
-0.0009849753013627253
-0.0008923061735424472
-0.0008082759507949125
-0.0007320903120778728
-0.0006630266847796466
-0.0006004275513020526
-0.0005436951595660431
-0.0004922858566899716
-0.00044570569466352924
-0.00040350563987417764
-0.0003652779368868404
-0.0003306520622999645
-0.0002992917279995719
-0.00027089146569866685
-0.00024517416761822417
-0.0002218882040387524
-0.0002008054141003449
-0.00018171867282026205
-0.0001644402576714778
-0.00014879979389721055
-0.00013464293383875893
-0.00012182962014108371
-0.00011023302459621959
-0.00009973807813311124
-0.00009024062437297306
-0.0000816461732857235
-0.00007386923186902784
-0.00006683224518414428
-0.00006046507271664125
-0.00005470408631948356
-0.00004949176602676539
-0.000044775929363660056
-0.00004050942478974341
-0.00003664947100445232
-0.00003315742990619426
-0.000029998238035807414
-0.00002714024405197931
-0.000024554717408954148
-0.000022215737955830666
-0.00002009976942216661
-0.000018185590925490875
-0.000016453924911878165
-0.000014887402169205451
-0.000013470235601983762
-0.000012188211854810647
-0.000011028403745568269
-9.97918285334562e-6
-9.029964637490406e-6
-8.171237378751748e-6
-7.394335012779107e-6
-6.691478667926115e-6
-6.05557307367024e-6
-5.480257643342259e-6
-4.959723008665244e-6
-4.488769175894911e-6
-4.0626393107404605e-6
-3.677082973223853e-6
-3.328204752465773e-6
-3.01253097673755e-6
-2.7268711914672982e-6
-2.4683870613013857e-6
-2.234465011127328e-6
-2.0227862988160464e-6
-1.8312094095569867e-6
-1.6578404916112531e-6
-1.5009243184397643e-6
-1.3589144537663885e-6
-1.230371781842401e-6
-1.1140339094845258e-6
-1.0087204189808988e-6
-9.134011293630253e-7
-8.271073544111962e-7
-7.48998738079802e-7
-6.782799063697159e-7
-6.142656665224025e-7
-5.563025299503324e-7
-5.038321248324585e-7
-4.5631714094528316e-7
-4.1330285333179763e-7
-3.7434710132400125e-7
-3.3907985922605944e-7
-3.0713691318989913e-7
-2.782174451813269e-7
-2.5202111440671687e-7
-2.2830364470128934e-7
-2.0681705335499254e-7
-1.8736325070330534e-7
-1.6973718965218676e-7
-1.537785006529403e-7
-1.3931736095764763e-7
-1.2622419914616884e-7
-1.1435810496753118e-7
-1.0361464581550481e-7
-9.387665659053677e-8
-8.5060216539655e-8
-7.70676744544247e-8
-6.983183854230441e-8
-6.327110591325839e-8
-5.7331920988474434e-8
-5.194588999416062e-8
-4.7070565137459645e-8
-4.2648435024472915e-8
-3.864609267495149e-8
-3.501500167175823e-8
-3.1729106235627466e-8
-2.874728070145792e-8
-2.6049439490208782e-8
-2.3600584368006067e-8
-2.138547135660112e-8
-1.937417630717505e-8
-1.7555374683672718e-8
-1.590335139460601e-8
-1.4409948046828851e-8
-1.3052947822065494e-8
-1.1826743296475438e-8
-1.0712031507970833e-8
-9.705253819166043e-9
-8.789540263706791e-9
-7.962971239572645e-9
-7.210713805393932e-9
-6.532153257875191e-9
-5.914167320308196e-9
-5.357173907968558e-9
-4.849492150132552e-9
-4.39235090044656e-9
-3.975288294547987e-9
-3.6001638334218605e-9
-3.2575507296664125e-9
-2.9497926920536357e-9
-2.668345678668366e-9
-2.415918849175322e-9
-2.1847245425054815e-9
-1.9777412453922125e-9
-1.7878326644333137e-9
-1.6181689897345442e-9
-1.4621778496034812e-9
-1.3231586300700288e-9
-1.195029899498988e-9
-1.0811700787724307e-9
-9.75927612857871e-10
-8.827198750924423e-10
-7.962739528698674e-10
-7.200143116075336e-10
-6.49003561326761e-10
-5.866481013863342e-10
-5.283096507938275e-10
-4.77356842849149e-10
-4.2941964131072796e-10
-3.8781365367362356e-10
-3.4841082327338987e-10
-3.1446207953736603e-10
-2.8205889844933126e-10
-2.543788059778977e-10
-2.2771354035522856e-10
-2.051608698428132e-10
-1.8319617419658118e-10
-1.6483302789229447e-10
-1.4671604891097825e-10
-1.3177173192281543e-10
-1.1680139360227488e-10
-1.0464281514824596e-10
-9.22430479776416e-11
-8.23505397338183e-11
-7.20484552505597e-11
-6.399611308984819e-11
-5.540432707436039e-11
-4.88441697830019e-11
-4.164665213281087e-11
-3.6296054560097477e-11
-3.023703876816627e-11
-2.5869044927191425e-11
-2.074467309252911e-11
-1.7180934424994844e-11
-1.283345221336524e-11
-9.939675409198121e-12
-6.254133061579917e-12
-3.9380683774239416e-12
-8.41637893276893e-13
9.461972143113025e-13
3.4820021787268283e-12
4.744477005431403e-12
6.69818035796254e-12
7.38396071030322e-12
8.674341877811525e-12
8.665639081511578e-12
9.13669709110452e-12
8.23107246926937e-12
7.630334292506713e-12
5.516402870386501e-12
3.485593904446014e-12
-2.618711319777255
-2.554897186710723
-2.449997924886683
-2.305396482416029
-2.123467629352775
-1.9069875372455984
-1.6594148607201924
-1.3845986899538962
-1.0869040707095918
-0.7709941331563193
-0.4418856570041934
-0.10476270870981949
0.23500706609934996
0.5720400593095877
0.9009437688842419
1.2164690010326695
1.5135298655117586
1.787340121740353
2.03343818754722
2.2478055571278017
2.426890330255669
2.5677050104963657
2.667843068785494
2.7255533991903613
2.739745335456461
2.7100374313616027
2.6367473164216766
2.5209132096357934
2.3642661228132913
2.169223573044846
1.9388429606700888
1.6767882775398375
1.387264998829269
1.0749621309936916
0.7449706135016729
0.4027047175494856
0.053807658462586276
-0.2959419920958543
-0.640732176519285
-0.9748188043180143
-1.292628479771965
-1.5888596416601906
-1.8585786999987128
-2.0973122390799195
-2.301128984730148
-2.466714789173556
-2.5914335483774824
-2.6733779022434643
-2.7114037750649316
-2.705151770112516
-2.6550522980694944
-2.5623153257103946
-2.4289058225162212
-2.2575025085551403
-2.0514462113214655
-1.8146711384126109
-1.5516312818483882
-1.2672101164104232
-0.9666320610546952
-0.6553580765526995
-0.3389901785802218
-0.023161051355748127
0.2865603237635193
0.5847771472491937
0.8663506921898285
1.1264998667241388
1.3608724642071819
1.5656300554478635
1.7374998626285816
1.8738405924653607
1.9726716142551144
2.0327166461879167
2.053408211994016
2.034907281233976
1.9780821615601472
1.884503333362904
1.7563971086827126
1.5966161199277316
1.4085693791414966
1.1961703066329907
0.9637463570450506
0.7159681650643821
0.45774367153508105
0.19413385504902972
-0.06976184333899978
-0.328895854898565
-0.5783872801079643
-0.8136094247169844
-1.0302952342276652
-1.2246124344665472
-1.3932499130279792
-1.5334713154121724
-1.6431739004288564
-1.7209133043658105
-1.7659290416135511
-1.77813637953923
-1.7581165101226635
-1.7070756918268313
-1.6268026309909829
-1.5195995531104343
-1.3882137042298055
-1.2357489545690827
-1.0655816954945578
-0.881264142169437
-0.6864365609157826
-0.4847340860474894
-0.2797068323596549
-0.07474067040019733
0.1270055031517359
0.32265761300905
0.5096663174111815
0.6858400121053372
0.8493603741166776
0.998791058558549
1.1330710662271892
1.2515029401258166
1.3537288660495717
1.439704215039672
1.509662655875788
1.5640815616385513
1.6036424714269608
1.6291943710398737
1.6417148946346283
1.6422761908071943
1.6320107389517104
1.612082868894075
1.583661408446935
1.5478983204030354
1.5059089212065713
1.458757787771267
1.4074461754880665
1.3529044427603134
1.2959856022152483
1.2374630127918231
1.1780286800349455
1.1182948026766322
1.0587954058933644
0.9999904008764183
0.9422692861543588
0.885956585409989
0.8313165952708286
0.7785593281443061
0.7278455520673588
0.6792926259209523
0.632979324513947
0.5889511809081049
0.547224795441483
0.5077924800330123
0.4706259061709106
0.4356799772732008
0.40289578015748756
0.3722036991660083
0.34352570557112433
0.3167777796919706
0.2918716120234599
0.26871642597106643
0.24722018187217515
0.2272909013613096
0.20883746825528218
0.19177055252088207
0.17600309597950214
0.16145092433913133
0.1480329950261508
0.13567177324693525
0.12429330681939074
0.11382742902579097
0.10420771288768586
0.09537155103242166
0.08726003045405673
0.07981792846679074
0.07299353911384805
0.06673861481625984
0.0610081673794265
0.055760377191842216
0.050956385179531445
0.046560185240097446
0.042538418342121166
0.038860259095469
0.035497219274681725
0.03242303580258046
0.02961348807366831
0.027046291946090893
0.02470093314843837
0.022558569937487595
0.02060188340920774
0.018814990117087725
0.017183309124253834
0.015693484949376876
0.014333270568444469
0.013091460449528025
0.011957788342430416
0.010922869791463043
0.009978113363420365
0.009115671820988755
0.008328365377008647
0.007609640618869999
0.006953504397327923
0.0063544895761789115
0.005807598235977902
0.005308273355871576
0.004852350114304912
0.0044360326713580416
0.004055852464626881
0.0037086493370646805
0.003391535846244697
0.0031018820652826485
0.0028372850409647543
0.002595556677706339
0.0023746975904398167
0.002172887560014147
0.0019884631280232086
0.0018199101843931723
0.0016658447424846682
0.001525007284815691
0.0013962462376122416
0.0012785137583565976
0.0011708514998390622
0.001072387573667343
0.000982324255450569
0.0008999359019969653
0.0008245583023683557
0.0007555873638210939
0.0006924698589988728
0.0006347027274003043
0.0005818250078156846
0.0005334176289043421
0.000489096348981285
0.00044851193179639483
0.00041134394372778775
0.00037730122967513126
0.00034611644132284686
0.0003175467437299479
0.0002913689682235012
0.0002673804932654886
0.00024539493228175273
0.00022524314313218308
0.0002067693752508905
0.00018983237090379964
0.0001743019078308866
0.00016005996275474777
0.00014699759563021578
0.00013501615183361118
0.00012402444244182976
0.00011393996640992253
0.00010468634827807941
0.00009619456562171969
0.00008840061143771094
0.00008124671538555434
0.00007467920301650004
0.0000686497019467758
0.00006311317421867143
0.00005802910066731513
0.00005335966617019983
0.00004907091717819639
0.00004513108252704693
0.00004151170047603163
0.000038186060211618606
0.0000351302958354251
0.00003232193576225073
0.000029740961973205076
0.000027368456260306056
0.000025187623753143308
0.00002318252644252421
0.000021339070533815706
0.00001964381893661026
0.000018084942422953924
0.00001665110383530324
0.000015332373356394193
0.000014119178093997565
0.000013003182019744421
0.000011976295362024113
0.000011031519959081584
0.000010162013551891824
9.361901434653433e-6
8.625391305428672e-6
7.947552194923193e-6
7.32347601878273e-6
6.749024831525594e-6
6.220035643155547e-6
5.733037085886322e-6
5.284494419440789e-6
4.8714967191696805e-6
4.491039307816105e-6
4.1406825792245455e-6
3.817869366678453e-6
3.5205565100566278e-6
3.246564908247212e-6
2.9941849221884362e-6
2.7615570665022497e-6
2.5472523186022906e-6
2.3496815868483874e-6
2.1676519686892437e-6
1.999803293018507e-6
1.8451413394954159e-6
1.702499894449849e-6
1.571051910316749e-6
1.4497956400065015e-6
1.338044680643733e-6
1.2349368630181045e-6
1.1399040882715756e-6
1.052202748718047e-6
9.71364230331324e-7
8.967457304955879e-7
8.279622634932631e-7
7.644568209803674e-7
7.05914682536054e-7
6.518519369607503e-7
6.020128655432798e-7
5.559759077026445e-7
5.135348511257472e-7
4.743213846312904e-7
4.3817079685927844e-7
4.047603132688967e-7
3.73959973720625e-7
3.4548599984574884e-7
3.192374916807984e-7
2.949641168092483e-7
2.725892372324306e-7
2.5189125316056897e-7
2.3281374352667575e-7
2.1515983547714635e-7
1.9888991536087295e-7
1.8382843021330356e-7
1.6994970065168008e-7
1.5709659324905146e-7
1.4525494251867074e-7
1.3428356331589839e-7
1.241777659596439e-7
1.1481020590162786e-7
1.0618395398822386e-7
9.818370680580286e-8
9.081885307284099e-8
8.398459249622076e-8
7.769541927177282e-8
7.185572011225558e-8
6.648407678120988e-8
6.14929353330952e-8
5.690411145963189e-8
5.2637143034571576e-8
4.8716364780493124e-8
4.506757504516607e-8
4.1717029854933893e-8
3.8596072564586344e-8
3.5732381710929395e-8
3.3062228865817526e-8
3.0614299800411445e-8
2.83292616070165e-8
2.6236462494622695e-8
2.4280504101849834e-8
2.2491111729773645e-8
2.0816421812576707e-8
1.9286301519695015e-8
1.7852074635568896e-8
1.6543557200241153e-8
1.531495763223698e-8
1.4195883387368073e-8
1.3143163086101547e-8
1.2186068029316625e-8
1.128381540576017e-8
1.0465237880306219e-8
9.69173770075267e-9
8.991627440691351e-9
8.328315032973854e-9
7.729529081077536e-9
7.160524554430291e-9
6.648396853939328e-9
6.160107140866573e-9
5.722080530302804e-9
5.3028588224251295e-9
4.928169779372052e-9
4.568023409506721e-9
4.247431238073459e-9
3.937770287477145e-9
3.6633235588911642e-9
3.3967434774518124e-9
3.1615774417141196e-9
2.931669782684199e-9
2.729829191536129e-9
2.531015196783411e-9
2.357297529288118e-9
2.184679770516715e-9
2.034494240504828e-9
1.8837218293547055e-9
1.7529597806412182e-9
1.6201028047667318e-9
1.5050151598205496e-9
1.3864439741386238e-9
1.2835212824995833e-9
1.1757860691808097e-9
1.0816363820755107e-9
9.813419601419135e-10
8.92561204226284e-10
7.962313844043254e-10
7.092600763263579e-10
6.131848657220519e-10
5.24143856961661e-10
4.2420170551236615e-10
3.287014259965182e-10
2.201932400105536e-10
1.1373944102386366e-10
1.9174205714534038
1.8545745699286058
1.7526403212708002
1.6130222610242835
1.4392760478847029
1.2350666863905402
1.0052092668512473
0.7547128316299822
0.48929799475714986
0.21473597334603703
-0.06285118421051888
-0.3375054967819666
-0.603241057691501
-0.8544591626093198
-1.0858113784558283
-1.2925320120936277
-1.4703268885144922
-1.6156314215056093
-1.725508953930784
-1.7978408387039582
-1.8312264880392681
-1.8251122284261474
-1.7796903621023659
-1.6959741176388354
-1.5756958077858436
-1.4213352014167029
-1.2360178657554166
-1.023503657632488
-0.7880861971653029
-0.5345472051413599
-0.26805742969452423
0.005898322497462546
0.28161898107548633
0.5532869973918947
0.8150649212901859
1.0612150387880803
1.2861937836229533
1.4847848476921952
1.652188555830003
1.7841598674643697
1.8770872723208978
1.9281245534656457
1.9352511068687401
1.897384134277632
1.8144103263664568
1.6872641317044093
1.517920304466772
1.3094248302373326
1.0658395945658277
0.7922159306259406
0.4944868890710963
0.17937920842805502
-0.1457449155578342
-0.47303393181069586
-0.7943460123415753
-1.1014412650283614
-1.386204211908341
-1.6408623829939115
-1.8582083883194531
-2.0318195394863072
-2.156252122549092
-2.227234379956768
-2.2418056857494637
-2.1984568479726816
-2.0971909703095526
-1.9395906002136427
-1.7287848004640514
-1.4694315528518178
-1.1675860736943773
-0.8305979824484181
-0.4668878842185273
-0.0857707063473047
0.3028404854202698
0.6886624645846418
1.061381523940675
1.4109014850963209
1.7276904586831816
2.003012603901257
2.229242841432486
2.400045928843539
2.510622556850471
2.557804532049644
2.540203683132599
2.4582023041172123
2.313989031736423
2.111438036091457
1.8560318631020678
1.5546391010785487
1.2153406695079139
0.8471311438603738
0.45967926276391485
0.06298993496593473
-0.3328608382263022
-0.7180603390816327
-1.0833068957270238
-1.4200989592658524
-1.720927226828149
-1.979484959501642
-2.1907770791333814
-2.35123183938898
-2.4587146013861916
-2.512537205304825
-2.5133803737020606
-2.463212875736116
-2.365140776939231
-2.223260820090028
-2.042464474938695
-1.8282568251099196
-1.5865471191264149
-1.3234650859209718
-1.045167380576329
-0.7576782778903358
-0.4667342806659109
-0.177667323676477
0.10469999878372045
0.3761208891638641
0.6329761383771833
0.8722919063686267
1.091744515314991
1.2896382293850663
1.4648743956950432
1.616901669246792
1.7456629451756307
1.8515311425251724
1.935246695879001
1.9978503387329405
2.0406214148034874
2.0650161133149645
2.072613547816197
2.065064554549965
2.044049217979681
2.01123835173117
1.9682634659238907
1.9166907879845607
1.8580027970466235
1.79358320858356
1.7247081369472714
1.6525397731212847
1.5781248295508759
1.50239450110737
1.4261678963420272
1.350156086753782
1.274968543409261
1.2011194748850744
1.1290357155519821
1.0590640005639118
0.9914791883658611
0.9264915417713984
0.864254552834743
0.8048716513533464
0.7484032090893746
0.6948723675638443
0.6442710266748214
0.5965646758641686
0.551697327827366
0.509595362974329
0.4701714659188779
0.4333275673979158
0.3989578942835646
0.36695113006465035
0.3371927114930306
0.309566340533234
0.2839556632326426
0.26024526220532107
0.2383218440385377
0.21807482883751897
0.1993971572010294
0.1821855768691815
0.1663411628393058
0.151769383776515
0.1383804115534837
0.12608903360470405
0.11481481237228638
0.10448189514471606
0.09501907018892491
0.08635951318164642
0.07844077537325234
0.07120449551822726
0.06459634615751342
0.058565731815056955
0.053065712173968195
0.04805270096744202
0.04348637917748456
0.039329404221204345
0.03554732202955558
0.03210829253256623
0.02898300630974581
0.026144429757406593
0.023567729705612436
0.02123003978945668
0.019110394800490368
0.017189518501142226
0.015449768358424506
0.013874944191274123
0.012450243190821789
0.011162088259011882
0.009998092751122598
0.00894690706146338
0.007998192252015812
0.00714248329929415
0.0063711706386329016
0.0056763784545569435
0.005050953129396711
0.004488355000076126
0.003982652719995672
0.0035284269908157197
0.0031207699046538373
0.002755199270748237
0.002427662084474094
0.0021344581921833522
0.0018722471230344026
0.0016379799616067683
0.0014289088703636152
0.0012425261628996283
0.0010765759340844929
0.0009289994432736036
0.0007979483528201453
0.0006817356381877482
0.0005788500119097328
0.0004879116753024359
0.0004076875733766458
0.0003370513905389397
0.0002749993423118216
0.00022061389527944594
0.0001730798540446465
0.0001316513542815372
0.00009566804866106016
0.00006452498194601889
0.00003768871829867287
0.000014669759692008036
-4.961510233104836e-6
-0.000021600157756540097
-0.00003559103597694506
-0.00004725212043181509
-0.000056859201092125914
-0.00006466744215276638
-0.00007089648443824918
-0.00007575042031530849
-0.00007940334617406486
-0.00008201791831048219
-0.0000837313823729232
-0.00008467285449244709
-0.00008494984423490477
-0.00008466438673276813
-0.00008390006737566397
-0.00008273711479026939
-0.00008123992889929067
-0.00007947123093293316
-0.00007748009130067822
-0.00007531522107787612
-0.00007301349212031784
-0.00007061244437179482
-0.00006813928760101612
-0.00006562269018202688
-0.00006308224957049856
-0.000060539620712917484
-0.00005800844075719856
-0.00005550484877365466
-0.00005303784908997676
-0.000050619268406094284
-0.0000482545414541584
-0.00004595214673414835
-0.00004371479783897062
-0.000041548394818698306
-0.000039453604410715965
-0.000037434360364583254
-0.00003548981591880146
-0.00003362242320892963
-0.0000318302415890015
-0.000030114623433460973
-0.000028472862274302027
-0.00002690550983825595
-0.000025409348429218803
-0.000023984361865854203
-0.000022627017057060092
-0.000021336909582233463
-0.0000201103399668486
-0.00001894665294236513
-0.000017842094511739848
-0.000016795862409213186
-0.000015804230640611783
-0.000014866327309563311
-0.000013978513914460248
-0.000013139905495425283
-0.00001234699256111857
-0.000011598917422108537
-0.000010892327201016822
-0.000010226419236706962
-9.59801419605785e-6
-9.006382546457509e-6
-8.448527333888591e-6
-7.923802917003556e-6
-7.4293975021959975e-6
-6.964754601076138e-6
-6.527245917340279e-6
-6.11640532228366e-6
-5.729783170095734e-6
-5.367001975932092e-6
-5.025783695215783e-6
-4.705835729110451e-6
-4.405043139823172e-6
-4.123193093978228e-6
-3.858324399997625e-6
-3.6102980257036636e-6
-3.3772967362603545e-6
-3.159248884510183e-6
-2.9544712993311247e-6
-2.7629531418468074e-6
-2.5831355453042436e-6
-2.415061954288004e-6
-2.25728834912675e-6
-2.10990613588701e-6
-1.97157710177606e-6
-1.8424345983570628e-6
-1.721237670469582e-6
-1.6081559717478725e-6
-1.5020377889880436e-6
-1.4030838457031143e-6
-1.3102242076531306e-6
-1.2236858650911116e-6
-1.142473754137138e-6
-1.066836760090269e-6
-9.958483243772444e-7
-9.297752783919546e-7
-8.677537276840685e-7
-8.100649070729435e-7
-7.559022433470286e-7
-7.055582167270493e-7
-6.582787013424067e-7
-6.143646245888545e-7
-5.73109871736737e-7
-5.348213523617008e-7
-4.988369323103169e-7
-4.6546734440776293e-7
-4.3409077826095794e-7
-4.050199101128367e-7
-3.7766993921206434e-7
-3.523538583118494e-7
-3.2852087510448964e-7
-3.0648289986487375e-7
-2.857204322683529e-7
-2.665431054770403e-7
-2.484602530149615e-7
-2.317782186740074e-7
-2.1603294544721828e-7
-2.0152663754369532e-7
-1.878198341188124e-7
-1.7520989297452276e-7
-1.632801263564737e-7
-1.5232246518900812e-7
-1.4194134292094198e-7
-1.3242279403512523e-7
-1.233908751262466e-7
-1.1512535159604408e-7
-1.0726854320472003e-7
-1.0009365798231091e-7
-9.326004267522637e-8
-8.703413269688435e-8
-8.109117649483471e-8
-7.56906845461982e-8
-7.05227809466771e-8
-6.583995277804124e-8
-6.134626242519791e-8
-5.7287120866597966e-8
-5.337967058171016e-8
-4.986223221687237e-8
-4.646424067444623e-8
-4.3416943979138855e-8
-4.046134443855692e-8
-3.782166118577739e-8
-3.524979435791714e-8
-3.296299853496583e-8
-3.072345087504306e-8
-2.874152133599682e-8
-2.67890857978078e-8
-2.5069720378714392e-8
-2.336445791944306e-8
-2.187017773592791e-8
-2.037655858075722e-8
-1.9073881663910417e-8
-1.775998547720527e-8
-1.6618648719131596e-8
-1.545540229557842e-8
-1.4447609772781456e-8
-1.3408039560271901e-8
-1.2507713557919383e-8
-1.1566188093270457e-8
-1.0748196394003815e-8
-9.879630385607505e-9
-9.118959385751555e-9
-8.297946452708187e-9
-7.568784136897128e-9
-6.768618779216151e-9
-6.043304140041901e-9
-5.23484494999568e-9
-4.482630750344827e-9
-3.6329477941434083e-9
-2.8185395647841614e-9
-1.8896718062493966e-9
-9.76902820150293e-10