0.0005719082972869985
0.0022871727791836617
0.005136412887864912
0.009108609881539447
0.014185614400768362
0.020345993514945555
0.027562417139689016
0.03580383700725278
0.04503395454140429
0.05521268899701513
0.06629523660343377
0.07823310968615901
0.09097360734122288
0.10446053547350946
0.11863401226397596
0.13343091568881146
0.1487849908231351
0.16462704347913668
0.18088533791679975
0.19748554141569505
0.21435141237505378
0.2314044930584127
0.24856509420147146
0.26575172853450557
0.2828824011328561
0.2998737731286913
0.3166427683207779
0.33310545402156955
0.34917897455496355
0.3647801340950947
0.3798276670033781
0.39424050563152685
0.40794039620406225
0.4208498328204205
0.43289502591857776
0.44400348214430424
0.45410733044873547
0.4631405261927127
0.47104253775125765
0.4777551523461108
0.48322652379245906
0.48740755731947677
0.49025631698015754
0.4917339673948792
0.49180953758165097
0.4904553994362926
0.48765238358041146
0.4833847777406064
0.47764578987005485
0.470432054555812
0.4617494392304881
0.4516070532449075
0.44002339431031223
0.42701986255155494
0.41262724600896694
0.3968787501757808
0.37981682283605817
0.3614857174511968
0.3419386581433291
0.32122996199622383
0.2994225440580131
0.27657962852914436
0.2527725909789492
0.228072291216088
0.2025572455732222
0.17630461508489417
0.1493986951129603
0.12192159171222405
0.09396200970342404
0.065605648419391
0.03694426334372607
0.008065810509907385
-0.020936248251269225
-0.04997302447377237
-0.0789506877163605
-0.10778074103386164
-0.1363703307255307
-0.16463269016017176
-0.1924773094761556
-0.21982051787545168
-0.24657554607491639
-0.2726632143466315
-0.29800191723774677
-0.32251838144726863
-0.3461375985323346
-0.36879361381969333
-0.3904194291820872
-0.4109577821092397
-0.43035103762018323
-0.44855191558046226
-0.4655133884965811
-0.48119931501031143
-0.49557435843626535
-0.5086144846909448
-0.5202969145904623
-0.530610444928463
-0.5395454455646284
-0.54710396299013
-0.5532897714361638
-0.5581182196945539
-0.5616063447702115
-0.5637824260953982
-0.5646761718640116
-0.5643279512879443
-0.5627790686550479
-0.5600806545410717
-0.5562840509165466
-0.551449355736005
-0.5456359529167568
-0.5389107196880006
-0.5313387456792256
-0.5229912261454293
-0.5139364219405114
-0.5042472714849038
-0.4939926456779849
-0.48324471531419594
-0.4720705508398332
-0.4605392793730639
-0.44871406904305144
-0.4366591018861271
-0.4244319681134218
-0.4120904701113016
-0.3996854359314988
-0.38726735798550216
-0.37487961991290003
-0.3625649635762823
-0.35035911120385244
-0.33829704742247724
-0.32640701023003643
-0.3147165715724211
-0.3032469664010458
-0.292018955425377
-0.28104746068352104
-0.2703471967923589
-0.2599275831650882
-0.2497981343442769
-0.2399636222232822
-0.23042922094266727
-0.2211958963240424
-0.2122653055969227
-0.2036353950758541
-0.19530505917627594
-0.1872699307500852
-0.17952680719725805
-0.1720696206271631
-0.16489364131608628
-0.15799161694452743
-0.15135776525195624
-0.1449840730745129
-0.1388640909375218
-0.1329893835922035
-0.12735313961843875
-0.1219467657552176
-0.11676332451190509
-0.11179426491889782
-0.10703270079690601
-0.10247027071644628
-0.09810026905754722
-0.0939146280319117
-0.08990691306011878
-0.08606941973014988
-0.0823960443826782
-0.07887948888802299
-0.07551401670072136
-0.072292758353935
-0.06921036264597775
-0.06626039578682959
-0.06343789682499244
-0.060736863438380626
-0.05815272020589746
-0.05567988411363971
-0.05331415382336438
-0.05105034806131558
-0.048884623633838394
-0.046812179975742836
-0.04482951330872053
-0.0429321807442273
-0.0411169976693395
-0.03937985492110549
-0.037717866213141535
-0.03612723202018051
-0.034605343623310816
-0.033148687461531684
-0.031754912170651114
-0.030420767270154057
-0.029144139397370723
-0.027922019300546694
-0.026752513323355768
-0.025632832766920813
-0.024561286557851177
-0.02353528712170855
-0.022553330068641932
-0.02161301078739459
-0.020712996904739576
-0.019851049861831033
-0.019025995845744464
-0.018235746648256435
-0.017479274728825347
-0.016754627679374762
-0.01606091305717897
-0.015396300787675166
-0.014760023402272207
-0.014150360704468764
-0.013566661061061271
-0.0130073026347818
-0.012471741407335098
-0.011958443244324844
-0.011466964374699058
-0.01099584850083578
-0.010544745521112623
-0.010112267829616413
-0.009698153146538647
-0.00930107406798279
-0.008920850962672013
-0.008556208732653885
-0.008207045844389492
-0.007872132145683365
-0.007551440224668292
-0.007243777996870673
-0.006949188727030992
-0.006666511952662044
-0.006395858661220964
-0.006136093952620015
-0.0058873940382105925
-0.005648643864198711
-0.00542008278948119
-0.005200610194512299
-0.004990526902557429
-0.004788741583908924
-0.004595615209957604
-0.004410060830391026
-0.004232498592023145
-0.00406184121630314
-0.003898567375545699
-0.003741584929267818
-0.0035914307298102284
-0.0034470033881940482
-0.0033088978796708716
-0.0031759993023940942
-0.003048960971747904
-0.002926650307561599
-0.0028097794447964363
-0.00269719403664446
-0.0025896657689582487
-0.0024860144966743374
-0.002387072430995891
-0.002291629634416209
-0.002200580053874914
-0.0021126799844402035
-0.0020288865492877235
-0.001947918302968138
-0.001870797210990389
-0.0017962000996680052
-0.001725215665242012
-0.0016564749876048796
-0.001591135602273714
-0.0015277787788189133
-0.0014676332196386663
-0.0014092262596014874
-0.0013538603145802374
-0.0013000045855228782
-0.0012490379682489612
-0.0011993672416914262
-0.0011524507697704299
-0.0011066285186486784
-0.0010634415328615308
-0.0010211584587739141
-0.0009814064619367469
-0.0009423782321233922
-0.0009057907285228404
-0.0008697559043120094
-0.0008360844222968484
-0.0008028025623887234
-0.0007718188442526075
-0.0007410687676885784
-0.0007125631123952029
-0.0006841413074060492
-0.0006579210529821441
-0.0006316402191342688
-0.000607528352734466
-0.0005832160648984604
-0.0005610499495904465
-0.000538547433273356
-0.0005181776415719038
-0.0004973386500689257
-0.00047862789511088767
-0.000459317679770061
-0.0004421398358291814
-0.0004242342014822682
-0.00040847340624250005
-0.00039185784454748475
-0.00037740767621944303
-0.00036197657029091293
-0.00034873929325534826
-0.00033439518753334977
-0.0003222810607450877
-0.0003089339905737978
-0.00029786063345803846
-0.0002854275093229172
-0.0002753193203520789
-0.00026372336216069585
-0.0002545109857152379
-0.00024368120289899861
-0.0002353010403942689
-0.00022517175396879235
-0.0002175655155752932
-0.00020807591863154247
-0.00020119021222859526
-0.00019228396562027606
-0.0001860699199168043
-0.00017769478018805232
-0.0001721076991987896
-0.00016421517604321798
-0.00015921422235463175
-0.00015175926312764143
-0.00014730716760465358
-0.00014024786661659354
-0.00013631066239957096
-0.00012960799290855714
-0.000126154771736425
-0.00011977233873357319
-0.0001167750277928614
-0.00011067883982995204
-0.00010811199748341349
-0.00010227025594136865
-0.00010011088483071281
-0.00009449378915471116
-0.00009272116529855178
-0.00008730073284955579
-0.00008589624947528476
-0.00008064614875934952
-0.00007959317371386948
-0.00007448856984864248
-0.00007377231553393847
-0.00006878972690569698
-0.00006839713177004174
-0.00006351429692107883
-0.00006343391762572713
-0.000058629671483348014
-0.000058851584933377684
-0.00005410574356977333
-0.000054621458071029775
-0.000049914711241216533
-0.000050717086109848624
-0.0000460308968788539
-0.00004711406988305541
-0.00004243058070271896
-0.00004378990277719103
-0.0000390918474269582
-0.00004072382414087355
-0.000035994444988124116
-0.00003789668430357102
-0.00003311965438168811
-0.000035290820269919326
-0.000030450169711422068
-0.00003288994124152596
-0.000027969987632271964
-0.000030679023177095126
-0.000025664305437851755
-0.000028644211675159357
-0.000023519427094826017
-0.00002677273251572994
-0.000021522676596574697
-0.000025052809252982944
-0.000019662318042938742
-0.000023473587301306725
-0.00001792748191633705
-0.00002202506399889153
-0.000016308097056211237
-0.00002069802418176779
-0.000014794827878086911
-0.000019483980827181623
-0.000013379016420930979
-0.00001837512037484075
-0.000012052628835396504
-0.000017364252352154288
-0.00001080820596320049
-0.000016444762972456214
-9.638817677102969e-6
-0.000015610572391220753
-8.538020687369554e-6
-0.000014856095336611489
-7.499819533177689e-6
-0.000014176204852865373
-6.518630508291284e-6
-0.000013566198912524124
-5.589248286320712e-6
-0.000013021769677703085
-4.706815028311605e-6
-0.000012538975203813488
-3.8667917763888675e-6
-0.000012114213398236017
-3.0649319367107164e-6
-0.000011744197985644971
-2.2972561026616566e-6
-0.000011425931676990085
-1.5599912199876103e-6
-0.000011156384218255335
-8.471565028576321e-7
-0.000010913493848625963
-0.00005719248218630844
-0.0002283445972364346
-0.0005049792217665657
-0.0008772138927860237
-0.0013292129399857771
-0.001842559565651663
-0.002394934414494713
-0.002961456775913457
-0.0035152594493425096
-0.0040272480951995685
-0.004468430626082784
-0.004807898104275594
-0.00501704647355024
-0.00506541097165669
-0.004927012346651515
-0.004573623718100732
-0.003983522336353124
-0.003131767630947359
-0.0020016787156602197
-0.0005717331293689523
0.0011698712402743788
0.003242038697174272
0.00565273409202821
0.008419814058383818
0.01154908131713276
0.01505936237598744
0.01895621908692341
0.02326147489769269
0.027982151143599046
0.033144627931414775
0.03875840227896001
0.04485507464103851
0.051446578050631186
0.058569203696039206
0.06623601963878727
0.0744861811737917
0.08333133644175884
0.09281049947426863
0.10293031867837732
0.11372581200048093
0.1251944441142163
0.13736302532171168
0.15021559810370527
0.16376677900204356
0.17798349239949593
0.19286498678632444
0.20835847438484584
0.224445982982032
0.24105396827586228
0.2581470756313327
0.27563179293200346
0.29345709983569024
0.3115122270052485
0.3297340696328701
0.34799911708205306
0.36623740717927866
0.38431868989205975
0.40217260291678986
0.41966913516576193
0.4367446168266757
0.45327655564709396
0.4692149619509032
0.48445164778119676
0.49895635707467323
0.5126406510511657
0.5254982936516963
0.5374639019359949
0.548557052038951
0.5587359531311942
0.5680447892649062
0.5764627766117166
0.5840543349279125
0.5908140016988708
0.5968191214486407
0.602071204848815
0.6066509200455622
0.6105565869035489
0.6138613378812076
0.6165495165400965
0.6186759348490566
0.6202009927963227
0.6211519853718734
0.621457769820827
0.6211120605233987
0.6200084344701605
0.6181054863329559
0.6152628719241362
0.6114080695655516
0.6063740081328785
0.6000669907702442
0.5923062404414806
0.5829922991516613
0.571948569970663
0.5590892427579228
0.5442626611631658
0.5274176011280364
0.5084481070244206
0.487356830813746
0.46410092793456625
0.43875121195892747
0.4113388199647496
0.3820091733309964
0.3508694103802108
0.3181365390793217
0.2839860334990962
0.2486940372559592
0.21248792953785223
0.17568287851476258
0.1385354911717425
0.10137532013003876
0.06446283496801168
0.02811659244149068
-0.007423324143568255
-0.041871853511015106
-0.0750291761561074
-0.10666060049943954
-0.136619947967823
-0.16473269092081222
-0.19091240088309583
-0.21504732122878292
-0.23711010206614883
-0.2570481724948549
-0.27488720023389795
-0.2906256991298034
-0.30433274689555406
-0.31604723262787127
-0.3258703622925491
-0.33386984852081736
-0.34016766550121147
-0.3448493462364916
-0.34804735219263466
-0.3498555040374098
-0.3504082350507875
-0.3498000623182952
-0.34816091379788927
-0.3455804588504052
-0.34217964391806877
-0.3380396457768677
-0.3332697194642435
-0.32794051052317846
-0.32214830640882663
-0.3159524383941903
-0.3094360280573297
-0.30264721824823315
-0.29565651365589996
-0.28850159712808815
-0.2812413732457379
-0.27390414673842683
-0.2665384874305058
-0.2591645684546164
-0.2518219781866428
-0.24452403567041023
-0.2373026795247384
-0.23016559563354624
-0.2231383144546752
-0.21622400138688758
-0.20944289276912523
-0.20279461254304268
-0.19629507400848464
-0.18994119774877813
-0.18374540143360843
-0.177702603806778
-0.17182241899053297
-0.16609833997211612
-0.16053774737056492
-0.15513317357391154
-0.14989022910025201
-0.14480085555008462
-0.1398692657628193
-0.1350871002231428
-0.1304574703490142
-0.12597193904617643
-0.12163274977217195
-0.11743155765636958
-0.11336992053239645
-0.10943971248812528
-0.1056419468846768
-0.10196880941233774
-0.09842087722854902
-0.09499071360005303
-0.09167854169690878
-0.08847734771448326
-0.08538706254520223
-0.08240112491405327
-0.07951921909642312
-0.07673525407644026
-0.07404870067305981
-0.07145394705176877
-0.06895027403956612
-0.06653255149696614
-0.06419988622687516
-0.061947627754331984
-0.059774719044034995
-0.05767698414822223
-0.05565320792557671
-0.05369968181275313
-0.05181503486403632
-0.049996017589301396
-0.04824110289324163
-0.04654749150985621
-0.04491349779872645
-0.04333676380353862
-0.04181544134390286
-0.04034760514262259
-0.03893123922266313
-0.03756484289570407
-0.03624622612122677
-0.03497430543453597
-0.03374670963830442
-0.03256276598281785
-0.03141991432747044
-0.03031788707691982
-0.02925392676059235
-0.028228166386618885
-0.02723764223137653
-0.026282884405634175
-0.025360713513619487
-0.024472054342562263
-0.023613501932112285
-0.022786374408495198
-0.021987030891000542
-0.021217182601822364
-0.02047294191996749
-0.019756414017034787
-0.019063453239558315
-0.018396560656712628
-0.01775132080344791
-0.017130633687432523
-0.016529801746980977
-0.015952128058390747
-0.015392620149708701
-0.014854989383792892
-0.014333935010336385
-0.013833582983007858
-0.013348310322567438
-0.01288266496476628
-0.012430687138484903
-0.011997355242784745
-0.011576357507028163
-0.011173112369595626
-0.01078094017456706
-0.010405710077511277
-0.010040357938654307
-0.009691215420755331
-0.009350816551992007
-0.009025968416180603
-0.008708785074312254
-0.008406563084296215
-0.008110977578761254
-0.007829829799169302
-0.0075543361220918965
-0.00729281885869634
-0.007036014893426463
-0.006792785193336214
-0.0065533654630064355
-0.006327174136994549
-0.006103923055093715
-0.0058936081851554
-0.005685393774270012
-0.0054898746747007576
-0.005295642721345235
-0.005113914321388376
-0.004932682936158116
-0.004763810554653884
-0.00459466510993321
-0.004437779596004131
-0.00427986801514434
-0.00413416122834469
-0.003986689601257985
-0.003851410208425175
-0.003713638711387222
-0.0035880882781332713
-0.0034593273762550023
-0.0033428567322834235
-0.0032224636450783727
-0.003114469504773675
-0.003001844916121208
-0.0029017667360386108
-0.0027963517314738566
-0.0027036687889877577
-0.002604942004688882
-0.002519170681807038
-0.002426645649914067
-0.0023473369088362335
-0.002260559585995515
-0.002187296621875329
-0.0021058430871331198
-0.0020382391470826267
-0.0019617134582903344
-0.0018994098139675166
-0.0018274420105929303
-0.0017701060749097865
-0.0017023503179083314
-0.0016496738946163954
-0.0015858067326476072
-0.00153750439073572
-0.001477223144455833
-0.0014330307080346074
-0.0013760519641106076
-0.001335725110185498
-0.001281783317021915
-0.0012450962737060023
-0.0011939424315457433
-0.0011606867696927147
-0.0011120872087875663
-0.0010820707209208617
-0.001035805961438743
-0.0010088516216321143
-0.0009647153090013114
-0.0009406603085801
-0.000898458219450625
-0.0008771530728512083
-0.0008367021862766284
-0.0008180099032707379
-0.0007791375324726946
-0.0007629328512788684
-0.0007254758316148567
-0.0007116445094506839
-0.0006754484386385089
-0.0006638865955011356
-0.0006288051220431668
-0.0006194186344895878
-0.0005853127910510928
-0.0005780167325105416
-0.0005447543107119698
-0.000539472435316327
-0.0005069273989672873
-0.0005035916661565639
-0.00047164360001291636
-0.0004701937370313669
-0.0004387273285066055
-0.0004391104287115683
-0.00040801497989284563
-0.00041018513429417466
-0.00037935410202021556
-0.0003832720622076052
-0.00035260262407260667
-0.0003582354944347825
-0.0003276281385019475
-0.00033494909610762486
-0.0003043072326365604
-0.00031329527291534094
-0.0002825248660932441
-0.0002931645727326018
-0.0002621737911697519
-0.00027445512929887467
-0.00024315401300831408
-0.0002570721439510986
-0.00022537228721557023
-0.00024092740338116473
-0.00020874165134413878
-0.00022593883098054744
-0.00019318098911398897
-0.00021203006881105163
-0.00017861462414022521
-0.00019913008926859065
-0.00016497194161102944
-0.0001871728327764012
-0.00015218703581683273
-0.00017609687146720785
-0.00014019838170445525
-0.00016584509560200949
-0.00012894852909556463
-0.00015636442217246326
-0.00011838381731148717
-0.00014760552338360014
-0.00010845410961638228
-0.0001395225740748043
-0.00009911254535709693
-0.00013207301702416555
-0.00009031530909885085
-0.00012521734415636547
-0.00008202141529927811
-0.00011891889326658897
-0.00007419250763812176
-0.00011314365896695548
-0.00006679267158987564
-0.00010786011657299895
-0.00005978825983563554
-0.00010303905852928961
-0.000053147729237368704
-0.00009865344235251747
-0.0000468414886342948
-0.00009467824890486919
-0.000040841756853664116
-0.00009109035111914917
-0.00003512242998425351
-0.00008786839150909047
-0.000029658957584132864
-0.00008499266873880491
-0.00002442822680212411
-0.00008244503195103259
-0.000019408453991167906
-0.000080208782285956
-0.000014579079635829378
-0.00007826855098242793
-9.920429335461812e-6
-0.00007660827969016118
-5.398285761596256e-6
-0.00007508955203936402
0.0008154467488348377
0.0032607282192745465
0.007314449867808754
0.012951662092643944
0.020131374551476587
0.028805929163769284
0.03891484464593406
0.050390998562647595
0.06315643698088387
0.07712775729299683
0.09221247179879807
0.1083144398081822
0.1253300745216405
0.14315427518319185
0.1616760054772902
0.18078502541233757
0.200366481904371
0.2203086694693237
0.2404963410212304
0.2608196871121157
0.2811661219343789
0.30143064432509253
0.32150588954349835
0.3412940145167486
0.36069483507016425
0.3796193615247638
0.39797586799214824
0.4156851938813892
0.4326646206762167
0.4488450521394286
0.4641526073590838
0.4785277978709673
0.491904783750531
0.5042326770020628
0.5154524469200866
0.5255204903680635
0.5343832077941297
0.5420029850800441
0.5483304859067739
0.5533331796849069
0.5569654043191127
0.559199545983472
0.5599939170696259
0.559326646198307
0.5571613920257915
0.5534839405627882
0.5482657434381416
0.5415031528025028
0.5331787419961617
0.5233030462604351
0.5118736040248204
0.49891902365913354
0.48445568176354703
0.468533908248615
0.45119229655639304
0.43250579256174976
0.4125376078769867
0.3913890087421997
0.36914887067168795
0.3459449848966502
0.32189134224112365
0.29714079981248465
0.2718302272467015
0.24613440062568626
0.22020918180794802
0.19424652897516753
0.16841591013596713
0.14292034189104366
0.11793626372370809
0.0936705402127298
0.070299044740684
0.04802458454013381
0.027014459117440562
0.007459287527673792
-0.010490186862244465
-0.026663378537432267
-0.04093354670703413
-0.05315720632946826
-0.06323807240842634
-0.07106564420749142
-0.07657921473362343
-0.07970570792677784
-0.08042360666705844
-0.07870015670119945
-0.07455510205487961
-0.06799738938607533
-0.05908861438005526
-0.04787935909534829
-0.03447224427715673
-0.01895801286246498
-0.0014780592585562624
0.017839653047131004
0.038818737267520005
0.06129855735508556
0.08507320559960388
0.10995568149588374
0.13571783288984446
0.16215440847229992
0.189024039141255
0.21611296329878008
0.24317705132840595
0.27000492471812765
0.2963609530684268
0.32204742270474235
0.346848382769383
0.37059048580325743
0.3930875427765259
0.4141996691707405
0.433778434857684
0.45172400631804327
0.46793084221778364
0.4823426169084279
0.49489850312957645
0.5055857769545627
0.5143868259619765
0.5213294503754263
0.5264348177580438
0.5297655694631956
0.5313749948358917
0.5313531124553625
0.5297773493233847
0.5267567878712317
0.5223846094424648
0.5167806847910664
0.5100459851269075
0.5023036565122232
0.4936555292021494
0.48422176822953944
0.4740995366176585
0.4634012676601108
0.45221547091956477
0.4406436347452931
0.4287631124742435
0.41666264060600855
0.4044072084498676
0.39207216820372837
0.3797099731343059
0.367382858078684
0.35513132576972833
0.34300538631808525
0.3310346745117537
0.3192582509151584
0.30769624117987665
0.2963782164576438
0.28531625605515126
0.2745319387647055
0.26403074061472587
0.2538276802648019
0.24392297301349322
0.2343263821044941
0.22503405806785284
0.21605165367481122
0.20737228403736813
0.19899846635978247
0.19092114117204723
0.1831404994178785
0.17564600902248426
0.16843619171139823
0.16149960209437492
0.15483361536816126
0.14842630849299157
0.14227431796146686
0.13636557465309784
0.13069628843987652
0.1252544900794885
0.1200361967879454
0.11502971617390395
0.11023104419380347
0.10562888770047255
0.10121934350830017
0.09699159766582079
0.0929419317613334
0.0890600585456106
0.08534249914188566
0.0817795161447789
0.07836790308200868
0.07509847759428187
0.07196832233580415
0.06896880229128645
0.06609729429846593
0.06334569397174955
0.06071166917821318
0.05818762340419573
0.055771506809613326
0.05345620418540448
0.05123993564076971
0.04911603855092162
0.04708298848898588
0.04513454574928784
0.04326942581180821
0.04148178214318532
0.03977055426899518
0.038130259602085256
0.03656004608692818
0.03505476678027061
0.033613763020632195
0.03223219638823563
0.030909587431366604
0.02964138046460769
0.028427262048013636
0.02726293484376632
0.02614823929050804
0.025079113428978016
0.024055540537502744
0.023073672460868354
0.022133625368525915
0.02123174467966312
0.020368270571447612
0.019539723085222945
0.018746458546243502
0.017985153866539334
0.0172562746343992
0.016556637998952062
0.01588681284776245
0.015243740966725962
0.01462808944432044
0.01403691005216426
0.013470963791990068
0.012927398636613272
0.012407065971460868
0.011907196974140744
0.011428730592488032
0.010968968924493769
0.010528936320045913
0.010105994153896937
0.00970125063686852
0.009312115350262606
0.00893977940382053
0.008581690025161253
0.008239120805401144
0.00790954650927592
0.007594323304503675
0.007290943778573755
0.007000847255798638
0.006721534775413661
0.006454529859026831
0.006197332920702626
0.005951553158695227
0.005714681533935523
0.005488414821463787
0.0052702259068577425
0.0050619014471253035
0.004860887795492019
0.0046690641887415976
0.0044838421178261855
0.00430719647925947
0.004136495662506469
0.003973813677421693
0.003816467629684672
0.003666634464874248
0.003521571845898838
0.003383563840426515
0.0032498005020380454
0.003122677569742196
0.00299930928361846
0.0028822079652607606
0.002768403769650135
0.002660530876822677
0.0025555269897995256
0.0024561537898796643
0.002359248038236345
0.0022677049331921717
0.0021782516540006518
0.002093923309437765
0.0020113286804320962
0.0019336495666763336
0.0018573673311822027
0.0017858176402991695
0.001715345190771468
0.0016494470970164004
0.0015843218866434944
0.0015236361219483504
0.00146343237675741
0.001407555091632953
0.0013518807960309807
0.001300440684767573
0.0012489348184845574
0.0012015904833374829
0.0011539204872072241
0.0011103580229534804
0.0010662174745781933
0.001026148253756158
0.0009852547354308168
0.0009484133777025829
0.0009105065190519693
0.0008766490286195018
0.0008414887106968884
0.0008103907691008101
0.0007777554752613907
0.0007492108741372598
0.0007188961756683357
0.0006927153798957804
0.0006645325449895965
0.0006405413740986059
0.0006143160896082442
0.0005923545078422985
0.0005679257050073719
0.0005478467112768506
0.0005250654857882113
0.0005067340953598635
0.0004854627142132249
0.00046875502328972855
0.0004488660118552061
0.0004336683406410103
0.0004150436417932769
0.00040125174651419414
0.0003837819474269783
0.00037130029854388544
0.0003548839184456826
0.00034362503775625447
0.00032816787162700595
0.0003180517241084796
0.00030346623861707126
0.00029441967470135834
0.00028062445051415196
0.00027258069464893486
0.0002594999124802597
0.0002523980939892597
0.00023996106020003982
0.00023374578345729317
0.0002218864922263114
0.00021650744257479832
0.00020516417105477788
0.00020057575392663234
0.00018969068815188065
0.0001858516985644863
0.00017537058747444834
0.00017224390799003685
0.00016211574298010303
0.0001596680673254225
0.00014984478503566662
0.00014804636574029668
0.00013848257272644867
0.0001373069907174499
0.0001279597074299293
0.00012738366232523948
0.00011821208538774512
0.00011821520416611104
0.00010918048492739276
0.00010974514839377726
0.00010081018647618466
0.00010192137183102325
0.00009305062258202075
0.00009469576057938115
0.00008585505497593217
0.00008802390158889364
0.00007918027711442347
0.000081864797737243
0.00007298634025183418
0.00007618060592508304
0.00006723630026806932
0.0000709363953147475
0.00006189598486165744
0.00006609992453249709
0.000056933778259395194
0.00006164143664770127
0.000052320423081527535
0.00005753346977067146
0.00004802883749217794
0.00005375068313327094
0.00004403394624201426
0.00005026969584466031
0.000040312524942534783
0.00004706893885797449
0.00003684305614275209
0.00004412851852168314
0.00003360559669828934
0.00004143009034000085
0.00003058165529609823
0.000038956743213818265
0.00002775407900470059
0.000036692892037840276
0.000025106948789396848
0.000034624179226281344
0.000022625482881411524
0.0000327373836624072
0.000020295947564075613
0.0000310203368090714
0.000018105574106992103
0.00002946184538144425
0.000016042482940175087
0.000028051619801605452
0.000014095612506628384
0.000026780209222500444
0.000012254654263972067
0.00002563894023169146
0.000010509992078972826
0.000024619861658142013
8.852645901456837e-6
0.00002371569275466702
7.274219968589525e-6
0.0000229197762299132
5.766854496186646e-6
0.000022226034231203755
4.323179937960425e-6
0.000021628919428720537
2.9362037782346848e-6
0.000021122809851705406
1.5947652475634196e-6
0.000020666230849574535
0.0006538375900857586
0.002614920474468606
0.0058741631106644975
0.010420607203968736
0.016235409371480377
0.023295216553483912
0.031568164900496076
0.04101594280867349
0.051589863598960284
0.06323303703001479
0.07587586511692729
0.08943916255352906
0.1038287485408147
0.11894022956007183
0.13465246465698472
0.1508346577770119
0.16733848900107517
0.18400808140680155
0.20067054682917979
0.21714927692201255
0.23325256688603013
0.24879053889482292
0.26356140181506194
0.27737216681102406
0.2900220000529234
0.30132675941333076
0.31109882495259844
0.3191753946437661
0.3253941533062539
0.32962522948523393
0.3317420975994118
0.33165712196048636
0.32928717807369934
0.3245927860404784
0.3175380731208414
0.30813360993777505
0.2963904972614422
0.2823671407368715
0.26611740648029336
0.2477416787227515
0.22732916915261306
0.20501367664688694
0.18091023881225363
0.15517604200088744
0.12794166373985727
0.09937756223952365
0.06962017741198577
0.038844367470982195
0.007184621305191013
-0.025186285641195908
-0.058140755905797016
-0.09151134405078105
-0.12517874871622073
-0.1589804087316674
-0.19280295575420164
-0.22648458678027722
-0.2599120122713127
-0.29291693622071013
-0.3253776501224566
-0.3571101310394374
-0.38797454556215505
-0.4177616356839147
-0.44630448360144953
-0.4733609642788279
-0.4987311507622038
-0.5221366400700124
-0.5433439222268148
-0.562041310525752
-0.5779684410992126
-0.5907913549375194
-0.6002380428641172
-0.6059719511643079
-0.6077331634320609
-0.6052102692007723
-0.5981864185706935
-0.586409150853351
-0.5697402170621974
-0.5480226642141102
-0.5212330418018795
-0.48934482536275475
-0.4524814486832681
-0.4107750699391731
-0.36451883840732163
-0.3140200932885191
-0.25975041221441164
-0.20219261307165612
-0.1419874611541959
-0.07977432819030991
-0.016333954692376248
0.04757671084203461
0.11108562442803423
0.17337531392650793
0.23354705491436495
0.2907929360113511
0.34426161313230436
0.39323002495780446
0.4369688012172036
0.4749105688995618
0.5065130371845654
0.5314209810297504
0.5493254407214422
0.5601171060510466
0.5637409181691301
0.5603396087963496
0.5501041144750436
0.5334072376195855
0.5106514247102635
0.48239363557998327
0.44919292648999676
0.41172839111982457
0.3706494238792333
0.3266888830290834
0.2805188159522335
0.23286078610611557
0.1843492904529562
0.13564061155574467
0.08728532452802475
0.03983628243806124
-0.006269288106377616
-0.05060278266773234
-0.09285281167099795
-0.13271983357751835
-0.17001625127022002
-0.20456363082679685
-0.23628538603638596
-0.26510757953698616
-0.29104531447625426
-0.3141079787788995
-0.33438033519225946
-0.3519328278091956
-0.3668981511838831
-0.3793869648610286
-0.3895604952727235
-0.3975517530493801
-0.4035345218439415
-0.4076499749557069
-0.41007225428386784
-0.4109402470277995
-0.4104198593755656
-0.4086406364437098
-0.40575478210913146
-0.4018782742451259
-0.39714666268953136
-0.3916603334283178
-0.38553711898652093
-0.37886138685984105
-0.37173351041563973
-0.36422248860917966
-0.35641234333525423
-0.34835801233168173
-0.34012875606887794
-0.33176709943851773
-0.3233293451401009
-0.31484737003122654
-0.3063663515583568
-0.2979092506483299
-0.2895118630235818
-0.2811898422376414
-0.2729711892217919
-0.2648656869689452
-0.25689494012392367
-0.2490641075191
-0.241389599812969
-0.23387300823726764
-0.22652656290082543
-0.21934916630449197
-0.2123497085337123
-0.20552512282737215
-0.19888164692683782
-0.19241482563089105
-0.18612880037573754
-0.18001819056683163
-0.17408548626100986
-0.16832474634335412
-0.16273716211960312
-0.15731651625927576
-0.1520629782728699
-0.1469702736726069
-0.1420377657516424
-0.13725928969630521
-0.13263356882362926
-0.12815467346219792
-0.12382081383741651
-0.11962638845388433
-0.11556919013253598
-0.1116440134052089
-0.10784830478091732
-0.10417730331430032
-0.10062816099135867
-0.0971965951727072
-0.09387950001419612
-0.09067309392509985
-0.08757403814904634
-0.08457906672749912
-0.0816846237431174
-0.0788879675457498
-0.07618533367514412
-0.07357450930365261
-0.07105152449243843
-0.06861469693774323
-0.06625984995035544
-0.06398583167575962
-0.061788254003269295
-0.059666494469334315
-0.05761594618367758
-0.05563651463570249
-0.05372336465325623
-0.0518769283173779
-0.05009213093346483
-0.04836993023608452
-0.04670499933326239
-0.045098821356018094
-0.043545803326511694
-0.04204795439095876
-0.04059940054585767
-0.03920267859203589
-0.03785161761894176
-0.03654928485129271
-0.035289195724439636
-0.03407495186500223
-0.03289973748824657
-0.03176769387270407
-0.03067165565188192
-0.029616310322592463
-0.02859412378682787
-0.02761033768029885
-0.02665702922888338
-0.025740003511297245
-0.024850928320958508
-0.02399618289184123
-0.02316700399147193
-0.0223703571535779
-0.021597025657481686
-0.02085457493392607
-0.020133311404238477
-0.019441415470580647
-0.018768692378242642
-0.018123954073491846
-0.0174964793114091
-0.016895729679918814
-0.01631043108540671
-0.015750714405128822
-0.01520472524182271
-0.01468328499059236
-0.014173930342364971
-0.013688196050356455
-0.01321298007624032
-0.01276055501966724
-0.012317149024021791
-0.011895798708998291
-0.011482029977770331
-0.011089671371638573
-0.010703512731542518
-0.010338204194102264
-0.009977764249014753
-0.009637696123352616
-0.009301210128267878
-0.008984695950476029
-0.008670517283439257
-0.008375985571990534
-0.008082577764029238
-0.007808564351784064
-0.007534493643257734
-0.007279634520707673
-0.0070235629071931744
-0.006786587539823216
-0.006547266277204036
-0.0063269913712266515
-0.006103254912077827
-0.005898578596135554
-0.005689338925755776
-0.005499235323644767
-0.005303476672487557
-0.005126990840816061
-0.004943764747272482
-0.004780007953105494
-0.004608428654578802
-0.004456573973980577
-0.00429581410332776
-0.004155092315976812
-0.004004378883543268
-0.0038740746471857294
-0.003732685289850924
-0.0036121335737883398
-0.0034793930533095897
-0.0033679758156793015
-0.0032432527476686287
-0.0031403958391201894
-0.003023099640903407
-0.0029282699208180037
-0.0028178479595961053
-0.0027305506101616907
-0.0026264855397373677
-0.0025462615642395264
-0.002448068838697562
-0.002374492734504426
-0.002281718284372626
-0.0022143958744996364
-0.0021266139362062808
-0.002065180353888387
-0.0019819914410507825
-0.0019261092538094562
-0.001847138261892609
-0.00179649572806334
-0.0017213901607904412
-0.0016756996085872042
-0.0016041279208709803
-0.0015631242412616501
-0.0014947742881908316
-0.0014582135368362487
-0.0013927911228631773
-0.0013604492210305943
-0.001297676741221079
-0.0012693482706869006
-0.0012089634384860515
-0.0011844605242402253
-0.0011262151790619236
-0.0011053664540881826
-0.0010490254437869227
-0.0010316750904066573
-0.0009770152220764088
-0.0009630220848528641
-0.000909831141047456
-0.0008990679075433334
-0.0008471437206019308
-0.0008394961640966963
-0.0007886457473381637
-0.0007840120296382269
-0.0007340507583812581
-0.0007323407873611626
-0.0006830916280706755
-0.0006842264664411636
-0.0006355192496572421
-0.000639430573728517
-0.000591101307679808
-0.0005977309104893983
-0.0005496211320414183
-0.0005589204711749049
-0.0005108766311725912
-0.0005228064150616377
-0.0004746792961561264
-0.0004892091104657508
-0.0004408532729579741
-0.0004579612410018814
-0.0004092344973785059
-0.0004289069759009159
-0.00037966988794397574
-0.00040190119431061895
-0.0003520165946625881
-0.00037680876423339165
-0.0003261412970508333
-0.00035350386974824133
-0.0003019195507264676
-0.0003318693843000816
-0.00027923517722493754
-0.0003117962869329464
-0.00025797969592962895
-0.0002931831184030408
-0.00023805179314246487
-0.0002759354745356195
-0.00021935682802114623
-0.00025996553413037857
-0.00020180637143682483
-0.00024519161929210985
-0.00018531777509695456
-0.00023153778589798192
-0.00016981377059970587
-0.0002189334418899076
-0.00015522209472886077
-0.00020731299242919408
-0.00014147514002792907
-0.00019661550851969264
-0.0001285096285370026
-0.00018678441942981004
-0.00011626630704791955
-0.00017776722535538697
-0.00010468966393191343
-0.00016951523100572507
-0.00009372766277755413
-0.00016198329669705786
-0.00008333149533251012
-0.00015512960695905807
-0.00007345534942245113
-0.0001489154553910402
-0.0000640561928852047
-0.00014330504438662026
-0.00005509357177503136
-0.00013826529865007265
-0.000046529420807329745
-0.00013376569231884157
-0.00003832788715107781
-0.00012977808734739314
-0.00003045516464219621
-0.00012627658328496724
-0.00002287933275505507
-0.00012323732972046632
-0.000015569828613005213
-0.00012063535841638888
-8.473227839926647e-6
-0.00011825356898310719