-2.7754053412302588e-11
-1.951574241453482e-9
-1.512079826409167e-8
-6.315804016857548e-8
-1.9271930983246978e-7
-4.79675950856879e-7
-1.0379795003826285e-6
-2.026385448473493e-6
-3.65741610740286e-6
-6.204164546800952e-6
-0.00001000949066380568
-0.000015492467337310828
-0.000023157625646453667
-0.000033600483665316636
-0.00004751640548733154
-0.0000657045198911588
-0.00008907557754866228
-0.00011865349733182716
-0.00015558154824000405
-0.00020112081576814954
-0.0002566541475323635
-0.00032368104323568443
-0.0004038191014890095
-0.0004987951923902656
-0.0006104445942481331
-0.0007406987437608776
-0.0008915827710991618
-0.0010652005322527222
-0.0012637317206103664
-0.0014894151444827684
-0.0017445468905169675
-0.0020314628093355135
-0.002352539240626894
-0.002710175355726947
-0.0031067976974251286
-0.0035448424183205612
-0.004026764385469886
-0.004555018540164172
-0.005132073677187453
-0.005760391280843089
-0.006442443452715518
-0.0071806868111944965
-0.00797758354554645
-0.008835567437765942
-0.009757066758267879
-0.010744459262312512
-0.011800095649508447
-0.012926240526055115
-0.014125095412236176
-0.015398723128987843
-0.01674906981826949
-0.018177870981165047
-0.01968667264996091
-0.021276718366073862
-0.022948970514269813
-0.02470397889585814
-0.026541904328934354
-0.02846237115491191
-0.030464496526182973
-0.032546731134248226
-0.03470689906873537
-0.036942033110291615
-0.039248431442815875
-0.04162149570481582
-0.04405581182107334
-0.04654500021921888
-0.04908182818220474
-0.05165808174147231
-0.054264715827467724
-0.05689175597389499
-0.05952848992062994
-0.06216340427692309
-0.06478441717250548
-0.06737885065605839
-0.06993369893087287
-0.07243563211117705
-0.07487128929656502
-0.07722730427262302
-0.0794906081618563
-0.08164846375566151
-0.08368875971424457
-0.08560003835757325
-0.0873717631133913
-0.08899432532812347
-0.0904592691671552
-0.09175926636391808
-0.09288828777534835
-0.09384154042089476
-0.0946155815457893
-0.09520821876760861
-0.09561856955431171
-0.09584693146962268
-0.09589479605208166
-0.09576470073329166
-0.09546021002423602
-0.09498576272610412
-0.09434663440645423
-0.09354879269472405
-0.09259885327041942
-0.09150395271460765
-0.09027170634248692
-0.08891010327022963
-0.08742746961736315
-0.08583238548484733
-0.08413365269143923
-0.08234022952515901
-0.0804611993702904
-0.07850571723599666
-0.0764829749132416
-0.07440215358562853
-0.07227238237804456
-0.07010269334545284
-0.06790197272378222
-0.06567891737329298
-0.06344198074129238
-0.06119933242455611
-0.05895880291510383
-0.05672784959585012
-0.054513505229070475
-0.0523223540894022
-0.05016048878162464
-0.04803349945458906
-0.04594644218795868
-0.04390384272569757
-0.04190967783845902
-0.03996739327561666
-0.038079897689105836
-0.03624959297150111
-0.0344783788883204
-0.032767692923360264
-0.031118522893805258
-0.02953145295427406
-0.028006681173477186
-0.026544068398386522
-0.02514315794478649
-0.023803224450391246
-0.022523293312365623
-0.021302187295949987
-0.020138543976837033
-0.019030858571151867
-0.01797749827807321
-0.016976740449445235
-0.01602678329117415
-0.015125779032778116
-0.014271840890429882
-0.013463071303306371
-0.01269756537548661
-0.011973434519351058
-0.011288806788359427
-0.010641846426341866
-0.010030751600193476
-0.009453770422927778
-0.00890919661973451
-0.008395382597918635
-0.007910733555351896
-0.0074537181346114876
-0.007022861429452223
-0.006616753701672951
-0.006234042673924111
-0.005873440719299085
-0.0055337167581103585
-0.005213702260843873
-0.004912282999190331
-0.004628404138264716
-0.004361062031941437
-0.004109308623005483
-0.003872243421383045
-0.0036490173822610683
-0.003438825163426413
-0.0032409086113453756
-0.0030545493599822547
-0.002879072022689965
-0.002713837168604088
-0.002558244292970605
-0.002411725187350872
-0.0022737467416048063
-0.0021438047095555086
-0.0020214263811904488
-0.0019061647350524789
-0.0017976010083606473
-0.001695339220294454
-0.0015990086598353128
-0.0015082587595134263
-0.0014227615151478652
-0.0013422066868899773
-0.0012663041611332654
-0.0011947794543146356
-0.0011273760246342487
-0.0010638510536654967
-0.0010039777138269978
-0.0009475412031068978
-0.0008943409732000131
-0.0008441869933424702
-0.0007969019434712184
-0.0007523176841246468
-0.0007102774187519287
-0.0006706323477415783
-0.0006332438039992491
-0.0005979800703301934
-0.000564718492541533
-0.0005333424405675096
-0.0005037434035783954
-0.00047581807636034646
-0.00044947044119293797
-0.0004246089620500475
-0.0004011486583167991
-0.00037900839034751333
-0.00035811293041506677
-0.00033839032404026195
-0.0003197739638943094
-0.000302200012092084
-0.0002856094830950622
-0.00026994571284485026
-0.00025515645703710714
-0.00024119139356198398
-0.00022800424283868947
-0.00021555029052491075
-0.00020378853692264352
-0.0001926792273303138
-0.0001821860378497602
-0.00017227360107735843
-0.00016290973597048826
-0.00015406295681972046
-0.00014570475516628118
-0.00013780708016528006
-0.0001303446808907383
-0.0001232925462968797
-0.00011662831660681543
-0.00011032967110568586
-0.00010437681768627808
-0.0000987498166669776
-0.000093431157967398
-0.00008840300903893368
-0.00008364988956618479
-0.00007915583143053013
-0.00007490716128237936
-0.00007088956023038451
-0.00006709096511006711
-0.00006349851530207558
-0.000060101584032263875
-0.00005688859937864997
-0.00005385021748681506
-0.000050976004414257596
-0.00004825776373123454
-0.00004568606538828285
-0.00004325374080076181
-0.00004095224439420029
-0.00003877532994790349
-0.000036715229882447716
-0.000034766527358759436
-0.000032922137722356056
-0.000031177391626891754
-0.00002952580233160323
-0.000027963375947229656
-0.000026484147501546817
-0.000025084735289851852
-0.000023759627772518326
-0.000022505999959771913
-0.00002131873228346334
-0.000020195507957042323
-0.00001913154396753288
-0.000018124989433237274
-0.00001717134779065582
-0.00001626919732482879
-0.000015414282472332
-0.000014605578930994508
-0.000013839030763397293
-0.000013113983805920674
-0.000012426543930625305
-0.000011776403874358045
-0.000011159796597462579
-0.000010576742147066937
-0.000010023568532175813
-9.500606828314525e-6
-9.004250365781237e-6
-8.535127978108072e-6
-8.089670568498009e-6
-7.668794210903157e-6
-7.26894131383274e-6
-6.891307202926174e-6
-6.532321133589341e-6
-6.193452029708533e-6
-5.871092500577535e-6
-5.5669815840346686e-6
-5.277452690298802e-6
-5.004513514590732e-6
-4.7444164530553995e-6
-4.499438309649254e-6
-4.265729200438916e-6
-4.045837298008114e-6
-3.835789548899525e-6
-3.638409480764229e-6
-3.4495801953321384e-6
-3.272406224617146e-6
-3.102606215213799e-6
-2.9435729633554543e-6
-2.7908399718413878e-6
-2.6480971380011152e-6
-2.510671919035322e-6
-2.3825617007116316e-6
-2.2588666528615255e-6
-2.1439035780429526e-6
-2.032523650728122e-6
-1.9293765568392692e-6
-1.829042182590485e-6
-1.73651811314821e-6
-1.6460899498122558e-6
-1.5631197613608912e-6
-1.4815750470675466e-6
-1.4072005425142436e-6
-1.3336208920412683e-6
-1.2669833166113752e-6
-1.200543800892578e-6
-1.1408735546876785e-6
-1.08083293080173e-6
-1.0274403692133736e-6
-9.73132332620859e-7
-9.253995370505553e-7
-8.762248900031033e-7
-8.335983062994462e-7
-7.890179438537378e-7
-7.510017975713107e-7
-7.105304233297593e-7
-6.766808269363092e-7
-6.398813223792275e-7
-6.09801004122559e-7
-5.762793802744299e-7
-5.496129676829735e-7
-5.190138376605323e-7
-4.954436367275299e-7
-4.6744615571510613e-7
-4.466883769722755e-7
-4.2100259672215813e-7
-4.0280397690275755e-7
-3.7916757376432855e-7
-3.6330235534156296e-7
-3.4147769054086484e-7
-3.2774492049223006e-7
-3.0751639769306194e-7
-2.957375122693353e-7
-2.7690920167217424e-7
-2.669258688115079e-7
-2.493193687152154e-7
-2.409915614324418e-7
-2.2444407224014212e-7
-2.1764834774850455e-7
-2.0201093460952342e-7
-1.966388990803485e-7
-1.8177492533485612e-7
-1.7773186752535772e-7
-1.6351557846755697e-7
-1.607192522765614e-7
-1.4703449526962902e-7
-1.4541403782128257e-7
-1.321531006608702e-7
-1.3164807248028545e-7
-1.1871063011388463e-7
-1.1927016598805895e-7
-1.0656232383434042e-7
-1.0814438167074282e-7
-9.557780130027915e-8
-9.814850197610668e-8
-8.563960419182245e-8
-8.917265213136406e-8
-7.664188565561863e-8
-8.111806372128989e-8
-6.848923286829454e-8
-7.389596520421907e-8
-6.109561009849876e-8
-6.742658425035647e-8
-5.438340651992652e-8
-6.16382546285365e-8
-4.8282582047816944e-8
-5.646661017181992e-8
-4.272989739932182e-8
-5.185386427903911e-8
-3.7668222222358955e-8
-4.774816130167364e-8
-3.3045913766002135e-8
-4.410299575281496e-8
-2.8816255952260092e-8
-4.087668794518263e-8
-2.493695463909534e-8
-3.803191697276054e-8
-2.136968452268925e-8
-3.553529884975855e-8
-1.8079678885427e-8
-3.335700870449877e-8
-1.5035360736227112e-8
-3.147044247610915e-8
-1.2208011793293634e-8
-2.985191322641414e-8
-9.57146974145558e-9
-2.848037829752961e-8
-7.101858097154583e-9
-2.73371811489821e-8
-4.7772272937362435e-9
-2.640494379231022e-8
-2.5702511945577495e-9
-2.5611033617049848e-8
-1.582580148132409e-11
-1.363532476319967e-9
-1.063122032899505e-8
-4.529447973432984e-8
-1.4145086101297293e-7
-3.6244070923301494e-7
-8.098803129097497e-7
-1.6385221853237332e-6
-3.07128031661787e-6
-5.421591096942097e-6
-9.111995043998596e-6
-0.000014704056267375282
-0.00002291834618264723
-0.00003467047056583863
-0.000051088572572350165
-0.00007355257386137326
-0.00010370390569928883
-0.0001434841227388765
-0.00019513091337748786
-0.0002612122289721371
-0.000344603103300798
-0.000448512651206074
-0.0005764380026214976
-0.0007321839482897116
-0.0009197931579208981
-0.001143561466296041
-0.001407946880584988
-0.001717586716309462
-0.002077190798423423
-0.0024915689114551427
-0.00296551512632051
-0.0035038544894214234
-0.004111324903252839
-0.004792650230314289
-0.005552423478787255
-0.006395209693407058
-0.00732542977352503
-0.008347491340838011
-0.009465667196562715
-0.010684246771049172
-0.012007398019045608
-0.013439327065655452
-0.01498410816216826
-0.01664583557891974
-0.01842840382370336
-0.02033563434333149
-0.02237098814253635
-0.02453765104329969
-0.026838163774084413
-0.029274454092497768
-0.03184737609561962
-0.03455668619995356
-0.037400494565872605
-0.0403751952620322
-0.04347484849792729
-0.04669109296468728
-0.050012497071391555
-0.05342450165372578
-0.05690879891336957
-0.06044337273107698
-0.064001980918771
-0.06755437285561851
-0.07106595803015062
-0.07449828045595201
-0.07780894835568512
-0.0809524265631091
-0.0838802745921398
-0.08654227978607516
-0.08888700396182618
-0.09086322411463993
-0.09242072685480521
-0.09351195846985695
-0.09409294259409473
-0.0941249808189511
-0.09357551746791597
-0.09241969155911113
-0.09064094866917512
-0.08823223901163867
-0.08519619162789957
-0.08154578952383498
-0.07730397903637304
-0.07250372940790985
-0.0671870425630621
-0.06140440819174073
-0.055213288327517714
-0.048677087951936454
-0.04186328998244773
-0.03484214981918892
-0.02768472462521514
-0.020461545705524598
-0.013240803349322343
-0.0060872413592258775
0.0009392797872731711
0.007784484080088203
0.01440060005207975
0.0207465732611831
0.026788438717585752
0.032499067612523566
0.037858063860223376
0.042851157024159404
0.047469767497420684
0.05171020809839466
0.05557309097957467
0.05906250504994887
0.06218542193414174
0.06495098186036624
0.06737000827561707
0.06945447777554595
0.07121719250669865
0.07267144994001826
0.0738308677330644
0.0747092228518547
0.07532038770191747
0.07567828358474228
0.07579687357641005
0.07569017237974263
0.0753722470132948
0.07485723755044457
0.07415933333320902
0.07329277833667866
0.07227181000332535
0.0711106415338402
0.06982336639002025
0.06842392309318175
0.06692597801735758
0.06534288484071696
0.0636875613413744
0.06197245640680625
0.06020943479599194
0.05840976162593351
0.0565840047035549
0.05474204184361414
0.05289298537603941
0.051045213172366925
0.04920631561823722
0.04738314779302529
0.04558179618651945
0.0438076474149052
0.04206537034270262
0.04035899592850141
0.038691909953269425
0.03706693875612094
0.03548634811113792
0.03395193036893035
0.03246500581196309
0.03102650774197655
0.029636983593988902
0.02829667556697729
0.027005519700651848
0.025763220593036026
0.024569247432305815
0.023422902111577413
0.022323311818631137
0.021269490427982093
0.02026032768235436
0.019294644130462234
0.018371177209060993
0.01748863023230873
0.01664565583308717
0.015840899631801738
0.01507298155449834
0.01434053484870163
0.013642185792839765
0.0129765887118049
0.012342404550864723
0.011738332496767019
0.011163087827704902
0.010615430682091328
0.01009414352667461
0.009598057545895695
0.009126030000994732
0.008676968644985949
0.00824980918168297
0.00784353804840177
0.007457170127218897
0.007089770182494327
0.00674043092812101
0.006408293360399454
0.006092525244375575
0.005792340543482378
0.005506978355819233
0.00523572160966671
0.004977876454754737
0.0047327903669369484
0.004499831979850394
0.004278408720951042
0.004067947053702348
0.003867909751429947
0.0036777765085940113
0.003497060945964356
0.0033252915413458637
0.0031620284502533774
0.003006844699772549
0.0028593429021839256
0.0027191366509646594
0.002585867199379175
0.002459184994621299
0.002338766389807494
0.0022242952494518063
0.0021154797610356494
0.0020120340436073775
0.0019136951233712704
0.0018202044754376812
0.0017313252276139478
0.0016468235643445238
0.0015664862223487444
0.0014901016849059665
0.0014174780336673363
0.0013484238602847346
0.0012827665394525398
0.001220332783812008
0.0011609674048130517
0.0011045134354374228
0.0010508314469956303
0.0009997791625035988
0.0009512314003441119
0.0009050590988515268
0.0008611499597460259
0.0008193868030873841
0.0007796689859749411
0.0007418900045971877
0.0007059597665671632
0.0006717813543279295
0.000639274232426329
0.0006083500841909618
0.0005789370385030789
0.0005509544883083709
0.0005243384255188251
0.0004990151463285787
0.00047492778665684024
0.00045200881592136807
0.00043020786987061645
0.0004094629294424715
0.00038972955329349355
0.0003709506340014333
0.00035308713698762196
0.00033608632191941976
0.0003199141000172289
0.00030452160293264834
0.00028987927644028396
0.00027594167351982003
0.00026268340843663607
0.0002500620445424698
0.0002380560393987873
0.00022662559126489102
0.00021575271300685006
0.00020539989385998794
0.0001955524475921071
0.000186174838951265
0.0001772554588972091
0.00016876045707828232
0.00016068110600663918
0.0001529849720468992
0.00014566603888004447
0.00013869304112259744
0.00013206252695456477
0.00012574416783581378
0.00011973695104976411
0.00011401126910141548
0.00010856844279841426
0.00010337938290889001
0.00009844765640468222
0.0000937445011974707
0.00008927566006384847
0.00008501251674885466
0.00008096293512911321
0.00007709827215251084
0.00007342847284958084
0.0000699247014066845
0.00006659895795773876
0.0000634220541166201
0.00006040803208276858
0.00005752719547153926
0.000054795627909223314
0.00005218297321647337
0.00004970736783492285
0.000047337646319073074
0.00004509402070235578
0.000042944368437403214
0.00004091101098583951
0.00003896072127175124
0.00003711797485436861
0.00003534829271473531
0.00003367835942149581
0.00003207229554139881
0.000030559060133731826
0.000029101222929923888
0.00002773009312963195
0.000026406536690535184
0.00002516429886147044
0.000023962385419086307
0.000022837074149147585
0.00002174535002939122
0.000020726130094240052
0.00001973421315492938
0.000018811272711839093
0.000017909750521589203
0.00001707420473242736
0.00001625454288238067
0.000015498346542254843
0.000014752804911742593
0.000014068673488486204
0.0000133902313247345
0.000012771569599645703
0.000012153856967173934
0.00001159469425694728
0.000011031930357467464
0.000010526862320806138
0.000010013799783617352
9.557935215526835e-6
9.0898091475858e-6
8.67872256072857e-6
8.251204878777114e-6
7.880892790352466e-6
7.4900506233914205e-6
7.156892700168541e-6
6.799150660887439e-6
6.499874122563904e-6
6.171980448129419e-6
5.903628124419956e-6
5.602623399216491e-6
5.362524494887975e-6
5.085713945290943e-6
4.871458238526116e-6
4.6163860257439075e-6
4.425799816359264e-6
4.190226211793187e-6
4.021350972184843e-6
3.8032312380494175e-6
3.6543043329744724e-6
3.4517698687047273e-6
3.321206975169722e-6
3.1325479105793896e-6
3.018927076858476e-6
2.842576631509077e-6
2.744624238825285e-6
2.5791443895818155e-6
2.495722034739167e-6
2.339790842516086e-6
2.2698839762399953e-6
2.12228328528514e-6
2.0649902463432255e-6
1.9245952646306558e-6
1.8791183416759243e-6
1.7448878378631198e-6
1.7105245563932934e-6
1.581491832937104e-6
1.5576271928497501e-6
1.4328916269585027e-6
1.418991472374018e-6
1.2977116191618883e-6
1.2933164046756818e-6
1.1747025424836656e-6
1.1794218272521039e-6
1.0627299689114471e-6
1.0762375049062067e-6
9.607634816446683e-7
9.827930030030852e-7
8.678670365326072e-7
8.982081805518593e-7
7.831901996088455e-7
8.216853898864577e-7
7.059601319233243e-7
7.525012802507885e-7
6.35474286879095e-7
6.900004185383521e-7
5.710938964780325e-7
6.335888909927281e-7
5.122381533695011e-7
5.827285805213632e-7
4.5837845750025334e-7
5.369324055580148e-7
4.090339151206707e-7
4.957592590842535e-7
3.6376650010545385e-7
4.5881001453278586e-7
3.2217730565975604e-7
4.257238789216218e-7
2.839025485718938e-7
3.9617458112970216e-7
2.486106638140847e-7
3.6986750349985025e-7
2.1599880098112733e-7
3.465369938552921e-7
1.8579047537050494e-7
3.2594327954959405e-7
1.5773285469330785e-7
3.0787090677613536e-7
1.3159447605705155e-7
2.921259568870476e-7
1.0716326056419396e-7
2.78534570412973e-7
8.42445374000659e-8
2.6694092220658317e-7
6.265940336145696e-8
2.5720585687297996e-7
4.224200276871632e-8
2.4919732185675334e-7
2.2775252933047566e-8
2.4228738151988136e-7
1.6108679549052402e-10
1.147536511003288e-8
8.825440986696403e-8
3.679856317890806e-7
1.116409462400072e-6
2.7637487644768226e-6
5.936965927725192e-6
0.000011501186442486658
0.000020571748115439785
0.00003456265809275998
0.000055173840760973634
0.00008445135623170158
0.00012474645941654462
0.00017879435658260236
0.0002496435756754375
0.0003407611773459267
0.00045593240056380374
0.0005993998725190634
0.0007757337430190021
0.0009900101352638385
0.0012476506861650344
0.001554641355662466
0.0019173377095415597
0.0023427199302027014
0.0028381570452233307
0.00341168858073415
0.00407173816011234
0.004827407747838542
0.005688129379034202
0.00666395513891627
0.007765135686557062
0.009002388439252997
0.01038639316135304
0.011928022412302923
0.013637747698180937
0.015525820025596878
0.017601584730796184
0.019873605713473363
0.022348892733682933
0.025032970222683824
0.0279290272295546
0.031037940279059026
0.034357363122613574
0.037881722901573586
0.041601274754589385
0.0455021020268864
0.049565170538340975
0.05376637765653381
0.05807565375125168
0.062457122246326734
0.06686831180412121
0.07126050915723577
0.07557816310078658
0.07975953046675763
0.083736367211712
0.08743497865447977
0.0907762960068043
0.09367743593348153
0.09605224356534403
0.0978134345241811
0.09887364001604404
0.09914814087510956
0.09855637379757429
0.09702517232020318
0.09449059023370777
0.09090144790490007
0.08622121287449504
0.0804315296259976
0.0735337899575141
0.06555222539600358
0.05653472817373683
0.04655503655510381
0.03571235895301566
0.02413220991827461
0.011964467494019367
-0.0006174609831226069
-0.01342034489361213
-0.02623373889257806
-0.03883538925352132
-0.05099542967650149
-0.06248311198974336
-0.07307208114483496
-0.08254774399726494
-0.09071282986122221
-0.0973944744011802
-0.10244909532395167
-0.10576817583469388
-0.10728148016879518
-0.1069606221713041
-0.10481984431285335
-0.10091676068041443
-0.09535030993791185
-0.08825852520890687
-0.07981377750790687
-0.07021795557711646
-0.05969563198720931
-0.04848751303629301
-0.03684256168153418
-0.025010884198274654
-0.013236031127661191
-0.0017485462072112552
0.009240408385036454
0.019543816471353764
0.0290030253298992
0.037490202233975624
0.04491002594368155
0.05119970919689952
0.05632828814515709
0.060294545568486645
0.06312442378826413
0.06486750659938209
0.0655933115579718
0.06538712145718767
0.06434594803642987
0.0625744521388122
0.06018124424114778
0.057275448041067156
0.05396377952138372
0.05034806460830108
0.04652329127687574
0.04257615660707528
0.038584074678020344
0.03461464847656188
0.03072547286038799
0.026964321483657946
0.023369515432104544
0.019970580471886896
0.016788945648048084
0.013838843600261004
0.011128138104042899
0.0086592874670872
0.006430153901019186
0.00443490727090687
0.0026647253019671715
0.0011085683873854936
-0.00024627250271190066
-0.0014135569759683596
-0.002407707637048922
-0.003243345260434889
-0.003935047461455003
-0.004497019135891465
-0.004942972060592555
-0.005285904478024191
-0.005538072903740834
-0.005710853745401705
-0.005814780114078561
-0.005859461087191761
-0.00585366039587556
-0.005805253354837211
-0.005721329274453176
-0.005608170855289108
-0.005471367022120562
-0.005315803956357945
-0.0051457792437272385
-0.004964997342261315
-0.004776679273547024
-0.004583558112522071
-0.004387980943644383
-0.004191901971669901
-0.003996975213248289
-0.003804544196214281
-0.003615725012767613
-0.003431392440563157
-0.003252253692881632
-0.003078831298210022
-0.0029115282736060454
-0.002750608348102231
-0.0025962534632214917
-0.0024485420125991324
-0.0023074996130543536
-0.002173076021386487
-0.0020451900778328284
-0.0019237058955923398
-0.001808472794916045
-0.0016993012708683588
-0.0015959986353154562
-0.0014983451723033368
-0.0014061261021126137
-0.001319108242122161
-0.0012370688104746247
-0.001159772828920738
-0.0010869991973345443
-0.001018519006852059
-0.0009541192410164657
-0.0008935821122885333
-0.0008367066831197351
-0.0007832892936309357
-0.0007331433444624277
-0.0006860808491416396
-0.0006419305793877691
-0.0006005207484530193
-0.0005616956852938998
-0.0005252996371199667
-0.0004911921114926888
-0.0004592327729778287
-0.0004292955690242254
-0.0004012546875765902
-0.0003749975653336411
-0.000350411866464184
-0.0003273974578429382
-0.00030585436615317987
-0.0002856937933784348
-0.0002668270076470813
-0.00024917546310146
-0.00023266057950451652
-0.00021721302312626158
-0.0002027633318473381
-0.00018925040634209934
-0.00017661293930270962
-0.00016479716013912424
-0.0001537490296238109
-0.00014342127730298688
-0.00013376632403250423
-0.00012474264777838446
-0.00011630839930852255
-0.00010842712770464846
-0.00010106205689250644
-0.00009418120032212086
-0.00008775226872900191
-0.00008174719814050868
-0.0000761376634105837
-0.00007089904181482131
-0.00006600650845616596
-0.00006143845491564924
-0.00005717314567198664
-0.000053191609321581065
-0.00004947483647557088
-0.00004600615941061804
-0.000042768974762044825
-0.000039748624613754076
-0.00003693062932096681
-0.000034302081725177676
-0.00003185037824715007
-0.00002956413440362457
-0.000027432404835019428
-0.000025445126808941377
-0.000023592822283577953
-0.000021866573760608764
-0.000020258202902837843
-0.000018759782289683886
-0.000017364286531448475
-0.00001606464137964936
-0.000014854846197836857
-0.000013728560062383202
-0.00001268069444285575
-0.00001170553589462385
-0.00001079881023326787
-9.955338085594173e-6
-9.17157426338042e-6
-8.44279139846598e-6
-7.766098777643554e-6
-7.13714784192339e-6
-6.553638369094632e-6
-6.011536346561874e-6
-5.509076214524589e-6
-5.042480952282691e-6
-4.610471746032086e-6
-4.20947756854792e-6
-3.838664967500101e-6
-3.494623529607616e-6
-3.176929644865605e-6
-2.8822929117469926e-6
-2.610669471338935e-6
-2.358852423304494e-6
-2.1271519554334e-6
-1.9124117552502204e-6
-1.7152748440861394e-6
-1.5326057182545727e-6
-1.365362455185093e-6
-1.2104028918465903e-6
-1.06898595420811e-6
-9.379376531457797e-7
-8.188069120117878e-7
-7.083643294677167e-7
-6.084400403424044e-7
-5.157274854245676e-7
-4.3233260208913176e-7
-3.548506099600055e-7
-2.856595412259429e-7
-2.2123653868527618e-7
-1.6423067272039608e-7
-1.1098206655601905e-7
-6.441081262205519e-8
-2.0701892652355025e-8
1.6951496792625195e-8
5.253743261700585e-8
8.258584109015563e-8
1.1127510075777894e-7
1.3485365164291397e-7
1.5770734929957096e-7
1.7579592986368398e-7
1.9373027660157878e-7
2.0717404103976607e-7
2.209800111126202e-7
2.305065731581401e-7
2.4086601341457795e-7
2.4710067305577303e-7
2.546004129280957e-7
2.5807978486802756e-7
2.6322434826294644e-7
2.644075607862122e-7
2.676298585101532e-7
2.669090115440058e-7
2.685800971171893e-7
2.6628928946351056e-7
2.6672655720385543e-7
2.631491631471023e-7
2.626235270497703e-7
2.5799945283496705e-7
2.5674170501185184e-7
2.512730514452919e-7
2.494795753640066e-7
2.4333581280816706e-7
2.411730251742942e-7
2.3449544049426137e-7
2.3210438288166816e-7
2.2500986537387927e-7
2.2250925947696146e-7
2.150935818786421e-7
2.1258363907409908e-7
2.0492485197686696e-7
2.0248976590714328e-7
1.946501658387631e-7
1.92360162861885e-7
1.8438876441215412e-7
1.8230298709064207e-7
1.7423729904428934e-7
1.724049083898454e-7
1.642728448358495e-7
1.6273462933794734e-7
1.545551382708031e-7
1.5334527907340253e-7
1.4513101193910796e-7
1.4427835156410636e-7
1.3603538258772792e-7
1.3556330810881725e-7
1.27292062857208e-7
1.272205968679914e-7
1.1891761737707448e-7
1.1926380816442997e-7
1.1092158212298542e-7
1.1169990091630224e-7
1.0330772634208946e-7
1.045310818727938e-7
9.607561926315498e-8
9.775527312012115e-8
8.922046859734519e-8
9.136693180223258e-8
8.2734822876038e-8
8.535818770201171e-8
7.660911403886865e-8
7.971904917430365e-8
7.083149334061369e-8
7.443787184079172e-8
6.53891599247335e-8
6.95017236671651e-8
6.026782355181063e-8
6.489713504065373e-8
5.5453020299880726e-8
6.061030714422672e-8
5.092990365538497e-8
5.6626992671187e-8
4.668309098849388e-8
5.29328582717915e-8
4.269735546990612e-8
4.9513430549064464e-8
3.895746968761326e-8
4.635504295550863e-8
3.544882098648448e-8
4.344367650346043e-8
3.215659707833517e-8
4.076658838794107e-8
2.9066966736419335e-8
3.831057990420355e-8
2.616570908758975e-8
3.606363655615517e-8
2.344029417072007e-8
3.401436494498017e-8
2.087781847097465e-8
3.215133720301959e-8
1.8466087715925786e-8
3.0464165074504175e-8
1.619352713259264e-8
2.894323868349316e-8
1.404919618361687e-8
2.757892003467431e-8
1.202225381227526e-8
2.6362680964588706e-8
1.0102806680340057e-8
2.528585689042559e-8
8.281258689304427e-9
2.4341370913101992e-8
6.548716041833346e-9
2.352184324868449e-8
4.896743688128043e-9
2.2820967249225746e-8
3.316953315171421e-9
2.2232179701502315e-8
1.7965415065245264e-9
2.1708407475143624e-8