1.1165343482273718e-7
8.93210724439764e-7
4.602448704258776e-6
0.000014496369811737712
0.000035352435792042565
0.00007316480465714812
0.00013526153210565938
0.0002301771240213051
0.0003676707001303635
0.0005586335443582438
0.0008150659458915684
0.0011499908069521022
0.0015774059004630906
0.0021121943329121587
0.0027700590721259693
0.0035674268971010144
0.004521368949735128
0.005649497144808659
0.006969873439362198
0.008500898882647455
0.010261213985667355
0.01226958134172217
0.014544779460863574
0.01710548039936147
0.01997013949959494
0.02315686979444298
0.026683330162748996
0.030566598439417527
0.03482306051314919
0.03946828408557746
0.04451691119038487
0.049982534424758994
0.055877595273239274
0.06221326441493949
0.06899934812675185
0.0762441739936135
0.08395450758863961
0.09213544462729126
0.10079034011774109
0.10992070774015456
0.1195261637526368
0.12960433416038314
0.1401508158461649
0.15115909191117102
0.16262051274006523
0.17452421971594323
0.18685714917675522
0.19960396449813558
0.21274708610260243
0.2262666316529092
0.2401404754155932
0.2543441960359882
0.2688511686459414
0.2836325194546759
0.29865725406350513
0.3138922179696521
0.3293022646415703
0.3448502210370645
0.3604970990989329
0.3762020655223628
0.39192270039450955
0.4076149706332634
0.42323353940593195
0.4387317427749322
0.45406195314933195
0.46917555856290943
0.48402338259793104
0.4985556652463896
0.512722540386973
0.5264740162358839
0.5397605094958109
0.5525328219416785
0.5647427278077858
0.5763429411129929
0.5872877498219188
0.5975329662438519
0.6070365982364067
0.6157587727001439
0.623662430967228
0.6307132134760096
0.6368801639878537
0.6421355624467241
0.6464556212917462
0.649820253714646
0.6522137454488219
0.6536244473499052
0.6540454077259943
0.6534739812623991
0.651912409924139
0.6493673442369624
0.6458503644259268
0.6413774142153037
0.6359692574126878
0.6296508279697373
0.6224516200793813
0.6144049608210627
0.6055483338322939
0.5959225825325276
0.5855721689177459
0.5745443167076986
0.5628892085474204
0.550659080284706
0.5379083626251918
0.524692740754521
0.5110692506357047
0.49709532236502474
0.48282884642657403
0.46832722374441227
0.4536474221757651
0.43884505981864075
0.42397447529645693
0.4090878720090776
0.3942354259865318
0.3794645164175322
0.36481989140424503
0.35034300415459646
0.3360722502240264
0.32204242008680123
0.3082850126572998
0.29482780512856505
0.2816952384426049
0.26890809606394295
0.2564839492693434
0.24443692936558384
0.23277821535361706
0.22151587982668763
0.2106553991953439
0.20019955222951014
0.19014893341360217
0.1805018843654958
0.17125499337477862
0.16240304295606525
0.1539394823625683
0.14585637844923666
0.13814485213389027
0.13079502380961303
0.1237964087074919
0.11713785177337155
0.11080788026184729
0.10479462597820262
0.09908613601443048
0.09367028244968278
0.08853503390749232
0.08366835424460171
0.07905843865487412
0.07469360367491415
0.07056249202865808
0.06665395658869193
0.06295723820288876
0.0594618462212561
0.05615771331558472
0.05303507494122189
0.05008460476985713
0.04729729510401867
0.044664576079728055
0.04217819866063372
0.03983034029183187
0.03761349171755124
0.03552055131786621
0.03354471664640965
0.031679569278772475
0.029918971668330473
0.028257143987569826
0.02668856665470358
0.025208050357898984
0.023810644410937512
0.022491700911646813
0.021246788936199485
0.020071753590898595
0.018962635945176907
0.017915727583335914
0.016927496098992908
0.015994635633574616
0.015113997703391346
0.014282638118365847
0.01349775288136291
0.012756721808327232
0.012057049223133474
0.011396404544425849
0.010772567494111622
0.010183465872995906
0.00962712500396535
0.00910170288498958
0.008605443596574069
0.008136709994498234
0.007693940823373619
0.0072756810907818395
0.0068805426433507216
0.006507232347337087
0.0061545158995003615
0.005821243925588995
0.005506318814700586
0.005208718835778989
0.0049274678005871994
0.004661657288612396
0.004410418959889853
0.004172944970209621
0.0039484627705902815
0.0037362537870559054
0.0035356305584337035
0.00334595374799818
0.003166611485383583
0.0029970347708912362
0.0028366789006483203
0.0026850373182290416
0.0025416250147578976
0.002405990876607726
0.0022777029639745754
0.002156359397723553
0.0020415754310927456
0.0019329929132078823
0.0018302690790579163
0.0017330846217581686
0.0016411341358369472
0.001554132824958514
0.0014718085429275053
0.0013939071582700542
0.0013201861462520362
0.0012504186264365306
0.0011843884674880218
0.0011218930085566577
0.0010627396467507827
0.0010067472479296153
0.0009537441945286982
0.0009035684860526352
0.0008560672324786268
0.0008110954394153642
0.0007685169396388097
0.000728201852504962
0.0006900289533331745
0.0006538817912104083
0.0006196525029755538
0.0005872365680167656
0.0005565380805634327
0.0005274631144344694
0.0004999264742574551
0.0004738436373548536
0.0004491390114165909
0.0004257364147951745
0.00040356887509838886
0.00038256760307993777
0.0003626733736264009
0.0003438239421583628
0.00032596705659508846
0.0003090462586990168
0.00029301558284925176
0.0002778236780436717
0.00026343025673040445
0.00024978846620752585
0.00023686315838608598
0.0002246114320594705
0.0002130028023436302
0.00020199782770878076
0.0001915702659855807
0.0001816836921279728
0.00017231573613491356
0.00016343258921637684
0.00015501542778530319
0.00014703269699686738
0.0001394688341595359
0.0001322942094773674
0.0001254962718445491
0.00011904701700832335
0.00011293668879216067
0.00010713863477211488
0.00010164570655915845
0.00009643235241208587
0.00009149387133733044
0.0000868055808019074
0.00008236509113408292
0.00007814837460487612
0.00007415523897169154
0.00007036211162897421
0.00006677090418338586
0.00006335831207559268
0.00006012827585896329
0.00005705758262424832
0.00005415214423096282
0.00005138867195766004
0.00004877500736051117
0.0000462876257822972
0.00004393627184372868
0.000041697030705770775
0.000039581537500078116
0.00003756533749168313
0.00003566195708997983
0.00003384625523546624
0.00003213366307432657
0.000030498208921403982
0.00002895725430043609
0.00002748385363986381
0.000026097336259564197
0.000024769639458847205
0.000023522109248250996
0.000022325421600618854
0.000021202999375339365
0.000020124111138621973
0.000019114327895590346
0.000018141361948308403
0.000017233014838228535
0.000016355290100222875
0.00001553831332701776
0.000014746222287740456
0.000014011571370726816
0.000013296470249059506
0.000012636018252363002
0.000011990128462964864
0.000011396572939966636
0.000010812892686213753
0.000010279672225081343
9.751897160155088e-6
9.273116530861415e-6
8.795568543731488e-6
8.365931553951732e-6
7.933494831345885e-6
7.548244090895334e-6
7.156307701681239e-6
6.811170583799112e-6
6.45557690622508e-6
6.146717062809357e-6
5.823715448844366e-6
5.547689308877497e-6
5.253894442773545e-6
5.007612182556183e-6
4.739966647416153e-6
4.520657171530721e-6
4.276397787347839e-6
4.081577311962651e-6
3.858204856230547e-6
3.685648725782067e-6
3.4809006844440184e-6
3.3286180915587214e-6
3.1404441293185965e-6
3.0066554452255932e-6
2.833195311069105e-6
2.716311759546905e-6
2.555875377876003e-6
2.454480819239353e-6
2.3055303379993803e-6
2.2183649477329345e-6
2.0794985419179354e-6
2.005444196717683e-6
1.8753814433029252e-6
1.813448642224692e-6
1.691017303567535e-6
1.6403334732576314e-6
1.5244575413756983e-6
1.48425658955975e-6
1.3739454601629796e-6
1.343558452709323e-6
1.2378971068267348e-6
1.2167439607210854e-6
1.1148840500156255e-6
1.1024661454279428e-6
1.0036178839028814e-6
9.995115044790367e-7
9.029362782254742e-7
9.067868053824914e-7
8.117904229122791e-7
8.233072099534309e-7
7.292337235359392e-7
7.481855901540533e-7
6.544116215079864e-7
6.806229123939825e-7
5.865524283535769e-7
6.198995845294921e-7
5.249590672671965e-7
5.653676679395206e-7
4.690016334801789e-7
5.164438695451885e-7
4.1811069252298355e-7
4.726032331632853e-7
3.717712354625115e-7
4.333734629462895e-7
3.2951723436158357e-7
3.983298147083869e-7
2.9092672981436645e-7
3.6709049768513646e-7
2.5561739954778144e-7
3.3931253785831254e-7
2.2324256180971676e-7
3.146880552945094e-7
1.9348756625094215e-7
2.9294091599651103e-7
1.6606653562249082e-7
2.73823720210001e-7
1.407194218560804e-7
2.571150928711314e-7
1.172093454317962e-7
2.4261725185200293e-7
9.5320188457709e-8
2.3015381650537403e-7
7.485441610820399e-8
2.1956784455225051e-7
5.563108957383673e-8
2.107199546276746e-7
3.748319497677423e-8
2.0347972753441006e-7
2.0200227116936854e-8
1.9728071156788174e-7
-2.070939722724404e-7
-1.6567108242328244e-6
-8.533096027385438e-6
-0.00002686481144072235
-0.00006547985895547276
-0.00013542733577169845
-0.0002501745664297365
-0.00042534761436467054
-0.0006787351628666752
-0.0010300871414014791
-0.0015010315322523972
-0.002114879183299916
-0.0028964833625621336
-0.0038720357344450163
-0.005068879471626096
-0.006515292146118475
-0.008240256440600177
-0.010273229650173764
-0.012643872861215464
-0.015381808486532618
-0.018516307176725564
-0.022076036036953756
-0.026088702185362907
-0.030580795969507198
-0.03557719113178996
-0.04110089002279656
-0.047172582880947764
-0.05381040588973669
-0.0610294659202612
-0.06884162699527806
-0.07725501135641641
-0.08627383473063942
-0.09589789880704185
-0.10612249964613571
-0.11693792951312902
-0.12832948485141824
-0.14027699605626276
-0.15275496102335517
-0.16573211946667274
-0.1791717350769187
-0.1930312266042307
-0.2072626166361313
-0.22181222562061995
-0.23662129912807808
-0.25162576429881367
-0.2667570412125496
-0.2819418548247341
-0.2971032304506031
-0.3121603485590918
-0.3270297194997816
-0.34162506333151776
-0.35585865418829266
-0.36964120181606785
-0.38288335036613447
-0.3954955315485493
-0.40738959532340724
-0.4184785962005277
-0.42867852439246995
-0.43790797774454215
-0.44608995303769666
-0.453151348809909
-0.4590247706441132
-0.4636478082101127
-0.46696480895870973
-0.46892587919997675
-0.4694885899623621
-0.4686166680257734
-0.46628161559089343
-0.46246108114064916
-0.4571403978303112
-0.45031065136431053
-0.4419701654987112
-0.43212230923206957
-0.4207769765191999
-0.40794819379669095
-0.39365565244482104
-0.37792218907957587
-0.3607754345476798
-0.3422452458892554
-0.3223655381559251
-0.3011717517878418
-0.2787029357643588
-0.2549993377014953
-0.23010480641338923
-0.2040645886129922
-0.1769281069442428
-0.14874702527637457
-0.11957842187617526
-0.08948313280155826
-0.05852926979166701
-0.02679076422529603
0.0056489211541042835
0.03869823439051847
0.07225388854635326
0.1062025767709299
0.1404177314905756
0.17476184806129746
0.2090839954871219
0.24322304486375657
0.27700618704916824
0.31025322134642536
0.3427761500268387
0.37438446362454103
0.4048856433125006
0.4340911380717456
0.46181738050801296
0.4878919594578331
0.5121546119750104
0.5344630127189758
0.5546931894943674
0.5727444037387659
0.5885385531358014
0.6020237881315874
0.6131726757390377
0.6219844330673082
0.6284818694149361
0.6327123534843485
0.6347437625828474
0.6346644792959919
0.6325787123019928
0.6286059099030284
0.6228758606232417
0.6155279133750365
0.6067062284848861
0.5965591280610808
0.5852347769962548
0.5728808835586965
0.5596409774192262
0.5456545700460051
0.5310540899458149
0.5159655173837085
0.500505952857882
0.4847846726049393
0.4689012514888202
0.4529469469042268
0.4370032704075673
0.421143593923838
0.4054320596599651
0.38992530694416655
0.37467161979092717
0.3597126879005814
0.34508290878971337
0.3308111162984662
0.3169199741508361
0.30342762539616347
0.2903471331508695
0.2776880221482061
0.2654557383748126
0.25365306814330574
0.2422796007097078
0.2313330208037858
0.22080856719102748
0.2107002017553185
0.2010000628426822
0.19169951839745702
0.18278861644341068
0.17425703210160357
0.16609351935707925
0.1582867626465838
0.15082483468061567
0.14369596319051373
0.13688799945806793
0.13038911013706153
0.1241872606118279
0.11827084083847286
0.1126281669288615
0.10724804887554035
0.10211931298508686
0.09723131827754938
0.09257350166085541
0.0881358487925195
0.08390846323935355
0.07988199669682935
0.07604724283297712
0.07239553098428492
0.06891834494421412
0.06560768359534905
0.06245570456282391
0.05945505468726604
0.056598538210769975
0.05387941953391257
0.05129111542344538
0.04882747211297122
0.0464824809036427
0.04425053135121422
0.042126149559853464
0.04010422893560277
0.038179790442084464
0.036348192179966876
0.03460491086882198
0.03294573132896914
0.03136654847222725
0.0298635376043114
0.02843297624192725
0.027071396019566468
0.02577542369612702
0.024541915331104242
0.023367815898555067
0.02225027629392084
0.021186531032158045
0.020173998552628334
0.019210176541855844
0.018292725917749764
0.017419383382864525
0.01658802939047507
0.015796617600840564
0.015043227056879317
0.014326008283952139
0.013643219831646796
0.01299319082512586
0.012374341961640983
0.011785164390102711
0.011224225183390312
0.010690162490974967
0.010181675443650584
0.009697535591726404
0.009236561133977887
0.008797644721862575
0.008379711841368959
0.007981765131399273
0.007602826682667557
0.007241999086258769
0.00689839135086247
0.006571196965977839
0.006259603072405777
0.005962885895728312
0.005680302737557142
0.005411205205993486
0.005154913527806694
0.004910848074385821
0.004678385425328507
0.004457008762268977
0.004246145043037618
0.004045334911183752
0.003854050266487529
0.0036718844150087793
0.0034983492457587536
0.0033330864265469144
0.003175643318047334
0.0030257061022440873
0.0028828534835368433
0.0027468127230331246
0.002617190090672425
0.0024937508673218774
0.0023761254227115647
0.002264114340547416
0.002157368904322677
0.002055722596558508
0.0019588446766633234
0.0018665994087556344
0.0017786713120244988
0.001694953577004106
0.0016151434625357422
0.0015391614715669444
0.0014667152555822322
0.0013977512383973663
0.001331985269721976
0.0012693885072762043
0.0012096829378555472
0.0011528634564821724
0.0010986562413813792
0.0010470791051626232
0.0009978605713993345
0.0009510407153827328
0.0009063486447716664
0.0008638461978629134
0.0008232613757540607
0.0007846774254243665
0.0007478196089298705
0.0007127923664928943
0.000679316634654082
0.0006475179624107229
0.0006171114096137011
0.0005882436759406751
0.000560622417432387
0.0005344156477504713
0.0005093221071167698
0.0004855314036881981
0.0004627318547736498
0.00044113505865917886
0.00042041739911271567
0.00040081297245852436
0.00038198470586489034
0.00036418981287257183
0.0003470762202466364
0.0003309249882859133
0.00031536747078010315
0.00030070941457561973
0.0002865639914224619
0.00027326258522591637
0.0002603985319465414
0.0002483299152073663
0.00023662852935265856
0.00022568033368789383
0.00021503381526735747
0.00020510410118057106
0.0001954145378249981
0.00018641083092726113
0.0001775892774085522
0.0001694276945843215
0.00016139333814970224
0.00015399779607221288
0.00014667719908731763
0.00013997869533082633
0.0001333051081682267
0.00012724107132387722
0.00012115380963090787
0.00011566750829768185
0.00011011138665010338
0.00010515139520812948
0.00010007621450580115
0.00009559592768442084
0.00009095600887886095
0.00008691320258926719
0.00008266696385197265
0.00007902339622713942
0.0000751329684745764
0.00007185401898279051
0.00006828489777526449
0.00006533924003851036
0.00006205996803557303
0.00005941927258313038
0.000056401151847087006
0.00005403981819797243
0.00005125664878623856
0.00004915156122253361
0.000046579402824541406
0.00004470971040682689
0.000042326666343090556
0.00004067358300073181
0.00003845960293182816
0.00003700622695420398
0.000034942928182391866
0.000033674078701053815
0.00003174458218397084
0.000030646651153472495
0.000028835433385254632
0.000027896252591731187
0.000026189009594789518
0.000025397729527368376
0.0000237812529680321
0.000023128234462634335
0.000021590299043358332
0.000021067014777534312
0.000019596274093065898
0.000019195220824107997
0.00001778111322459925
0.000017495731574858206
0.000016128393157513715
0.000015952997296527044
0.000014623182416480218
0.000014552895516856791
0.00001325190332719352
0.000013282600978401756
0.000012002207934437599
0.000012130467254538893
0.000010862865261329578
0.000011085919876917056
9.823657716673506e-6
0.00001013935797775256
8.875288491288332e-6
9.282066635831275e-6
8.009297008319312e-6
8.506136279354242e-6
7.2179806626690964e-6
7.80438928495389e-6
6.494326371702944e-6
7.170314419861318e-6
5.831945382644382e-6
6.598006187649583e-6
5.225016444636194e-6
6.08211044413626e-6
4.668232746364729e-6
5.617774854320686e-6
4.1567540004093005e-6
5.2006037812195245e-6
3.6861633362917185e-6
4.8266179634392845e-6
3.2524273105868254e-6
4.492216807171196e-6
2.8518600028926534e-6
4.194145462671212e-6
2.4810902554189524e-6
3.929463759370985e-6
2.137031594376803e-6
3.6955189804432717e-6
1.8168553291517608e-6
3.4899205231736103e-6
1.5179655001354678e-6
3.3105173610872237e-6
1.2379762669078723e-6
3.155377544836469e-6
9.74691446714583e-7
3.022769133592966e-6
7.260852603139465e-7
2.9111425981003134e-6
4.902737089628148e-7
2.8190222043796348e-6
2.6476302840114265e-7
2.7391487900148243e-6
2.2118949257213306e-7
1.7694741417749878e-6
9.11614667389567e-6
0.00002870787973082047
0.000069993495842864
0.00014481116749503987
0.0002676055405924958
0.0004551466783906287
0.0007265342155500314
0.0011029549196785234
0.0016075804822482172
0.002265291936074866
0.0031024994644449975
0.0041468036704395755
0.0054267531816770236
0.006971431310210786
0.008810171919450006
0.010972075158485105
0.013485713092086217
0.016378592373595086
0.01967689316447949
0.023404907882872857
0.027584865603839753
0.03223638125730758
0.03737641945588371
0.04301878505638311
0.04917427313182968
0.0558502185611602
0.06305086268061709
0.07077695760907404
0.07902635732204598
0.08779364498524272
0.09707093104890209
0.10684744371014346
0.11711049435630302
0.12784494755399556
0.13903429972051784
0.15065993005364703
0.16270223511837562
0.17513955831658612
0.1879493323406993
0.20110659235287606
0.2145850989470504
0.22835535757667902
0.24238572435460132
0.2566398791929769
0.27107795292739295
0.28565343251729164
0.3003143891389284
0.31499983046662744
0.32964115541187794
0.3441580118154896
0.35846015454358215
0.37244291693367604
0.38598970312440495
0.39896723506422754
0.4112289609471467
0.4226102878937211
0.43293322430870884
0.4420018374684835
0.4496084524312038
0.4555295670638117
0.45953388763824937
0.46137887708970726
0.4608208069898516
0.45761200192445634
0.45151292912586655
0.4422900386779212
0.42972970862451404
0.41363638561630806
0.3938479790520984
0.37023380718643606
0.342710819498587
0.31124067979773506
0.2758460223500548
0.23660588402413987
0.19367109272550154
0.14725721691682914
0.0976581641835301
0.0452358645628796
-0.009568762389350052
-0.06625002097278147
-0.12422975028992
-0.18287579484203723
-0.24149791926213318
-0.29937050251448505
-0.35573193453169444
-0.40981099113642283
-0.4608290392654925
-0.5080289668623057
-0.5506789315093131
-0.5881021496756813
-0.619680401156964
-0.6448825540452504
-0.6632657266521995
-0.6745002831318041
-0.6783665919970152
-0.6747744854348459
-0.6637540164844781
-0.6454680605722452
-0.6201963328774729
-0.5883408315420714
-0.5504034807530566
-0.5069852655937918
-0.4587589698331491
-0.40646386532220663
-0.3508758494627983
-0.2928001823853005
-0.233041695763977
-0.1723981770628077
-0.11163314874150661
-0.05147208699665182
0.0074203616387485734
0.06443992496038739
0.1190600818122088
0.17082690190211466
0.21937097419558804
0.2643979283716694
0.30569562848968757
0.3431213737862778
0.3766055357223999
0.4061367342875617
0.43176324875387717
0.4535774722571419
0.47171632176667855
0.48634606882079695
0.49766270775585797
0.5058779454964729
0.5112201581978911
0.5139219889496112
0.5142222099149176
0.5123550868823543
0.5085532138320624
0.5030385890978201
0.4960263196092958
0.48771722065521633
0.4783021939586024
0.46795610067079774
0.45684258523593024
0.44510896082832085
0.4328912601866868
0.4203098949755143
0.40747474746486717
0.3944814040357923
0.3814161438172675
0.36835259008372895
0.35535649441173095
0.34248269074167004
0.3297796110004406
0.31728646140044825
0.3050374355112155
0.2930590597050031
0.281374092038609
0.26999900388588705
0.25894756849510236
0.24822845980902594
0.23784854444822015
0.22781058779524915
0.2181162687686121
0.20876398871030755
0.1997516308722603
0.19107447057602756
0.18272770184529205
0.1747044485745865
0.1669980799633582
0.15960032267939037
0.15250338524968962
0.14569817088565304
0.13917622914130293
0.1329280684850913
0.1269449515976858
0.12121730612248553
0.11573637809026323
0.11049273866620546
0.10547780844560199
0.10068245749409255
0.09609841169051361
0.09171694296036562
0.087530167458048
0.08352982261328543
0.07970846574227487
0.07605833435871487
0.07257245276566654
0.06924357200648817
0.06606519109609339
0.06303057299250184
0.060133686354173294
0.05736829398037399
0.05472882031712154
0.05220950893020705
0.04980522040188331
0.04751065555250033
0.045321087866854
0.043231649355141
0.04123800120302423
0.03933567935492803
0.03752070668910775
0.035788995608909455
0.03413690469060809
0.03256069577682298
0.03105703772500395
0.029622515709359264
0.02825408440599094
0.026948627419343354
0.025703361972298257
0.024515446580705605
0.023382339069417755
0.02230145082017496
0.021270459704829797
0.02028700943011837
0.0193489787613566
0.018454224682123845
0.017600809075491705
0.01678678460611311
0.016010379829689333
0.015269826889550754
0.01456350583645339
0.013889813412686374
0.013247267183047275
0.012634414853830243
0.012049898641977844
0.011492404750435859
0.010960688227646483
0.010453562392264068
0.009969884266807826
0.009508583915296373
0.009068610365879663
0.008649000992183362
0.00824878767474274
0.007867106526178657
0.0075030638750216766
0.007155886799200381
0.0068247483531694375
0.006508959543206184
0.006207753050383159
0.005920517450062465
0.0056465385163434285
0.0053852766593805255
0.005136064726419414
0.004898429804437393
0.004671746258203322
0.0044556032238260825
0.004249411448040218
0.004052817978707428
0.0038652651872499444
0.0036864543470592308
0.003515855036106137
0.0033532194857108935
0.003198040366910756
0.0030501179883856856
0.0029089642708343623
0.0027744250788161594
0.002646027980337411
0.0025236622085737723
0.002406867588806427
0.002295574846178963
0.0021893328592591794
0.002088112260616747
0.0019914679400609846
0.0018994091250191007
0.0018114938136592285
0.0017277687731880177
0.0016477923264808384
0.0015716479675072393
0.0014988916578071384
0.0014296430356715503
0.0013634530962410181
0.001300477259298906
0.0012402590110206515
0.0011829893996556028
0.001128201906495581
0.0010761232582738001
0.0010262744661026083
0.000978918180541583
0.0009335604936197331
0.0008905004156116253
0.0008492266722331838
0.0008100752570085278
0.0007725150702300012
0.0007369198948899678
0.0007027363211146942
0.0006703769109506198
0.0006392634218475127
0.0006098483645031942
0.0005815260905042667
0.0005547904110653479
0.0005290056353032834
0.0005047084091300264
0.00048123028666112173
0.00045915246729374867
0.0004377709502771354
0.00041771339622074876
0.0003982373481769614
0.0003800190261086686
0.0003622745038133712
0.0003457308561183689
0.00032955954872429673
0.00031454100879593723
0.0002997988171304225
0.00028616945881652564
0.0002727252026801453
0.0002603615130825243
0.0002480957554124747
0.00023688551879887085
0.00022568949539961461
0.00021553077836581504
0.0002053054246319576
0.00019610565340922882
0.0001867607179727892
0.00017843584068997896
0.0001698890804344563
0.0001623628045115514
0.00015453924909315903
0.0001477423486290031
0.00014057363410613445
0.0001344433214868779
0.000127867081537802
0.00012234643399046375
0.00011630574622722097
0.00011134318777862947
0.00010578606973021141
0.00010133489880344881
0.00009621384974847656
0.00009223181149146453
0.00008750339229574075
0.000083952288902107
0.00007957674222272924
0.0000764220803356829
0.00007236298250106906
0.0000695736538053465
0.00006579759863684666
0.00006334558823771872
0.000059821896413166835
0.00005768202053554357
0.0000543824774743274
0.000052532145301992956
0.000049430758649043454
0.00004784975650011899
0.00004492253679424285
0.000043592832790215896
0.00004081759109060752
0.0000397231590695835
0.00003707932375886074
0.000036205984288057814
0.000033674431365036074
0.00003300970729227082
0.0000305726044990242
0.000030105592991515806
0.00002774625933528427
0.000027467515276116988
0.000025170288453238246
0.000025071720833167273
0.00002282183735764548
0.000022896615885362518
0.00002068009946923324
0.00002092257151511247
0.000018726129534051352
0.000019131747095847206
0.000016942675354254862
0.000017507929552879955
0.00001531402384604273
0.000016036388169109276
0.000013825860202033351
0.000014703740550487753
0.000012465141406630637
0.000013497831920911162
0.000011219978788865844
0.0000124076263299721
0.00001007953401457618
0.000011423105735511986
9.033920916325011e-6
0.000010535179603805659
8.07411962935112e-6
9.735603042437311e-6
7.191896586635566e-6
9.016901199445022e-6
6.3797310305559215e-6
8.372301545118059e-6
5.630750123811618e-6
7.795671851460452e-6
4.938668208161028e-6
7.2814638020650516e-6
4.2977308245354285e-6
6.824662358848042e-6
3.7026664567618837e-6
6.4207392745765425e-6
3.148639866340682e-6
6.06561072225348e-6
2.631209769792123e-6
5.755599781675069e-6
2.146292488776473e-6
5.487401023073613e-6
1.690125213574596e-6
5.2580502461077975e-6
1.259235884100648e-6
5.064892235838261e-6
8.503921224267714e-7
4.9053956275090795e-6
4.592999416962096e-7
4.7669874122893345e-6