0.026519146019613776
0.05299255906879445
0.0793056157815963
0.1054312607572208
0.13126982544697147
0.1567816200423302
0.1818770324583278
0.20651141823879537
0.2306026081589953
0.25410355889342906
0.27693881324341224
0.2990602967536187
0.3203991779569586
0.3409072455829625
0.36052247270173726
0.3791971807772705
0.39687645456859555
0.41351370601030446
0.4290615117402637
0.4434748793784274
0.45671430562718285
0.4687368788573975
0.4795114777652248
0.48899775254774835
0.49717344809908326
0.5040012588132394
0.5094682903127165
0.5135407624216395
0.5162156326177563
0.5174631180473093
0.5172904996636772
0.5156724416494038
0.5126269817042128
0.5081336417552197
0.5022215893759291
0.4948755555854944
0.48613612613412727
0.4759935098159712
0.4644998869601174
0.45165110482222753
0.437510974401582
0.422081008179888
0.4054365155997626
0.38758454275637805
0.3686115718469351
0.3485298723184867
0.3274365607919195
0.30534862825999726
0.2823730649983862
0.2585308879096803
0.23393798044669942
0.20861850685443487
0.18269606088846563
0.15619691782197478
0.12925102853369863
0.10188562373278616
0.07423553269298906
0.04632771515186634
0.018300327604515585
-0.009821185107533192
-0.03789690725595646
-0.06590411828591418
-0.09370267608033848
-0.1212737142391715
-0.14847831905381859
-0.17530249513701948
-0.2016099036856263
-0.22739230450401213
-0.2525171555679719
-0.2769827174414154
-0.3006613386390014
-0.32355839293733757
-0.34555209125377245
-0.36665541282484027
-0.3867532923627775
-0.4058667019854187
-0.4238880627490406
-0.440846635181316
-0.4566429977097567
-0.47131490949601673
-0.48477168579621177
-0.49705970754505113
-0.5080975063798194
-0.5179401112149916
-0.5265156344928751
-0.5338876669308293
-0.539994132167565
-0.5449069668853286
-0.5485739835976513
-0.5510751041273022
-0.5523679395910278
-0.5525398802391119
-0.5515580672327405
-0.54951668061136
-0.5463919387483623
-0.5422839684471734
-0.5371774248385285
-0.5311773734843178
-0.5242760762667574
-0.516582365480582
-0.5080950907051351
-0.4989255199107106
-0.48907788927769746
-0.4786644267378275
-0.4676933918355619
-0.4562763825083041
-0.4444241954616781
-0.4322461460025625
-0.41975402056732486
-0.4070532098258212
-0.3941549632903166
-0.3811592050777789
-0.368075235586997
-0.35499616484194296
-0.34192813852544757
-0.3289563840845988
-0.3160829694695122
-0.3033845114916203
-0.29085840784694345
-0.27857230574387426
-0.2665186840223811
-0.254756223428738
-0.24327255852651183
-0.23211772983706283
-0.22127487674195706
-0.21078598639721347
-0.20063025996552972
-0.19084240373854047
-0.18139837187457036
-0.17232647122275188
-0.163600163588481
-0.1552422769342323
-0.1472245378972032
-0.1395651980163775
-0.13223496144802577
-0.12524834552779898
-0.11857566805976855
-0.11222846702780795
-0.10617721531260424
-0.10043112513113278
-0.09496126460072048
-0.08977506910744844
-0.08484454301779543
-0.0801757933580735
-0.07574201056788953
-0.07154833034114057
-0.06756929914532674
-0.06380935852432598
-0.06024451379312647
-0.05687872215498265
-0.053689496213108506
-0.05068046343889475
-0.047830649665423705
-0.04514346319092968
-0.042599417022098136
-0.04020177654723913
-0.03793249280561977
-0.03579473847533247
-0.03377183771634637
-0.03186690137703895
-0.03006455188042426
-0.028367855192691784
-0.026762651707532763
-0.02525196972720046
-0.023822785285479486
-0.022478089719836405
-0.021205912815859058
-0.020009205525230573
-0.01887697168685651
-0.01781211607777963
-0.016804540256168815
-0.015857095915231524
-0.014960510099468945
-0.014117574249768458
-0.013319773174366972
-0.012569831204645976
-0.011859927870299268
-0.011192714203682475
-0.010561006093833558
-0.009967375953761376
-0.009405222232690347
-0.008877034365353099
-0.00837674393076292
-0.007906754004977824
-0.007461483993707807
-0.007043248179997646
-0.0066469123533987855
-0.006274700452161226
-0.005921886789799916
-0.005590604209329613
-0.005276500994606546
-0.004981618854741601
-0.0047019485275861545
-0.0044394411699355645
-0.004190401237950981
-0.003956690448733806
-0.0037349007802181993
-0.003526806069211179
-0.0033292619330297047
-0.0031439562566184472
-0.0029679865204174723
-0.0028029568845096904
-0.0026461868311284287
-0.002499199258110691
-0.002359517528122008
-0.0022285859194178504
-0.0021041151341439895
-0.001987473605151796
-0.0018765442683800692
-0.0017726225749846395
-0.0016737498924956117
-0.0015811516076242012
-0.0014930149012919755
-0.0014104980359945468
-0.0013319224636190036
-0.0012583822599286569
-0.0011883225831527415
-0.0011227762356333533
-0.0010603024064610581
-0.0010018754960500896
-0.0009461598577987339
-0.0008940743055246745
-0.0008443802267251127
-0.0007979435963169386
-0.0007536153763442789
-0.0007122113738955938
-0.000672665277203506
-0.0006357453131173803
-0.0006004616050440042
-0.000567537298667771
-0.0005360531701077139
-0.0005066896909627502
-0.0004785929719281065
-0.00045240312343171926
-0.0004273266968191004
-0.00040396565903417885
-0.00038158249595025834
-0.0003607431533413417
-0.0003407619002272529
-0.0003221706887740579
-0.0003043317444608055
-0.0002877449598997332
-0.0002718169877167325
-0.00025701750326984866
-0.00024279432953002442
-0.00022958867730512764
-0.00021688653298099108
-0.0002051023084011255
-0.0001937573756767093
-0.00018324092888001667
-0.0001731071585823426
-0.0001637215407913725
-0.00015466871053030522
-0.00014629184699424736
-0.00013820383322816736
-0.00013072689753047657
-0.0001235001377850423
-0.00011682610513951943
-0.00011036822927478177
-0.00010441058894236266
-0.0000986392007249122
-0.00009332080990877085
-0.00008816240224300251
-0.00008341446579189411
-0.00007880345482538856
-0.00007456461682800462
-0.00007044248179681723
-0.00006665801670213524
-0.00006297253384525489
-0.00005959362612065681
-0.000056298186291813785
-0.000053281288857334116
-0.00005033428961697374
-0.00004764055237639037
-0.00004500485636939297
-0.0000425996171249618
-0.00004024206946109216
-0.00003809440035324371
-0.00003598539851177292
-0.00003406770188774248
-0.00003218081238356941
-0.00003046846066801895
-0.000028780077361249787
-0.000027251092111374552
-0.000025740131597405927
-0.00002437489744554284
-0.000023022527474102226
-0.000021803537147249986
-0.000020592934460811856
-0.000019504561474915815
-0.000018420695856787156
-0.00001744899186756061
-0.00001647843353982631
-0.000015610947658763732
-0.000014741695489598197
-0.000013967313170756765
-0.000013188641422983295
-0.000012497440789884625
-0.000011799762397057219
-0.000011182886112867702
-0.00001055763068454725
-0.000010007171671900546
-9.446676632004823e-6
-8.955576145006622e-6
-8.452989575691045e-6
-8.014946275363178e-6
-7.564140200157752e-6
-7.1735290483486145e-6
-6.76902202236785e-6
-6.420821924244005e-6
-6.05770992384525e-6
-5.747439175646695e-6
-5.421333891614436e-6
-5.144992587610233e-6
-4.851966319827591e-6
-4.605984968570527e-6
-4.342521410048345e-6
-4.123715087037476e-6
-3.88666536243574e-6
-3.692192805676465e-6
-3.4787361941618104e-6
-3.3060633059332204e-6
-3.1136721478010736e-6
-2.9605394323096797e-6
-2.786947763394176e-6
-2.6513412746241866e-6
-2.4945167907773523e-6
-2.374642215269548e-6
-2.2327612042911103e-6
-2.127020741152128e-6
-1.998445666705601e-6
-1.9054174077005157e-6
-1.7886768548466194e-6
-1.7070963946138617e-6
-1.6008671270005079e-6
-1.5296111664139062e-6
-1.4327020623938184e-6
-1.3707737946161969e-6
-1.28211146331623e-6
-1.228627549296053e-6
-1.1472434439276778e-6
-1.1014224113328196e-6
-1.0264412782132785e-6
-9.875931943262845e-7
-9.182227102429811e-7
-8.857399916758759e-7
-8.212614652181989e-7
-7.946107065614373e-7
-7.343707228380735e-7
-7.130854382725664e-7
-6.564883476283512e-7
-6.401625284421745e-7
-5.866636837165189e-7
-5.749460916048607e-7
-5.240457525059607e-7
-5.166348675083613e-7
-4.678726982296677e-7
-4.6451225981174504e-7
-4.174623533611215e-7
-4.179374306490604e-7
-3.722038001118651e-7
-3.7633734252602433e-7
-3.3154982457551825e-7
-3.3919964165817026e-7
-2.950101673765131e-7
-3.06066300342471e-7
-2.6214548729411545e-7
-2.765279316409733e-7
-2.325619603764438e-7
-2.5021870844659404e-7
-2.0590644703757051e-7
-2.26811822687349e-7
-1.8186216792417143e-7
-2.0601542657508314e-7
-1.601448332635888e-7
-1.8756900492065786e-7
-1.404991786482396e-7
-1.7124013455592932e-7
-1.2269586233307281e-7
-1.5682158930872725e-7
-1.0652868647178971e-7
-1.4412875236225183e-7
-9.181210807960639e-8
-1.3299730675627623e-7
-7.837900872109222e-8
-1.232811735437995e-7
-6.607869372510753e-8
-1.1485067038586371e-7
-5.477509889270462e-8
-1.0759086998179911e-7
-4.434518185620428e-8
-1.0140013690382243e-7
-3.467747570133513e-8
-9.618882125316348e-8
-2.567078506121379e-8
-9.187804828152543e-8
-1.723261925146962e-8
-8.839550694766958e-8
-9.252842406181934e-9
-8.547316845349592e-8
-0.005943055716341124
-0.011929849167336663
-0.018064849319564136
-0.02437519959227001
-0.030942383328643012
-0.03780468864427643
-0.04501994111782096
-0.05262940402290653
-0.06066550251996944
-0.06916954194991198
-0.07814632469268715
-0.08763621673655973
-0.09761502425262049
-0.10812271032741305
-0.11910600730041043
-0.13060637979817108
-0.14254277962962586
-0.15496124319466964
-0.16775542637822483
-0.18097983498610132
-0.19450612263241235
-0.2084015167240914
-0.22251924776121298
-0.23694331491786863
-0.25151180780646276
-0.266328785187596
-0.2812196354297998
-0.2963105290171667
-0.3114153350147952
-0.3266828483096784
-0.34191513336356666
-0.3572825061238802
-0.37257351208142603
-0.3879774402344773
-0.4032664602879326
-0.41864523979310136
-0.4338660672006736
-0.4491449131813807
-0.4642106560969103
-0.4792866596166755
-0.49407550077747747
-0.5088048207725322
-0.5231492400586879
-0.5373388780628208
-0.551020431464874
-0.564426359311129
-0.5771774043538856
-0.589510015926271
-0.6010229110032683
-0.6119598745342331
-0.6219032827675708
-0.6311089967703513
-0.6391500967182506
-0.6463001856333817
-0.6521308974829128
-0.6569395701396382
-0.660304378985213
-0.6625520350775366
-0.6632746480855758
-0.6628328709143273
-0.6608388036640257
-0.6576898508796095
-0.6530221386743266
-0.6472702827934839
-0.640095904206593
-0.631968526281915
-0.6225738415369659
-0.6124110569038236
-0.6011855872373472
-0.5894183326694331
-0.5768274537414202
-0.5639452712429031
-0.5504937149858602
-0.5370047584660894
-0.5231940323711157
-0.5095809194665097
-0.495864692653478
-0.4825405798470225
-0.4692826355768442
-0.4565522271219138
-0.4439916895325957
-0.43202177345847176
-0.42024997413173903
-0.4090535118575913
-0.39800606814068396
-0.38744283838822646
-0.3769092495849906
-0.3667045338153965
-0.3563558367012714
-0.34613662335034334
-0.33556941488149034
-0.3249151851397691
-0.31370779363597595
-0.3022104090689832
-0.2899845603672796
-0.27730958996648775
-0.2637891423633942
-0.24972976108687014
-0.23478758779425254
-0.21930250527370468
-0.20298781773056404
-0.18621680519734948
-0.16875815637658093
-0.15101239522009907
-0.13279577855701308
-0.11452471245191549
-0.09605064167047665
-0.07779121421594921
-0.05961833280893088
-0.04193539059819599
-0.02462011959363443
-0.008047682167378598
0.007910724998916981
0.022918771992044625
0.03712042470863993
0.05022438248863425
0.06239406382365648
0.07338484525585487
0.08337977848161622
0.0921786142010894
0.09998094586767468
0.10662571126585974
0.11232383225130713
0.11694659568728949
0.1207100958288467
0.12351062501582039
0.12556335092654575
0.12678261778164004
0.12737733444986946
0.12727391504121466
0.12667084293513284
0.12550187285561268
0.1239521908986815
0.1219594570483721
0.11969391571258448
0.11709487022588107
0.11431702005870453
0.11130001572674195
0.10818321180454868
0.10490603956136882
0.10159327133552382
0.09818405790790273
0.09478970110122638
0.09134932414156961
0.0879620468715337
0.0845673831534936
0.08125360828189572
0.07796110295812067
0.07476859690588789
0.0716178009135236
0.06857910582162463
0.06559596068952352
0.06273150361100961
0.059931254222516606
0.05725205335235773
0.05464174144512719
0.05215168873632916
0.0497322276869581
0.04742996479576602
0.04519782500793588
0.04307825079095667
0.04102679999623168
0.0390822575928817
0.03720280597698206
0.03542399977897096
0.03370659950559484
0.032083289999238575
0.03051733493355834
0.029038854613621476
0.027613520589824993
0.0262691483014867
0.02497370826820981
0.023752933327221674
0.022576975830906752
0.021469677623704244
0.020403251726881504
0.01939981546129245
0.018433520518373957
0.017524905484121736
0.01664994024767535
0.01582771335277574
0.015035895630403074
0.014292240048145123
0.013576005502005179
0.01290371191597037
0.01225609850677689
0.011648544587012265
0.011063167524639934
0.010514289821936931
0.00998531061351358
0.009489571943817197
0.009011664155278275
0.008564018695231967
0.008132332299774647
0.007728189969744515
0.007338315600417794
0.006973506829362936
0.0066214408354156535
0.006292182443927853
0.005974293344432459
0.005677156018764676
0.005390152721860051
0.005122030361006149
0.004862932355247431
0.004621013435630192
0.004387123045286998
0.0041688640523372825
0.003957740766979612
0.0037608416743807574
0.0035702785094341256
0.003392660243862572
0.0032206620528324402
0.0030604458525339815
0.0029052094884804637
0.0027606980476091478
0.0026205942602352175
0.002490254541051274
0.0023638114891077994
0.0022462590830628864
0.0021321473418038856
0.0020261322591540436
0.0019231512046414918
0.0018275449778602433
0.0017346104342331832
0.0016483944245919914
0.0015645274672222269
0.0014867822705524
0.0014110990837017114
0.0013409949382756719
0.0012726976334154567
0.0012094857401445834
0.0011478540479919212
0.0010908587187709788
0.0010352424745363122
0.0009838540332846907
0.0009336663821241335
0.000887334747832081
0.0008420460029203139
0.0008002748908560826
0.0007594069827247433
0.0007217486655023156
0.0006848701265867144
0.0006509207014730547
0.0006176421354936022
0.0005870372505707772
0.0005570072396912345
0.0005294182339335209
0.0005023196429118545
0.00047745006142966727
0.00045299669934413013
0.0004305791469361813
0.00040851275324347913
0.0003883060541384434
0.0003683935772556529
0.0003501802113329806
0.0003322113515156665
0.0003157951402214808
0.00029958013158234325
0.00028478414937509547
0.0002701517572573209
0.00025681644668720176
0.00024361216040007756
0.0002315936312405935
0.00021967803228372504
0.00020884652659421487
0.00019809381626929807
0.0001883323234041963
0.00017862899325074582
0.0001698320001855994
0.00016107563284880661
0.00015314799664112492
0.00014524618267841701
0.0001381021131813071
0.00013097147455797486
0.00012453361664306874
0.00011809892462948784
0.00011229753014971392
0.00010649090946168816
0.00010126309022514934
0.00009602330143159923
0.0000913123556829414
0.00008658414669231774
0.0000823389509541691
0.00007807247279804641
0.00007424693369428165
0.00007039721262373978
0.00006694977218767455
0.00006347623385012184
0.00006036942345745742
0.000057235463202215337
0.00005443550133821033
0.000051608096713081714
0.000049084525667152113
0.00004653388675396111
0.000044259245624772445
0.00004195849962509326
0.00003990802859512747
0.00003783293508496375
0.000035984309689018346
0.00003411300400649561
0.00003244609434676085
0.00003075885569801053
0.000029255510232530356
0.00002773455295515798
0.000026378402874654875
0.000025007687709464838
0.00002378397091576869
0.000022549035175728514
0.00002144443688007462
0.00002033224107296818
0.00001933475088899157
0.00001833353998981285
0.00001743232244829789
0.000016531501684151878
0.00001571677957314014
0.000014906801375244593
0.000014169750445765472
0.000013442013482667002
0.00001277466770221425
0.000012121424878976573
0.000011516590638205695
0.00001093086705487063
0.000010382045787030825
9.857564104767222e-6
9.358882924746462e-6
8.889996525561892e-6
8.436144814219336e-6
8.017777289777302e-6
7.603950272350128e-6
7.2315411608062385e-6
6.853388328791218e-6
6.522843795256959e-6
6.176422775863534e-6
5.884071806569409e-6
5.565806473813703e-6
5.308361005058726e-6
5.015003627503536e-6
4.789522934957644e-6
4.518119850182106e-6
4.321978173071645e-6
4.069839179575909e-6
3.90069702387417e-6
3.665367052074034e-6
3.5211452531335002e-6
3.3003792079178642e-6
3.1792355333270763e-6
2.970975294797224e-6
2.8712834859740956e-6
2.6736370860201058e-6
2.593968398824064e-6
2.4051909415635504e-6
2.344297375717741e-6
2.162773809837203e-6
2.119573112075935e-6
1.9438027605736376e-6
1.9173650274411415e-6
1.7459471299205347e-6
1.735483146275463e-6
1.567103717178279e-6
1.5719546724686661e-6
1.4053745018115525e-6
1.4250023632963494e-6
1.2590460249373815e-6
1.2930257555479607e-6
1.126571503414782e-6
1.1745836342744892e-6
1.0065538723318906e-6
1.0683787545569252e-6
8.977315191785052e-7
9.732435627786034e-7
7.989642343916661e-7
8.88127819749879e-7
7.09221531900279e-7
8.120870103110483e-7
6.275714105771076e-7
7.442721377175021e-7
5.531707651539354e-7
6.839206278267227e-7
4.852561183331476e-7
6.303476801407012e-7
4.2313601530934645e-7
5.829392376573608e-7
3.661834242856108e-7
5.411448671235411e-7
3.1382925007199423e-7
5.044718113662924e-7
2.655565129205833e-7
4.724795260334798e-7
2.2089461877987095e-7
4.447748230188017e-7
1.7941495568407076e-7
4.2100730680820803e-7
1.4072607570731057e-7
4.00865554030446e-7
1.044702073198137e-7
3.8407338598958067e-7
7.031738709374674e-8
3.703731381093078e-7
3.785824608388878e-8
3.58693442283187e-7
0.027923134567880294
0.055809954967019536
0.08356393920776037
0.11116381394487633
0.13851504214297483
0.16558290464748493
0.19226478945746747
0.21851680422481964
0.24422150281903102
0.26932683909506855
0.2936971461509749
0.31727377012489416
0.3399021286840918
0.36151998074076536
0.3819557049930983
0.4011483037696543
0.4189133961371508
0.43519780175031575
0.44981065729906
0.46271449386392594
0.4737195612205436
0.48281259765754525
0.48981297783992184
0.4947398366557148
0.4974290926957919
0.4979392054599806
0.4961284956804459
0.4920995678834823
0.4857366656371116
0.47718865425629997
0.46636642061048517
0.45346425335816465
0.4384175257641076
0.421462299387131
0.4025537153702739
0.3819636482220752
0.3596603781817734
0.3359441052283548
0.3107885872911573
0.28451426957968845
0.2570926594762992
0.22885672166116655
0.19976883275305893
0.17016793779524586
0.1400019996268809
0.10961121463474574
0.07892595497345813
0.048285113397844595
0.0176006370910759
-0.012790173602817862
-0.04299232377476974
-0.07266829593811304
-0.10193655908568204
-0.13045587869658623
-0.1583532112020719
-0.1852790436023449
-0.21136309923025143
-0.2362427902867235
-0.2600450721774654
-0.2823902339205694
-0.30339816993694796
-0.32266980604260387
-0.340316003697668
-0.35591890770638324
-0.3695816509899953
-0.380871807814194
-0.3898900218373029
-0.39619756286388397
-0.39990195678919266
-0.4005703965094212
-0.39833041371207933
-0.3927706197236009
-0.38405443217972896
-0.37180935981910007
-0.35625178647062483
-0.33706580560662674
-0.31453706979192947
-0.28842206122882935
-0.25908903176554765
-0.22637859127139548
-0.19074978347731217
-0.15213300214775227
-0.1110792638301984
-0.06760673045360124
-0.022351246761337384
0.02459184557498846
0.07251784293122669
0.12127336215380193
0.17010910572033341
0.21884021899088496
0.2667036913823139
0.3135149352090176
0.3585319258569469
0.4016039775230753
0.4420448997136399
0.4797695239064806
0.5141784276695014
0.5452775725791944
0.572577520988953
0.5961916210781705
0.6157530787066722
0.6314874602569299
0.6431514082349019
0.6510757646381737
0.6551300338915901
0.6557330623032634
0.6528474571644529
0.6469553898567203
0.6380870095033047
0.6267594917384474
0.6130430275562024
0.597461683257813
0.5800998470394348
0.5614638089179258
0.5416306999410236
0.5210699838877123
0.49983603481347477
0.4783490020810566
0.4566313388981499
0.4350477935606243
0.41358549268338796
0.3925531369920168
0.37190368983838407
0.35189320622588754
0.33244478002207767
0.31376778689834406
0.29576148163971644
0.2785957620954008
0.2621526513458381
0.24656996768573705
0.23171884544261553
0.21771191139949225
0.20441496833505574
0.19192142676398558
0.1800962792244059
0.16901862134881454
0.15855607119723086
0.14877724418509197
0.1395548135199849
0.13094979045069272
0.12284147508925297
0.11528534802674378
0.10816822294580225
0.1015414879305464
0.09529984035127101
0.08949153443898279
0.08401915321213861
0.07892842944269338
0.07412958721977583
0.06966621092176552
0.06545576877400225
0.06153991205420747
0.05784287323794979
0.05440448750114537
0.051155237491563164
0.04813320255099741
0.04527459976832091
0.04261578396721733
0.04009820969056325
0.037756527243682655
0.03553696206461347
0.033472479094810194
0.03151364423135429
0.029691760969499683
0.027961343107031005
0.026352063826374724
0.02482202945167209
0.023399321712428544
0.0220453191627611
0.02078655807093252
0.019587401183909996
0.01847289127826096
0.017410116436668507
0.016422682529782066
0.015480170233430221
0.014604808350060469
0.013768460624842369
0.012992040631659861
0.012249506234074635
0.01156051853259104
0.010900958764279562
0.010289298325215608
0.009703187195963128
0.009159969126056993
0.008638922496148466
0.008156324191285258
0.007692953342744359
0.00726407905292462
0.006851864864012575
0.006470629170891693
0.0061038136937494525
0.005764840978051318
0.005438333749062603
0.005136871210558039
0.004846168066713186
0.004578010266121238
0.004319122812260249
0.004080546039746192
0.003849940216049872
0.0036376452698196624
0.0034321877212995836
0.0032432499076907304
0.003060161066044016
0.0028919864220868056
0.0027287993791864818
0.002579086272166876
0.002433610670215227
0.0023003160607077953
0.002170606336092178
0.002051916093048857
0.0019362435118966635
0.0018305462609722318
0.0017273742621885379
0.0016332383194586362
0.0015412007525515774
0.0014573537596807727
0.001375235657371383
0.0013005465860121287
0.0012272671637164044
0.0011607304007053895
0.0010953280120942503
0.0010360492752601324
0.0009776680927503021
0.0009248519599276858
0.0008727301719290296
0.0008256690309476061
0.0007791283814999896
0.0007371926361982251
0.0006956291467209293
0.0006582585314344235
0.0006211342705605454
0.0005878301451970295
0.0005546659225330394
0.0005249844347589636
0.0004953533155347895
0.0004688993310237575
0.0004424208755711928
0.0004188425887456655
0.000395177735119726
0.0003741618815696367
0.0003530083987414018
0.0003342760028159943
0.00031536444877185274
0.00029866704448417656
0.0002817571731830901
0.0002668734450813823
0.00025175101131921855
0.00023848380979293572
0.00022495772778637077
0.00021313141371174547
0.00020103122896388312
0.00019048931346081225
0.00017966295385152037
0.00017026599864004084
0.00016057777253573072
0.00015220152216408584
0.00014353033764186561
0.0001360640580286939
0.00012830183659309852
0.00012164683663743131
0.00011469710130408631
0.00010876541716886286
0.000102542035408923
0.00009725525937071748
0.00009168132325415625
0.00008696956139623888
0.00008197638999089554
0.00007777733423565213
0.00007330358532212674
0.00006956168714275773
0.00006555256551247678
0.00006221830024950423
0.00005862485156785629
0.000055654063112660876
0.000052432545962355154
0.00004978586352695921
0.0000468971880206519
0.00004453950560447122
0.00004194873400272492
0.00003984874821972482
0.000037524649876957514
0.00003565444719625008
0.000033569100362118616
0.0000319037892106191
0.000030032227079638062
0.000028549610548626973
0.000026869505097683795
0.000025549789158929602
0.000024041169313989474
0.000022866702588996284
0.000021511702477690907
0.000020466744213018827
0.000019249378621359903
0.000018319892291491385
0.000017225856205180813
0.000016399325384330072
0.000015415815530515963
0.000014681079307414254
0.000013796633940718423
0.000013143740928620198
0.000012348097625973594
0.000011768175507381807
0.000011052143955900184
0.000010537282607271802
9.892630478649299e-6
9.435778296826886e-6
8.855130050717688e-6
8.45000183347652e-6
7.926747991859286e-6
7.567742445011523e-6
7.095958237609022e-6
6.77808377489567e-6
6.352457210059398e-6
6.071266884532733e-6
5.687034073167625e-6
5.438566625322907e-6
5.091453088949936e-6
4.872181295893097e-6
4.558350914192267e-6
4.365134521054705e-6
4.081143537933831e-6
3.911188346653654e-6
3.6539429700318252e-6
3.50476331410466e-6
3.271483530863651e-6
3.140869821431913e-6
2.9290560376551505e-6
2.8150448081423846e-6
2.622448410533922e-6
2.52329663570285e-6
2.3478930881106855e-6
2.26205434512613e-6
2.1020192973444256e-6
2.028123349141712e-6
1.8818121289494861e-6
1.81864590982766e-6
1.6845735736321963e-6
1.6310652989607281e-6
1.5078900539184954e-6
1.4630941221866734e-6
1.3496014731459502e-6
1.3126855156971532e-6
1.2077750289979943e-6
1.1780080873560865e-6
1.0806807894217002e-6
1.0574233048993013e-6
9.667702950193358e-7
9.494647980607839e-7
8.64657617031339e-7
8.528204398148842e-7
7.731019411201501e-7
7.663163229529536e-7
6.909924678624177e-7
6.889020461322816e-7
6.173344153030157e-7
6.1963761243194e-7
5.512371335425037e-7
5.57681588115959e-7
4.919023995542219e-7
5.022819868967072e-7
4.38615465017695e-7
4.527652974854908e-7
3.907361125839201e-7
4.0852948436117707e-7
3.476900299242124e-7
3.690359831530982e-7
3.089629935071124e-7
3.338032238281776e-7
2.7409372142731747e-7
3.024007142894172e-7
2.4266822150678e-7
2.744436504891647e-7
2.1431521840427442e-7
2.495881475603182e-7
1.8870127314463117e-7
2.2752747759605804e-7
1.65527384910785e-7
2.0798758730349456e-7
1.4452447582191464e-7
1.907241924659602e-7
1.2545101225664605e-7
1.7551958825349315e-7
1.0808926967798721e-7
1.6218008911114374e-7
9.224320652643888e-8
1.5053343050726494e-7
7.773652107757341e-8
1.4042670768595323e-7
6.440948609265386e-8
1.3172430594780034e-7
5.211812079148861e-8
1.2430657121620265e-7
4.0731833612804554e-8
1.1806804185652693e-7
3.013234851442081e-8
1.1291586642141017e-7
2.0211758130726884e-8
1.0876538111154668e-7
1.0841526603660079e-8
1.0530351121172479e-7
0.006025704616448655
0.012078970000076171
0.018221626897142854
0.024467733946586374
0.030855378742675865
0.0373965593169414
0.04409863857772345
0.05096211099442977
0.05795737216768111
0.06506849736873778
0.07222438667743
0.07939101575125967
0.0864543964532634
0.09336429142584321
0.09996629709272646
0.10619967218842917
0.11187611680592975
0.11693375000233434
0.12116052291156948
0.12450571443649551
0.1267462843034662
0.12785665371640398
0.127616649822131
0.12603986684890658
0.12292217403913958
0.11832864506745348
0.11208189949900385
0.10430744753345798
0.09486141099261461
0.08393413454303526
0.07141708307872718
0.05756467780767323
0.04230038746733202
0.025936904432759228
0.00842163296071648
-0.009884529752007806
-0.029021954725246452
-0.04859453836526911
-0.06864423852889859
-0.08875401723954368
-0.10898157249406028
-0.12890273535169147
-0.14860371100932465
-0.1676649419129475
-0.18621104097224142
-0.2038354858099135
-0.22070725577633982
-0.2364371660487262
-0.2512399996090069
-0.26474379838087825
-0.27720601411466916
-0.28826762040046
-0.298221505589529
-0.3067138268287944
-0.3140625529993953
-0.31990901997329496
-0.3245842208361943
-0.32771400627092123
-0.3296304253628781
-0.3299344085052122
-0.3289491879369249
-0.32624456564069376
-0.32212918393850853
-0.3161405890267449
-0.30857287149895496
-0.29893667690358283
-0.28751849054272555
-0.2738145340949219
-0.25811773238153846
-0.2399291106330875
-0.2195682643114859
-0.19656549808710766
-0.17129143785989123
-0.14333280558091005
-0.11313667773042738
-0.08037254613464515
-0.04558664470488926
-0.008552871628650269
0.030067427237528335
0.0703829566346789
0.11161183818385637
0.15374442442399833
0.19588639029234373
0.2379231263080829
0.27887108697341284
0.31853917446114755
0.3558928307764984
0.3907068081881425
0.42194646181039963
0.44940521879749135
0.47210753888696894
0.4899233737935913
0.5019973552332397
0.508331741791777
0.508246613791664
0.5019224056796714
0.48889626809655035
0.46955541452025434
0.4436753435517892
0.411855946511904
0.3741078888933402
0.3312246784093885
0.28342403012039835
0.23165071771127985
0.17627998811614135
0.11834777208831171
0.05832297259573197
-0.0027367565087547674
-0.06433787377994518
-0.12547007068883578
-0.1856797688329294
-0.24406366820620845
-0.3002602831770214
-0.3535168511480325
-0.4035984533725068
-0.44992683809849976
-0.4924087472157577
-0.5306448988706071
-0.5646809022100955
-0.5942842911524542
-0.6196227017140805
-0.6406064041694641
-0.6574991953884363
-0.6703233615162344
-0.6794090502006253
-0.6848580749330547
-0.6870374852145995
-0.6860981737815054
-0.6824180804006184
-0.6761712464203333
-0.6677256809206262
-0.6572583559053445
-0.6451123142185407
-0.6314531144713961
-0.6165893192364008
-0.6006660585942206
-0.5839526293681531
-0.5665691136268679
-0.5487444523848564
-0.5305723907529518
-0.5122430604797856
-0.49382489073708397
-0.4754724375083869
-0.4572312698038814
-0.4392245145651767
-0.4214780826073242
-0.40408815110992163
-0.38706441981714373
-0.3704805266274901
-0.3543333167788739
-0.33867797909516895
-0.32350156767869465
-0.3088444562604927
-0.2946865747738415
-0.2810566064934515
-0.26792959374762926
-0.25532514659486344
-0.24321523649361323
-0.23161254543618093
-0.22048740738084463
-0.20984730211102093
-0.1996620251551817
-0.1899352200614002
-0.18063696152888667
-0.17176812204089895
-0.16329964271218442
-0.1552304440409012
-0.14753273682757848
-0.14020411090473683
-0.13321830631342857
-0.1265720470466136
-0.12024075204589928
-0.11422062212573592
-0.1084888225796471
-0.10304127951874785
-0.09785691200932262
-0.09293154816321186
-0.08824582565370928
-0.08379559722715005
-0.07956315489417125
-0.0755444584108914
-0.07172337100351409
-0.06809601220303116
-0.06464772214969663
-0.06137481143653192
-0.058263997271708265
-0.055311797265646036
-0.05250620436234564
-0.04984394841728218
-0.04731419814185525
-0.044913893546144605
-0.04263328244348137
-0.040469508094264736
-0.03841380530211379
-0.036463510675934646
-0.03461075920734108
-0.032853069249966574
-0.03118339487718294
-0.029599423798387474
-0.028094853886145094
-0.026667529656204423
-0.025311823273844646
-0.02402572377325832
-0.02280421370345188
-0.021645414860229216
-0.02054486161569175
-0.0195007974597063
-0.018509255074917016
-0.017568589354061838
-0.016675282499463172
-0.01582779132213296
-0.01502300314130097
-0.014259468005766374
-0.01353443800558357
-0.012846548519672346
-0.012193379799424284
-0.01157364537920982
-0.010985220486899256
-0.010426890319012705
-0.009896795032896658
-0.009393785620481262
-0.008916239984433775
-0.008463069617995152
-0.008032865595459958
-0.007624595134877963
-0.0072370402851910905
-0.006869219678481014
-0.006520086303045606
-0.006188706311773106
-0.005874185561522135
-0.005575634203212792
-0.005292294675547931
-0.0050233179368993075
-0.004768068337982178
-0.00452573474719246
-0.00429579022707198
-0.004077458917220795
-0.0038703107207106223
-0.00367360264047458
-0.003486990756059938
-0.0033097627243762104
-0.003141651233032383
-0.0029819725603771044
-0.002830527422244041
-0.0026866588418270323
-0.0025502278829283727
-0.0024206025712775
-0.002297697450725585
-0.0021809039265249003
-0.0020701838903608343
-0.001964950607284941
-0.0018652078533857963
-0.0017703893218961435
-0.0016805358148398724
-0.0015951000987871687
-0.0015141556918983196
-0.0014371731464502915
-0.0013642548832392479
-0.0012948880081557292
-0.0012292004823852272
-0.0011666947831573597
-0.0011075214587702843
-0.001051197213404305
-0.0009978926013076653
-0.0009471374446231725
-0.000899120059791865
-0.0008533823026577725
-0.0008101283162522045
-0.0007689109274716717
-0.0007299484500300334
-0.0006928036372060295
-0.0006577075713959886
-0.000624231895728828
-0.0005926192957956542
-0.0005624492748891065
-0.0005339751688281909
-0.0005067833144032904
-0.0004811369399485675
-0.00045662818751273987
-0.0004335296026914599
-0.0004114380963520455
-0.0003906351235107641
-0.00037072131948818576
-0.0003519867958064486
-0.0003340348540264144
-0.00031716415235947854
-0.0003009795840005361
-0.00028578838046271535
-0.00027119593174372716
-0.00025751819554662407
-0.0002443599390626422
-0.0002320461205516037
-0.00022017973698339863
-0.00020909513573951855
-0.0001983923648510927
-0.00018841566073955364
-0.00017876090758259152
-0.00016978283635671844
-0.00016107191318162067
-0.00015299407350496594
-0.00014513306794040572
-0.00013786684788454748
-0.00013077110247008094
-0.00012423671238437646
-0.000117829904418502
-0.00011195550397323854
-0.00010616881904754028
-0.00010088973395922569
-0.00009566111790886192
-0.00009091913140037062
-0.00008619261935136757
-0.00008193533679017857
-0.00007766044472708235
-0.00007384071897039006
-0.00006997189923134253
-0.00006654731489486927
-0.00006304346337949104
-0.00005997587239422407
-0.000056799883477351114
-0.000054054986781259164
-0.00005117335400986335
-0.00004872032282552901
-0.00004610277846004845
-0.000043913916057844805
-0.000041533105029355855
-0.000039583542736197744
-0.00003741472921419962
-0.00003568215025711002
-0.00003370295364418705
-0.0000321673456816774
-0.000030357500865932155
-0.000029000935440522437
-0.000027342077210540967
-0.000026148507921132282
-0.000024623977797148738
-0.000023579061456658345
-0.00002217372948786988
-0.000021264665334670538
-0.00001996477407291364
-0.00001918015688104239
-0.00001797317538623527
-0.000017302866310771987
-0.000016177361380999342
-0.000015612372955947866
-0.0000145578911488389
-0.000014090279632548801
-0.000013097241164261755
-0.000012720014881570255
-0.00001177961724916913
-0.000011486652851743648
-0.000010590782120674698
-0.000010376748554691575
-9.51790087467482e-6
-9.378194227996375e-6
-8.549401792962417e-6
-8.480085945312189e-6
-7.674852157876213e-6
-7.672604527286213e-6
-6.884843998430156e-6
-6.946909895021899e-6
-6.1708914558722835e-6
-6.295044682353089e-6
-5.525341773391712e-6
-5.709845965260521e-6
-4.941288877641367e-6
-5.1848678734007515e-6
-4.412501514894335e-6
-4.7143120975190026e-6
-3.933354935968276e-6
-4.292962971122013e-6
-3.498770354504082e-6
-3.9161305085750886e-6
-3.1041597343540434e-6
-3.579600923301828e-6
-2.7453778017406234e-6
-3.2795876121800054e-6
-2.418676140293605e-6
-3.012692933961721e-6
-2.1206647797438416e-6
-2.7758666317256723e-6
-1.8482741381817194e-6
-2.566375626550364e-6
-1.598723863468931e-6
-2.3817718014479782e-6
-1.3694914894226054e-6
-2.219864536559765e-6
-1.1582876646917374e-6
-2.0786982707491676e-6
-9.630316387860772e-7
-1.9565276746052597e-6
-7.818290802686485e-7
-1.8517998854488333e-6
-6.129517059332693e-7
-1.763135481217582e-6
-4.5482176198576247e-7
-1.6893135002039546e-6
-3.0598606642677376e-7
-1.6291979475560361e-6
-1.6464995653910564e-7
-1.5781223122560433e-6