5.67601061759566e-6
0.00003405473906676659
0.00011670692504047294
0.00027548671103757303
0.0005378514977872836
0.0009276177632586262
0.0014704897990087062
0.0021900967205019887
0.0031107830434686724
0.00425532098312982
0.005646601193221664
0.007306109442164948
0.009255062836592777
0.011513303170376486
0.014100113523308033
0.017033366082303495
0.020330138234546945
0.024006029286999225
0.028075643707282383
0.032552027749519416
0.03744706160323475
0.042770986183659626
0.04853273158349446
0.05473951506438987
0.06139712452892498
0.06850957498206925
0.07607936008723135
0.08410715799029686
0.09259206010778571
0.10153131927951976
0.11092056212253228
0.12075357363545758
0.13102249742662403
0.14171765154473673
0.1528277195045901
0.16433959254298486
0.17623855354596873
0.1885081413101762
0.2011303291647517
0.21408540725870176
0.22735215779338439
0.24090775188209448
0.254727923753587
0.2687868793027035
0.28305747224751815
0.29751112203198216
0.31211799556528985
0.32684693256865255
0.34166563706536307
0.35654060853463515
0.3714373476749162
0.38632029183865707
0.40115303973681415
0.4158982896229261
0.43051808755990434
0.4449737667583358
0.4592262238115664
0.4732358575111901
0.486962877075584
0.5003672386634962
0.5134089890447837
0.526048197868175
0.5382453393988372
0.5499612183036574
0.5611573909559783
0.5717960820181289
0.5818406453567544
0.591255467985415
0.6000064688432937
0.6080609856987599
0.6153883079560564
0.6219595409424113
0.6277481666059794
0.6327298783012217
0.6368831608806182
0.6401890878258154
0.6426319100605398
0.6441988063172105
0.6448804683465277
0.6446707951082312
0.6435674613080893
0.6415715467099218
0.6386880754245923
0.6349255735954961
0.6302965687438784
0.6248170722741963
0.6185070312971706
0.6113897365049349
0.6034922227744092
0.5948446073541854
0.5854804394934895
0.5754359778110952
0.5647504924795835
0.5534654934760328
0.5416249909991161
0.5292746877556459
0.5164622042562854
0.5032362485740024
0.48964681336979465
0.4757443362697622
0.46157987560735425
0.44720427443005667
0.4326683226411984
0.4180219381539995
0.4033143246056906
0.3885931843002108
0.37390488260561244
0.35929370847713865
0.3448020582053394
0.3304697595571364
0.3163342877351273
0.30243016764678793
0.2887892330613525
0.27544011781080324
0.2624085650899459
0.24971701277681302
0.23738495419646716
0.22542861610359327
0.21386136609284914
0.20269347530929768
0.19193256223881214
0.18158342703150282
0.17164851760897315
0.16212781935020026
0.15301932780061767
0.14431897660432205
0.13602110156567446
0.1281183908592564
0.12060232734296426
0.11346314766346051
0.10669025290217572
0.10027216653141229
0.09419690702377737
0.08845193807394955
0.0830245001709519
0.07790154961710448
0.07307004889141411
0.06851689350027101
0.06422916307940223
0.060194036906077754
0.056399009080160906
0.05283179464918293
0.04948051296038588
0.04633358690766745
0.04337989879090908
0.04060868532732148
0.038009670238064536
0.03557295751409722
0.03328914460625838
0.031149216115626762
0.02914464099953415
0.027267268459712075
0.025509412072217037
0.023863749236904888
0.02232339464664813
0.020881804278917587
0.019532840170152867
0.01827067959607651
0.017089872725848942
0.01598525736080071
0.014952010714374636
0.013985569859377028
0.013081678611231301
0.012236313666836241
0.011445727354164005
0.01070637932419055
0.010014975761626084
0.00936840640723587
0.008763780694494223
0.008198369825294259
0.007669640198114252
0.007175200228788819
0.006712831360811613
0.006280439308697193
0.005876082884814075
0.005497929341163695
0.0051442812051530834
0.0048135354025972375
0.004504208263540246
0.004214898122045401
0.0039443086297888
0.0036912145445589
0.003454483471754885
0.0032330445718706515
0.0030259088366403654
0.002832140464970968
0.002650875770108789
0.0024812969927187575
0.002322649927228558
0.002174219959480814
0.002035348493723189
0.0019054110201449986
0.0017838324183704244
0.0016700668770289501
0.0015636121447591166
0.0014639911396435213
0.0013707652144279105
0.0012835173081501637
0.0012018642883641385
0.0011254415106098817
0.0010539142968169228
0.000986963780450848
0.0009242975768721276
0.0008656368031079207
0.0008107259927342345
0.0007593211893346456
0.0007111991554127254
0.0006661464477880785
0.0006239679671248472
0.0005844769318549778
0.0005475028121127615
0.000512882126338546
0.0004804658007357133
0.0004501107195653067
0.00042168654868641396
0.0003950679767717047
0.00037014103904809846
0.00034679599230272583
0.0003249331726165629
0.00030445645214699014
0.0002852786624252153
0.0002673155855507108
0.00025049097251956983
0.00023473102568131587
0.00021996903956380062
0.00020614033528464507
0.00019318654944224022
0.0001810509846610759
0.00016968257032333776
0.00015903159661246412
0.00014905336915891845
0.00013970429684512676
0.00013094526083685392
0.00012273802905857258
0.00011504835856536586
0.00010784271201882116
0.00010109111092533825
0.00009476413165626033
0.00008883552572563991
0.00008327947493173038
0.00007807299357151953
0.00007319342414731975
0.00006862063520860584
0.00006433474078347125
0.00006031810640046464
0.00005655327698663885
0.0000530248025480536
0.00004971736073178414
0.00004661741262971395
0.000043711507551193133
0.00004098777845293381
0.000038434417719170016
0.00003604102080614834
0.00003379722299476163
0.00003169389896748002
0.000029721951584851924
0.000027873374285146346
0.000026140183955910834
0.00002451535225005244
0.00002299187558532512
0.00002156358071026726
0.00002022432576574295
0.00001896868470438741
0.000017791274207061194
0.000016687320849437176
0.00001565210948477802
0.00001468143636588616
0.000013771175387482655
0.00001291761970213087
0.000012117162971143328
0.000011366531356035053
0.000010662577656752244
0.00001000240491850069
9.383272046079167e-6
8.802609623499066e-6
8.258036295949739e-6
7.747266765318639e-6
7.268238915203341e-6
6.818913311481891e-6
6.397511733943071e-6
6.002206866729188e-6
5.63147358353158e-6
5.28366686950189e-6
4.957487896067001e-6
4.651447550333271e-6
4.364450037479227e-6
4.095138722442942e-6
3.842600704258419e-6
3.605590978969201e-6
3.3833621668683594e-6
3.174762285383021e-6
2.979194555295099e-6
2.7955833343898946e-6
2.6234697090217e-6
2.4618393557311898e-6
2.3103604386275885e-6
2.1680663567999176e-6
2.034743307749438e-6
1.909460026100067e-6
1.792113267332011e-6
1.6817957413232748e-6
1.5785086993781067e-6
1.4813583239129603e-6
1.390445586902529e-6
1.3048803469084884e-6
1.2248596957797425e-6
1.149487946616136e-6
1.0790557900386875e-6
1.0126532226268239e-6
9.506630162820594e-7
8.921524211802815e-7
8.37595708363072e-7
7.860291936965585e-7
7.380189498900564e-7
6.925623153125099e-7
6.503183096232581e-7
6.102373132470842e-7
5.730732491272726e-7
5.377215388195885e-7
5.050337521760408e-7
4.738422517191441e-7
4.450997758009124e-7
4.1756735859243136e-7
3.9230319738365033e-7
3.67988484753804e-7
3.4579193837149665e-7
3.243060839291364e-7
3.0481600454453324e-7
2.8581635299682543e-7
2.687152188918116e-7
2.518997240595751e-7
2.3690842792178867e-7
2.2201074411461728e-7
2.088840144700747e-7
1.9566917626058218e-7
1.8419155150284373e-7
1.724521717800903e-7
1.6243446450636498e-7
1.5198738680586711e-7
1.4326357386050063e-7
1.3394692497226713e-7
1.2637141633198404e-7
1.1804200990539767e-7
1.1148725123375206e-7
1.0401829986608875e-7
9.837266316275545e-8
9.165176212110321e-8
8.681769737422235e-8
8.074504517734338e-8
7.663745573419051e-8
7.112428547297854e-8
6.766910449792905e-8
6.263629612154172e-8
5.976923956947214e-8
5.5146095203587694e-8
5.28115671381963e-8
4.8534727390902416e-8
4.6684865222225537e-8
4.2697347862764404e-8
4.129118662923765e-8
3.754153579786178e-8
3.654427905813246e-8
3.298580785865331e-8
3.2368194808417004e-8
2.895830999186865e-8
2.869606533998201e-8
2.5395666878803688e-8
2.54690240243349e-8
2.224196574091859e-8
2.2635257807997715e-8
1.9447863696402543e-8
2.0149172882806344e-8
1.6969800288671047e-8
1.7970658339056922e-8
1.4769303177161881e-8
1.6064441146742693e-8
1.2812377156707925e-8
1.439951659968938e-8
1.1068965659248868e-8
1.2948647009898755e-8
9.512474554210718e-9
1.168792198168926e-8
8.119353917103468e-9
1.0596370414217587e-8
6.868726527774499e-9
9.65561965255194e-9
5.74206352682444e-9
8.849595685494471e-9
4.722893540283471e-9
8.164261022453475e-9
3.796550909853792e-9
7.587382485969452e-9
2.949947710724304e-9
7.10832795411766e-9
2.1713755876846474e-9
6.7178849308459016e-9
1.4502953209453776e-9
6.407842092257074e-9
7.750868645411636e-10
6.15417510230782e-9
-0.000011099181071667088
-0.00006659154151196035
-0.00022814257952726038
-0.00053831260264145
-0.0010504388866906364
-0.0018105012196756325
-0.0028678655491941505
-0.004267463137007017
-0.006055171318819499
-0.008273262658913627
-0.010963619286736281
-0.014164676606042237
-0.01791353250587398
-0.022243712005207004
-0.02718662617765379
-0.03276984708224571
-0.03901814481164704
-0.045952111744687885
-0.0535889054537401
-0.06194113280387369
-0.0710173764762977
-0.08082128779697721
-0.09135194845202368
-0.10260314396012453
-0.11456359856801918
-0.12721641669921213
-0.14053922248224193
-0.1545037675733037
-0.169076003881843
-0.1842158639207592
-0.19987729355172246
-0.2160082154745096
-0.23255054636644357
-0.24944035507064424
-0.2666078842555334
-0.28397791242900966
-0.3014697939996325
-0.3189980291728478
-0.33647232870376875
-0.35379838931903085
-0.3708779817091642
-0.3876099228877772
-0.4038901793542659
-0.4196130230337288
-0.4346711369114109
-0.4489569385005079
-0.46236267268278936
-0.474781885711541
-0.4861094886517995
-0.4962433645301371
-0.5050843840974737
-0.5125381271474572
-0.5185148285990457
-0.5229311906538343
-0.5257102303287761
-0.5267831514670537
-0.5260890552020717
-0.52357683103876
-0.5192046815143425
-0.5129419825826098
-0.5047685666815807
-0.49467649843112454
-0.48266906043472635
-0.46876239428328403
-0.4529841432739649
-0.43537492213688245
-0.41598659013705463
-0.39488353385765546
-0.3721405693116826
-0.34784404583349915
-0.3220894012844149
-0.29498211605095326
-0.2666349659950933
-0.23716886991192201
-0.20670989825530703
-0.17539006508094998
-0.1433441585475004
-0.11071053307380405
-0.0776278348586485
-0.044235856797528526
-0.01067224300646683
0.02292651954918131
0.05642831962711215
0.08970420706589381
0.12263142664585329
0.15509189118935474
0.18697492947028652
0.21817537747441335
0.2485959740479578
0.27814505166624304
0.30673858008592747
0.33429751666850166
0.3607495851653217
0.3860264331059533
0.410065314231761
0.4328062663817094
0.45419390995465186
0.474174873933742
0.49269990435560607
0.5097217126942228
0.525197503072227
0.5390873043702692
0.5513568937837207
0.561976533906625
0.5709241337808191
0.5781841898002406
0.583750928549526
0.5876271859198448
0.5898272503571499
0.5903754278073504
0.5893083557699342
0.5866730851211284
0.5825287447004792
0.5769440948367865
0.5699985527031872
0.5617792973944982
0.5523817799442149
0.5419065524693788
0.5304594568766486
0.5181483928004245
0.5050833965794006
0.4913735541862851
0.47712715426897095
0.46244890621414625
0.4474402950224285
0.4321972002229429
0.41681051537596625
0.40136419879735374
0.3859361621300513
0.3705967312708062
0.3554097658202759
0.34043147400590457
0.32571170059128046
0.31129302304615314
0.2972121376921997
0.28349916243061435
0.27017905512739465
0.25727105600740324
0.2447900836232096
0.23274626286992864
0.22114625810830155
0.20999284696866186
0.1992861642886946
0.18902329505439108
0.17919941498834813
0.16980738686135916
0.160838793061694
0.15228352770108483
0.1441307232360272
0.1363683364284668
0.12898397540049422
0.1219644810046491
0.11529666307063793
0.1089668806025194
0.10296169693631363
0.09726746289403677
0.09187090057929788
0.0867586935881268
0.08191800859225448
0.07733609624768668
0.07300075883002134
0.06889996481575547
0.06502226982507896
0.06135644712681309
0.05789186813514534
0.05461815039640077
0.05152550294476131
0.04860439271581668
0.04584585922891093
0.0432411998577472
0.040782257585775465
0.03846112515229208
0.03627040901838623
0.03420295209003952
0.03225207652798202
0.030411324515630035
0.028674682132438574
0.027036337470501524
0.02549088745316302
0.02403311249785935
0.022658167887465823
0.02136137411351833
0.020138394185813906
0.01898503876109267
0.017897430596148626
0.016871823561876748
0.01590475529860687
0.014992879228949927
0.014133106352776082
0.013322449399419178
0.012558154599163983
0.011837557150481213
0.011158203718957517
0.010517718437903298
0.009913916813976872
0.009344681522354441
0.008808068335637907
0.008302191020861053
0.00782531985609539
0.007375774979067071
0.006952018009070128
0.00655255324219987
0.006176012854072215
0.005821065378182049
0.005486494927975971
0.0051711164358231405
0.004873849298995173
0.004593638894626294
0.004329525024084187
0.004080569255085712
0.0038459185115520583
0.0036247378271834795
0.00341626940216814
0.0032197703847681508
0.003034567692835468
0.0028600004686836294
0.002695470941479672
0.002540391228621133
0.0023942304948367655
0.0022564657984101514
0.0021266257843048602
0.0020042452971306113
0.0018889058279823305
0.0017801936382599328
0.0016777371635435699
0.0015811684130006616
0.0014901575174196642
0.0014043771888052148
0.0013235345853120078
0.001247338633352265
0.0011755293682558464
0.001107847937751594
0.0010440635648330885
0.0009839460667358222
0.0009272905745058342
0.0008738924160540784
0.0008235697153718476
0.000776140502000113
0.0007314433019473759
0.0006893163488349887
0.0006496162679663
0.0006121992762622121
0.0005769380518596782
0.0005437048210480247
0.0005123864961035447
0.0004828695579710123
0.0004550535365153588
0.00042883760801728127
0.0004041324831394486
0.00038084864811922104
0.00035890671706641187
0.00033822725509763564
0.00031873964450156357
0.0003003734361072642
0.000283065770618603
0.00026675421368966613
0.0002513827666371401
0.00023689614833068975
0.00022324442153907287
0.00021037869394433212
0.00019825437863097865
0.00018682829403683364
0.00017606057052003423
0.0001659131361384036
0.00015635027434340463
0.0001473384908236596
0.00013884571918192475
0.00013084257129723263
0.00012330018207828842
0.00011619285364462386
0.00010949452079696653
0.00010318280850318385
0.00009723409279967994
0.00009162899739466676
0.0000863460182826961
0.0000813684927575312
0.0000766767486897116
0.00007225658624893057
0.00006808990622613735
0.00006416475274158683
0.00006046436552492786
0.00005697884162902636
0.00005369254827635581
0.00005059747012540303
0.00004767890958295107
0.00004493059613383169
0.0000423385922913799
0.00003989825019219104
0.000037596232147427296
0.00003542940958857787
0.000033384896797662394
0.00003146099826123309
0.000029645142742947902
0.000027936997426621356
0.000026324177435697415
0.000024807656707768147
0.000023375116186879893
0.0000220287934982378
0.000020756320902245924
0.000019561169244487634
0.000018430813317281515
0.00001736993756208097
0.000016365753780683233
0.000015424151836433302
0.000014531978089136601
0.000013696329784373772
0.000012903586583773635
0.00001216206541582572
0.000011457578871377621
0.00001079968474362097
0.000010173528503363964
9.589940202179011e-6
9.033296618420804e-6
8.515739587472386e-6
8.020774413231869e-6
7.56190411439706e-6
7.121656517159686e-6
6.71495464700502e-6
6.323239502602875e-6
5.962921743326636e-6
5.614241948354794e-6
5.295175950244559e-6
4.9846455338724876e-6
4.702278358940463e-6
4.425553506014539e-6
4.175847401878649e-6
3.929065563498291e-6
3.708440338486307e-6
3.488165831088396e-6
3.2934482603635582e-6
3.096623983243549e-6
2.9250023996210855e-6
2.7489070553049343e-6
2.5978917108178327e-6
2.4401017288401996e-6
2.3074889390912294e-6
2.165844654508009e-6
2.0496854644708777e-6
1.9222608225962385e-6
1.8208332725421115e-6
1.7059091610558624e-6
1.6176930979624779e-6
1.513733728948764e-6
1.4373891623584348e-6
1.3430202363073807e-6
1.277367904624454e-6
1.191358512820711e-6
1.1353624277401104e-6
1.0566077564618406e-6
1.0093602266653814e-6
9.368666234653626e-7
8.975747610663548e-7
8.304462066395963e-7
7.984198035060665e-7
7.358464041317301e-7
7.104877213812464e-7
6.51734579674087e-7
6.325290958190064e-7
5.769265997899125e-7
5.634349007205349e-7
5.103708708554987e-7
5.022212277241904e-7
4.511323313461876e-7
4.4801531542121885e-7
3.983804398310134e-7
4.000425631747204e-7
3.513767762040864e-7
3.5761608923992414e-7
3.09464664151356e-7
3.2012674806133594e-7
2.7206017266325163e-7
2.8703474845045717e-7
2.3864395042701494e-7
2.5786175291333827e-7
2.087536470428348e-7
2.3218413295212767e-7
1.8197761542673917e-7
2.096267162829804e-7
1.5794930730335594e-7
1.8985779179269326e-7
1.3634152401166442e-7
1.7258401008199775e-7
1.1686281330062954e-7
1.5754656261023602e-7
9.925240195695581e-8
1.4451660081785505e-7
8.327768338562876e-8
1.332931743051481e-7
6.872955656625392e-8
1.236989186323967e-7
5.542105852767541e-8
1.1557878398267517e-7
4.318399903929171e-8
1.0879694862858429e-7
3.1867041392130124e-8
1.0323477290945506e-7
2.1332736093489185e-8
9.878533467231196e-8
1.1425067146707004e-8
9.51046951898421e-8