1.481418184472362
1.4830536257727425
1.4857334933391766
1.4894432767673291
1.494131271065335
1.4997465691967096
1.506218820813747
1.5134744885015101
1.5214267260412448
1.5299856380392656
1.5390524295104282
1.5485268324513843
1.558303537412772
1.568277902164476
1.578343740287916
1.588397798285726
1.5983383897257557
1.6080688865933148
1.6174968886979284
1.6265368751205749
1.6351097128152814
1.6431445715792303
1.6505786462227259
1.6573584195640807
1.66343951647265
1.6687873887039433
1.6733772450760451
1.677194223046568
1.6802333529727516
1.68249927243576
1.6840061888351794
1.684777184400598
1.6848441447608338
1.6842466973049148
1.6830320777153858
1.6812537438681443
1.6789711604465487
1.6762481361396535
1.6731525196867583
1.6697543196250884
1.6661253230146083
1.6623370726629871
1.6584604401615122
1.6545635521568214
1.6507113686404449
1.6469636632740419
1.6433746719510993
1.639991238171788
1.6368526019529175
1.6339888165122216
1.6314207412783692
1.6291588193143287
1.6272033203197462
1.6255435404032437
1.624158313918008
1.6230156619266618
1.6220735599467175
1.621280024036853
1.6205740907059891
1.6198862958500406
1.619139798705728
1.618251183938039
1.6171316476523134
1.6156880398563898
1.6138240288635155
1.6114413006088821
1.6084406273156497
1.6047231496817962
1.6001912932483677
1.594750075415997
1.5883078340764412
1.5807775191713458
1.5720772182451437
1.5621314076481843
1.550871275104354
1.5382359158239647
1.5241724609333471
1.508637207583059
1.4915955639418947
1.4730231004451695
1.4529053183401004
1.4312386033807853
1.408029817962188
1.383297131382615
1.3570694281511693
1.3293869830619314
1.3003006729114397
1.2698724623923363
1.2381744053467125
1.2052889106333664
1.171307523629587
1.1363309507521595
1.100467622844288
1.0638334730347263
1.0265503005518961
0.9887453180913853
0.9505493559294673
0.9120962196667979
0.8735207974036744
0.8349582931088049
0.7965423200830114
0.7584040948798235
0.7206706138500019
0.6834639031287955
0.6468993778049424
0.6110852417607715
0.5761211187659057
0.5420976809275865
0.5090956182005754
0.4771855476988818
0.446427355951388
0.4168704077183352
0.38855325912593897
0.36150414980455875
0.33574105090242357
0.31127239421751196
0.28809739237423815
0.2662069376548999
0.24558411573100947
0.2262051973097976
0.20804026266688566
0.19105421074243878
0.17520741795584832
0.1604566997804744
0.1467559410047827
0.13405696075956297
0.12231006897752207
0.11146480385449765
0.10147038743773786
0.09227632164044004
0.08383273213982416
0.0760908233444355
0.06900311260695302
0.06252375499250697
0.056608678669113566
0.05121579682549933
0.046305060188909127
0.041838576462880084
0.03778059788132568
0.03409756885780544
0.030758066147453692
0.02773279387441548
0.024994492064766585
0.022517895626306003
0.020279624439352675
0.018258119824653415
0.016433526566177508
0.01478761736050083
0.01330367445315613
0.011966409792514116
0.010761851595348584
0.00967726557210929
0.008701049789896493
0.00782266043958902
0.0070325168485834005
0.006321933806568584
0.005683037461734843
0.0051087051592764035
0.004592492174837509
0.004128579281364195
0.0037117097660635907
0.0033371444584411373
0.0030006081780164884
0.0026982516664047903
0.002426606466140825
0.002182553048961057
0.0019632830848708882
0.0017662730042051612
0.001589252644092938
0.001430183490157489
0.0012872327574465295
0.0011587556041488104
0.0010432737961908764
0.0009394612525545505
0.0008461265435461787
0.0007622012032106133
0.0006867254118939644
0.0006188385880642397
0.0005577677008005425
0.0005028197262913136
0.00045337212232279795
0.0004088668012122179
0.00036880237493274674
0.0003327293550740572
0.0003002438437095932
0.000270983721916404
0.00024462351830532847
0.00022087139099855242
0.00019946495371517658
0.0001801688925355046
0.00016277156954479506
0.00014708314599025938
0.0001329328167589407
0.00012016733647635056
0.00010864876551976324
0.00009825331600778561
0.00008886951253876423
0.00008039729160547254
0.00007274649861152557
0.00006583618766065191
0.00005959339134856264
0.00005395257868190589
0.00004885464627324309
0.000044246500817444315
0.00004008023014314016
0.0000363127836141125
0.00003290528943740975
0.000029822811896311005
0.00002703378773548317
0.000024509843543510998
0.000022225329218626103
0.00002015718232565735
0.000018284540828742572
0.00001658864403091299
0.000015052510135541327
0.000013660865582854763
0.000012399875726020087
0.00001125709612529628
0.000010221246824079583
9.282180542440027e-6
8.430692815234684e-6
7.658503117785187e-6
6.9580945645892195e-6
6.3227048609878444e-6
5.746190423290175e-6
5.223024729284101e-6
4.748182662005887e-6
4.317144366876834e-6
3.925796384723415e-6
3.5704395443407546e-6
3.247704070125005e-6
2.9545603698843487e-6
2.688245806257211e-6
2.4462774995516272e-6
2.226388862244043e-6
2.026543740516342e-6
1.8448811454635562e-6
1.6797302166691547e-6
1.5295618567082534e-6
1.3930041249268518e-6
1.2687997050217187e-6
1.1558214345722015e-6
1.0530347182719002e-6
9.59512974550477e-7
8.744042569831574e-7
7.969464581514266e-7
7.264375249713089e-7
6.622503054194143e-7
6.038058449402407e-7
5.505877966819251e-7
5.021183697680194e-7
4.579722505117011e-7
4.1775484241391343e-7
3.8111566624161733e-7
3.4772858877719817e-7
3.1730468506219447e-7
2.8957420031544323e-7
2.6429886916561e-7
2.412553945226594e-7
2.2024722712096684e-7
2.0108937789330048e-7
1.836196673051344e-7
1.6768471510437024e-7
1.5315067328328053e-7
1.39890259910904e-7
1.2779299253221116e-7
1.1675315191168711e-7
1.0667953459864251e-7
9.748424845821439e-8
8.909200425393819e-8
8.142965834049982e-8
7.443506363960606e-8
6.804728624857824e-8
6.221503626841466e-8
5.6887494698998095e-8
5.202234433913034e-8
4.757715148588035e-8
4.3517016657832e-8
3.980646253513671e-8
3.641672363021219e-8
3.3318097796843316e-8
3.048689324117701e-8
2.789820595886448e-8
2.5532541684316036e-8
2.3368985922319298e-8
2.1391517605779854e-8
1.9582542087122087e-8
1.7928912436830362e-8
1.6415798945716168e-8
1.5032433165003693e-8
1.3766290222834852e-8
1.260856989318882e-8
1.1548670415297607e-8
1.057942009149813e-8
9.691823372173454e-9
8.880055727087022e-9
8.136464567665172e-9
7.456339415752032e-9
6.8331518186335795e-9
6.263112155209841e-9
5.740634090020619e-9
5.262688710144466e-9
4.824480290322433e-9
4.423607844203864e-9
4.055940056843691e-9
3.71959376037821e-9
3.4109968524391907e-9
3.128692667702485e-9
2.869580557836398e-9
2.6325546250996544e-9
2.4149124054989088e-9
2.2158359570382557e-9
2.0329597748486697e-9
1.8657017830420017e-9
1.7119822289500902e-9
1.5714117120239247e-9
1.4421533627314613e-9
1.3239746527944572e-9
1.2152456702202874e-9
1.115861090661191e-9
1.0243678199025836e-9
9.407631646041588e-10
8.637455328350524e-10
7.933945223358968e-10
7.285387531108075e-10
6.69323291144251e-10
6.146890387109145e-10
5.648326297917927e-10
5.187921271720146e-10
4.768042613195428e-10
4.379914815631045e-10
4.0262116170629524e-10
3.698893282673579e-10
3.400862224708407e-10
3.1247228399864395e-10
2.87354239183048e-10
2.640491559829582e-10
2.428750212268944e-10
2.2319890335577478e-10
2.053457865377747e-10
1.8872708366063036e-10
1.7367131123527102e-10
1.5962938754199959e-10
1.4693055869455252e-10
1.3506109695106847e-10
1.243487244211341e-10
1.1431149541210669e-10
1.0527380938009678e-10
9.678241974289266e-11
8.915698120272557e-11
8.197027656362924e-11
7.553610493651566e-11
6.94509585057554e-11
6.40219268544561e-11
5.886718800908034e-11
5.428647972226867e-11
4.991789409341699e-11
4.60533486803236e-11
4.2349292096224014e-11
3.9089495884119716e-11
3.594739022281978e-11
3.31983912122335e-11
3.0531691632332064e-11
2.821423730311621e-11
2.5949898140511863e-11
2.399711124412524e-11
2.2073452655989546e-11
2.0428873486552357e-11
1.879378314709124e-11
1.7409717862362794e-11
1.6019132027432685e-11
1.485525560305638e-11
1.3671871928374186e-11
1.2694041494987674e-11
1.1686222289434336e-11
1.0865462047665195e-11
1.000629124288597e-11
9.317913894557427e-12
8.584373871776883e-12
8.007205434337756e-12
7.379440777951575e-12
6.8951154814224795e-12
6.355749338095694e-12
5.948038525552187e-12
5.481502874052905e-12
5.1356355964675846e-12
4.7274683220776994e-12
4.4293903237928686e-12
4.065437919059782e-12
3.800937952992783e-12
3.4663804808931593e-12
3.2199853686949184e-12
2.898066352087127e-12
2.651564429682625e-12
2.3218571105338784e-12
2.0522471035281093e-12
1.6882132202666053e-12
1.3647983666772591e-12
9.30503108094095e-13
5.136604742711874e-13
-0.16782947311249027
-0.17381791473182248
-0.18382738637133647
-0.1977101604673122
-0.215376403578554
-0.23665775501495448
-0.2613876278004843
-0.2893425282961266
-0.3202893919354274
-0.3539485826883648
-0.39002876836303774
-0.42820034770624243
-0.4681245512562502
-0.5094331858252676
-0.5517547134307212
-0.5946982802713983
-0.6378779129564204
-0.680899524911597
-0.7233835548969171
-0.7649539283053519
-0.8052590267789955
-0.843961734839
-0.8807584246350085
-0.9153693580718517
-0.9475553265527141
-0.9771078440300348
-1.0038631486596954
-1.027691815411188
-1.0485099639833957
-1.066268128420454
-1.0809596896689617
-1.0926090479024053
-1.101277481529117
-1.1070508594415764
-1.1100432982874306
-1.1103848101497136
-1.1082232652994481
-1.1037124783795338
-1.0970130644061162
-1.0882815065196532
-1.0776705021228792
-1.0653195163735085
-1.0513551458441899
-1.0358835448741637
-1.018991193988214
-1.0007394084047458
-0.9811657130854416
-0.960280437769765
-0.9380687090361602
-0.9144889472102822
-0.8894753311680361
-0.8629378799810921
-0.8347651624975452
-0.8048255964622018
-0.7729701765139754
-0.739034658473953
-0.7028421561152647
-0.6642059771920112
-0.6229320597996697
-0.5788223515096963
-0.531677177876815
-0.4812991638982984
-0.4274957095447823
-0.3700835084208263
-0.30889132016961324
-0.24376512561854757
-0.17457132412252815
-0.10120247746853642
-0.023580930586439813
0.05833504584891287
0.1445473876001941
0.23501205639324144
0.32963529014843457
0.42826791251634205
0.5307022355264366
0.636667517180294
0.745828167029452
0.857781071869815
0.9720557877570983
1.0881144211348963
1.2053544171298634
1.3231115379280831
1.4406656642044704
1.5572471492648274
1.672045741335955
1.784220223983468
1.892910165298416
1.9972483172778102
2.0963744502567008
2.1894495339651336
2.2756704901752873
2.354284792542777
2.424604650209951
2.486020426888352
2.538012635786323
2.5801625650712325
2.612160581155798
2.6338125987597123
2.645043571799909
2.645898948714063
2.636542833784256
2.61725424645864
2.588420156825328
2.550527094347342
2.5041499574845805
2.449940145683475
2.388611573442435
2.320926904526437
2.247682465097645
2.1696942734841764
2.087783513883067
2.0027638844327496
1.915429002705687
1.8265422092783568
1.7368268209327793
1.6469590326074706
1.5575614254913186
1.4691991160049218
1.382376463186923
1.2975362037212739
1.215058952828428
1.1352647861954048
1.058414918668354
0.9847150567523146
0.9143185639577687
0.8473308927937307
0.7838135770724785
0.7237891262194699
0.6672452864157072
0.6141399051044057
0.5644050385921555
0.5179514377848808
0.474672220742165
0.434446767454871
0.39714380216637674
0.3626246004610093
0.3307454273403687
0.3013600474263005
0.27432153753791905
0.24948415001425078
0.22670456460477922
0.20584318922814365
0.18676493988394366
0.1693400778709777
0.1534446137106878
0.13896078060794675
0.12577715446370277
0.11378885528523963
0.10289746486483196
0.09301103505319715
0.0840438711253545
0.0759164113308828
0.06855492981723404
0.061891337654508424
0.05586284597471723
0.05041172589767451
0.045484961089205286
0.04103399323380115
0.03701438382489114
0.03338556316851572
0.030110513877380448
0.02715553472410987
0.024489952815215307
0.022085908686367377
0.019918100194773247
0.017963591756625426
0.016201590309181835
0.014613279228246815
0.013181624985854413
0.011891234779686132
0.01072819149829088
0.009679933213881057
0.008735113559087066
0.007883500794074612
0.007115860535701016
0.006423871966089494
0.005800029914865533
0.005237575822387995
0.00473041636956021
0.004273066967823633
0.003860584396201433
0.0034885208082394378
0.0031528681299748213
0.002850020815278498
0.0025767300538672034
0.0023300737479564513
0.002107418859566853
0.0019063973092687807
0.0017248750477162117
0.0015609327841577443
0.0014128405942746354
0.0012790425688930765
0.001158135967988124
0.0010488590382066263
0.0009500738924978316
0.0008607568798119778
0.000779984513514008
0.0007069258900067455
0.0006408311096796882
0.0005810253356573371
0.0005268992514763927
0.0004779044292010355
0.0004335454511671792
0.00039337632075703885
0.00035699394403965033
0.0003240353687728253
0.0002941723779669129
0.0002671093851500828
0.00024257893785057158
0.00022034013152699112
0.00020017485847439933
0.00018188663053957818
0.00016529743950844552
0.00015024690102092775
0.00013658961734896145
0.00012419457281567374
0.00011294291006989382
0.00010272752164115815
0.00009345116722149298
0.00008502621744112799
0.00007737305299047326
0.00007041992584381481
0.00006410159187399367
0.00005835926203930225
0.00005313942893332021
0.00004839388625286184
0.00004407871687033013
0.0000401543635153917
0.00003658475176920189
0.000033337398558696926
0.000030382648204029855
0.000027693808233839374
0.000025246480473950565
0.000023018715998362452
0.000020990426394336676
0.000019143551489996634
0.000017461538502261077
0.000015929517625997782
0.000014533838875154589
0.000013262251758645995
0.000012103491349060018
0.00001104745916929669
0.000010084851438233225
9.20733899930095e-6
8.407231855815352e-6
7.677656527769874e-6
7.012251947633628e-6
6.405343066164954e-6
5.851663969999367e-6
5.3465268963119755e-6
4.885569087018771e-6
4.464916635572528e-6
4.080952133902574e-6
3.7304729783583696e-6
3.4104773148002525e-6
3.1183165872938603e-6
2.851497660470638e-6
2.6078295140206333e-6
2.3852397329671157e-6
2.1819153412366173e-6
1.9961321107732433e-6
1.8263895947775883e-6
1.6712519245651542e-6
1.5294771524451716e-6
1.3998683882237482e-6
1.281397597091522e-6
1.1730660816875505e-6
1.074022904904484e-6
9.834338533902303e-7
9.005946713303595e-7
8.248077512252817e-7
7.554903744191845e-7
6.920584682862886e-7
6.340300540785072e-7
5.80915489039522e-7
5.323163232442235e-7
4.878215129084294e-7
4.4710188623728155e-7
4.098118721951071e-7
3.7567977170526483e-7
3.444145959476702e-7
3.1579233413425445e-7
2.89567538309061e-7
2.6555577280742295e-7
2.435496196212798e-7
2.2339748787866875e-7
2.0492374600544642e-7
1.8800406239835296e-7
1.7248939861097113e-7
1.582780450382841e-7
1.452432338078746e-7
1.3330202589564993e-7
1.2234632383734224e-7
1.1230875936554587e-7
1.0309690491261693e-7
9.46563036782233e-8
8.69076955427082e-8
7.980732450002783e-8
7.328700935340473e-8
6.731185671835952e-8
6.18230199928339e-8
5.6792939675241604e-8
5.21706458124138e-8
4.7934641201432316e-8
4.404061300924039e-8
4.047206854141385e-8
3.7190331157714696e-8
3.418303269557698e-8
3.1416277312595624e-8
2.88810893437977e-8
2.6547636401385584e-8
2.4409726415166516e-8
2.244098831145937e-8
2.0637507226182246e-8
1.897586745382998e-8
1.745401032169294e-8
1.6051049919503457e-8
1.4766433869405523e-8
1.3581447680289525e-8
1.2496754629276371e-8
1.1495509486223188e-8
1.0579349926367087e-8
9.73304488720322e-9
8.95900634627906e-9
8.243401745349517e-9
7.589251580287737e-9
6.983939191676057e-9
6.430956413841609e-9
5.918747617818952e-9
5.451162642545969e-9
5.0175753125394204e-9
4.62210001582216e-9
4.254928028444368e-9
3.920361400650791e-9
3.6093133245084823e-9
3.3262104328102786e-9
3.0626061629314337e-9
2.8230001530358636e-9
2.5995161012164883e-9
2.3966846524100257e-9
2.20713964136886e-9
2.0354086934249217e-9
1.874583985773621e-9
1.7291627285463203e-9
1.5926506927546358e-9
1.4694927881402177e-9
1.3535695982617482e-9
1.2492564218700848e-9
1.1507749352503407e-9
1.0624173084215648e-9
9.787168903250773e-10
9.038723443538306e-10
8.327029308079287e-10
7.693060228857893e-10
7.087641498793187e-10
6.55067749847497e-10
6.035426424808456e-10
5.580684436917014e-10
5.141965645826503e-10
4.756933517789198e-10
4.383200636797172e-10
4.057285045204726e-10
3.738757157801192e-10
3.46298637872288e-10
3.191374776026861e-10
2.958147554986643e-10
2.72642473541091e-10
2.529297850612383e-10
2.331501943244123e-10
2.165010164652639e-10
1.9960789526894617e-10
1.8555819973892665e-10
1.71121151753436e-10
1.5927633064019145e-10
1.46928661171663e-10
1.3695226515204703e-10
1.263804750835883e-10
1.1798437946910968e-10
1.0891890083268813e-10
1.0185452645854361e-10
9.406132335752499e-11
8.81115256767717e-11
8.138415544540873e-11
7.63553489258249e-11
7.050701188046271e-11
6.622100643786409e-11
6.107599401067515e-11
5.736086807887735e-11
5.274462680492598e-11
4.942372101757679e-11
4.515045102311659e-11
4.202819737942293e-11
3.788444988467919e-11
3.472719411518298e-11
3.0449250482260516e-11
2.6958392917876765e-11
2.2200207277889848e-11
1.7973960791820285e-11
1.2263858301551325e-11
6.781014529111536e-12
2.0509598901510664
2.0495879023167114
2.047177653733494
2.043804468173132
2.039421731839209
2.0340281142660777
2.0275800432626276
2.0200440029208746
2.011361852800276
2.001468234614404
1.990279742298054
1.9776948079027297
1.9635971079784529
1.947844966828995
1.9302846610335218
1.9107330369958115
1.8889982883856802
1.864858020871858
1.8380858715079427
1.8084264744457461
1.7756266486251853
1.7394082548747376
1.6995028612738057
1.6556232000563398
1.6075003443450886
1.5548543128211185
1.4974329055099116
1.4349819250188065
1.3672849316765707
1.2941335122960507
1.2153673105749032
1.1308447352911712
1.040482673737755
0.9442279527789966
0.842096128325845
0.7341438722355783
0.620506144634765
0.5013694808669653
0.3770067184321441
0.2477509352218392
0.11402676949030806
-0.023675427163744288
-0.16477270165032135
-0.3086156513963686
-0.4544669186927042
-0.6015280884027162
-0.748924260229853
-0.8957318678455544
-1.040969587831738
-1.1836268302556043
-1.3226606768723783
-1.4570242830619753
-1.585668940600192
-1.7075711499370574
-1.8217383982597677
-1.9272333331569147
-2.0231815525058114
-2.108791236107655
-2.183361238425369
-2.2462947606035906
-2.2971063340955062
-2.335428617255388
-2.3610173982442957
-2.373751284093719
-2.3736345142660746
-2.3607900331453564
-2.3354605381490856
-2.2979960332209655
-2.2488539910512237
-2.188582846582073
-2.1178223304796937
-2.0372844103601815
-1.9477547236014683
-1.8500722224103616
-1.7451322512463905
-1.6338656904725903
-1.5172437086942947
-1.3962566740999547
-1.271920123375439
-1.1452532816634367
-1.0172854794202475
-0.8890339240288219
-0.7615097660267428
-0.6356948627148102
-0.5125469660998029
-0.3929755868560401
-0.2778462775887923
-0.16795623383286404
-0.06403823302179935
0.03326286944466671
0.12338549242105873
0.2058724422187327
0.28036426662079666
0.3466164612954774
0.4044896521105892
0.45396172354435066
0.4951141213924929
0.5281383862359693
0.5533185799775817
0.5710325241570233
0.5817311334347104
0.585935440961172
0.584214270742337
0.5771786917819386
0.5654598176057064
0.5497025428790224
0.5305452453737158
0.5086144969626988
0.48450808734146805
0.45879193903424104
0.4319872868471474
0.40457040567352803
0.37696412314130745
0.34954035038165115
0.3226155288149627
0.29645546887541446
0.27127393844536773
0.24723903399542566
0.22447394477970153
0.20306401064330148
0.183058719767616
0.16447870330894176
0.1473181846881902
0.1315513549912555
0.11713471698773487
0.10401250918756817
0.09211861646153219
0.08138091392857923
0.07172260777171345
0.06306552444274328
0.05533088194166193
0.04844164722349684
0.042322819308524655
0.03690302422974798
0.03211442677423486
0.02789374064948168
0.024181889272248895
0.020924593190116875
0.018071885437768952
0.015578410724645483
0.013402877923948774
0.011508174839805556
0.009860816371550304
0.008430950117098419
0.0071918375746093015
0.00611980200894851
0.0051937633460619
0.004395161349921561
0.003707552819098682
0.003116529832641362
0.0026093798950841823
0.002175009949699249
0.0018036653634760655
0.0014868645848782492
0.0012171704246105519
0.000988136738628522
0.0007941245773759491
0.0006302603541359122
0.000492289509419672
0.0003765447129766391
0.00027983029316531734
0.00019939871552974398
0.00013285987226214647
0.00007816411065803039
0.00003353138590185688
-2.56069323207663e-6
-0.0000314319767727958
-0.00005420798877731241
-0.0000718626564871253
-0.00008522380720236068
-0.00009500619963740743
-0.00010181509116302875
-0.00010617170214975885
-0.00010851544689699594
-0.00010922350951779206
-0.00010861217460600218
-0.00010695183006531039
-0.00010446771114342995
-0.00010135135722217361
-0.00009776099002301685
-0.00009383022420050101
-0.00008966823167015315
-0.00008536632791269527
-0.00008099802428953166
-0.00007662397314153041
-0.00007229197418420011
-0.00006804065344901028
-0.0000638994647677164
-0.00005989139365012908
-0.0000560329776265083
-0.000052336260958989784
-0.00004880884603162103
-0.00004545527416820696
-0.00004227711270421016
-0.000039273897864077475
-0.000036443257411084184
-0.00003378152098266795
-0.00003128387541504935
-0.00002894472417885624
-0.00002675787098454087
-0.000024716691480108597
-0.000022814340114630638
-0.000021043782877500835
-0.000019398022317814022
-0.0000178700289090303
-0.000016452979376272268
-0.00001514011555554573
-0.000013924991622298794
-0.00001280128253317315
-0.000011763036280060333
-0.000010804448729312961
-9.920117582595883e-6
-9.104796332655773e-6
-8.353647156280597e-6
-7.661983529152836e-6
-7.02551978376895e-6
-6.440109467554607e-6
-5.901989757331639e-6
-5.407520747387289e-6
-4.953423316967571e-6
-4.536523075395685e-6
-4.153980629542991e-6
-3.803042795157532e-6
-3.481264509757832e-6
-3.1862690676345492e-6
-2.9159611738865197e-6
-2.6682973160441088e-6
-2.441489662025414e-6
-2.2337871975924675e-6
-2.0436703397330724e-6
-1.8696431101207356e-6
-1.7104184708347843e-6
-1.5647215410983201e-6
-1.4314657690843058e-6
-1.3095670103754835e-6
-1.1981107321375713e-6
-1.0961766395738873e-6
-1.0029971709043346e-6
-9.177922690802574e-7
-8.399194712231018e-7
-7.687183664613607e-7
-7.036526147699056e-7
-6.441635998404907e-7
-5.898047322058347e-7
-5.401037921860223e-7
-4.946898830087854e-7
-4.5316395823681964e-7
-4.1521879417547796e-7
-3.8051720499795605e-7
-3.4880540163702495e-7
-3.1979841322491097e-7
-2.932871932139339e-7
-2.6903078555314423e-7
-2.468575290678341e-7
-2.2656352934228318e-7
-2.0800830029282715e-7
-1.9101912680271505e-7
-1.7548146866466393e-7
-1.6124882371303007e-7
-1.4822820448672916e-7
-1.362951362544605e-7
-1.253745013057581e-7
-1.1536033040467824e-7
-1.0619229393889475e-7
-9.777996864095148e-8
-9.007523917917207e-8
-8.300074424823109e-8
-7.651843679550231e-8
-7.056193465879371e-8
-6.510147265417657e-8
-6.007990277467442e-8
-5.547425692282325e-8
-5.123516024981498e-8
-4.734520949146783e-8
-4.376158032971777e-8
-4.047141313065642e-8
-3.743741128831165e-8
-3.465041369560545e-8
-3.2077795927550346e-8
-2.9713397013768888e-8
-2.7528549094330125e-8
-2.5519515002852837e-8
-2.3660984746258894e-8
-2.1951170038823114e-8
-2.036761768596822e-8
-1.891009750662863e-8
-1.7558593507858315e-8
-1.631411257802756e-8
-1.515872428693361e-8
-1.4094409289714597e-8
-1.3105027746340614e-8
-1.2193318516696961e-8
-1.1344684619962967e-8
-1.0562446992891584e-8
-9.833343165514191e-9
-9.161132562845711e-9
-8.533711712057616e-9
-7.955161759292828e-9
-7.4143900961516685e-9
-6.9157049077951656e-9
-6.448899160767243e-9
-6.0184315634937725e-9
-5.614874436140215e-9
-5.242775420434882e-9
-4.8933958973476636e-9
-4.571323101653577e-9
-4.268430500271047e-9
-3.989305622012776e-9
-3.726368192534377e-9
-3.484174955565987e-9
-3.2556354113477127e-9
-3.0452511590351366e-9
-2.8463728319249026e-9
-2.663428009330969e-9
-2.490166409971315e-9
-2.330927186077248e-9
-2.1798226493834163e-9
-2.0410927504182077e-9
-1.909180591322855e-9
-1.7882190928629657e-9
-1.6729543138007662e-9
-1.5674067003858955e-9
-1.466600801438607e-9
-1.3744410653403016e-9
-1.2862089294004992e-9
-1.2056908638151684e-9
-1.1284060377627918e-9
-1.058022196092405e-9
-9.902791764503764e-10
-9.287262308564918e-10
-8.693086003210461e-10
-8.154580491745473e-10
-7.63311507018693e-10
-7.161848593599628e-10
-6.703943513145035e-10
-6.291420644578693e-10
-5.889123518566858e-10
-5.527959200032552e-10
-5.174350389492049e-10
-4.858117320123336e-10
-4.547168853722594e-10
-4.2702672049687803e-10
-3.9967222151198337e-10
-3.7542681912688663e-10
-3.513537681534528e-10
-3.3012680151738796e-10
-3.0893422981130073e-10
-2.903532245356952e-10
-2.716904820858145e-10
-2.55429761593346e-10
-2.389899620677516e-10
-2.2476456762934317e-10
-2.1027893311037929e-10
-1.9783937406796134e-10
-1.8507234699370955e-10
-1.7420005939187988e-10
-1.629450696278105e-10
-1.534484800732531e-10
-1.4352427194553574e-10
-1.352353789027058e-10
-1.2648281706175123e-10
-1.1925421450051946e-10
-1.1153349886205101e-10
-1.0523577732486242e-10
-9.842400639439979e-11
-9.294347457803054e-11
-8.693250350519672e-11
-8.216917945783048e-11
-7.686372404563832e-11
-7.272954886735512e-11
-6.804548950117792e-11
-6.446271796866617e-11
-6.032555759233626e-11
-5.722527883262421e-11
-5.356870616903861e-11
-5.0889442639131724e-11
-4.765394472173694e-11
-4.534026801562711e-11
-4.247172330503322e-11
-4.0472808815765904e-11
-3.792097122087179e-11
-3.6188987446141514e-11
-3.3905739002097974e-11
-3.23939269760337e-11
-3.0331127236786206e-11
-2.89913645794681e-11
-2.7098050098663474e-11
-2.587760283754829e-11
-2.4096178542651572e-11
-2.2933207725700462e-11
-2.119410603913966e-11
-2.0011293943176522e-11
-1.8225331148611254e-11
-1.6920691900834684e-11
-1.4967986137358015e-11
-1.3401481747218634e-11
-1.1115264768992509e-11
-9.089298591942555e-12
-6.233646120891674e-12
-3.484537563653374e-12
-0.07208563537257245
-0.07827145628647478
-0.08847860528464503
-0.10248086266526134
-0.12000632187369299
-0.1406991745627618
-0.16414058630686984
-0.18984919534608372
-0.21728580065555592
-0.24586764457895763
-0.27496564077723695
-0.30392658438744624
-0.332065687554425
-0.3586939991381449
-0.3831073853608979
-0.4046174790876297
-0.42253768111046597
-0.4362164532386096
-0.44502072613355037
-0.4483706523996552
-0.4457207623840019
-0.43659549738864745
-0.4205684533325434
-0.39729814173769684
-0.3665056477318695
-0.3280101204932776
-0.2817051186514824
-0.22759331646410827
-0.1657617084753299
-0.09641494561361459
-0.019849431279585522
0.06351540362815962
0.1531642355862242
0.24845742988943076
0.34865966351269073
0.45291522046773197
0.5602784328229158
0.669693522958373
0.7800271633732508
0.8900535494320129
0.9984892155739783
1.1039837261962024
1.205156580571832
1.3005934733687534
1.3888846960914025
1.468626384164246
1.5384593380018778
1.5970741172374334
1.64324874885019
1.6758560515137297
1.6938983748711407
1.6965152415829121
1.6830131638842891
1.652871657600738
1.6057663657539
1.54157175901165
1.4603762598519938
1.3624804654718075
1.2484036432841206
1.1188770004462694
0.9748416907713754
0.8174373714099149
0.6479925733400176
0.46800938179243046
0.2791475377730672
0.08320643465189997
-0.11789545570320174
-0.3221400201299744
-0.5274332415920112
-0.7316250389413727
-0.9325349830623045
-1.1279719047486483
-1.3157608469442117
-1.4937622295750668
-1.6598996873252556
-1.8121788642366612
-1.9487159708836237
-2.0677562909733247
-2.1677031631232264
-2.247135952771395
-2.304838703883287
-2.339816697186472
-2.3513233125935122
-2.33887349874213
-2.302266622426512
-2.241594439162054
-2.1572571314063347
-2.049962959439663
-1.920734564536978
-1.7708976323160799
-1.6020750573075297
-1.4161628069405678
-1.2153107748108711
-1.0018855709557986
-0.7784387148852382
-0.5476580817996285
-0.31232619506577064
-0.07526413970800117
0.16071534190566478
0.39286598245203874
0.6185540920532351
0.8353124318519803
1.0408792503286979
1.2332419118012137
1.4106635140638888
1.5717117425125682
1.715269653507203
1.8405475251718697
1.9470769315873144
2.0347059904613527
2.1035784268407545
2.154114994326232
2.1869812832772495
2.2030597379314973
2.203411128113752
2.189242249423336
2.16186613406357
2.122670222035931
2.0730796732302235
2.014529769480164
1.9484354143885712
1.8761701184130526
1.7990432986177678
1.7182867612732582
1.6350400568939916
1.5503441721862359
1.4651341624763183
1.38023893951195
1.296379774952027
1.2141746475603203
1.1341409658430874
1.0567028584072296
0.9821965155316792
0.9108789682572476
0.8429346888330539
0.7784846994690353
0.7175933984274722
0.6602771775014289
0.6065107760769565
0.5562349040576827
0.5093617212844144
0.4657812244799721
0.4253656804798051
0.3879747290452891
0.35345876091964873
0.32166281547359965
0.29242899578913456
0.2655993117758668
0.24101727691713323
0.2185298774748158
0.19798851297921793
0.17925027381238864
0.1621783823782529
0.14664294597662833
0.1325210377256922
0.11969706772466593
0.10806261935089108
0.09751655511808675
0.08796469962438402
0.07931977088786418
0.07150097873293486
0.06443384969704713
0.058049790366201635
0.05228585501332771
0.047084307759905644
0.04239236701589201
0.038161788228487294
0.03434860762361878
0.03091275828973858
0.027817827158363777
0.02503071073091607
0.022521393115198938
0.020262643299334054
0.01822981784491388
0.01640059875647387
0.014754821650844529
0.013274251550810688
0.01194243561624275
0.010744513274782179
0.009667091606997715
0.008698085858554002
0.007826615084632185
0.007042869075459616
0.00633802171096579
0.0057041205361127185
0.005134015330228257
0.0046212668931005525
0.004160088507194914
0.0037452708741926096
0.0033721343830417964
0.003036467526840396
0.002734488146626148
0.0024627930340179343
0.0022183265756421434
0.00199833959298896
0.0018003640513443422
0.0016221794978097922
0.0014617927143005878
0.0013174103855191307
0.0011874227651555616
0.0010703814387536164
0.0009649862356147808
0.000870067149653975
0.0007845738681727252
0.0007075610805318845
0.0006381801112615609
0.0005756669855401799
0.000519335750727737
0.00046856878304156246
0.0004228114612445837
0.0003815642941047098
0.0003443786752053754
0.00031085048897205983
0.00028061672872374343
0.000253350303062335
0.0002287573423990753
0.00020657297975960258
0.000186559205865384
0.0001685014409738854
0.00015220682667089317
0.00013750143997906755
0.00012422893257969567
0.00011224826653252259
0.00010143262973773246
0.00009166759541538765
0.0000828502570995892
0.00007488773251479062
0.00006769647296694137
0.00006120104723697982
0.0000553335894702751
0.00005003281084633546
0.00004524355743165024
0.00004091600721852315
0.000037005315271757854
0.00003347096169673263
0.000030276466078421696
0.000027388858395171878
0.00002477844846122084
0.000022418397036165895
0.000020284528933301676
0.000018354985818888823
0.000016610073993287926
0.000015031983817434002
0.000013604665035717802
0.00001231360056221383
0.000011145703692340178
0.000010089136251640908
9.133223216202343e-6
8.26830707190445e-6
7.485676294014868e-6
6.777449265339355e-6
6.136513803316836e-6
5.556435206599539e-6
5.031404602942324e-6
4.556166688126908e-6
4.125975131558775e-6
3.7365363817478376e-6
3.383970733867515e-6
3.0647692367667055e-6
2.7757593176416023e-6
2.514072364733586e-6
2.277113034614374e-6
2.0625355249940002e-6
1.8682158724002497e-6
1.6922352892543484e-6
1.5328549039561308e-6
1.3885048305044995e-6
1.2577609170437165e-6
1.139338456945033e-6
1.0320706020134142e-6
9.349058209230623e-7
8.46887704524104e-7
7.671554388752491e-7
6.949247863287835e-7
6.294909726271503e-7
5.702106718535949e-7
5.165068154887901e-7
4.678514443476034e-7
4.2377203642525545e-7
3.8383511656089536e-7
3.47653772917718e-7
3.148719368858243e-7
2.8517281796684915e-7
2.5826378358886265e-7
2.3388549140758772e-7
2.1179731220441528e-7
1.9178697906620613e-7
1.7365650717826845e-7
1.5723221258851327e-7
1.4235109107699703e-7
1.2887108653871662e-7
1.16657897703149e-7
1.0559539863757216e-7
9.557284727923408e-8
8.649537903411013e-8
7.827159517154297e-8
7.082406567962129e-8
6.407727879875338e-8
5.7968101782001135e-8
5.2434075390375514e-8
4.742379146709086e-8
4.288551823604067e-8
3.877746203079161e-8
3.505671083633249e-8
3.168935444038223e-8
2.86397349357295e-8
2.5880405244092354e-8
2.3381676319423142e-8
2.1121398655038297e-8
1.9074796754858976e-8
1.7224062052692473e-8
1.554846588823501e-8
1.403375539144949e-8
1.2662536753480319e-8
1.1423468179184084e-8
1.0301905699857301e-8
9.2888893778477e-9
8.372044293968013e-9
7.544357878542643e-9
6.795329034304061e-9
6.1195358397619356e-9
5.5080260525622114e-9
4.956675537976792e-9
4.457813647507139e-9
4.008373615540047e-9
3.6017465304223116e-9
3.235725653406526e-9
2.9045829009364433e-9
2.6068096036059246e-9
2.337409603273047e-9
2.0954394126991077e-9
1.8765122021463662e-9
1.6801406639081784e-9
1.502446323519403e-9
1.3433086752294142e-9
1.1992744046840052e-9
1.0705165564339075e-9
9.539383992627066e-10
8.499465269511819e-10
7.557442359966191e-10
6.719225565446597e-10
5.959381450039901e-10
5.28526301227045e-10
4.67358507395771e-10
4.1328151669342066e-10
3.641497943139798e-10
3.208947687197821e-10
2.8152755119275857e-10
2.4704242711911074e-10
2.1558534798171378e-10
1.8819571066198104e-10
1.6313623023601073e-10
1.4147701359794006e-10
1.2158253284109552e-10
1.0454194790871502e-10
8.880900919789199e-11
7.548252462842915e-11
6.309512608706059e-11
5.274771117423946e-11
4.30431117449856e-11
3.5078270787380365e-11
2.7518952302363325e-11
2.1453340925138762e-11
1.5604030990964228e-11
1.1046661113058022e-11
6.555516627765891e-12
3.1907344977279165e-12
-2.26052707998532e-13
-2.652483887716031e-12
-5.2232639611325694e-12
-6.915523248238058e-12
-8.823441072188127e-12
-9.944895532245507e-12
-1.1336219312240434e-11
-1.2016915137262085e-11
-1.3007761484150277e-11
-1.335044529378973e-11
-1.4032151964302738e-11
-1.4117041707102328e-11
-1.4560376642705484e-11
-1.444884039097051e-11
-1.4707175275527776e-11
-1.4444415707852263e-11
-1.4555930168242322e-11
-1.417270723940346e-11
-1.416161979743969e-11
-1.3674967517826246e-11
-1.3551704047948745e-11
-1.2964500531933118e-11
-1.2724599672188899e-11
-1.2023720018998561e-11
-1.164512254002361e-11
-1.0797723378599726e-11
-1.0235877023051993e-11
-9.183103417840986e-12
-8.363004615752175e-12
-7.010041026886715e-12
-5.813953118183254e-12
-4.015765591460863e-12
-2.277784495576854e-12
-3.377482503134755
-3.3472534689644875
-3.2962557330172886
-3.225252524525314
-3.134309349617341
-3.0239821296154323
-2.8946572431686084
-2.747050732666147
-2.581855017926066
-2.400042694898734
-2.2026364491833306
-1.9909161084844431
-1.7662499398410816
-1.5302403201931571
-1.2845890499392958
-1.0311984781746761
-0.7720575513652528
-0.5093087774453684
-0.24514890743817624
0.018130283716605303
0.2782287950630642
0.5328169405388091
0.7796096653433247
1.0163584509079948
1.2409124325266119
1.451218768339598
1.64536997576973
1.8216090938844123
1.9783633006602055
2.1142514564490873
2.228104876110962
2.3189759397013567
2.3861475935619887
2.4291424879336563
2.4477231738748024
2.4419015751368933
2.411931835478749
2.3583198374663676
2.2818102438034775
2.1833953175661724
2.064297002757903
1.9259736514589718
1.770097206216741
1.5985558453118458
1.4134257229111813
1.2169672748669478
1.011590796223683
0.7998444298667833
0.584373283386978
0.36789804674505217
0.15316838030111815
-0.05706741523994201
-0.26011255716803533
-0.45335888747029285
-0.6343368784770952
-0.8007557400565719
-0.9505484231483959
-1.0819099176403113
-1.1933319998679546
-1.2836347597939743
-1.3519863836495634
-1.3979237700926812
-1.4213540916510632
-1.4225619919761519
-1.4021917523620608
-1.3612406444723812
-1.3010228158400985
-1.2231504566748599
-1.1294825673143847
-1.0220972816907363
-0.9032301504140277
-0.7752419922204926
-0.64055205550119
-0.5016060743463266
-0.360809677288122
-0.22050099838569384
-0.08288913244865008
0.04996512415328151
0.17620191990006343
0.29417093597097627
0.40247243150855566
0.4999537629564343
0.5857373593449523
0.6592049492321542
0.7200122548623094
0.7680618642083693
0.803505673721809
0.8267084500128274
0.8382402099022168
0.8388334844565813
0.8293687836509458
0.810829265481086
0.7842830265310785
0.7508391253761114
0.7116305094469545
0.6677750190530912
0.620362223871723
0.5704221303556622
0.5189181212296125
0.46672475281946413
0.4146275921128965
0.36331001086083353
0.31335932794593946
0.2652612286560214
0.2194105742626543
0.17611127824629402
0.1355896507584573
0.09799736741329186
0.06342529818240765
0.03190753628154068
0.0034341690056884614
-0.022045018878894717
-0.0446096853399398
-0.06436623210660225
-0.08143907337509566
-0.09596905486598416
-0.10810663592257495
-0.11801121081699853
-0.1258457973234301
-0.13177694117789304
-0.1359705041291147
-0.13859188090012164
-0.1398025835418341
-0.1397606109638121
-0.1386176519263451
-0.13651955136842012
-0.13360404985841062
-0.13000135423243156
-0.12583237926216578
-0.12120944854376955
-0.11623501143120561
-0.11100248726368132
-0.10559541486736404
-0.10008842739160678
-0.09454677033936568
-0.08902737021164156
-0.08357864170870401
-0.07824159903115331
-0.07304986837525368
-0.06803078789414306
-0.06320554745453943
-0.05859022974569204
-0.054196012267081296
-0.05003011409124627
-0.04609601132942924
-0.042394267893095534
-0.0389227319578913
-0.03567724196943086
-0.032651785745930424
-0.02983908335463729
-0.027230701437655023
-0.02481752187974446
-0.022589811552194278
-0.020537590032532034
-0.018650659615908897
-0.016918887245932858
-0.015332201968455762
-0.013880806339341915
-0.012555149163524893
-0.011346080585480244
-0.010244807566460921
-0.009243005157219594
-0.008332761192831281
-0.007506654283025682
-0.006757692987943218
-0.006079369101161486
-0.005465595333992759
-0.004910740666691283
-0.004409569443136857
-0.003957264005382434
-0.003549367147162933
-0.0031817959507362
-0.0028507887846578924
-0.0025529132212749562
-0.002285018183021337
-0.00204423800725783
-0.0018279499234727353
-0.0016337757148791232
-0.0014595444185672064
-0.0013032925745824814
-0.001163231854239961
-0.0010377485540784077
-0.0009253757488318386
-0.0008247924507576846
-0.0007347998317079027
-0.0006543203038675734
-0.000582377342644768
-0.0005180946336360645
-0.0004606790412645412
-0.0004094198938649888
-0.0003636746721357541
-0.00032286845826932367
-0.00028648195611845166
-0.0002540511028798501
-0.0002251570743804387
-0.00019942604282759498
-0.00017652086244527627
-0.00015614094987815552
-0.0001380153854346324
-0.00012190289082669947
-0.0001075861182796532
-0.00009487170133248545
-0.00008358553744418298
-0.00007357289018602942
-0.00006469450051633502
-0.00005682672198198664
-0.000049858321614171075
-0.00004369063317259934
-0.000038234930865272464
-0.00003341258889811569
-0.00002915293025383918
-0.000025393383687827748
-0.00002207772596441757
-0.000019156229899792845
-0.00001658423210214244
-0.000014322267695390046
-0.000012334907079684994
-0.000010590874603231835
-9.062107462671322e-6
-7.72385686704541e-6
-6.553930212994316e-6
-5.5327742554762215e-6
-4.642868366659251e-6
-3.8687899433694476e-6
-3.196732104268181e-6
-2.6145520709807243e-6
-2.11139125981798e-6
-1.6777077146608954e-6
-1.3049803630021119e-6
-9.857267903044795e-7
-7.13276587872865e-7
-4.817758708399616e-7
-2.8601725846924643e-7
-1.214325765564382e-7
1.6030827805343856e-8
1.2992777366390614e-7
2.2340110749985235e-7
2.9920840762514767e-7
3.5977705393222335e-7
4.072386541154271e-7
4.4345913195299163e-7
4.7007967360205616e-7
4.885266335794274e-7
5.000579009643525e-7
5.0575658602723e-7
5.065818104970723e-7
5.033494458499622e-7
4.967864353597953e-7
4.875012823437333e-7
4.7604111143218016e-7
4.62854130995358e-7
4.483487354534648e-7
4.3284977342662576e-7
4.1665908075439674e-7
4.0000706067870815e-7
3.831141180058017e-7
3.6613878808117754e-7
3.4923961604047034e-7
3.325208480129138e-7
3.160943656507306e-7
3.000237678205192e-7
2.8438602996429583e-7
2.6921465107736465e-7
2.545607601736143e-7
2.404358761412772e-7
2.2687223021027543e-7
2.1386558083776355e-7
2.0143456201246759e-7
1.8956390797839282e-7
1.7826267305869368e-7
1.6750814867921595e-7
1.5730283153816764e-7
1.476192555348537e-7
1.3845561209450635e-7
1.2978167011036716e-7
1.215929754853634e-7
1.1385799133863005e-7
1.0657082376028257e-7
9.969968083692568e-8
9.323808862744987e-8
8.715473983914476e-8
8.144317848330425e-8
7.607308627176227e-8
7.103842660065338e-8
6.631019811540903e-8
6.188303889369491e-8
5.772946144869641e-8
5.384492649393633e-8
5.020356133202938e-8
4.680171961651931e-8
4.3615175142857444e-8
4.064118976653819e-8
3.785716665587352e-8
3.526125317188149e-8
3.2832431336455033e-8
3.056968617689446e-8
2.8453506213084372e-8
2.64836506565071e-8
2.46420289132451e-8
2.2929102225379287e-8
2.1328108309175564e-8
1.9840134632751774e-8
1.8449652213466204e-8
1.7158298836399275e-8
1.595168457455005e-8
1.4831923946252999e-8
1.3785674785154592e-8
1.2815458676660699e-8
1.1908894301499821e-8
1.1068845540200978e-8
1.0283810256055178e-8
9.556935268086639e-9
8.877521665714857e-9
8.248945459953744e-9
7.661240879840092e-9
7.117964959942647e-9
6.60982080664109e-9
6.140503698345414e-9
5.701326991843299e-9
5.296086526806234e-9
4.916652638222661e-9
4.566888790377508e-9
4.2391740410590776e-9
3.937410904627911e-9
3.6544435564787676e-9
3.3941889536021262e-9
3.1499170564880607e-9
2.9255382345722847e-9
2.7147128003498797e-9
2.521326706618864e-9
2.339398723399459e-9
2.1727754033939756e-9
2.015805275934068e-9
1.872283025247482e-9
1.7368611179776612e-9
1.6132721124047642e-9
1.4964491708279933e-9
1.3900544018591843e-9
1.2892807311502235e-9
1.1977131774615406e-9
1.1107855598925318e-9
1.0320006258740807e-9
9.570160577195713e-10
8.892484081454407e-10
8.245638309189335e-10
7.662898411357191e-10
7.104871312629488e-10
6.603922586009496e-10
6.122478195444724e-10
5.691982783163875e-10
5.27656655243816e-10
4.906748494026395e-10
4.548258526714486e-10
4.2306908408469935e-10
3.9212796938171726e-10
3.6486999735751415e-10
3.381603047035014e-10
3.1477538418981995e-10
2.917140866287609e-10
2.716631576048613e-10
2.5174781296114503e-10
2.345665539406993e-10
2.1736419043944744e-10
2.026526838898913e-10
1.8779018346837273e-10
1.7520397126084605e-10
1.6235974185615873e-10
1.5160207444075584e-10
1.404988261727745e-10
1.313139301616482e-10
1.2171238867128387e-10
1.1387959361254056e-10
1.0557299745712327e-10
9.890157323734416e-11
9.171080997030996e-11
8.603537108622849e-11
7.980460770467709e-11
7.498093718191917e-11
6.957359248736929e-11
6.547472482962173e-11
6.076961127169438e-11
5.728198611767106e-11
5.316941198632249e-11
5.018886248227374e-11
4.6566424607241105e-11
4.3993688480800907e-11
4.076139085969577e-11
3.849671445459834e-11
3.555090296039426e-11
3.348713010351762e-11
3.071251461548592e-11
2.8725784279546583e-11
2.598449229743275e-11
2.392126952515063e-11
2.1037387969903182e-11
1.8695959261125414e-11
1.5433309389757597e-11
1.2537142431750059e-11
8.569007005796918e-12
4.755378272664365e-12
-1.822573538714651
-1.7743206409490218
-1.6949571273801138
-1.5857061095657092
-1.4484844296554193
-1.285570722211171
-1.0997639529849323
-0.8941643816336727
-0.6722689946069182
-0.43777188420760726
-0.19463483782210778
0.053106077252042076
0.301280293490046
0.5457710763927476
0.7824583647932327
1.0074003291530345
1.216775299559329
1.407054419568924
1.5749405400866614
1.7175299640715878
1.8322471174835424
1.9169934492057268
1.970076954529863
1.9903461691525555
1.9771134614076458
1.9302718308936864
1.8502105731429381
1.7379124452796644
1.5948600972183296
1.4231112843589704
1.2251945582267174
1.0041607321352357
0.7634668677135739
0.5070032150667968
0.23896558181835853
-0.03614151582665177
-0.313642477843516
-0.5887085822118615
-0.8565020729776295
-1.112210371192504
-1.3511910489403087
-1.569015281649264
-1.7616062876731875
-1.925283306154424
-2.0568848647490072
-2.1538037306233084
-2.2140861995565158
-2.2364488781048615
-2.2203463643335577
-2.165962564569656
-2.0742417095235077
-1.9468500777904454
-1.7861689813409034
-1.5952268102274763
-1.3776568310537252
-1.1376036646329486
-0.8796526801882342
-0.6087185575669621
-0.3299559574422699
-0.04864002464583343
0.22993065562363943
0.5005512276225585
0.7582046767175803
0.9981673422824618
1.2160912093999372
1.4080906032584215
1.5708063202639182
1.7014689441582014
1.7979411131066458
1.8587552771820386
1.883132559916474
1.8709945047192083
1.8229584064691942
1.740323579777843
1.625043787684409
1.479689046636628
1.3073962310027538
1.111807867653716
0.8970026481791339
0.6674135582171993
0.4277413225393855
0.18285589342193434
-0.0623020360991876
-0.30282970689973965
-0.5339648795039922
-0.7511954200817882
-0.9503555351401414
-1.1277247727696789
-1.2801058944988482
-1.404901106406914
-1.5001600273602027
-1.5646226616045953
-1.5977289995679262
-1.5996225570327358
-1.571118637557682
-1.5136685617332197
-1.4292904575856804
-1.3205011490489336
-1.1902198162927349
-1.0416800888953226
-0.8783212632880782
-0.7036959154118946
-0.5213644153681373
-0.3348126727147513
-0.1473633402013713
0.03788541864541751
0.21812344988240323
0.39086334956258734
0.5539758218185684
0.7056979464165138
0.8446425395229901
0.9697842053249877
1.0804482542744123
1.1762811371948054
1.2572259172059579
1.323484178287109
1.3754848496251924
1.413843829105024
1.439331728559277
1.4528358990704227
1.4553310159084107
1.4478464825834578
1.4314421553213488
1.4071825831653473
1.3761188300722587
1.3392698351023076
1.2976103095483433
1.2520586997486582
1.203470503807191
1.152631847247745
1.1002572221703728
1.0469874753204522
0.993390853492982
0.9399641844186603
0.8871361499410385
0.8352705484574605
0.7846708537435918
0.7355846290271926
0.6882086160479319
0.6426935814962296
0.5991493806059977
0.5576497244811857
0.5182368490731861
0.4809258759366087
0.4457088752623466
0.4125586419600107
0.38143206382360095
0.3522732465539675
0.3250161850554399
0.29958724755636906
0.2759072035890717
0.2538931242935397
0.23345985099010477
0.214521392807143
0.1969919315380435
0.18078680552465026
0.16582314575838827
0.15202053218921144
0.1393013477609122
0.12759118449655452
0.11681899009726542
0.10691728954279076
0.0978221856247188
0.08947344957756544
0.08181442410018244
0.07479202502075505
0.06835658389642647
0.06246179260755557
0.057064512917077086
0.052124687450375254
0.04760513571438618
0.04347144814780737
0.039691781923367496
0.036236749498401395
0.03307922283349734
0.030194223916628946
0.027558742575346528
0.025151633553168528
0.02295345062301174
0.020946352738961168
0.019113955453474923
0.017441247254896323
0.0159144581613833
0.014520986421289206
0.013249283449312007
0.012088790482006416
0.011029838615600805
0.010063594670671644
0.009181974893982864
0.00837759911766716
0.007643716630423995
0.006974167660440304
0.006363319954121327
0.005806036627391575
0.005297622077002573
0.004833795302873438
0.004410643893107119
0.004024602000748477
0.003672411272230665
0.003351102752146648
0.0030579637549968323
0.0027905230628029894
0.0025465228650664675
0.0023239067011358
0.0021207957093193936
0.0019354788460303285
0.0017663927901293756
0.0016121140426554963
0.0014713419260834867
0.0013428922315513428
0.001225682834981711
0.0011187286133860694
0.0010211292713665652
0.0009320652949042017
0.0008507876435385228
0.0007766145497985269
0.0007089227853601206
0.000647145147769508
0.0005907630541343276
0.0005393045848461692
0.0004923381968561326
0.0004494712174815147
0.00041034450196067326
0.0003746312898357623
0.0003420326590994985
0.00031227667369265516
0.0002851145098790753
0.0002603198366279131
0.00023768550952256947
0.00021702313667874685
0.00019816025206196235
0.00018094002851858703
0.00016521885632184627
0.0001508661722025145
0.00013776238067793304
0.00012579877394069692
0.00011487574339045487
0.00010490277011150987
0.0000957968823234725
0.00008748270014667004
0.00007989110166205562
0.0000729593088888571
0.00006662973100697186
0.00006085008109150822
0.000055572369980556604
0.00005075304543331416
0.0000463521142712338
0.00004233329734566635
0.00003866326106680758
0.00003531178295412303
0.000032251076600464504
0.000029455963697773707
0.000026903278952554184
0.00002457204538007549
0.000022442947765328793
0.000020498508742148898
0.000018722621143770524
0.000017100722962683072
0.000015619380409512553
0.000014266460312138253
0.000013030756944286386
0.00001190216079109475
0.000010871323256732425
9.929821016280902e-6
9.069853595521215e-6
8.284402760019757e-6
7.56695870668261e-6
6.911674122889125e-6
6.3131153593345705e-6
5.766410934303979e-6
5.267024589822805e-6
4.810898126558759e-6
4.394243695459092e-6
4.01368093386493e-6
3.6660462256648963e-6
3.3485241739559043e-6
3.058471885182202e-6
2.79354486242589e-6
2.5515346421586295e-6
2.330489228157355e-6
2.128562641193633e-6
1.944130039334523e-6
1.7756479375140752e-6
1.6217641779543343e-6
1.4811877436233824e-6
1.3527937542184333e-6
1.2355019395603079e-6
1.1283768435235488e-6
1.0305141444049599e-6
9.411362524109925e-7
8.594857671223286e-7
7.849166546359218e-7
7.167942202511014e-7
6.545820496702024e-7
5.977479502838666e-7
5.458468376243323e-7
4.984321630164869e-7
4.551349221077523e-7
4.1558014196713163e-7
3.7946218333010104e-7
3.4646590770509345e-7
3.1633843930275095e-7
2.888146736377202e-7
2.636856590371696e-7
2.4072814358562884e-7
2.1976972992133585e-7
2.0062218790000305e-7
1.831435301375315e-7
1.6717484431875724e-7
1.5259943071481092e-7
1.3928293113640587e-7
1.2712966351839258e-7
1.1602584467233673e-7
1.0589325106407462e-7
9.66353501512348e-8
8.818841067404684e-8
8.047037285343452e-8
7.342952591675296e-8
6.699596110709529e-8
6.1127928769199e-8
5.576573019872871e-8
5.0875861448478155e-8
4.6407210793391734e-8
4.233309145786627e-8
3.860962104904602e-8
3.521574067323317e-8
3.211366127023274e-8
2.9286962058794027e-8
2.6702996416010315e-8
2.4349158288190598e-8
2.219714720974047e-8
2.023748720225992e-8
1.8445556840690463e-8
1.6814441245714573e-8
1.5322638832108033e-8
1.396532327390444e-8
1.2723643810656556e-8
1.15944705032577e-8
1.0561209777033349e-8
9.622102901045053e-9
8.762482863449047e-9
7.981692780364414e-9
7.266714273952491e-9
6.6177694410651294e-9
6.023254683839277e-9
5.484086934892876e-9
4.989880398302485e-9
4.542094933382006e-9
4.131396432333358e-9
3.759662596344267e-9
3.4184707348322814e-9
3.110013619344038e-9
2.826661351919357e-9
2.5708375512854737e-9
2.3356046297633794e-9
2.123548239508066e-9
1.9283378336156772e-9
1.752665076339769e-9
1.5907339559415217e-9
1.4452967363383718e-9
1.3110301540224536e-9
1.1907104501118018e-9
1.0794343293192853e-9
9.799726588497892e-10
8.877969070436556e-10
8.056492237315962e-10
7.293370146125181e-10
6.615553192061948e-10
5.984140292693365e-10
5.425467513027896e-10
4.903369453523589e-10
4.4434579554930485e-10
4.012052390803998e-10
3.6339576431890606e-10
3.2777592450642544e-10
2.9673943534116094e-10
2.6735232931674085e-10
2.4191722677352184e-10
2.1769079284591335e-10
1.968816037213862e-10
1.769220224207587e-10
1.5992467019667736e-10
1.4348424547838493e-10
1.2961623356255553e-10
1.160655603604964e-10
1.0474982478071977e-10
9.355301060412549e-11
8.429419971113397e-11
7.498586379904003e-11
6.73477048954898e-11
5.951031891174644e-11
5.309250413855258e-11
4.6332331089443535e-11
4.074495015249567e-11
3.466431839930765e-11
2.949721055515591e-11
2.3660055796151506e-11
1.844364637449024e-11
1.2332858414713569e-11
6.522895443676849e-12
1.763947883545231
1.7078847467985243
1.6183305822095448
1.4957266051025708
1.343847348448559
1.165909481458259
0.9666471622658063
0.7505791339610255
0.5230872891061422
0.2892847264009281
0.05468617734106103
-0.1756252654265209
-0.39653183700722344
-0.6035174758004009
-0.7923112347152472
-0.9593711045940175
-1.101588742252114
-1.2166466357179566
-1.3027603283118325
-1.3589294989204124
-1.3847084325000765
-1.3803703030410999
-1.3467049169777456
-1.2851145473114511
-1.1974416440032285
-1.0860126431401225
-0.9534986405952867
-0.8029205560735748
-0.6375438952168216
-0.46085494657775083
-0.27648786331072595
-0.08817790376805804
0.10028381837073665
0.2851169746912471
0.46257628146772634
0.629036579054027
0.7810033592339257
0.915214827061553
1.028644812744036
1.11861866866054
1.1828119276352247
1.2193738757852879
1.226921487182725
1.2046609402736845
1.1523723771837315
1.0705165718863254
0.9602030890145882
0.8232679318657222
0.6622168084754705
0.4802608119382309
0.28122842821297767
0.06955047356993199
-0.14986082453520774
-0.371679740672764
-0.590315938318697
-0.8000294028473202
-0.9950952715044805
-1.1699524416795264
-1.3193665493477107
-1.438593496099953
-1.5235197550919395
-1.5708198940903348
-1.578053821430487
-1.5437987376688036
-1.4676866246462155
-1.350495326188714
-1.1941155625206903
-1.0015918352237951
-0.7770152142482672
-0.5255112262239969
-0.25306149740009076
0.03355813795222655
0.32701790641445316
0.6195370660801415
0.9031713459637319
1.1699431871145365
1.4121564007251377
1.6225348198274563
1.7945392017918242
1.9224906352589948
2.0018604770944255
2.0293513645390626
2.003128992062475
1.9228331989677365
1.7897226551987875
1.6065932303408978
1.3778149008810898
1.109145695878127
0.8076548163365108
0.48143739840272404
0.13943730892534476
-0.2089120090713468
-0.5539312333990851
-0.8860846469456505
-1.196240629471769
-1.4760367987606913
-1.7181014714231253
-1.916340314060475
-2.066069617613051
-2.1641837577802128
-2.20916992904087
-2.2011393419238816
-2.1417193479441843
-2.033958892851789
-1.8821204775342746
-1.691494306101553
-1.468131955431076
-1.2186175956294627
-0.949792828555
-0.6685345225454706
-0.3815153460575262
-0.09502754422820377
0.18519057895742685
0.45406264404030133
0.7072697331745407
0.9412860059519146
1.153400986370541
1.3416932760571143
1.5049959247962277
1.6428271924499154
1.7553204732197312
1.8431332518323793
1.9073624910759972
1.9494503135791066
1.971101458194579
1.9741989688802932
1.9607344632907129
1.9327412489461069
1.8922424760938013
1.8412040315368945
1.7815012028383252
1.7148900997692658
1.642990595958848
1.5672729870387483
1.4890535806753928
1.4094925530678666
1.3295982686286232
1.2502324366845787
1.1721196421565463
1.0958565363330266
1.0219237907195104
0.9506968706536416
0.8824584296133304
0.817409010458495
0.7556786243315162
0.697336394502979
0.6424006427657512
0.590846997401359
0.5426167263568561
0.4976231784322649
0.455758373468267
0.41689786039930954
0.3809057303636991
0.3476380894922256
0.3169467335213052
0.28868147822977125
0.26269275216663146
0.23883302920805843
0.21695858162610984
0.19693023653052805
0.1786145006317223
0.16188382858101794
0.14661729393130973
0.13270052098039067
0.12002603994451354
0.10849299964163611
0.09800731214506353
0.08848123386819796
0.07983337738240681
0.07198822397717136
0.06487605814788619
0.05843245539580561
0.05259817770727455
0.04731866565510973
0.042543920294048396
0.03822801777606566
0.03432899368766808
0.030808390625784776
0.02763115434859985
0.024765219374080043
0.022181421750059944
0.019853124137545253
0.017756146983442706
0.01586843225305155
0.01416999287921945
0.012642612935221249
0.011269814105468177
0.010036589355878162
0.00892938457554811
0.007935862495396665
0.007044897406611873
0.006246366047296704
0.005531153283014993
0.0048909668181259126
0.004318351836351788
0.0038065266246477404
0.0033494043563982744
0.0029414469915604205
0.002577692601698803
0.00225362519891279
0.001965206224804565
0.0017087582427218583
0.0014809994266049167
0.001278939314925468
0.0010999153317432233
0.0009414990407081372
0.0008015339055074993
0.000678050696286079
0.0005693058489619151
0.0004737048644682782
0.0003898407567555836
0.0003164244488048425
0.00025232290914485274
0.00019649568970266912
0.00014803244243135458
0.00010609486514110648
0.00006995336559630976
0.00003893378492599967
0.000012453038527288496
-0.000010029925192882147
-0.0000289796275365109
-0.0000448293326961286
-0.00005794777416436732
-0.00006868106336886128
-0.00007732068769785779
-0.00008414240398000291
-0.00008937553072570139
-0.00009323912981711404
-0.00009591259583524966
-0.00009756939016952076
-0.00009834891513969253
-0.00009838803137914643
-0.00009779419300894389
-0.0000966749506772705
-0.0000951123155863231
-0.0000931904262258083
-0.00009097110299432689
-0.00008851983579744385
-0.00008588248685921051
-0.00008310973842245809
-0.00008023489871166188
-0.00007729693352353122
-0.00007431932885170729
-0.00007133181680224619
-0.00006835024786269919
-0.00006539711000335098
-0.0000624823637496855
-0.00005962284326526293
-0.000056824008097429604
-0.000054098306259059755
-0.000051447797622346003
-0.000048881551332920766
-0.00004639909721577343
-0.00004400692310890958
-0.000041702712231498925
-0.000039491000080745827
-0.000037368157426017364
-0.00003533726115928906
-0.00003339378436567152
-0.00003153973085913788
-0.000029769995599275266
-0.000028085808499927895
-0.000026481730279883592
-0.000024958447434268283
-0.000023510370400936966
-0.0000221378182729568
-0.000020835187914047725
-0.000019602564018921167
-0.000018434429507394487
-0.000017330733862210958
-0.00001628611676349412
-0.00001530046521748716
-0.000014368623955476584
-0.000013490469678354082
-0.00001266108323218456
-0.000011880367307552063
-0.000011143656818723974
-0.000010450904589206843
-9.797707699951372e-6
-9.184084043966255e-6
-8.60589367451624e-6
-8.063227604444181e-6
-7.552204378808646e-6
-7.072991113349745e-6
-6.621956639663227e-6
-6.199343509618909e-6
-5.801760118228828e-6
-5.429521234498352e-6
-5.079462500341361e-6
-4.751965973570699e-6
-4.444081333789309e-6
-4.15625193104819e-6
-3.885727905037141e-6
-3.633007315218358e-6
-3.3955272008217125e-6
-3.1738335182456445e-6
-2.965536939822081e-6
-2.7712245358259935e-6
-2.5886678325423426e-6
-2.4184884434798437e-6
-2.258606585094786e-6
-2.1096721804159743e-6
-1.969742666599712e-6
-1.8394904591806816e-6
-1.7170994822895403e-6
-1.6032592896715027e-6
-1.4962703083134118e-6
-1.3968343593700762e-6
-1.3033591317828928e-6
-1.216554329190114e-6
-1.1349263839620384e-6
-1.0591889723704488e-6
-9.879394434695037e-7
-9.218919913948931e-7
-8.597277098432675e-7
-8.021582851943716e-7
-7.479419976478189e-7
-6.977853997198371e-7
-6.505179712977102e-7
-6.0683887300054e-7
-5.656433259896392e-7
-5.276211769804179e-7
-4.917284162189567e-7
-4.5864395891361587e-7
-4.273800376985535e-7
-3.986032925079632e-7
-3.7137807842695564e-7
-3.4635766114090766e-7
-3.226547684906577e-7
-3.0090841048373174e-7
-2.8027627424571494e-7
-2.613824249211215e-7
-2.434264001338227e-7
-2.270167999625184e-7
-2.1139217940885233e-7
-1.9714530101762622e-7
-1.8355115313759645e-7
-1.7118641678443426e-7
-1.5936015446149695e-7
-1.486328327496066e-7
-1.3834543192529298e-7
-1.290421667275851e-7
-1.2009396168489423e-7
-1.12028823863972e-7
-1.0424581334440962e-7
-9.725684287406957e-8
-9.048744795147194e-8
-8.443361857494017e-8
-7.854583946803477e-8
-7.330439797090011e-8
-6.818332263022164e-8
-6.36474582353054e-8
-5.919308074208633e-8
-5.526988502414722e-8
-5.139519643845322e-8
-4.800387857949937e-8
-4.4633197106213974e-8
-4.170352325967336e-8
-3.8771034290995424e-8
-3.6241963334877896e-8
-3.369044326120695e-8
-3.150893432409075e-8
-2.9288634877075516e-8
-2.7408604704427493e-8
-2.5476277105820268e-8
-2.3857687640307625e-8
-2.217572792022422e-8
-2.0783786357732527e-8
-1.9319484889316307e-8
-1.812393992906654e-8
-1.6848819442602385e-8
-1.5823338410692084e-8
-1.4712565429044713e-8
-1.38341773133361e-8
-1.2866031950547764e-8
-1.2114620983218935e-8
-1.1270009180017132e-8
-1.0627842179440939e-8
-9.889832369136488e-9
-9.341100206876569e-9
-8.69446265305797e-9
-8.224811364183019e-9
-7.655532241830837e-9
-7.251551548723553e-9
-6.746284192191541e-9
-6.394909251622336e-9
-5.940310235378486e-9
-5.628074282456636e-9
-5.209949761236931e-9
-4.921998098600668e-9
-4.524152558897139e-9
-4.242887717719423e-9
-3.845517741467742e-9
-3.5486852366259646e-9
-3.1260872896252033e-9
-2.7840218811019603e-9
-2.301275782530574e-9
-1.87291774764514e-9
-1.2813522588958974e-9
-7.125386144480605e-10