-7.576042498862792e-7
-0.000010604772798672557
-0.00003667033373801743
-0.00008714226458835566
-0.00017020152464521386
-0.0002938752119511084
-0.00046618865802521226
-0.0006949413366360948
-0.0009879471816761046
-0.0013526811880587347
-0.0017966212757960572
-0.002326769465493598
-0.0029500967546550053
-0.003672939396949311
-0.00450154729449527
-0.005441358063307001
-0.006497650858839872
-0.007674703724168341
-0.008976556552826987
-0.010406059769294746
-0.011965751527158638
-0.01365680745938634
-0.015480037594046725
-0.017434747269843762
-0.01951985822185661
-0.021732689592522027
-0.02407020512848703
-0.0265277207004313
-0.02910027587399029
-0.031781271013541265
-0.034563957280692136
-0.03744000301243276
-0.040401092259208356
-0.043437417526860894
-0.046539374048107846
-0.04969597483376829
-0.05289662648909226
-0.05612946317691083
-0.059383190082727945
-0.06264533528393117
-0.06590414867663255
-0.06914677442684734
-0.07236119573176755
-0.07553433481552814
-0.07865403660636158
-0.08170710739725767
-0.08468133273751267
-0.08756346930840607
-0.09034129362683133
-0.09300156403808023
-0.09553209706054637
-0.09791971758167853
-0.10015235891976479
-0.1022170194127812
-0.10410188073742227
-0.10579428824349879
-0.1072828799440713
-0.10855560625879353
-0.10960185948238557
-0.1104105460707851
-0.11097220335423655
-0.11127713413250435
-0.11131749400556946
-0.11108549395741436
-0.1105754381789398
-0.10978199586777812
-0.10870216631079928
-0.10733361693673397
-0.10567655043243689
-0.10373210297098175
-0.10150408806004069
-0.0989974476365379
-0.09621984983652032
-0.09318018684297893
-0.08989000907391127
-0.08636206735499807
-0.08261157382578593
-0.07865479165503331
-0.07451012234578736
-0.0701967527479498
-0.06573557802172321
-0.06114792172139868
-0.05645631188609971
-0.05168329403857009
-0.046852083305105825
-0.041985491181683245
-0.037106478330324856
-0.03223721341416524
-0.027399549102366975
-0.022614225445458637
-0.017901286292744213
-0.01327943161213491
-0.00876638433786096
-0.004378387331488329
-0.00013052339609846757
0.00396365499465541
0.007891855418502236
0.011643299807230533
0.01520850954753138
0.01857946208097653
0.0217494364474887
0.024713088566105306
0.027466358923279716
0.030006478701640322
0.032331936491628556
0.03444242247994878
0.03633884644819868
0.03802322319729737
0.0394987311620837
0.04076954032321474
0.04184090031767819
0.04271891264692537
0.04341063913237181
0.043923822780736796
0.044267010998382136
0.044449232942005076
0.04448013585839252
0.04436962989666053
0.04412803913821403
0.04376572670993667
0.04329326378512278
0.04272104797094679
0.042059493621596535
0.04131865498178168
0.04050843986639618
0.0396382464225225
0.03871720017924857
0.037753810201017424
0.03675622732364604
0.035731922515371384
0.03468796228610054
0.033630709666333275
0.03256611158795528
0.03149942122773565
0.030435491679935405
0.0293785174898842
0.02833232908510067
0.027300151019397187
0.026284892229323138
0.02528891863881505
0.024314335169949772
0.023362770740126524
0.022435648910976602
0.021533983794113826
0.02065863714362053
0.019810124166753453
0.018988855675234634
0.01819495321155438
0.017428475535005667
0.016689242794916664
0.01597704713200213
0.015291485853676973
0.014632156292093927
0.01399849807455867
0.013389972618718382
0.012805914660445193
0.01224569690935947
0.011708591016121478
0.011193917982104657
0.010700918734862523
0.010228890905355387
0.009777069148360963
0.009344748886157802
0.00893117647029583
0.008535660454952899
0.008157471655055315
0.007795942464988439
0.007450376830201774
0.007120138073983453
0.006804568768016101
0.006503067475705012
0.006215018482838744
0.005939857813026256
0.005677012762856116
0.00542595749474541
0.005186162311382045
0.004957139084337955
0.0047384001993938515
0.0045294940357568985
0.00432997351623924
0.004139421811692189
0.003957430437053376
0.003783615318349763
0.003617604386511238
0.0034590441096315817
0.003307596550425835
0.003162936433977042
0.003024757651154812
0.0028927609014381705
0.0027666696429930714
0.002646208321011038
0.002531127785031054
0.002421174085256314
0.0023161233987791414
0.002215741349277719
0.002119827505793668
0.0020281651548345954
0.0019405754580795666
0.0018568575800263075
0.0017768526143245229
0.001700373944540141
0.0016272810726427923
0.0015574000650688182
0.0014906074411696285
0.0014267405314074193
0.001365691608271556
0.0013073079580310256
0.0012514964617381596
0.001198113156386136
0.0011470784991598063
0.0010982561680101032
0.0010515792682999345
0.0010069180966313963
0.0009642175755056703
0.0009233536776400054
0.0008842824012596363
0.0008468845250423972
0.0008111264642357514
0.0007768929986978617
0.0007441603782349937
0.0007128166378957998
0.000682847349818566
0.000654143110905638
0.0006266983681105676
0.0006004056338103932
0.0005752678419182536
0.0005511788156014651
0.0005281496429449853
0.0005060748900675947
0.0004849735173469379
0.0004647402983958644
0.0004454018311713442
0.000426852589602762
0.0004091266183115546
0.0003921176088736873
0.0003758669024559523
0.0003602669466533698
0.0003453662671741134
0.00033105562385383374
0.00031739065068038736
0.00030425999086078223
0.00029172634404808296
0.00027967582014329546
0.00026817817365780986
0.00025711657418644416
0.0002465678504965949
0.00023641183221879896
0.0002267324705905843
0.00021740586078794225
0.00020852315236090992
0.0001999563146752451
0.00019180379805447913
0.00018393305592588282
0.00017644996763259532
0.00016921707996262917
0.0001623478546220524
0.00015569953878510524
0.00014939335442620306
0.00014328085223381658
0.0001374912165117636
0.00013186989914601844
0.000126554272705057
0.00012138328101797198
0.00011650273456433661
0.00011174465148503343
0.00010726355347178428
0.00010288410556878546
0.0000987698376847471
0.00009473762321285628
0.00009096032113357382
0.00008724656214460449
0.00008377887924263642
0.00008035719556661824
0.00007717408749320755
0.00007402029060584157
0.00007109881885588554
0.00006819072382591343
0.00006550987656847008
0.00006282713045667747
0.00006036765907839901
0.00005789158430302112
0.000055635854253153775
0.00005334930557635769
0.00005128116023193837
0.000049168394149454185
0.000047273030539587955
0.000045319585962531024
0.00004358344129623616
0.00004177603052011892
0.00004018667856034446
0.000038513087605348515
0.00003705914401679971
0.000035508141508989815
0.00003417917738796842
0.000032740431223483925
0.000031526894093385364
0.000030190895202036564
0.000029084036816165864
0.00002784202939521562
0.000026833839754934432
0.000025677757405826284
0.00002476090445073779
0.000023683311701578228
0.000022851086180330916
0.000021845124921096584
0.000021091389994313033
0.000020150730395094543
0.000019469875560804593
0.00001858867108244699
0.000017975570053429943
0.000017148416195462858
0.00001659838838902573
0.00001582028484585246
0.000015329060178522977
0.00001459537611020545
0.000014159062814565257
0.000013465504961203472
0.000013080560170686792
0.000012423143562324105
0.000012086346427679145
0.000011461367467089918
0.000011169794593778322
0.000010573806302816174
0.00001032480931426681
9.75459855853059e-6
9.545783607412766e-6
8.998350127010761e-6
8.827559194892541e-6
8.300096282720827e-6
8.165390118618535e-6
7.655266805193323e-6
7.5549093697394164e-6
7.059653980754678e-6
6.9920982739586375e-6
6.50938324275061e-6
6.473258401147972e-6
6.000886223622869e-6
5.994985788400463e-6
5.530876021973739e-6
5.554147281171213e-6
5.096324493259815e-6
5.147858816895577e-6
4.694441400438723e-6
4.77346548711243e-6
4.322655263382479e-6
4.428523232201816e-6
3.978595770426414e-6
4.1107820302154826e-6
3.6600776199913925e-6
3.818170459487604e-6
3.365085671773026e-6
3.548781516647656e-6
3.091761303098139e-6
3.3008595913109404e-6
2.838389866295037e-6
3.0727884986510728e-6
2.6033891601015016e-6
2.8630804830607778e-6
2.385298826921792e-6
2.6703661151775587e-6
2.1827706039447842e-6
2.493385006072955e-6
1.9945593555583057e-6
2.330977275858025e-6
1.8195148229757988e-6
2.1820757102919668e-6
1.6565740334822204e-6
2.0456985533196985e-6
1.504754312805729e-6
1.9209428815710477e-6
1.3631468550509752e-6
1.8069785150931032e-6
1.2309107999063187e-6
1.703042419764956e-6
1.1072677808063243e-6
1.6084335622059356e-6
9.914969005743285e-7
1.5225081813913127e-6
8.829301040664103e-7
1.4446754418567593e-6
7.809479123940294e-7
1.3743934400549183e-6
6.849754908612554e-7
1.3111655342202484e-6
5.944790238347003e-7
1.2545369722111398e-6
5.089623691951537e-7
1.2040917944756144e-6
4.27963973481012e-7
1.1594499888278236e-6
3.510540221898808e-7
1.1202648793437299e-6
2.7783180917788644e-7
1.0862207222264018e-6
2.0792325231455375e-7
1.05703007497287e-6
1.4097522346340296e-7
1.032404618923002e-6
7.643798366251842e-8
1.010343703903281e-6
-1.141002789915226e-6
-0.000015790360130341495
-0.00005455554608340411
-0.00012895608457773417
-0.0002506877855232425
-0.00042977059098398256
-0.0006767285925611172
-0.0009995087893291956
-0.0014070351021023672
-0.001904737771775168
-0.0024995978714432016
-0.0031942364774082323
-0.00399351980350021
-0.004897165151469041
-0.0059079482327678715
-0.007022791505843167
-0.008242590171920305
-0.009561754938760303
-0.0109796501446599
-0.012488570000288418
-0.014086762698116323
-0.015764829221937147
-0.01752029224721494
-0.019342420819662632
-0.02122829244528989
-0.023166065107402937
-0.02515247435819136
-0.02717459514061584
-0.02922871164996455
-0.031300633802602056
-0.033385874882377396
-0.03546860988330501
-0.03754309343980591
-0.03959136844179387
-0.04160585353013296
-0.04356592914089486
-0.04546161895678642
-0.04726919565020538
-0.048975873164901325
-0.050554584828333075
-0.05198959256614985
-0.05325059519951638
-0.05431914672285017
-0.0551622527386259
-0.0557594735994751
-0.05607616298129809
-0.05609111430912939
-0.05576958849489549
-0.055091344761599735
-0.054023595144101384
-0.05254924402580773
-0.05063989489549052
-0.04828410635503876
-0.04546056121865461
-0.042166130210377586
-0.03838929476213561
-0.03413779402969434
-0.029412372401915562
-0.024233773825053876
-0.018616867094672293
-0.012596748921882622
-0.006203290388817039
0.0005138770951260422
0.00751034611026196
0.014723256975724132
0.022095741495885033
0.029554693096351812
0.03703455654497447
0.04445660539112202
0.05175190828281672
0.05884208742437838
0.0656612327071755
0.07213802962890113
0.07821634389778959
0.08383854022406428
0.08896443812173156
0.09355561032487436
0.09759242896352466
0.10105914621346619
0.10395881675335236
0.10629902788373699
0.10810459768667477
0.10940393058783669
0.11023953792325317
0.11065512910935317
0.11070415817884054
0.11043789161937304
0.10991231912124892
0.10917753326724607
0.10828342284831231
0.10727072699595593
0.10617593092240676
0.10502430065998479
0.10383431688628551
0.10261285924019872
0.10135935896053765
0.10006310939264185
0.09870712833356142
0.09726736725455046
0.09571609785439017
0.09402262652332531
0.09215590371113845
0.09008626344705944
0.08778692965473771
0.08523631237096861
0.08241815655802277
0.07932402797005152
0.07595199392934052
0.07230908870052187
0.06840858923294824
0.0642724159020501
0.059927221947205817
0.055406817231492884
0.05074739140359411
0.04599011898940721
0.04117586719082003
0.03634814527327102
0.031547614286381725
0.026815496654995094
0.022188128436605368
0.017700871097753586
0.013382854260654022
0.009261356242055752
0.005356800069938866
0.001687511030374912
-0.0017350344027144914
-0.004901198332637877
-0.007807716397019078
-0.010452566199181307
-0.012839335669014266
-0.014972088997261452
-0.016859613932875817
-0.018510380127861353
-0.019936698030501465
-0.021149836754348526
-0.022164111924519312
-0.022992204012820715
-0.023649178990974556
-0.02414802661050803
-0.024503608049235806
-0.024728417920990793
-0.024836447666977308
-0.024839164853242734
-0.02474927926258497
-0.024576927267994906
-0.024333328416504967
-0.024027160125883688
-0.02366809497613301
-0.023263350530735465
-0.022821100694145866
-0.022347186199058656
-0.02184839662697646
-0.021329328390591772
-0.020795536960457557
-0.020250530596315333
-0.01969879478472348
-0.019142911306603536
-0.01858645880910916
-0.018031247933822485
-0.01748010334594577
-0.016934206563040538
-0.016395765712874204
-0.0158654584113936
-0.015344996104343488
-0.014834659878278691
-0.014335766542479316
-0.013848290660835828
-0.013373239625953031
-0.012910355504057999
-0.01246040630612605
-0.012022961475329072
-0.011598606417638619
-0.01118678565388246
-0.010787947472428113
-0.010401448930616152
-0.01002763726330081
-0.009665811063227623
-0.009316244836606277
-0.008978200826553658
-0.008651902866571066
-0.008336593436472379
-0.008032462733684806
-0.007738745671603335
-0.00745561187183848
-0.007182297429317293
-0.0069189613291492005
-0.00666484691193623
-0.006420110038241842
-0.006184005289940933
-0.005956691042773911
-0.005737435535604152
-0.005526403868016678
-0.00532287915697745
-0.005127036350866651
-0.004938173771633541
-0.004756478528434309
-0.004581263814057562
-0.004412730608907067
-0.004250206159663288
-0.004093906588918766
-0.003943172034395921
-0.003798234717230981
-0.003658446260040583
-0.003524055719548067
-0.0033944246308781913
-0.003269819476362135
-0.0031496100219012644
-0.0030340806729086925
-0.0029226076769699907
-0.0028154938088245525
-0.002712120010243227
-0.0026128078506912184
-0.002516941161891509
-0.0024248607357117247
-0.0023359514864957445
-0.0022505738749654916
-0.002168112096652869
-0.002088946759083686
-0.002012459548852541
-0.0019390517384882567
-0.00186810072922433
-0.0018000290239118101
-0.0017342079757647838
-0.0016710819349757614
-0.0016100144572259493
-0.001551472412441634
-0.0014948098194135092
-0.0014405167984092115
-0.001387936099518582
-0.0013375818838087335
-0.001288783904705426
-0.0012420812162333473
-0.0011967888469909308
-0.001153471659372043
-0.0011114282245843073
-0.0010712501924513822
-0.0010322179358957552
-0.0009949509370479562
-0.0009587096160665365
-0.0009241423985689809
-0.0008904879800081439
-0.0008584249085020212
-0.0008271683606600076
-0.0007974282551205259
-0.0007683944287299717
-0.0007408094894869352
-0.00071383608218916
-0.000688250894847516
-0.0006631874923396447
-0.0006394581073625227
-0.0006161652966663396
-0.0005941583780654203
-0.0005725069270733036
-0.0005520989647764729
-0.0005319690631416048
-0.0005130456448917251
-0.000494326202132597
-0.00047678134015050657
-0.0004593693363016035
-0.000443104844491777
-0.0004269047293954912
-0.0004118296477496319
-0.00039675278566593286
-0.00038278284765184137
-0.0003687470031683329
-0.0003558041434083435
-0.0003427330057700426
-0.00033074490495717826
-0.00031856764849829555
-0.0003074673121134627
-0.00029611818878372997
-0.00028584355767605793
-0.00027526152037717
-0.0002657551106740022
-0.0002558834643641507
-0.00024709203405923224
-0.00023787811317269026
-0.00022975235431712412
-0.00022114722360586192
-0.00021364147699363695
-0.00020559965476034996
-0.00019867164610863066
-0.00019115084784235143
-0.0001847614440463509
-0.00017772234502868935
-0.00017183532825039018
-0.0001652413432946911
-0.00015982320223712501
-0.00015364028207782285
-0.0001486600187826944
-0.00014285646083229278
-0.00013828541187209097
-0.00013283168504552985
-0.00012864335609913134
-0.00012351193851954046
-0.00011968185154443861
-0.00011484707972644285
-0.00011135263139187228
-0.00010679056045753239
-0.00010361089107492056
-0.00009929916520263884
-0.00009641503770023445
-0.00009233276939957713
-0.00008972645741864142
-0.00008585411594421859
-0.00008350930027777183
-0.00007982860793591397
-0.00007773028078354437
-0.00007422411597910926
-0.00007235849236561654
-0.00006901080048620047
-0.00006736523656648346
-0.000064160946129519
-0.00006272386372080616
-0.00005964880893956991
-0.000058409625673541313
-0.00005545047435689112
-0.00005439953928174035
-0.00005154372536370523
-0.00005067225957589587
-0.00004790792062326408
-0.000047207962485308166
-0.000044523881138696906
-0.00004398823575230947
-0.00004137378536953457
-0.000040995978004951055
-0.00003844107161570124
-0.00003821530509684568
-0.0000357103478707665
-0.000035631463164808994
-0.000033167307809132515
-0.000033230747962536923
-0.00003079865320434509
-0.000031000430073525364
-0.000028592021598802624
-0.000028928685715557413
-0.00002653591940808629
-0.000027004532137556642
-0.000024619659728183774
-0.00002521776807376966
-0.00002283330468427864
-0.000023558918209002227
-0.000021167611896737912
-0.00002201918184128163
-0.0000196139847648194
-0.000020590385178403022
-0.000018164426247473692
-0.000019264936930900144
-0.00001681149615106049
-0.00001803578737838012
-0.00001554827125265352
-0.000016896390109653015
-0.000014368308479639548
-0.000015840666743366475
-0.000013265610380163048
-0.000014862973985269467
-0.000012234593613180006
-0.000013958073172870198
-0.000011270058909702554
-0.000013121101939264545
-0.000010367163965930039
-0.00001234754804235788
-9.52139767427404e-6
-0.000011633224911342541
-8.72855659545189e-6
-0.000010974249028581114
-7.984722609892343e-6
-0.00001036701899135876
-7.2862427499822895e-6
-9.808195986473888e-6
-6.62970992434031e-6
-9.294685694773418e-6
-6.0119452559978365e-6
-8.823621489893537e-6
-5.429981592279468e-6
-8.392348923943409e-6
-4.881048314738785e-6
-7.998411285064501e-6
-4.362556959323271e-6
-7.639536157548708e-6
-3.872088088438325e-6
-7.313622931112109e-6
-3.407378853869925e-6
-7.018731401576023e-6
-2.966311599183272e-6
-6.753070958392043e-6
-2.5469032615040308e-6
-6.514990782166264e-6
-2.1472952279979966e-6
-6.302970630892064e-6
-1.7657443842773677e-6
-6.115612291074067e-6
-1.4006141893335439e-6
-5.951631561312222e-6
-1.0503665937544166e-6
-5.809848951239189e-6
-7.135369132516941e-7
-5.689044112913229e-6
-3.876278488508541e-7
-5.579234054240592e-6
-1.8684271230858828e-6
-0.00002575482642671025
-0.0000881025770851918
-0.00020683665376114118
-0.00039715179473466674
-0.0006720340404997247
-0.0010401617523906543
-0.0015073967449384885
-0.0020741175463103215
-0.0027376831447775566
-0.0034892481575005217
-0.004317288375413206
-0.005203915157022659
-0.006129492676578476
-0.007068445694342334
-0.00799494454523571
-0.008878171442497756
-0.009688993183206021
-0.01039461977098907
-0.01096613315420575
-0.011372447359389758
-0.011588524106449869
-0.011588535687104193
-0.011354584114363863
-0.010868983913154183
-0.010123315569257902
-0.009109786978321181
-0.007830492894835003
-0.006287875822737685
-0.004494122499797762
-0.0024608161326041683
-0.00020846515936867135
0.002244495724381524
0.004871995168693838
0.007651771744522908
0.010555400743405234
0.013559967046952892
0.016637744675928736
0.019767887562691815
0.02292570184085165
0.02609418507062309
0.029252876843785823
0.03238913293511314
0.035486597068647485
0.0385361591053867
0.04152415048348804
0.044442996036586115
0.047279290396623784
0.05002420489782156
0.05266164682152486
0.055178521199235706
0.05755320446020887
0.05976578086580643
0.061787071161013014
0.06358895878945381
0.0651341955785577
0.06638689740980813
0.06730329647249113
0.06784241589606038
0.06795784980181119
0.06760852440687445
0.06675146957696185
0.06535245296145686
0.0633795773548018
0.060813457902967626
0.05764136508676947
0.05386653325450343
0.04950250013220934
0.04458111764644484
0.039146741505851256
0.03326258231360307
0.027004485032424464
0.020465411367839675
0.0137487105266384
0.006970742141311689
0.00025374684560973453
-0.006273138070267472
-0.012481093055286883
-0.01824174028821188
-0.023433972686831717
-0.02794461251339549
-0.0316743236127835
-0.03453817530556233
-0.03647016110143325
-0.03742313638623199
-0.03737163021723994
-0.036310824341862814
-0.03425758174023601
-0.03124838836561973
-0.027338778327238845
-0.022600408753275333
-0.017119277624746698
-0.010992289794340067
-0.00432479200822694
0.002772923387135607
0.010188223390141495
0.01780926633609185
0.02552728855315454
0.033239054080599115
0.04084851950920157
0.048268440838645524
0.055421291891107505
0.06224002789960322
0.06866829196535715
0.07466046037405052
0.08018128106245512
0.08520539638675266
0.08971660747007983
0.09370708558460936
0.09717645424390475
0.10013087415167667
0.1025820990360591
0.1045465708816545
0.10604455575779918
0.10709933374462315
0.107736473012695
0.10798315436895735
0.10786760430371656
0.10741856244431724
0.10666486961055158
0.10563506753147157
0.10435712454457248
0.102858147871326
0.10116422425605984
0.09930022248016625
0.09728972579453393
0.09515490330777006
0.09291651314094164
0.09059382389770133
0.08820467055725796
0.08576541029950781
0.08329101642899868
0.08079505581583116
0.07828980922055732
0.0757862602833357
0.0732942333339374
0.07082238614429609
0.06837835862244018
0.06596876343599783
0.06359934091065637
0.06127494317400279
0.05899969213977609
0.0567769540504975
0.05460949867490547
0.05249946209158815
0.05044850619684297
0.048457768308722095
0.046528020821621316
0.044659606760256924
0.042852599959228674
0.041106726090712614
0.039421524131625585
0.0377962526565802
0.03623005360798615
0.03472184381509229
0.03327048223678296
0.03187464675429448
0.030533006133762596
0.029244082172160388
0.028006427648793655
0.026818473888885922
0.025678715958655316
0.024585545667447212
0.023537445224775584
0.022532805638233493
0.02157012999817562
0.02064783715610207
0.019764475749175656
0.01891851296367132
0.018108560357812557
0.017333147435204165
0.016590960276771618
0.01588059957009277
0.015200833023012991
0.014550337417993836
0.013927965748232199
0.01333247279623713
0.012762797912543509
0.01221777354921604
0.011696424588664562
0.01119765919999829
0.010720585622841573
0.010264184653229471
0.009827644792870379
0.009410015614123508
0.00901056219716324
0.00862839856760902
0.008262862364685894
0.007913127490854384
0.007578599978504346
0.007258508937727636
0.006952324621038196
0.006659326702156774
0.006379045574450014
0.006110806938174641
0.005854197410119015
0.005608584342896901
0.005373606868832078
0.005148669817555236
0.004933461365422891
0.004727419862175752
0.00453027930939014
0.004341507848068028
0.004160882344364302
0.003987897229528139
0.003822369530650065
0.0036638166905969684
0.003512093445476821
0.00336673718492934
0.0032276381440117124
0.003094350795665747
0.0029667988949924127
0.002844551323132448
0.002727563594691093
0.0026154164985334742
0.0025080957540141616
0.0024051917161802003
0.002306718947402821
0.0022122751731558804
0.0021219026180534254
0.0020352043130485373
0.001952249132996077
0.0018726434665902619
0.0017964819855105533
0.0017233725931709034
0.0016534350512478816
0.001586277028141952
0.001522042806788585
0.0014603381515853
0.0014013314268921757
0.0013446248951132676
0.001290410683097715
0.0012382860140781806
0.0011884665725607239
0.0011405430566914943
0.0010947546113126633
0.0010506839659972312
0.001008593730713773
0.0009680572578913897
0.0009293607242131962
0.0008920667235032935
0.0008564851930311748
0.000822166606323761
0.000789444944460219
0.0007578572124994338
0.0007277618036759603
0.0006986809131534139
0.0006709977979029667
0.0006442185035680909
0.0006187516828136851
0.0005940858871317793
0.0005706557761919349
0.0005479310531726288
0.0005263730730928483
0.0005054313220921532
0.0004855946159291521
0.00046629083554923826
0.00044803709800000696
0.00043023826592433826
0.0004134406747895009
0.00039702472754358435
0.00038156697031691266
0.00036642187143644836
0.00035219725630129275
0.000338220145589228
0.00032513078993833856
0.0003122272077731211
0.0003001832976702061
0.0002882664752063621
0.00027718558924329266
0.00026617580092513926
0.0002559822915465127
0.0002458062625774351
0.00023643069211949375
0.00022702105800546086
0.0002183996829923993
0.00020969449422176176
0.00020176879330796891
0.00019371106262166664
0.00018642730555433915
0.00017896459413615953
0.0001722734476725914
0.0001653574862461495
0.000159213653344421
0.00015279999464690164
0.00014716188406290598
0.00014120958638351252
0.00013603901151126207
0.00013051034647279874
0.00012577224834257644
0.00012063243553140046
0.00011629463001158254
0.00011151159144153569
0.00010754453776469664
0.00010308867515631386
0.00009946526380090756
0.00009530925223672806
0.00009200461043357453
0.00008812321053939422
0.00008511452489429097
0.00008148440942013871
0.00007875076262878676
0.00007535035825885652
0.00007287258010540843
0.00006968192139233735
0.00006744245175554837
0.00006444304696905928
0.00006242581090734152
0.000059600519597722106
0.000057790812467698215
0.0000551237318645855
0.000053508114070631437
0.000050984474988006804
0.000049550675854463355
0.000047156747286898595
0.00004589357692846847
0.000043616577675180915
0.00004251384619033687
0.000040341863935283575
0.00003939030740635208
0.000037312223402157326
0.00003650343629177914
0.0000345088567142774
0.00003383522999126978
0.00003191442186330682
0.00003136908613022245
0.000029512919084612197
0.00002908969305827228
0.000027289584283316834
0.00002698292738406672
0.000025230792117809412
0.000025035761026353175
0.000023323965311108408
0.000023236174913280263
0.000021557492912652162
0.000021573080376271497
0.00001992065391205166
0.000020036245588582137
0.000018403547710602255
0.00001861623006443804
0.0000169970293437119
0.000017304321073753012
0.000015692650251702125
0.00001609247886798903
0.00001448260456308872
0.000014973283587423569
0.000013359678355752181
0.00001393988777567007
0.000012317203360455404
0.000012985971316929034
0.000011349014521371375
0.000012105701598219344
0.000010449410714642427
0.000011293695731442226
9.613118904562558e-6
0.000010544986012113564
8.835260521480195e-6
9.85498853697091e-6
8.111321057899817e-6
9.219473143053456e-6
7.437121551816979e-6
8.634537232084513e-6
6.80879257758971e-6
8.096580406997429e-6
6.222750173930861e-6
7.602281824390231e-6
5.675673538204756e-6
7.148579132041378e-6
5.164484888088395e-6
6.732649064812219e-6
4.686330293873719e-6
6.351889385967256e-6
4.238562216714904e-6
6.0039023043707625e-6
3.818723752097122e-6
5.686479686750291e-6
3.424533259410455e-6
5.397588636019683e-6
3.053871112854014e-6
5.1353588742939015e-6
2.704766394976469e-6
4.898070722801638e-6
2.3753860688012208e-6
4.684144184244806e-6
2.064023387539907e-6
4.492129062239937e-6
1.7690884588868672e-6
4.3206951958487436e-6
1.4890982260026647e-6
4.16862420558809e-6
1.222668466826222e-6
4.034801530534247e-6
9.685058593225538e-7
3.918209497297909e-6
7.254002371418421e-7
3.817918791129125e-6
4.922058376325169e-7
3.7329872435727235e-6
2.6708029548809865e-7
3.6564682501301973e-6
2.40573829507338e-7
3.6671409682193417e-6
0.000012651564567821236
0.00003103438725670954
0.00006197352566957621
0.00011103701393468723
0.000182260847215731
0.00028348730158896194
0.0004198913168321008
0.0006017618384665802
0.0008352374255907863
0.0011326825602169088
0.0015004409489003268
0.0019519317386346507
0.002492307974930595
0.003134396895683951
0.0038802372959893675
0.0047399957209810425
0.005710437356045693
0.0067969480353808325
0.007989054218948693
0.009285655346743634
0.010667740046287098
0.012126879230662135
0.01363528739125888
0.015177548582676108
0.01671815148447711
0.018236329937888308
0.019691171229425534
0.02105936465577352
0.022297957186443774
0.02338473030519423
0.024278665526175164
0.024962619674004788
0.025401569498418857
0.025587231626430347
0.02549418087446526
0.02512606168184255
0.02446971485049814
0.023542646918093168
0.02234534817493533
0.02090971702558316
0.019249799753562842
0.01741089938174118
0.015419006785064486
0.013330350576406184
0.011179815225722482
0.00903070757563317
0.006922472029618808
0.004920464539521534
0.003063285479665752
0.0014123728936740955
-7.084305493175597e-7
-0.0011250056125667904
-0.0019425599428909228
-0.00241957068915489
-0.0025580264314531034
-0.002347314873211932
-0.0018146280143787816
-0.0009769706870378623
0.00011016797690434535
0.0014004912698487497
0.002810448005073326
0.00426665655229278
0.005662084349691151
0.006903183168284771
0.007868926446369807
0.00845744523859968
0.008547914020294468
0.008046247061473132
0.006849544985795199
0.004890167616596093
0.0021021885339601535
-0.0015370412382385997
-0.006039173663767316
-0.011366793108995401
-0.01746522951050885
-0.024228905883588035
-0.031533355808863156
-0.03920666641464936
-0.04706205004226188
-0.05487462972589676
-0.062414427047432566
-0.06942817730687494
-0.07567202079986936
-0.08089744605447576
-0.08488243178366311
-0.08742013162323456
-0.08834685013853057
-0.08753183664900858
-0.08490041540684225
-0.08042334716957168
-0.07413373764733483
-0.0661148759834486
-0.056510193510432016
-0.04550922391390246
-0.03335075437088017
-0.020307408878156
-0.006683028760334871
0.0072028560684864774
0.021021680287973014
0.03444975212174541
0.04717687391888813
0.05891685482974361
0.06941614798983818
0.07845957530486203
0.08587753903334575
0.09154626678789803
0.09539289828846365
0.09739037694235748
0.09756047998027441
0.0959642084443102
0.09270342954517286
0.0879080896633383
0.08173745504569743
0.07436562500693239
0.06598337205882829
0.05678329338494134
0.04696302903941877
0.03671105495801927
0.026211708576282123
0.01563221616191451
0.005129592262573139
-0.005160887424674532
-0.015117139104544822
-0.024640427951816774
-0.03364558123153223
-0.04207001961162443
-0.049863205388820706
-0.05699485402191776
-0.0634440696607981
-0.06920702668761759
-0.07428616564943026
-0.07869757437316571
-0.08246051470965245
-0.08560465746464084
-0.08816010871302268
-0.09016458214240429
-0.09165400782040029
-0.09266967003246365
-0.09324941732492532
-0.09343475666566442
-0.09326264130032082
-0.09277249157565687
-0.09199851319867008
-0.09097660762191555
-0.08973716298896049
-0.08831181834697995
-0.08672666830643624
-0.08500885176177891
-0.08318011529294224
-0.08126320566512395
-0.07927574347690793
-0.07723640754780407
-0.07515907744469176
-0.07305880582969128
-0.07094619520804435
-0.06883316087189077
-0.0667275129912359
-0.06463851782530038
-0.06257166095777156
-0.06053401805933471
-0.058529178693157685
-0.05656244030951848
-0.054635874760704584
-0.052753360645713315
-0.05091577664471531
-0.04912588804964274
-0.04738365243225735
-0.045690976403890395
-0.044047120113691135
-0.04245334014434448
-0.040908380022262436
-0.03941301481013252
-0.03796561528591866
-0.036566609327892005
-0.03521410775713971
-0.03390829709501969
-0.03264711531028027
-0.03143059000702662
-0.03025655250055686
-0.02912493499915677
-0.02803351157492585
-0.026982167448983147
-0.02596865553628448
-0.024992850540799545
-0.024052509845074694
-0.02314752477420793
-0.022275674674230903
-0.02143688740921955
-0.020628975531248494
-0.019851917834364508
-0.019103566556042076
-0.018383961625420178
-0.017690997856897393
-0.017024783390176178
-0.016383255836872897
-0.015766596316561243
-0.015172783495904247
-0.014602074574596753
-0.014052486114368002
-0.013524353315859461
-0.013015726470393939
-0.012527019896396653
-0.012056312755629598
-0.011604099079615413
-0.01116848157885812
-0.010750034285968024
-0.010346877845038115
-0.009959666428512181
-0.009586532831063864
-0.009228211473543763
-0.008882841433974555
-0.00855123754429556
-0.008231539276434014
-0.00792464215523671
-0.007628680171272184
-0.007344629986560752
-0.007070614274577903
-0.006807691472465153
-0.006553967150839043
-0.006310582376571483
-0.0060756198867741905
-0.005850304461616559
-0.0056326903251897095
-0.005424087295543042
-0.005222515449989016
-0.005029371214061775
-0.004842634917953951
-0.0046637914147652755
-0.004490775710326407
-0.004325163157232449
-0.004164837867922593
-0.004011468018281097
-0.0038628812532798085
-0.003720841150539724
-0.003583113292495982
-0.0034515594906161665
-0.0033238776320673627
-0.003202030851190068
-0.0030836436558070307
-0.0029707838481293947
-0.002860996802923729
-0.0027564585946813452
-0.0026546296289979947
-0.0025577981174103826
-0.0024633335605636544
-0.0023736404355548424
-0.0022859912876142304
-0.0022029112551772917
-0.002121569747008643
-0.002044617231782835
-0.0019691136547980354
-0.0018978397600104752
-0.0018277395405083307
-0.0017617292441626173
-0.0016966302472547145
-0.0016354998179976795
-0.0015750298593059672
-0.0015184244739901843
-0.0014622390276281187
-0.001409830574737804
-0.0013576106561900788
-0.0013090957100285769
-0.0012605459260027771
-0.0012156438784224888
-0.0011704906255317904
-0.0011289419633652314
-0.0010869317671575647
-0.00104849648292948
-0.001009394464872095
-0.0009738505912425259
-0.0009374390534842629
-0.0009045813110143114
-0.0008706584298689926
-0.0008402969795878862
-0.000808675599032861
-0.0007806348908248477
-0.0007511414086934019
-0.0007252591189388751
-0.0006977324578152476
-0.0006738585091027563
-0.0006481491648991658
-0.0006261448204599471
-0.0006021139847768514
-0.0005818510136216903
-0.0005593697602647692
-0.0005407296652313859
-0.0005196782001599047
-0.0005025515065393326
-0.00048281847294358884
-0.0004671040710335959
-0.0004485859076471578
-0.00043419044535413393
-0.00041679079103502833
-0.00040362811403134205
-0.0003872572591190737
-0.0003752478931789065
-0.0003598222690733121
-0.00034889294253277823
-0.00033433465067224166
-0.00032441785296870106
-0.0003106542285408126
-0.0003016878039295473
-0.00028865101013775686
-0.0002805777813311569
-0.0002682044353054286
-0.0002609718565093268
-0.0002492026805505712
-0.000242762517869748
-0.00023154201737282315
-0.00022585005322325625
-0.00021512621666048944
-0.00021014197746804024
-0.00019986599873281555
-0.0001955525033888302
-0.00018567852336588594
-0.00018200205218235895
-0.00017248691896499006
-0.0001694168004673398
-0.00016021984533561929
-0.00015772825899581686
-0.00014881108903304347
-0.00014687288542671308
-0.00013819918991242423
-0.0001367917236683512
-0.0001283270936167143
-0.0001274300711104069
-0.00011914183098735951
-0.00011873716901897819
-0.0001105942197380231
-0.00011066591821454708
-0.00010263859049979731
-0.0001031726129088088
-0.00009523252990133375
-0.0000962166965421358
-0.00008833664425881897
-0.00008976053287748126
-0.00008191434091171699
-0.00008376919740319976
-0.00007593162435217177
-0.00007821028092493944
-0.00007035690850034101
-0.00007305370900932883
-0.00006516084165348103
-0.00006827157447329105
-0.00006031614444684174
-0.00006383798230471529
-0.00005579746020911942
-0.000059728905499734575
-0.00005158121502951796
-0.000055922051500746644
-0.00004764548926589761
-0.00005239673905842185
-0.00004396989785819089
-0.00004913378337868353
-0.000040535478730856346
-0.00004611538955981903
-0.0000373245900001496
-0.000043325054582302046
-0.00003432081411554467
-0.00004074747527258631
-0.000031508869656378836
-0.000038368464351678896
-0.000028874528275770976
-0.00003617487161346857
-0.000026404538819539405
-0.00003415451115926784
-0.000024086556069145265
-0.00003229609438626072
-0.00002190907514086328
-0.00003058916670334742
-0.000019861369511908537
-0.000029024050164238183
-0.000017933435186257445
-0.000027591789408071376
-0.00001611593749847571
-0.000026284102041375432
-0.000014400161585668466
-0.00002509333227491396
-0.000012777967572186689
-0.000024012408105002046
-0.000011241747819230554
-0.00002303480250969576
-9.784387871021015e-6
-0.000022154495725066704
-8.399229280598482e-6
-0.0000213659416774876
-7.080035895950322e-6
-0.000020664036272567985
-5.82096229612318e-6
-0.000020044088907784102
-4.61652409973748e-6
-0.000019501794565750003
-3.461569801226017e-6
-0.00001903320183206112
-2.3511972522338953e-6
-0.000018634233753574953
-1.2771102483850063e-6
-0.000018271960945028365